#Npts     Radius    Mag      Completeness
#  101  641.2872  -14.553367 1.000000
# Ierr
 -0.230899811    
 -0.138899803    
  -4.89997864E-02
  -1.91993713E-02
  -1.55992508E-02
  -1.52997971E-02
  -1.42002106E-02
  -1.24998093E-02
  -1.09004974E-02
  -1.00002289E-02
  -9.30023193E-03
  -8.10050964E-03
  -7.69996643E-03
  -7.50064850E-03
  -7.20024109E-03
  -6.99996948E-03
  -6.19983673E-03
  -5.99956512E-03
  -5.80024719E-03
  -5.60092926E-03
  -5.10025024E-03
  -4.60052490E-03
  -4.19998169E-03
  -3.90052795E-03
  -3.89957428E-03
  -3.09944153E-03
  -3.00025940E-03
  -2.50053406E-03
  -2.40039825E-03
  -2.39944458E-03
  -1.99985504E-03
  -1.79958344E-03
  -1.70040131E-03
  -9.99450684E-04
  -9.99450684E-04
  -8.00132751E-04
  -6.99996948E-04
  -6.99996948E-04
  -5.99861145E-04
  -4.99725342E-04
  -3.00407410E-04
   6.99996948E-04
   8.00132751E-04
   1.09958649E-03
   2.49958038E-03
   3.09944153E-03
   3.60012054E-03
   4.30011749E-03
   6.00051880E-03
   6.09970093E-03
   6.40010834E-03
   6.40010834E-03
   6.89983368E-03
   7.80010223E-03
   7.90023804E-03
   8.20064545E-03
   8.39996338E-03
   8.50009918E-03
   8.60023499E-03
   9.09996033E-03
   9.10091400E-03
   9.50050354E-03
   1.00002289E-02
   1.07002258E-02
   1.32999420E-02
   1.36003494E-02
   1.38998032E-02
   1.39007568E-02
   1.48000717E-02
   1.52997971E-02
   1.53007507E-02
   1.65996552E-02
   1.76000595E-02
   1.78003311E-02
   1.78003311E-02
   1.80006027E-02
   2.08997726E-02
   2.21004486E-02
   2.26993561E-02
   2.49004364E-02
   2.78005600E-02
   3.26004028E-02
   3.43999863E-02
   3.69005203E-02
   3.76005173E-02
   4.93993759E-02
   5.09004593E-02
   7.45000839E-02
   9.47999954E-02
   9.81998444E-02
   9.92002487E-02
  0.125499725    
  0.138199806    
  0.151999474    
  0.155999184    
  0.165199280    
  0.203399658    
  0.261300087    
  0.277299881    
  0.349400520    
  0.366800308    
