#Npts     Radius    Mag      Completeness
#  446  845.3331  -11.216700 0.942918
# Ierr
 -0.543300629    
 -0.509200096    
 -0.500800133    
 -0.263499260    
 -0.248399734    
 -0.238600731    
 -0.191699982    
 -0.160299301    
 -0.144800186    
 -0.143800735    
 -0.131500244    
 -0.120600700    
 -0.118800163    
 -0.114899635    
 -0.108500481    
 -0.105299950    
 -0.102700233    
 -0.101499557    
  -9.68999863E-02
  -9.16004181E-02
  -8.79001617E-02
  -8.19005966E-02
  -8.18996429E-02
  -7.68003464E-02
  -7.57999420E-02
  -7.31992722E-02
  -6.69002533E-02
  -6.51998520E-02
  -6.30998611E-02
  -6.26001358E-02
  -5.94997406E-02
  -5.91001511E-02
  -5.85002899E-02
  -5.81007004E-02
  -5.76000214E-02
  -5.55000305E-02
  -5.45997620E-02
  -5.31005859E-02
  -5.06000519E-02
  -4.89997864E-02
  -4.69999313E-02
  -4.68006134E-02
  -4.61997986E-02
  -4.58002090E-02
  -4.54998016E-02
  -4.30002213E-02
  -4.18996811E-02
  -4.13999557E-02
  -4.05006409E-02
  -3.99999619E-02
  -3.95002365E-02
  -3.95002365E-02
  -3.91006470E-02
  -3.82003784E-02
  -3.80992889E-02
  -3.78007889E-02
  -3.36999893E-02
  -3.27005386E-02
  -3.16991806E-02
  -3.12995911E-02
  -2.86998749E-02
  -2.83002853E-02
  -2.78997421E-02
  -2.65998840E-02
  -2.64997482E-02
  -2.63004303E-02
  -2.60000229E-02
  -2.57005692E-02
  -2.53000259E-02
  -2.47001648E-02
  -2.43997574E-02
  -2.41994858E-02
  -2.41003036E-02
  -2.41003036E-02
  -2.37007141E-02
  -2.37007141E-02
  -2.37007141E-02
  -2.11000443E-02
  -2.09999084E-02
  -2.05993652E-02
  -2.05001831E-02
  -2.02999115E-02
  -2.01997757E-02
  -2.01997757E-02
  -1.98993683E-02
  -1.91001892E-02
  -1.90000534E-02
  -1.90000534E-02
  -1.87997818E-02
  -1.87997818E-02
  -1.86004639E-02
  -1.78003311E-02
  -1.74999237E-02
  -1.62000656E-02
  -1.62000656E-02
  -1.60999298E-02
  -1.58996582E-02
  -1.57995224E-02
  -1.57003403E-02
  -1.56002045E-02
  -1.55000687E-02
  -1.49993896E-02
  -1.46999359E-02
  -1.44996643E-02
  -1.44004822E-02
  -1.43003464E-02
  -1.42993927E-02
  -1.42002106E-02
  -1.41000748E-02
  -1.41000748E-02
  -1.39999390E-02
  -1.37996674E-02
  -1.34000778E-02
  -1.34000778E-02
  -1.32999420E-02
  -1.32999420E-02
  -1.32999420E-02
  -1.32999420E-02
  -1.28993988E-02
  -1.24998093E-02
  -1.21002197E-02
  -1.21002197E-02
  -1.20992661E-02
  -1.20000839E-02
  -1.20000839E-02
  -1.20000839E-02
  -1.17998123E-02
  -1.16996765E-02
  -1.14002228E-02
  -1.07994080E-02
  -1.07002258E-02
  -1.04999542E-02
  -1.04999542E-02
  -1.04999542E-02
  -1.02996826E-02
  -1.01003647E-02
  -1.01003647E-02
  -9.90009308E-03
  -9.90009308E-03
  -9.89913940E-03
  -9.79995728E-03
  -9.79995728E-03
  -9.79995728E-03
  -9.49954987E-03
  -9.40036774E-03
  -9.30023193E-03
  -9.19914246E-03
  -9.09996033E-03
  -8.99982452E-03
  -8.89968872E-03
  -8.60023499E-03
  -8.50009918E-03
  -8.50009918E-03
  -8.29982758E-03
  -8.29982758E-03
  -8.19969177E-03
  -8.19969177E-03
  -8.10050964E-03
  -8.09955597E-03
  -8.09955597E-03
  -7.80010223E-03
  -7.49969482E-03
  -7.40051270E-03
  -7.30037689E-03
  -7.30037689E-03
  -7.29942322E-03
  -7.20024109E-03
  -7.20024109E-03
  -7.20024109E-03
  -6.79969788E-03
  -6.69956207E-03
  -6.60037994E-03
  -6.60037994E-03
  -6.59942627E-03
  -6.50024414E-03
  -6.50024414E-03
  -6.50024414E-03
  -6.49929047E-03
  -6.49929047E-03
  -6.29997253E-03
  -6.09970093E-03
  -6.00051880E-03
  -5.90038300E-03
  -5.70011139E-03
  -5.70011139E-03
  -5.39970398E-03
  -5.20038605E-03
  -5.19943237E-03
  -5.10025024E-03
  -4.89997864E-03
  -4.70066071E-03
  -4.69970703E-03
  -4.59957123E-03
  -4.39929962E-03
  -4.30011749E-03
  -4.19998169E-03
  -4.09984589E-03
  -3.99971008E-03
  -3.90052795E-03
  -3.80039215E-03
  -3.69930267E-03
  -3.49998474E-03
  -3.49998474E-03
  -3.49998474E-03
  -3.39984894E-03
  -3.20053101E-03
  -3.09944153E-03
  -3.09944153E-03
  -2.99930573E-03
  -2.90012360E-03
  -2.79998779E-03
  -2.69985199E-03
  -2.59971619E-03
  -2.59971619E-03
  -2.49958038E-03
  -2.40039825E-03
  -2.20012665E-03
  -2.09999084E-03
  -2.09999084E-03
  -1.89971924E-03
  -1.79958344E-03
  -1.60026550E-03
  -1.09958649E-03
  -8.00132751E-04
  -8.00132751E-04
  -6.99996948E-04
  -6.99996948E-04
  -6.00814819E-04
  -5.00679016E-04
  -3.00407410E-04
  -2.99453735E-04
  -2.00271606E-04
  -1.99317932E-04
  -1.00135803E-04
   0.00000000    
   1.00135803E-04
   2.00271606E-04
   4.00543213E-04
   5.00679016E-04
   5.99861145E-04
   5.99861145E-04
   8.00132751E-04
   8.00132751E-04
   1.19972229E-03
   1.19972229E-03
   1.20067596E-03
   1.39999390E-03
   1.70040131E-03
   2.09999084E-03
   2.09999084E-03
   2.30026245E-03
   2.40039825E-03
   2.40039825E-03
   2.50053406E-03
   2.59971619E-03
   2.69985199E-03
   2.79998779E-03
   2.90012360E-03
   3.09944153E-03
   3.19957733E-03
   3.29971313E-03
   3.29971313E-03
   3.29971313E-03
   3.60012054E-03
   3.60012054E-03
   3.89957428E-03
   3.89957428E-03
   3.90052795E-03
   4.09984589E-03
   4.09984589E-03
   4.19998169E-03
   4.19998169E-03
   4.30011749E-03
   4.30011749E-03
   4.50038910E-03
   4.69970703E-03
   4.70066071E-03
   4.89997864E-03
   5.00011444E-03
   5.19943237E-03
   5.49983978E-03
   5.49983978E-03
   5.49983978E-03
   5.69915771E-03
   5.89942932E-03
   5.90038300E-03
   5.90038300E-03
   5.90038300E-03
   5.99956512E-03
   6.00051880E-03
   6.09970093E-03
   6.29997253E-03
   6.40010834E-03
   6.69956207E-03
   6.80065155E-03
   6.89983368E-03
   6.89983368E-03
   6.99996948E-03
   6.99996948E-03
   6.99996948E-03
   7.39955902E-03
   7.40051270E-03
   7.59983063E-03
   7.69996643E-03
   7.79914856E-03
   7.90023804E-03
   8.09955597E-03
   8.09955597E-03
   8.50009918E-03
   8.79955292E-03
   8.80050659E-03
   8.90064240E-03
   9.19914246E-03
   9.90009308E-03
   9.90009308E-03
   1.00994110E-02
   1.03006363E-02
   1.05991364E-02
   1.06992722E-02
   1.07002258E-02
   1.08003616E-02
   1.09004974E-02
   1.16996765E-02
   1.16996765E-02
   1.17998123E-02
   1.20000839E-02
   1.22003555E-02
   1.22003555E-02
   1.24998093E-02
   1.25999451E-02
   1.28002167E-02
   1.29995346E-02
   1.31998062E-02
   1.34000778E-02
   1.36003494E-02
   1.36003494E-02
   1.38006210E-02
   1.41000748E-02
   1.43003464E-02
   1.44996643E-02
   1.49993896E-02
   1.50003433E-02
   1.52997971E-02
   1.52997971E-02
   1.53007507E-02
   1.56002045E-02
   1.57003403E-02
   1.63002014E-02
   1.67007446E-02
   1.67007446E-02
   1.72996521E-02
   1.72996521E-02
   1.90000534E-02
   1.90000534E-02
   1.92003250E-02
   1.98001862E-02
   2.15005875E-02
   2.18000412E-02
   2.19001770E-02
   2.23999023E-02
   2.43005753E-02
   2.43997574E-02
   2.48003006E-02
   2.48994827E-02
   2.53000259E-02
   2.54001617E-02
   2.57997513E-02
   2.59008408E-02
   2.65007019E-02
   2.69002914E-02
   2.83994675E-02
   3.05004120E-02
   3.20997238E-02
   3.21998596E-02
   3.33003998E-02
   3.48997116E-02
   3.69005203E-02
   3.73001099E-02
   3.73992920E-02
   3.76005173E-02
   3.76996994E-02
   3.77006531E-02
   4.02002335E-02
   4.03003693E-02
   4.18996811E-02
   4.24995422E-02
   4.39996719E-02
   4.50000763E-02
   4.51002121E-02
   4.75006104E-02
   4.92000580E-02
   4.96997833E-02
   4.97999191E-02
   5.04999161E-02
   5.39999008E-02
   5.44004440E-02
   5.58996201E-02
   5.67998886E-02
   5.72004318E-02
   5.76000214E-02
   5.79996109E-02
   5.80997467E-02
   5.81998825E-02
   5.98001480E-02
   5.99002838E-02
   6.00004196E-02
   6.07004166E-02
   6.57005310E-02
   6.59999847E-02
   6.62002563E-02
   7.45000839E-02
   7.73000717E-02
   7.98997879E-02
   8.13999176E-02
   8.33997726E-02
   8.40997696E-02
   8.97998810E-02
   9.47999954E-02
  0.102100372    
  0.108900070    
  0.121900558    
  0.126999855    
  0.131600380    
  0.141900063    
  0.147999763    
  0.156599998    
  0.156700134    
  0.157200813    
  0.172999382    
  0.203999519    
  0.210000038    
  0.215100288    
  0.238100052    
  0.250400543    
  0.280200005    
  0.317000389    
  0.327000618    
  0.327400208    
  0.357399940    
  0.364200592    
  0.375300407    
  0.391200066    
  0.504000664    
  0.506899834    
  0.588300705    
  0.676300049    
