#Npts     Radius    Mag      Completeness
#  190 1049.3790  -14.340533 0.974359
# Ierr
  -7.18002319E-02
  -2.42004395E-02
  -2.14004517E-02
  -1.93004608E-02
  -1.85003281E-02
  -1.72996521E-02
  -1.65996552E-02
  -1.64995193E-02
  -1.38998032E-02
  -1.36003494E-02
  -1.32999420E-02
  -1.29003525E-02
  -1.28002167E-02
  -1.24998093E-02
  -1.23996735E-02
  -1.21002197E-02
  -1.15995407E-02
  -1.11999512E-02
  -1.06000900E-02
  -1.01995468E-02
  -1.00002289E-02
  -9.90009308E-03
  -9.69982147E-03
  -9.59968567E-03
  -9.30023193E-03
  -7.99942017E-03
  -7.89928436E-03
  -7.29942322E-03
  -6.50024414E-03
  -6.40010834E-03
  -6.40010834E-03
  -6.09970093E-03
  -6.09970093E-03
  -5.70011139E-03
  -5.59997559E-03
  -5.59997559E-03
  -5.50079346E-03
  -5.49983978E-03
  -5.49983978E-03
  -5.19943237E-03
  -5.19943237E-03
  -5.00011444E-03
  -5.00011444E-03
  -4.89997864E-03
  -4.50038910E-03
  -4.40025330E-03
  -4.40025330E-03
  -3.90052795E-03
  -3.80039215E-03
  -3.39984894E-03
  -3.30066681E-03
  -3.19957733E-03
  -3.19957733E-03
  -2.80094147E-03
  -2.79998779E-03
  -2.70080566E-03
  -2.59971619E-03
  -2.29930878E-03
  -2.09999084E-03
  -1.99985504E-03
  -1.90067291E-03
  -1.50012970E-03
  -1.19972229E-03
  -1.19972229E-03
  -1.10054016E-03
  -9.99450684E-04
  -6.99996948E-04
  -1.00135803E-04
   1.00135803E-04
   2.00271606E-04
   2.99453735E-04
   3.99589539E-04
   4.99725342E-04
   5.00679016E-04
   5.00679016E-04
   5.99861145E-04
   8.00132751E-04
   8.99314880E-04
   8.99314880E-04
   1.09958649E-03
   1.09958649E-03
   1.29985809E-03
   1.39999390E-03
   1.39999390E-03
   1.50012970E-03
   1.59931183E-03
   1.69944763E-03
   1.89971924E-03
   2.00080872E-03
   2.09999084E-03
   2.30026245E-03
   2.40039825E-03
   2.40039825E-03
   2.40039825E-03
   2.50053406E-03
   2.59971619E-03
   2.69985199E-03
   2.79998779E-03
   3.00025940E-03
   3.00025940E-03
   3.19957733E-03
   3.49998474E-03
   3.60012054E-03
   3.89957428E-03
   4.59957123E-03
   4.89997864E-03
   4.89997864E-03
   4.89997864E-03
   4.89997864E-03
   5.00011444E-03
   5.09929657E-03
   5.19943237E-03
   5.19943237E-03
   5.29956818E-03
   5.39970398E-03
   5.49983978E-03
   5.49983978E-03
   5.50079346E-03
   5.70011139E-03
   5.99956512E-03
   6.19983673E-03
   6.69956207E-03
   7.20024109E-03
   7.30037689E-03
   7.39955902E-03
   7.59983063E-03
   7.69996643E-03
   8.00037384E-03
   9.29927826E-03
   9.99927521E-03
   1.01995468E-02
   1.03006363E-02
   1.06000900E-02
   1.09004974E-02
   1.09004974E-02
   1.09004974E-02
   1.13000870E-02
   1.13000870E-02
   1.15003586E-02
   1.19009018E-02
   1.21002197E-02
   1.22003555E-02
   1.24998093E-02
   1.25999451E-02
   1.30004883E-02
   1.34000778E-02
   1.35002136E-02
   1.45998001E-02
   1.48000717E-02
   1.52997971E-02
   1.65004730E-02
   1.73006058E-02
   1.78995132E-02
   1.79996490E-02
   1.87997818E-02
   1.92003250E-02
   1.95999146E-02
   1.97000504E-02
   2.02007294E-02
   2.07996368E-02
   2.07996368E-02
   2.11000443E-02
   2.12993622E-02
   2.16999054E-02
   2.44007111E-02
   2.48003006E-02
   2.75001526E-02
   2.81000137E-02
   2.83002853E-02
   2.85997391E-02
   3.57999802E-02
   3.69997025E-02
   3.82003784E-02
   5.70001602E-02
   6.02006912E-02
   6.75992966E-02
   8.17995071E-02
   9.44004059E-02
  0.124900818    
  0.131299973    
  0.135099411    
  0.139599800    
  0.147399902    
  0.157099724    
  0.163899422    
  0.202799797    
  0.235099792    
  0.275199890    
  0.388200760    
  0.421500206    
