#Npts     Radius    Mag      Completeness
#  411 1253.4249  -12.187033 0.980907
# Ierr
 -0.727000237    
 -0.428699493    
 -0.164100647    
 -0.152299881    
  -8.36000443E-02
  -7.76996613E-02
  -6.11000061E-02
  -6.08997345E-02
  -4.15000916E-02
  -4.11996841E-02
  -3.80001068E-02
  -3.64007950E-02
  -2.44998932E-02
  -1.90992355E-02
  -1.87997818E-02
  -1.71003342E-02
  -1.50995255E-02
  -1.44004822E-02
  -1.38998032E-02
  -1.27000809E-02
  -1.23996735E-02
  -1.15003586E-02
  -1.14002228E-02
  -1.11999512E-02
  -1.07002258E-02
  -9.90009308E-03
  -9.49954987E-03
  -9.29927826E-03
  -9.09996033E-03
  -9.09996033E-03
  -8.99982452E-03
  -8.90064240E-03
  -8.89968872E-03
  -8.89968872E-03
  -8.50009918E-03
  -8.50009918E-03
  -7.99942017E-03
  -7.89928436E-03
  -7.59983063E-03
  -7.49969482E-03
  -7.39955902E-03
  -7.29942322E-03
  -6.80065155E-03
  -6.80065155E-03
  -6.70051575E-03
  -6.60037994E-03
  -6.60037994E-03
  -6.49929047E-03
  -6.19983673E-03
  -6.00051880E-03
  -5.99956512E-03
  -5.70011139E-03
  -5.70011139E-03
  -5.59997559E-03
  -5.59997559E-03
  -5.49983978E-03
  -5.39970398E-03
  -5.30052185E-03
  -5.29956818E-03
  -5.19943237E-03
  -5.10025024E-03
  -5.10025024E-03
  -4.89997864E-03
  -4.89997864E-03
  -4.89997864E-03
  -4.79984283E-03
  -4.79984283E-03
  -4.70066071E-03
  -4.69970703E-03
  -4.60052490E-03
  -4.50038910E-03
  -4.30011749E-03
  -4.19998169E-03
  -4.00066376E-03
  -4.00066376E-03
  -3.99971008E-03
  -3.90052795E-03
  -3.89957428E-03
  -3.89957428E-03
  -3.89957428E-03
  -3.79943848E-03
  -3.60012054E-03
  -3.60012054E-03
  -3.60012054E-03
  -3.59916687E-03
  -3.59916687E-03
  -3.49998474E-03
  -3.49998474E-03
  -3.39984894E-03
  -3.29971313E-03
  -3.29971313E-03
  -3.20053101E-03
  -3.19957733E-03
  -3.19957733E-03
  -3.19957733E-03
  -3.10039520E-03
  -3.10039520E-03
  -3.09944153E-03
  -3.00025940E-03
  -3.00025940E-03
  -2.99930573E-03
  -2.90012360E-03
  -2.90012360E-03
  -2.90012360E-03
  -2.79998779E-03
  -2.79998779E-03
  -2.79998779E-03
  -2.79998779E-03
  -2.69985199E-03
  -2.69985199E-03
  -2.69985199E-03
  -2.60066986E-03
  -2.60066986E-03
  -2.59971619E-03
  -2.59971619E-03
  -2.59971619E-03
  -2.50053406E-03
  -2.50053406E-03
  -2.40039825E-03
  -2.39944458E-03
  -2.30026245E-03
  -2.30026245E-03
  -2.29930878E-03
  -2.20012665E-03
  -2.20012665E-03
  -2.20012665E-03
  -2.20012665E-03
  -2.19917297E-03
  -2.09999084E-03
  -2.09999084E-03
  -2.09999084E-03
  -2.00080872E-03
  -1.99985504E-03
  -1.89971924E-03
  -1.89971924E-03
  -1.80053711E-03
  -1.70040131E-03
  -1.70040131E-03
  -1.60026550E-03
  -1.60026550E-03
  -1.59931183E-03
  -1.49917603E-03
  -1.39999390E-03
  -1.39999390E-03
  -1.29985809E-03
  -1.29985809E-03
  -1.19972229E-03
  -1.19972229E-03
  -1.00040436E-03
  -1.00040436E-03
  -8.99314880E-04
  -8.00132751E-04
  -8.00132751E-04
  -8.00132751E-04
  -8.00132751E-04
  -6.99996948E-04
  -6.99996948E-04
  -5.99861145E-04
  -5.99861145E-04
  -5.00679016E-04
  -4.99725342E-04
  -4.00543213E-04
  -3.99589539E-04
  -3.99589539E-04
  -2.99453735E-04
  -2.00271606E-04
  -2.00271606E-04
  -1.99317932E-04
  -1.00135803E-04
   0.00000000    
   0.00000000    
   2.00271606E-04
   2.00271606E-04
   3.00407410E-04
   3.00407410E-04
   3.99589539E-04
   4.00543213E-04
   4.99725342E-04
   5.99861145E-04
   6.99996948E-04
   6.99996948E-04
   8.00132751E-04
   8.00132751E-04
   9.99450684E-04
   9.99450684E-04
   9.99450684E-04
   1.00040436E-03
   1.00040436E-03
   1.00040436E-03
   1.09958649E-03
   1.09958649E-03
   1.10054016E-03
   1.10054016E-03
   1.19972229E-03
   1.20067596E-03
   1.30081177E-03
   1.39999390E-03
   1.39999390E-03
   1.39999390E-03
   1.49917603E-03
   1.50012970E-03
   1.60026550E-03
   1.70040131E-03
   1.70040131E-03
   1.70040131E-03
   1.79958344E-03
   1.80053711E-03
   1.89971924E-03
   1.89971924E-03
   1.99985504E-03
   1.99985504E-03
   1.99985504E-03
   1.99985504E-03
   2.09999084E-03
   2.09999084E-03
   2.09999084E-03
   2.20012665E-03
   2.40039825E-03
   2.40039825E-03
   2.50053406E-03
   2.59971619E-03
   2.59971619E-03
   2.69985199E-03
   2.79998779E-03
   2.79998779E-03
   2.79998779E-03
   2.79998779E-03
   2.90012360E-03
   3.00025940E-03
   3.10039520E-03
   3.19957733E-03
   3.19957733E-03
   3.30066681E-03
   3.39984894E-03
   3.39984894E-03
   3.39984894E-03
   3.40080261E-03
   3.49998474E-03
   3.49998474E-03
   3.70025635E-03
   3.80039215E-03
   3.99971008E-03
   4.09984589E-03
   4.09984589E-03
   4.19998169E-03
   4.19998169E-03
   4.29916382E-03
   4.29916382E-03
   4.60052490E-03
   4.60052490E-03
   4.70066071E-03
   5.09929657E-03
   5.29956818E-03
   5.29956818E-03
   5.59997559E-03
   5.69915771E-03
   5.79929352E-03
   5.80024719E-03
   5.90038300E-03
   5.90038300E-03
   5.90038300E-03
   6.00051880E-03
   6.29997253E-03
   6.29997253E-03
   6.50024414E-03
   6.69956207E-03
   6.69956207E-03
   6.89983368E-03
   7.09915161E-03
   7.30037689E-03
   7.30037689E-03
   7.30037689E-03
   7.39955902E-03
   7.39955902E-03
   7.90023804E-03
   7.99942017E-03
   8.09955597E-03
   8.19969177E-03
   8.39996338E-03
   8.49914551E-03
   8.50009918E-03
   8.50009918E-03
   8.50009918E-03
   8.79955292E-03
   9.09996033E-03
   9.09996033E-03
   9.20009613E-03
   9.20009613E-03
   9.30023193E-03
   9.40036774E-03
   9.49954987E-03
   9.69982147E-03
   9.79995728E-03
   1.00002289E-02
   1.00994110E-02
   1.01995468E-02
   1.01995468E-02
   1.04007721E-02
   1.07002258E-02
   1.07002258E-02
   1.07002258E-02
   1.10998154E-02
   1.11007690E-02
   1.11999512E-02
   1.16996765E-02
   1.22003555E-02
   1.22995377E-02
   1.22995377E-02
   1.24998093E-02
   1.25999451E-02
   1.28993988E-02
   1.30004883E-02
   1.32007599E-02
   1.32999420E-02
   1.37996674E-02
   1.39999390E-02
   1.39999390E-02
   1.42993927E-02
   1.43995285E-02
   1.43995285E-02
   1.44004822E-02
   1.48000717E-02
   1.49002075E-02
   1.56002045E-02
   1.57003403E-02
   1.62000656E-02
   1.63002014E-02
   1.67007446E-02
   1.67999268E-02
   1.77001953E-02
   1.78995132E-02
   1.79996490E-02
   1.83992386E-02
   1.86004639E-02
   1.86996460E-02
   1.87997818E-02
   1.90000534E-02
   1.90000534E-02
   1.97000504E-02
   2.02999115E-02
   2.06003189E-02
   2.09999084E-02
   2.09999084E-02
   2.09999084E-02
   2.13003159E-02
   2.13003159E-02
   2.17008591E-02
   2.18000412E-02
   2.18000412E-02
   2.19001770E-02
   2.25000381E-02
   2.32992172E-02
   2.34003067E-02
   2.37998962E-02
   2.43997574E-02
   2.44998932E-02
   2.55002975E-02
   2.56004333E-02
   2.60000229E-02
   2.62002945E-02
   2.63996124E-02
   2.69002914E-02
   2.77004242E-02
   2.81000137E-02
   2.82001495E-02
   2.90002823E-02
   2.93998718E-02
   3.10993195E-02
   3.12995911E-02
   3.14998627E-02
   3.28998566E-02
   3.29008102E-02
   3.39002609E-02
   3.50999832E-02
   3.62997055E-02
   3.71999741E-02
   3.85999680E-02
   3.87001038E-02
   3.91006470E-02
   3.91998291E-02
   3.98998260E-02
   4.25004959E-02
   4.25004959E-02
   4.27007675E-02
   4.40998077E-02
   4.44993973E-02
   4.46004868E-02
   4.50000763E-02
   4.57000732E-02
   4.92000580E-02
   4.96006012E-02
   5.01003265E-02
   5.53998947E-02
   6.72998428E-02
   6.94999695E-02
   7.54995346E-02
   7.62996674E-02
   7.76004791E-02
   7.94000626E-02
   7.97996521E-02
   8.06999207E-02
   9.59997177E-02
  0.104000092    
  0.104800224    
  0.111300468    
  0.127499580    
  0.226999283    
  0.253000259    
  0.272200584    
  0.374500275    
  0.747000694    
