#Npts     Radius    Mag      Completeness
#  190  437.2413  -13.157367 0.926829
# Ierr
  -8.73003006E-02
  -7.89003372E-02
  -5.81998825E-02
  -5.17997742E-02
  -4.92000580E-02
  -3.15999985E-02
  -2.25000381E-02
  -2.02999115E-02
  -1.83992386E-02
  -1.73997879E-02
  -1.72004700E-02
  -1.60999298E-02
  -1.58004761E-02
  -1.34000778E-02
  -1.24998093E-02
  -1.23996735E-02
  -1.21994019E-02
  -9.79995728E-03
  -9.69982147E-03
  -8.70037079E-03
  -8.29982758E-03
  -8.00037384E-03
  -7.49969482E-03
  -6.70051575E-03
  -6.60037994E-03
  -6.40010834E-03
  -6.29997253E-03
  -6.19983673E-03
  -6.19983673E-03
  -6.10065460E-03
  -5.59997559E-03
  -5.30052185E-03
  -5.00011444E-03
  -4.60052490E-03
  -4.49943542E-03
  -4.30011749E-03
  -4.30011749E-03
  -4.00066376E-03
  -3.99971008E-03
  -3.60012054E-03
  -3.49998474E-03
  -3.40080261E-03
  -3.19957733E-03
  -2.90012360E-03
  -2.79998779E-03
  -2.79998779E-03
  -2.69985199E-03
  -2.59971619E-03
  -2.40039825E-03
  -2.20012665E-03
  -2.20012665E-03
  -2.09999084E-03
  -2.09999084E-03
  -1.90067291E-03
  -1.89971924E-03
  -1.80053711E-03
  -1.80053711E-03
  -1.70040131E-03
  -1.60026550E-03
  -1.50012970E-03
  -1.49917603E-03
  -1.39999390E-03
  -1.39999390E-03
  -1.29985809E-03
  -1.00040436E-03
  -8.00132751E-04
  -3.00407410E-04
  -1.99317932E-04
  -1.00135803E-04
   1.00135803E-04
   1.99317932E-04
   2.00271606E-04
   5.00679016E-04
   8.99314880E-04
   9.00268555E-04
   1.29985809E-03
   1.60026550E-03
   1.90067291E-03
   2.20012665E-03
   2.49958038E-03
   2.60066986E-03
   3.10039520E-03
   3.29971313E-03
   3.49998474E-03
   3.60012054E-03
   3.69930267E-03
   3.69930267E-03
   3.70025635E-03
   5.10025024E-03
   5.80024719E-03
   5.90038300E-03
   5.90038300E-03
   6.09970093E-03
   6.29997253E-03
   6.70051575E-03
   6.70051575E-03
   8.50009918E-03
   9.09996033E-03
   9.20009613E-03
   9.49954987E-03
   9.90009308E-03
   1.01995468E-02
   1.08995438E-02
   1.10998154E-02
   1.16004944E-02
   1.16996765E-02
   1.17998123E-02
   1.22003555E-02
   1.25999451E-02
   1.30996704E-02
   1.37004852E-02
   1.37996674E-02
   1.39007568E-02
   1.44004822E-02
   1.56002045E-02
   1.59997940E-02
   1.65004730E-02
   1.65996552E-02
   1.67999268E-02
   1.69000626E-02
   1.69992447E-02
   1.76000595E-02
   1.94997787E-02
   2.05001831E-02
   2.33993530E-02
   2.42004395E-02
   2.48003006E-02
   2.69994736E-02
   3.09000015E-02
   3.13005447E-02
   3.14006805E-02
   3.21998596E-02
   3.36999893E-02
   3.45993042E-02
   3.84998322E-02
   3.99999619E-02
   4.25996780E-02
   4.29000854E-02
   4.59995270E-02
   4.79001999E-02
   4.81996536E-02
   5.22003174E-02
   5.63993454E-02
   5.66997528E-02
   5.69000244E-02
   5.91001511E-02
   6.06994629E-02
   6.47001266E-02
   7.10000992E-02
   7.19995499E-02
   9.45997238E-02
   9.67998505E-02
  0.102899551    
  0.104200363    
  0.104700089    
  0.119999886    
  0.120900154    
  0.121099472    
  0.128399849    
  0.135699272    
  0.142499924    
  0.144000053    
  0.151700020    
  0.157400131    
  0.164500237    
  0.173899651    
  0.174100876    
  0.178899765    
  0.184900284    
  0.189200401    
  0.200900078    
  0.210499763    
  0.228799820    
  0.236599922    
  0.240099907    
  0.242300034    
  0.268500328    
  0.273799896    
  0.274700165    
  0.284300804    
  0.284800529    
  0.285500526    
  0.335000038    
  0.384200096    
  0.411600113    
  0.452499390    
  0.485099792    
  0.586400032    
  0.684000015    
  0.715800285    
