#Npts     Radius    Mag      Completeness
#  187 1457.4708  -14.340533 1.000000
# Ierr
  -3.78999710E-02
  -2.19001770E-02
  -1.99003220E-02
  -1.93004608E-02
  -1.74999237E-02
  -1.72996521E-02
  -1.70993805E-02
  -1.67999268E-02
  -1.58996582E-02
  -1.57003403E-02
  -1.42002106E-02
  -1.37996674E-02
  -1.37004852E-02
  -1.32007599E-02
  -1.31998062E-02
  -1.30996704E-02
  -1.28002167E-02
  -1.27000809E-02
  -1.25999451E-02
  -1.24998093E-02
  -1.19991302E-02
  -1.14002228E-02
  -1.14002228E-02
  -1.13000870E-02
  -1.09996796E-02
  -1.07002258E-02
  -1.07002258E-02
  -9.79995728E-03
  -9.69982147E-03
  -9.20009613E-03
  -8.89968872E-03
  -8.80050659E-03
  -8.79955292E-03
  -8.39996338E-03
  -8.19969177E-03
  -8.09955597E-03
  -8.09955597E-03
  -7.80010223E-03
  -7.39955902E-03
  -7.20024109E-03
  -7.09915161E-03
  -6.69956207E-03
  -6.09970093E-03
  -5.90038300E-03
  -5.89942932E-03
  -5.59997559E-03
  -5.59997559E-03
  -5.20038605E-03
  -5.19943237E-03
  -5.10025024E-03
  -5.10025024E-03
  -5.09929657E-03
  -4.69970703E-03
  -4.60052490E-03
  -4.40025330E-03
  -4.40025330E-03
  -4.30011749E-03
  -4.29916382E-03
  -4.00066376E-03
  -4.00066376E-03
  -3.79943848E-03
  -3.70025635E-03
  -3.40080261E-03
  -3.30066681E-03
  -3.29971313E-03
  -3.10039520E-03
  -2.99930573E-03
  -2.90012360E-03
  -2.69985199E-03
  -2.59971619E-03
  -2.49958038E-03
  -2.49958038E-03
  -2.39944458E-03
  -2.09999084E-03
  -1.99985504E-03
  -1.60026550E-03
  -1.59931183E-03
  -1.39999390E-03
  -1.30081177E-03
  -1.20067596E-03
  -1.19972229E-03
  -8.00132751E-04
  -3.00407410E-04
  -1.00135803E-04
   2.00271606E-04
   5.99861145E-04
   6.00814819E-04
   6.99996948E-04
   6.99996948E-04
   1.00040436E-03
   1.19972229E-03
   1.19972229E-03
   1.29985809E-03
   1.49917603E-03
   1.50012970E-03
   1.60026550E-03
   1.69944763E-03
   1.79958344E-03
   1.80053711E-03
   1.90067291E-03
   1.99985504E-03
   2.09999084E-03
   2.09999084E-03
   2.20012665E-03
   2.30026245E-03
   2.50053406E-03
   2.79998779E-03
   2.90012360E-03
   3.00025940E-03
   3.09944153E-03
   3.59916687E-03
   3.89957428E-03
   3.90052795E-03
   4.00066376E-03
   4.09984589E-03
   4.09984589E-03
   4.19998169E-03
   4.39929962E-03
   4.79984283E-03
   5.20038605E-03
   5.29956818E-03
   5.39970398E-03
   5.70011139E-03
   5.89942932E-03
   5.90038300E-03
   6.19983673E-03
   6.40010834E-03
   6.50024414E-03
   6.99996948E-03
   7.10010529E-03
   7.10010529E-03
   7.20024109E-03
   7.20024109E-03
   7.40051270E-03
   7.49969482E-03
   7.59983063E-03
   7.69996643E-03
   8.29982758E-03
   8.29982758E-03
   8.69941711E-03
   8.70037079E-03
   9.40036774E-03
   9.79995728E-03
   9.90009308E-03
   1.03006363E-02
   1.08995438E-02
   1.11999512E-02
   1.14994049E-02
   1.18999481E-02
   1.25999451E-02
   1.28002167E-02
   1.30004883E-02
   1.31006241E-02
   1.37004852E-02
   1.37996674E-02
   1.66997910E-02
   1.79004669E-02
   1.84001923E-02
   1.85995102E-02
   1.86004639E-02
   1.94997787E-02
   2.09999084E-02
   2.15005875E-02
   2.32000351E-02
   2.44998932E-02
   2.83002853E-02
   3.16991806E-02
   3.21998596E-02
   3.34997177E-02
   3.67002487E-02
   4.38995361E-02
   4.62999344E-02
   4.81996536E-02
   4.94995117E-02
   5.22003174E-02
   5.86004257E-02
   5.98993301E-02
   6.36997223E-02
   7.24000931E-02
   7.27996826E-02
   9.21993256E-02
  0.104800224    
  0.110099792    
  0.118700027    
  0.140599251    
  0.159700394    
  0.170100212    
