#Npts     Radius    Mag      Completeness
#  444 1865.5626  -11.701866 0.991071
# Ierr
 -0.632800102    
 -0.622699738    
 -0.364200592    
 -0.195799828    
 -0.104699135    
  -7.66000748E-02
  -7.54995346E-02
  -6.93998337E-02
  -6.35004044E-02
  -4.12006378E-02
  -3.12004089E-02
  -3.11994553E-02
  -2.81000137E-02
  -2.76994705E-02
  -2.63996124E-02
  -2.51998901E-02
  -2.46000290E-02
  -2.41003036E-02
  -2.41003036E-02
  -2.30998993E-02
  -2.22997665E-02
  -2.11000443E-02
  -2.04000473E-02
  -1.98001862E-02
  -1.95999146E-02
  -1.93996429E-02
  -1.68991089E-02
  -1.64003372E-02
  -1.63993835E-02
  -1.62000656E-02
  -1.51996613E-02
  -1.48992538E-02
  -1.43003464E-02
  -1.41000748E-02
  -1.39999390E-02
  -1.33008957E-02
  -1.32999420E-02
  -1.31998062E-02
  -1.31998062E-02
  -1.23996735E-02
  -1.23004913E-02
  -1.22995377E-02
  -1.14002228E-02
  -1.13000870E-02
  -1.10006332E-02
  -1.06000900E-02
  -1.04999542E-02
  -1.03998184E-02
  -9.79995728E-03
  -9.79995728E-03
  -9.59968567E-03
  -9.30023193E-03
  -9.20009613E-03
  -9.09996033E-03
  -9.00077820E-03
  -8.79955292E-03
  -8.70037079E-03
  -8.50009918E-03
  -8.39996338E-03
  -8.00037384E-03
  -7.80010223E-03
  -7.80010223E-03
  -7.59983063E-03
  -7.50064850E-03
  -7.49969482E-03
  -7.20024109E-03
  -7.10010529E-03
  -6.89983368E-03
  -6.89983368E-03
  -6.80065155E-03
  -6.79969788E-03
  -6.70051575E-03
  -6.69956207E-03
  -6.60037994E-03
  -6.40010834E-03
  -6.30092621E-03
  -6.29997253E-03
  -6.29997253E-03
  -6.29997253E-03
  -6.29997253E-03
  -6.09970093E-03
  -6.09970093E-03
  -6.00051880E-03
  -5.99956512E-03
  -5.90038300E-03
  -5.80024719E-03
  -5.79929352E-03
  -5.70011139E-03
  -5.49983978E-03
  -5.40065765E-03
  -5.40065765E-03
  -5.39970398E-03
  -5.29956818E-03
  -5.29956818E-03
  -5.29956818E-03
  -5.09929657E-03
  -5.00011444E-03
  -5.00011444E-03
  -5.00011444E-03
  -5.00011444E-03
  -4.89997864E-03
  -4.89997864E-03
  -4.89997864E-03
  -4.89997864E-03
  -4.79984283E-03
  -4.70066071E-03
  -4.70066071E-03
  -4.60052490E-03
  -4.59957123E-03
  -4.59957123E-03
  -4.50038910E-03
  -4.40025330E-03
  -4.40025330E-03
  -4.29916382E-03
  -4.19998169E-03
  -4.09984589E-03
  -4.09984589E-03
  -4.09984589E-03
  -3.99971008E-03
  -3.90052795E-03
  -3.90052795E-03
  -3.80039215E-03
  -3.70025635E-03
  -3.70025635E-03
  -3.70025635E-03
  -3.70025635E-03
  -3.60012054E-03
  -3.60012054E-03
  -3.60012054E-03
  -3.59916687E-03
  -3.49998474E-03
  -3.39984894E-03
  -3.30066681E-03
  -3.29971313E-03
  -3.29971313E-03
  -3.29971313E-03
  -3.20053101E-03
  -3.20053101E-03
  -3.10039520E-03
  -3.10039520E-03
  -3.10039520E-03
  -2.90012360E-03
  -2.79998779E-03
  -2.79998779E-03
  -2.79998779E-03
  -2.79998779E-03
  -2.79998779E-03
  -2.70080566E-03
  -2.69985199E-03
  -2.60066986E-03
  -2.59971619E-03
  -2.59971619E-03
  -2.49958038E-03
  -2.49958038E-03
  -2.40039825E-03
  -2.39944458E-03
  -2.30026245E-03
  -2.29930878E-03
  -2.20012665E-03
  -2.20012665E-03
  -2.20012665E-03
  -2.09999084E-03
  -2.09999084E-03
  -2.09999084E-03
  -2.09999084E-03
  -2.09999084E-03
  -1.99985504E-03
  -1.99985504E-03
  -1.79958344E-03
  -1.79958344E-03
  -1.79958344E-03
  -1.79958344E-03
  -1.70040131E-03
  -1.70040131E-03
  -1.69944763E-03
  -1.60026550E-03
  -1.50012970E-03
  -1.39999390E-03
  -1.29985809E-03
  -1.29985809E-03
  -1.29985809E-03
  -1.20067596E-03
  -1.19972229E-03
  -1.19972229E-03
  -1.19972229E-03
  -1.19972229E-03
  -1.10054016E-03
  -1.10054016E-03
  -1.09958649E-03
  -1.09958649E-03
  -1.09958649E-03
  -1.09958649E-03
  -1.00040436E-03
  -9.99450684E-04
  -9.99450684E-04
  -9.00268555E-04
  -9.00268555E-04
  -9.00268555E-04
  -9.00268555E-04
  -8.99314880E-04
  -8.00132751E-04
  -8.00132751E-04
  -8.00132751E-04
  -8.00132751E-04
  -7.99179077E-04
  -6.99996948E-04
  -6.99996948E-04
  -6.99996948E-04
  -6.99996948E-04
  -6.00814819E-04
  -6.00814819E-04
  -5.00679016E-04
  -5.00679016E-04
  -4.99725342E-04
  -4.99725342E-04
  -4.99725342E-04
  -4.00543213E-04
  -4.00543213E-04
  -4.00543213E-04
  -4.00543213E-04
  -3.99589539E-04
  -3.00407410E-04
  -1.99317932E-04
  -1.00135803E-04
  -1.00135803E-04
   0.00000000    
   1.00135803E-04
   1.00135803E-04
   1.00135803E-04
   1.00135803E-04
   1.99317932E-04
   1.99317932E-04
   1.99317932E-04
   2.00271606E-04
   2.00271606E-04
   2.99453735E-04
   3.00407410E-04
   3.00407410E-04
   3.00407410E-04
   4.99725342E-04
   4.99725342E-04
   4.99725342E-04
   5.00679016E-04
   5.99861145E-04
   6.99996948E-04
   6.99996948E-04
   6.99996948E-04
   8.00132751E-04
   8.99314880E-04
   9.99450684E-04
   1.00040436E-03
   1.09958649E-03
   1.10054016E-03
   1.10054016E-03
   1.19972229E-03
   1.20067596E-03
   1.20067596E-03
   1.29985809E-03
   1.29985809E-03
   1.29985809E-03
   1.29985809E-03
   1.29985809E-03
   1.39999390E-03
   1.39999390E-03
   1.39999390E-03
   1.50012970E-03
   1.59931183E-03
   1.60026550E-03
   1.69944763E-03
   1.70040131E-03
   1.70040131E-03
   1.70040131E-03
   1.79958344E-03
   1.79958344E-03
   1.80053711E-03
   1.80053711E-03
   1.89971924E-03
   1.90067291E-03
   1.99985504E-03
   2.09999084E-03
   2.20012665E-03
   2.20012665E-03
   2.59971619E-03
   2.59971619E-03
   2.59971619E-03
   2.59971619E-03
   2.60066986E-03
   2.69985199E-03
   2.69985199E-03
   2.69985199E-03
   2.70080566E-03
   2.79998779E-03
   2.79998779E-03
   2.90012360E-03
   2.90012360E-03
   2.90012360E-03
   2.99930573E-03
   3.09944153E-03
   3.09944153E-03
   3.09944153E-03
   3.10039520E-03
   3.19957733E-03
   3.19957733E-03
   3.39984894E-03
   3.39984894E-03
   3.49998474E-03
   3.60012054E-03
   3.69930267E-03
   3.69930267E-03
   3.70025635E-03
   3.79943848E-03
   3.79943848E-03
   3.89957428E-03
   3.89957428E-03
   3.99971008E-03
   4.09984589E-03
   4.09984589E-03
   4.09984589E-03
   4.09984589E-03
   4.19998169E-03
   4.30011749E-03
   4.39929962E-03
   4.40025330E-03
   4.40025330E-03
   4.49943542E-03
   4.59957123E-03
   4.59957123E-03
   4.69970703E-03
   4.70066071E-03
   4.70066071E-03
   4.80079651E-03
   4.89997864E-03
   4.89997864E-03
   4.99916077E-03
   5.10025024E-03
   5.20038605E-03
   5.29956818E-03
   5.30052185E-03
   5.40065765E-03
   5.59997559E-03
   5.70011139E-03
   5.90038300E-03
   6.00051880E-03
   6.09970093E-03
   6.09970093E-03
   6.60037994E-03
   6.69956207E-03
   6.70051575E-03
   6.80065155E-03
   7.39955902E-03
   7.40051270E-03
   7.40051270E-03
   7.40051270E-03
   7.59983063E-03
   7.69996643E-03
   7.80010223E-03
   7.80010223E-03
   7.80010223E-03
   7.90023804E-03
   8.00037384E-03
   8.09955597E-03
   8.50009918E-03
   9.49954987E-03
   9.50050354E-03
   9.59968567E-03
   9.69982147E-03
   1.04999542E-02
   1.04999542E-02
   1.04999542E-02
   1.06000900E-02
   1.06992722E-02
   1.07002258E-02
   1.08995438E-02
   1.10006332E-02
   1.13992691E-02
   1.16004944E-02
   1.21002197E-02
   1.21002197E-02
   1.22003555E-02
   1.22995377E-02
   1.24998093E-02
   1.37004852E-02
   1.37996674E-02
   1.39999390E-02
   1.42002106E-02
   1.43003464E-02
   1.46007538E-02
   1.48992538E-02
   1.49002075E-02
   1.49993896E-02
   1.52997971E-02
   1.58004761E-02
   1.59997940E-02
   1.71995163E-02
   1.80997849E-02
   1.85003281E-02
   1.93996429E-02
   1.95999146E-02
   1.98001862E-02
   2.00996399E-02
   2.35004425E-02
   2.50005722E-02
   2.56996155E-02
   2.70004272E-02
   2.72998810E-02
   2.74000168E-02
   2.89001465E-02
   2.89993286E-02
   2.92005539E-02
   3.00998688E-02
   3.01008224E-02
   3.05995941E-02
   3.06997299E-02
   3.13997269E-02
   3.14006805E-02
   3.15999985E-02
   3.24001312E-02
   3.36999893E-02
   3.48997116E-02
   3.54995728E-02
   4.00991440E-02
   4.34999466E-02
   4.82997894E-02
   4.95996475E-02
   5.45997620E-02
   5.77001572E-02
   5.90000153E-02
   6.22005463E-02
   6.42004013E-02
   6.64005280E-02
   7.22999573E-02
   8.12997818E-02
   8.39004517E-02
   8.50000381E-02
   8.97998810E-02
  0.105800629    
  0.109999657    
  0.110999107    
  0.190799713    
  0.235199928    
  0.272099495    
  0.361000061    
  0.585599899    
  0.590799332    
