#Npts     Radius    Mag      Completeness
#  436 1253.4249  -11.701866 0.979775
# Ierr
 -0.107099533    
 -0.104599953    
  -9.36002731E-02
  -8.81004333E-02
  -7.78999329E-02
  -7.68003464E-02
  -5.95998764E-02
  -5.93996048E-02
  -5.60998917E-02
  -5.48000336E-02
  -5.06000519E-02
  -4.72993851E-02
  -4.55999374E-02
  -4.17995453E-02
  -3.84998322E-02
  -3.68003845E-02
  -3.46994400E-02
  -3.42998505E-02
  -3.41997147E-02
  -3.28998566E-02
  -3.27997208E-02
  -3.07998657E-02
  -3.06005478E-02
  -3.02000046E-02
  -2.91004181E-02
  -2.85005569E-02
  -2.71005630E-02
  -2.63004303E-02
  -2.41994858E-02
  -2.14004517E-02
  -2.09007263E-02
  -1.99003220E-02
  -1.97000504E-02
  -1.86996460E-02
  -1.86004639E-02
  -1.86004639E-02
  -1.85995102E-02
  -1.78003311E-02
  -1.77001953E-02
  -1.76992416E-02
  -1.74999237E-02
  -1.72004700E-02
  -1.67999268E-02
  -1.58996582E-02
  -1.55000687E-02
  -1.53999329E-02
  -1.49993896E-02
  -1.49993896E-02
  -1.48000717E-02
  -1.47991180E-02
  -1.46999359E-02
  -1.45998001E-02
  -1.45998001E-02
  -1.41992569E-02
  -1.38998032E-02
  -1.36995316E-02
  -1.34000778E-02
  -1.30996704E-02
  -1.29995346E-02
  -1.28002167E-02
  -1.27000809E-02
  -1.24998093E-02
  -1.23996735E-02
  -1.22995377E-02
  -1.21994019E-02
  -1.17006302E-02
  -1.15003586E-02
  -1.13992691E-02
  -1.11007690E-02
  -1.10998154E-02
  -1.10006332E-02
  -1.09004974E-02
  -1.08995438E-02
  -1.07994080E-02
  -1.05991364E-02
  -1.05991364E-02
  -1.03998184E-02
  -1.03006363E-02
  -1.02996826E-02
  -1.02005005E-02
  -1.01003647E-02
  -1.00002289E-02
  -9.59968567E-03
  -9.59968567E-03
  -9.30023193E-03
  -9.20009613E-03
  -9.20009613E-03
  -8.99982452E-03
  -8.89968872E-03
  -8.60023499E-03
  -8.60023499E-03
  -8.50009918E-03
  -8.50009918E-03
  -8.39996338E-03
  -8.39996338E-03
  -8.29982758E-03
  -8.29982758E-03
  -8.19969177E-03
  -8.10050964E-03
  -8.00037384E-03
  -7.80010223E-03
  -7.80010223E-03
  -7.79914856E-03
  -7.69996643E-03
  -7.59983063E-03
  -7.50064850E-03
  -7.50064850E-03
  -7.49969482E-03
  -7.19928741E-03
  -6.99996948E-03
  -6.99996948E-03
  -6.89983368E-03
  -6.80065155E-03
  -6.70051575E-03
  -6.70051575E-03
  -6.70051575E-03
  -6.70051575E-03
  -6.69956207E-03
  -6.59942627E-03
  -6.50024414E-03
  -6.49929047E-03
  -6.29997253E-03
  -6.20079041E-03
  -6.00051880E-03
  -6.00051880E-03
  -5.99956512E-03
  -5.89942932E-03
  -5.79929352E-03
  -5.70011139E-03
  -5.70011139E-03
  -5.69915771E-03
  -5.59997559E-03
  -5.40065765E-03
  -5.10025024E-03
  -5.10025024E-03
  -5.00011444E-03
  -4.70066071E-03
  -4.69970703E-03
  -4.60052490E-03
  -4.59957123E-03
  -4.40025330E-03
  -4.30011749E-03
  -4.30011749E-03
  -4.30011749E-03
  -4.19998169E-03
  -4.09984589E-03
  -4.09984589E-03
  -4.09984589E-03
  -3.99971008E-03
  -3.89957428E-03
  -3.89957428E-03
  -3.89957428E-03
  -3.79943848E-03
  -3.60012054E-03
  -3.60012054E-03
  -3.49998474E-03
  -3.39984894E-03
  -3.39984894E-03
  -3.39984894E-03
  -3.39984894E-03
  -3.29971313E-03
  -3.29971313E-03
  -3.29971313E-03
  -3.29971313E-03
  -3.20053101E-03
  -3.09944153E-03
  -3.00025940E-03
  -2.99930573E-03
  -2.90012360E-03
  -2.90012360E-03
  -2.89916992E-03
  -2.79998779E-03
  -2.79998779E-03
  -2.69985199E-03
  -2.60066986E-03
  -2.59971619E-03
  -2.59971619E-03
  -2.59971619E-03
  -2.49958038E-03
  -2.40039825E-03
  -2.40039825E-03
  -2.40039825E-03
  -2.39944458E-03
  -2.30026245E-03
  -2.30026245E-03
  -2.30026245E-03
  -2.20012665E-03
  -2.09999084E-03
  -2.09999084E-03
  -2.09999084E-03
  -2.09999084E-03
  -2.09999084E-03
  -2.09999084E-03
  -2.09999084E-03
  -2.09999084E-03
  -2.09999084E-03
  -1.99985504E-03
  -1.99985504E-03
  -1.90067291E-03
  -1.89971924E-03
  -1.80053711E-03
  -1.79958344E-03
  -1.79958344E-03
  -1.70040131E-03
  -1.69944763E-03
  -1.60026550E-03
  -1.60026550E-03
  -1.59931183E-03
  -1.50012970E-03
  -1.50012970E-03
  -1.50012970E-03
  -1.50012970E-03
  -1.29985809E-03
  -1.29985809E-03
  -1.29985809E-03
  -1.29985809E-03
  -1.19972229E-03
  -1.19972229E-03
  -1.10054016E-03
  -1.09958649E-03
  -9.99450684E-04
  -9.00268555E-04
  -9.00268555E-04
  -8.00132751E-04
  -8.00132751E-04
  -5.00679016E-04
  -4.00543213E-04
  -4.00543213E-04
  -3.99589539E-04
  -2.99453735E-04
  -2.00271606E-04
  -1.99317932E-04
  -1.00135803E-04
  -1.00135803E-04
   0.00000000    
   9.91821289E-05
   1.99317932E-04
   1.99317932E-04
   2.00271606E-04
   3.00407410E-04
   3.00407410E-04
   3.99589539E-04
   5.99861145E-04
   5.99861145E-04
   6.00814819E-04
   6.99996948E-04
   8.00132751E-04
   8.00132751E-04
   9.00268555E-04
   1.00040436E-03
   1.00040436E-03
   1.29985809E-03
   1.39999390E-03
   1.39999390E-03
   1.39999390E-03
   1.50012970E-03
   1.59931183E-03
   1.60026550E-03
   1.60026550E-03
   1.60026550E-03
   1.60026550E-03
   1.79958344E-03
   1.79958344E-03
   1.79958344E-03
   1.90067291E-03
   1.99985504E-03
   2.00080872E-03
   2.09999084E-03
   2.20012665E-03
   2.20012665E-03
   2.20012665E-03
   2.40039825E-03
   2.49958038E-03
   2.49958038E-03
   2.59971619E-03
   2.69985199E-03
   2.69985199E-03
   2.90012360E-03
   2.99930573E-03
   3.10039520E-03
   3.20053101E-03
   3.29971313E-03
   3.60012054E-03
   3.60012054E-03
   3.60012054E-03
   3.70025635E-03
   3.80039215E-03
   3.89957428E-03
   3.89957428E-03
   3.99971008E-03
   3.99971008E-03
   4.09984589E-03
   4.09984589E-03
   4.30011749E-03
   4.40025330E-03
   4.50038910E-03
   4.50038910E-03
   4.59957123E-03
   4.60052490E-03
   4.79984283E-03
   4.79984283E-03
   5.00011444E-03
   5.00011444E-03
   5.10025024E-03
   5.10025024E-03
   5.29956818E-03
   5.39970398E-03
   5.70011139E-03
   5.80024719E-03
   5.90038300E-03
   5.99956512E-03
   6.09970093E-03
   6.09970093E-03
   6.19983673E-03
   6.29997253E-03
   6.40010834E-03
   6.49929047E-03
   6.50024414E-03
   6.69956207E-03
   6.89983368E-03
   7.10010529E-03
   7.20024109E-03
   7.49969482E-03
   7.59983063E-03
   7.69996643E-03
   7.90023804E-03
   8.29982758E-03
   8.29982758E-03
   8.60023499E-03
   8.79955292E-03
   8.79955292E-03
   8.90064240E-03
   8.99982452E-03
   9.09996033E-03
   9.30023193E-03
   9.49954987E-03
   9.79995728E-03
   9.79995728E-03
   1.01995468E-02
   1.03006363E-02
   1.05991364E-02
   1.08995438E-02
   1.10006332E-02
   1.14002228E-02
   1.15003586E-02
   1.16004944E-02
   1.17998123E-02
   1.18007660E-02
   1.19009018E-02
   1.23996735E-02
   1.25999451E-02
   1.27000809E-02
   1.27000809E-02
   1.30004883E-02
   1.34000778E-02
   1.37996674E-02
   1.38006210E-02
   1.42002106E-02
   1.44004822E-02
   1.46007538E-02
   1.48992538E-02
   1.51004791E-02
   1.56002045E-02
   1.58996582E-02
   1.70993805E-02
   1.73006058E-02
   1.73997879E-02
   1.76000595E-02
   1.78003311E-02
   1.83000565E-02
   1.84993744E-02
   1.88999176E-02
   1.93004608E-02
   1.93996429E-02
   1.95999146E-02
   2.02999115E-02
   2.07004547E-02
   2.07004547E-02
   2.11000443E-02
   2.11992264E-02
   2.28996277E-02
   2.32000351E-02
   2.42004395E-02
   2.43005753E-02
   2.54001617E-02
   2.58998871E-02
   2.66008377E-02
   2.76002884E-02
   2.79998779E-02
   2.81000137E-02
   2.85997391E-02
   2.86998749E-02
   2.86998749E-02
   3.00006866E-02
   3.21998596E-02
   3.21998596E-02
   3.22008133E-02
   3.31001282E-02
   3.32002640E-02
   3.50999832E-02
   3.53002548E-02
   3.60002518E-02
   3.94001007E-02
   4.01992798E-02
   4.43000793E-02
   4.53996658E-02
   4.71992493E-02
   4.88004684E-02
   5.21001816E-02
   5.23996353E-02
   5.28001785E-02
   5.51004410E-02
   5.66997528E-02
   6.02998734E-02
   6.69002533E-02
   6.99005127E-02
   7.03992844E-02
   7.89003372E-02
   8.19997787E-02
   8.30993652E-02
   8.41999054E-02
   8.64000320E-02
   9.22002792E-02
  0.106299400    
  0.112900734    
  0.116800308    
  0.130000114    
  0.184899330    
  0.235199928    
  0.266200066    
  0.317000389    
  0.339400291    
  0.352399826    
  0.433899879    
  0.519100189    
  0.527099609    
