#Npts     Radius    Mag      Completeness
#   97  437.2413  -15.191867 0.960396
# Ierr
  -3.07998657E-02
  -2.60992050E-02
  -2.00004578E-02
  -1.41000748E-02
  -1.35002136E-02
  -1.21002197E-02
  -1.15995407E-02
  -9.30023193E-03
  -9.09996033E-03
  -8.80050659E-03
  -7.10010529E-03
  -6.79969788E-03
  -6.69956207E-03
  -6.10065460E-03
  -5.70011139E-03
  -5.19943237E-03
  -5.19943237E-03
  -5.00011444E-03
  -4.69970703E-03
  -4.69970703E-03
  -4.19998169E-03
  -4.19998169E-03
  -3.90052795E-03
  -3.00025940E-03
  -2.79998779E-03
  -2.30026245E-03
  -1.89971924E-03
  -1.89971924E-03
  -1.50012970E-03
  -1.19972229E-03
  -6.99996948E-04
  -6.99996948E-04
  -4.00543213E-04
  -1.99317932E-04
   3.00407410E-04
   9.00268555E-04
   1.19972229E-03
   1.59931183E-03
   1.60026550E-03
   1.60026550E-03
   3.30066681E-03
   3.49998474E-03
   3.90052795E-03
   4.19998169E-03
   4.30011749E-03
   5.20038605E-03
   5.70011139E-03
   6.19983673E-03
   6.39915466E-03
   6.99996948E-03
   7.39955902E-03
   8.50009918E-03
   9.29927826E-03
   9.29927826E-03
   9.79995728E-03
   1.01995468E-02
   1.10998154E-02
   1.20000839E-02
   1.22995377E-02
   1.37996674E-02
   1.39999390E-02
   1.52006149E-02
   1.53999329E-02
   1.53999329E-02
   1.76000595E-02
   2.60000229E-02
   2.63004303E-02
   2.77004242E-02
   2.79998779E-02
   3.06005478E-02
   3.06997299E-02
   3.10993195E-02
   3.67002487E-02
   3.76996994E-02
   3.97005081E-02
   4.03003693E-02
   4.17003632E-02
   4.32996750E-02
   4.33998108E-02
   4.47006226E-02
   4.89006042E-02
   5.15995026E-02
   6.29997253E-02
   6.49003983E-02
   6.55994415E-02
   6.69002533E-02
   7.17000961E-02
   7.63998032E-02
   8.31003189E-02
   8.68997574E-02
  0.109600067    
  0.118800163    
  0.122799873    
  0.126199722    
  0.137000084    
  0.217100143    
  0.310299873    
