#Npts     Radius    Mag      Completeness
#  175 1661.5167  -14.979033 1.000000
# Ierr
  -1.27000809E-02
  -1.22995377E-02
  -1.04999542E-02
  -1.03998184E-02
  -1.01995468E-02
  -9.69982147E-03
  -9.59968567E-03
  -8.39996338E-03
  -8.29982758E-03
  -7.90023804E-03
  -7.70092010E-03
  -7.49969482E-03
  -7.29942322E-03
  -6.89983368E-03
  -6.70051575E-03
  -6.69956207E-03
  -6.60037994E-03
  -6.19983673E-03
  -5.99956512E-03
  -5.90038300E-03
  -5.80024719E-03
  -5.79929352E-03
  -5.70011139E-03
  -5.59997559E-03
  -5.49983978E-03
  -5.49983978E-03
  -5.40065765E-03
  -5.39970398E-03
  -5.30052185E-03
  -5.00011444E-03
  -4.79984283E-03
  -4.59957123E-03
  -4.49943542E-03
  -4.40025330E-03
  -4.30011749E-03
  -4.09984589E-03
  -4.09984589E-03
  -3.99971008E-03
  -3.90052795E-03
  -3.89957428E-03
  -3.60012054E-03
  -3.60012054E-03
  -3.49998474E-03
  -3.49998474E-03
  -3.49998474E-03
  -3.39984894E-03
  -3.29971313E-03
  -3.10039520E-03
  -3.00025940E-03
  -2.90012360E-03
  -2.69985199E-03
  -2.59971619E-03
  -2.59971619E-03
  -2.29930878E-03
  -2.09999084E-03
  -2.09999084E-03
  -1.90067291E-03
  -1.89971924E-03
  -1.89971924E-03
  -1.80053711E-03
  -1.79958344E-03
  -1.70040131E-03
  -1.60026550E-03
  -1.59931183E-03
  -1.50012970E-03
  -1.49917603E-03
  -1.39999390E-03
  -1.20067596E-03
  -1.00040436E-03
  -8.00132751E-04
  -8.00132751E-04
  -6.99996948E-04
  -6.99996948E-04
  -6.99996948E-04
  -5.99861145E-04
  -4.99725342E-04
  -2.99453735E-04
  -2.00271606E-04
  -1.00135803E-04
  -1.00135803E-04
  -1.00135803E-04
   0.00000000    
   5.99861145E-04
   6.99996948E-04
   6.99996948E-04
   6.99996948E-04
   6.99996948E-04
   6.99996948E-04
   8.00132751E-04
   8.00132751E-04
   8.00132751E-04
   8.00132751E-04
   1.10054016E-03
   1.10054016E-03
   1.19972229E-03
   1.29985809E-03
   1.50012970E-03
   1.59931183E-03
   1.60026550E-03
   1.70040131E-03
   1.89971924E-03
   1.99985504E-03
   1.99985504E-03
   1.99985504E-03
   2.09999084E-03
   2.09999084E-03
   2.40039825E-03
   2.40039825E-03
   2.59971619E-03
   2.79998779E-03
   2.90012360E-03
   3.00025940E-03
   3.20053101E-03
   3.30066681E-03
   3.39984894E-03
   3.39984894E-03
   3.49998474E-03
   3.60012054E-03
   3.69930267E-03
   3.70025635E-03
   3.70025635E-03
   3.99971008E-03
   4.09984589E-03
   4.30011749E-03
   4.40025330E-03
   4.49943542E-03
   4.50038910E-03
   4.50038910E-03
   4.60052490E-03
   4.79984283E-03
   4.79984283E-03
   4.89997864E-03
   5.29956818E-03
   5.49983978E-03
   5.90038300E-03
   6.09970093E-03
   6.09970093E-03
   6.19983673E-03
   6.19983673E-03
   6.59942627E-03
   6.60037994E-03
   6.69956207E-03
   6.99996948E-03
   6.99996948E-03
   7.20024109E-03
   7.30037689E-03
   7.30037689E-03
   7.50064850E-03
   8.39996338E-03
   8.79955292E-03
   9.09996033E-03
   9.09996033E-03
   9.69982147E-03
   1.04999542E-02
   1.06992722E-02
   1.12991333E-02
   1.14994049E-02
   1.22003555E-02
   1.23004913E-02
   1.24006271E-02
   1.59997940E-02
   1.65996552E-02
   1.92003250E-02
   1.92995071E-02
   1.93996429E-02
   2.67000198E-02
   2.75001526E-02
   2.86998749E-02
   3.04994583E-02
   4.38003540E-02
   4.74004745E-02
   5.38997650E-02
   5.39007187E-02
   7.54995346E-02
  0.240599632    
