#Npts     Radius    Mag      Completeness
#  372 1049.3790  -12.672199 0.973822
# Ierr
 -0.156900406    
  -9.78002548E-02
  -3.53002548E-02
  -2.73008347E-02
  -2.55002975E-02
  -2.53000259E-02
  -2.44998932E-02
  -1.58004761E-02
  -1.31006241E-02
  -1.29003525E-02
  -1.17998123E-02
  -1.02996826E-02
  -1.00002289E-02
  -9.39941406E-03
  -8.69941711E-03
  -8.29982758E-03
  -7.90023804E-03
  -7.80010223E-03
  -7.60078430E-03
  -6.70051575E-03
  -6.49929047E-03
  -6.29997253E-03
  -5.79929352E-03
  -5.70011139E-03
  -5.49983978E-03
  -5.20038605E-03
  -5.10025024E-03
  -5.09929657E-03
  -5.00011444E-03
  -5.00011444E-03
  -4.89997864E-03
  -4.89997864E-03
  -4.89997864E-03
  -4.60052490E-03
  -4.49943542E-03
  -4.40025330E-03
  -4.39929962E-03
  -4.39929962E-03
  -4.30011749E-03
  -4.19998169E-03
  -4.09984589E-03
  -4.00066376E-03
  -3.99971008E-03
  -3.99971008E-03
  -3.89957428E-03
  -3.89957428E-03
  -3.80039215E-03
  -3.69930267E-03
  -3.50093842E-03
  -3.49998474E-03
  -3.39984894E-03
  -3.39984894E-03
  -3.39984894E-03
  -3.39984894E-03
  -3.29971313E-03
  -3.29971313E-03
  -3.20053101E-03
  -3.20053101E-03
  -3.20053101E-03
  -3.20053101E-03
  -3.09944153E-03
  -3.00025940E-03
  -2.90012360E-03
  -2.90012360E-03
  -2.90012360E-03
  -2.90012360E-03
  -2.90012360E-03
  -2.90012360E-03
  -2.89916992E-03
  -2.79998779E-03
  -2.79998779E-03
  -2.69985199E-03
  -2.59971619E-03
  -2.59971619E-03
  -2.49958038E-03
  -2.49958038E-03
  -2.40039825E-03
  -2.40039825E-03
  -2.40039825E-03
  -2.30026245E-03
  -2.30026245E-03
  -2.30026245E-03
  -2.29930878E-03
  -2.20012665E-03
  -2.20012665E-03
  -2.09999084E-03
  -2.09999084E-03
  -2.09999084E-03
  -2.09999084E-03
  -1.99985504E-03
  -1.99985504E-03
  -1.90067291E-03
  -1.89971924E-03
  -1.80053711E-03
  -1.80053711E-03
  -1.70040131E-03
  -1.70040131E-03
  -1.69944763E-03
  -1.69944763E-03
  -1.60026550E-03
  -1.60026550E-03
  -1.60026550E-03
  -1.59931183E-03
  -1.30081177E-03
  -1.29985809E-03
  -1.29985809E-03
  -1.29985809E-03
  -1.29985809E-03
  -1.20067596E-03
  -1.20067596E-03
  -1.09958649E-03
  -1.09958649E-03
  -1.00040436E-03
  -9.99450684E-04
  -9.00268555E-04
  -9.00268555E-04
  -9.00268555E-04
  -9.00268555E-04
  -8.99314880E-04
  -8.00132751E-04
  -8.00132751E-04
  -8.00132751E-04
  -7.99179077E-04
  -6.99996948E-04
  -6.99996948E-04
  -6.00814819E-04
  -5.99861145E-04
  -5.99861145E-04
  -5.99861145E-04
  -5.00679016E-04
  -4.99725342E-04
  -4.00543213E-04
  -3.99589539E-04
  -3.99589539E-04
  -3.99589539E-04
  -3.00407410E-04
  -2.00271606E-04
  -1.00135803E-04
  -1.00135803E-04
  -1.00135803E-04
   0.00000000    
   0.00000000    
   9.91821289E-05
   1.00135803E-04
   1.00135803E-04
   1.00135803E-04
   1.99317932E-04
   2.00271606E-04
   2.00271606E-04
   2.00271606E-04
   2.00271606E-04
   2.00271606E-04
   2.00271606E-04
   2.99453735E-04
   3.99589539E-04
   4.00543213E-04
   5.00679016E-04
   5.00679016E-04
   5.99861145E-04
   6.99996948E-04
   6.99996948E-04
   6.99996948E-04
   6.99996948E-04
   6.99996948E-04
   8.00132751E-04
   8.00132751E-04
   8.00132751E-04
   8.00132751E-04
   9.00268555E-04
   9.00268555E-04
   9.00268555E-04
   9.99450684E-04
   9.99450684E-04
   1.00040436E-03
   1.09958649E-03
   1.10054016E-03
   1.20067596E-03
   1.29985809E-03
   1.29985809E-03
   1.39999390E-03
   1.50012970E-03
   1.59931183E-03
   1.60026550E-03
   1.69944763E-03
   1.70040131E-03
   1.79958344E-03
   1.80053711E-03
   1.89971924E-03
   1.89971924E-03
   1.89971924E-03
   1.99985504E-03
   1.99985504E-03
   2.09999084E-03
   2.20012665E-03
   2.20012665E-03
   2.49958038E-03
   2.50053406E-03
   2.50053406E-03
   2.60066986E-03
   2.60066986E-03
   2.69985199E-03
   2.69985199E-03
   2.69985199E-03
   2.79998779E-03
   2.79998779E-03
   2.80094147E-03
   2.80094147E-03
   2.90012360E-03
   2.90012360E-03
   2.99930573E-03
   3.00025940E-03
   3.20053101E-03
   3.20053101E-03
   3.29971313E-03
   3.39984894E-03
   3.39984894E-03
   3.60012054E-03
   3.69930267E-03
   3.70025635E-03
   3.70025635E-03
   3.90052795E-03
   4.00066376E-03
   4.09984589E-03
   4.09984589E-03
   4.09984589E-03
   4.09984589E-03
   4.29916382E-03
   4.30011749E-03
   4.40025330E-03
   5.00011444E-03
   5.10025024E-03
   5.19943237E-03
   5.19943237E-03
   5.19943237E-03
   5.20038605E-03
   5.40065765E-03
   5.70011139E-03
   5.80024719E-03
   6.00051880E-03
   6.00051880E-03
   6.09970093E-03
   6.19983673E-03
   6.29997253E-03
   6.50024414E-03
   6.59942627E-03
   6.59942627E-03
   6.60037994E-03
   6.60037994E-03
   6.70051575E-03
   6.70051575E-03
   6.79969788E-03
   6.99996948E-03
   7.20024109E-03
   7.20024109E-03
   7.20024109E-03
   7.29942322E-03
   7.60078430E-03
   7.69996643E-03
   7.80010223E-03
   7.89928436E-03
   8.09955597E-03
   8.10050964E-03
   8.29982758E-03
   8.39996338E-03
   8.50009918E-03
   8.69941711E-03
   8.79955292E-03
   8.79955292E-03
   9.09996033E-03
   9.20009613E-03
   9.20009613E-03
   9.20009613E-03
   9.50050354E-03
   9.79995728E-03
   9.79995728E-03
   9.90009308E-03
   9.99927521E-03
   1.00994110E-02
   1.00994110E-02
   1.01003647E-02
   1.07994080E-02
   1.08003616E-02
   1.10998154E-02
   1.10998154E-02
   1.18007660E-02
   1.18999481E-02
   1.24006271E-02
   1.25999451E-02
   1.25999451E-02
   1.27000809E-02
   1.29003525E-02
   1.32999420E-02
   1.35002136E-02
   1.36995316E-02
   1.36995316E-02
   1.37004852E-02
   1.44004822E-02
   1.69000626E-02
   1.70001984E-02
   1.74999237E-02
   1.74999237E-02
   1.91001892E-02
   1.95999146E-02
   1.98001862E-02
   2.08997726E-02
   2.09999084E-02
   2.21996307E-02
   2.22997665E-02
   2.25000381E-02
   2.25000381E-02
   2.28996277E-02
   2.37998962E-02
   2.50997543E-02
   2.54001617E-02
   2.61001587E-02
   2.64997482E-02
   2.65998840E-02
   2.77004242E-02
   2.78997421E-02
   2.78997421E-02
   2.83002853E-02
   2.99997330E-02
   3.03993225E-02
   3.11002731E-02
   3.26995850E-02
   3.28006744E-02
   3.42998505E-02
   3.47003937E-02
   3.62005234E-02
   3.90996933E-02
   3.94001007E-02
   4.09002304E-02
   4.11996841E-02
   4.26998138E-02
   4.46996689E-02
   4.60996628E-02
   4.82997894E-02
   4.86001968E-02
   5.03005981E-02
   5.46998978E-02
   5.50994873E-02
   5.67007065E-02
   5.77993393E-02
   6.06002808E-02
   6.14004135E-02
   6.96001053E-02
   7.04002380E-02
   7.46994019E-02
   8.20007324E-02
   8.20999146E-02
   8.38994980E-02
   8.41007233E-02
  0.105299950    
  0.114500046    
  0.138099670    
  0.144700050    
  0.150300026    
  0.174699783    
  0.175700188    
  0.189499855    
  0.190299988    
  0.210299492    
  0.212699890    
  0.258899689    
  0.288100243    
  0.299799919    
  0.323799133    
  0.331200600    
  0.348899841    
  0.355000496    
  0.520199776    
  0.688099861    
