#Npts     Radius    Mag      Completeness
#  253  641.2872  -13.642533 0.988281
# Ierr
  -1.95999146E-02
  -1.77001953E-02
  -1.59006119E-02
  -1.51004791E-02
  -1.37996674E-02
  -1.04999542E-02
  -9.59968567E-03
  -8.39996338E-03
  -8.09955597E-03
  -7.99942017E-03
  -7.90023804E-03
  -6.99996948E-03
  -6.70051575E-03
  -6.29997253E-03
  -5.59997559E-03
  -5.59997559E-03
  -5.40065765E-03
  -5.20038605E-03
  -4.99916077E-03
  -4.89997864E-03
  -4.50038910E-03
  -4.40025330E-03
  -4.30011749E-03
  -3.89957428E-03
  -3.80039215E-03
  -3.79943848E-03
  -3.60012054E-03
  -3.40080261E-03
  -3.39984894E-03
  -3.39984894E-03
  -2.90012360E-03
  -2.90012360E-03
  -2.69985199E-03
  -2.69985199E-03
  -2.69985199E-03
  -2.50053406E-03
  -2.49958038E-03
  -2.40039825E-03
  -2.39944458E-03
  -2.20012665E-03
  -2.20012665E-03
  -2.09999084E-03
  -2.09999084E-03
  -2.00080872E-03
  -1.99985504E-03
  -1.80053711E-03
  -1.79958344E-03
  -1.70040131E-03
  -1.59931183E-03
  -1.59931183E-03
  -1.50012970E-03
  -1.50012970E-03
  -1.29985809E-03
  -1.29985809E-03
  -1.19972229E-03
  -1.09958649E-03
  -9.00268555E-04
  -9.00268555E-04
  -8.99314880E-04
  -8.00132751E-04
  -7.99179077E-04
  -6.00814819E-04
  -5.99861145E-04
  -5.99861145E-04
  -4.99725342E-04
  -1.00135803E-04
   2.00271606E-04
   2.00271606E-04
   2.99453735E-04
   2.99453735E-04
   2.99453735E-04
   3.99589539E-04
   4.00543213E-04
   4.99725342E-04
   8.00132751E-04
   9.99450684E-04
   1.09958649E-03
   1.19972229E-03
   1.29985809E-03
   1.29985809E-03
   1.30081177E-03
   1.50012970E-03
   1.60026550E-03
   1.60026550E-03
   1.60026550E-03
   1.60026550E-03
   1.70040131E-03
   1.90067291E-03
   2.09999084E-03
   2.30026245E-03
   2.30026245E-03
   2.39944458E-03
   2.40039825E-03
   2.40039825E-03
   2.40039825E-03
   2.60066986E-03
   2.60066986E-03
   2.69985199E-03
   3.00025940E-03
   3.20053101E-03
   3.50093842E-03
   3.69930267E-03
   3.70025635E-03
   3.89957428E-03
   4.00066376E-03
   4.09984589E-03
   4.19998169E-03
   4.30011749E-03
   4.30011749E-03
   4.30011749E-03
   4.59957123E-03
   4.79984283E-03
   4.99916077E-03
   5.00011444E-03
   5.10025024E-03
   5.10025024E-03
   5.10025024E-03
   5.30052185E-03
   6.09970093E-03
   6.40010834E-03
   6.80065155E-03
   6.89983368E-03
   6.89983368E-03
   6.89983368E-03
   6.90078735E-03
   7.19928741E-03
   7.19928741E-03
   7.29942322E-03
   7.40051270E-03
   7.49969482E-03
   7.59983063E-03
   7.69996643E-03
   7.80010223E-03
   8.00037384E-03
   8.00037384E-03
   8.39996338E-03
   8.69941711E-03
   9.00077820E-03
   9.20009613E-03
   1.02996826E-02
   1.02996826E-02
   1.02996826E-02
   1.10998154E-02
   1.11999512E-02
   1.15003586E-02
   1.15003586E-02
   1.15995407E-02
   1.22003555E-02
   1.25007629E-02
   1.32999420E-02
   1.36003494E-02
   1.38006210E-02
   1.38998032E-02
   1.42993927E-02
   1.44996643E-02
   1.44996643E-02
   1.50003433E-02
   1.53999329E-02
   1.58004761E-02
   1.69000626E-02
   1.70993805E-02
   1.71003342E-02
   1.74999237E-02
   1.79996490E-02
   1.85003281E-02
   1.97000504E-02
   2.02999115E-02
   2.06003189E-02
   2.07996368E-02
   2.08997726E-02
   2.11000443E-02
   2.16999054E-02
   2.21996307E-02
   2.27003098E-02
   2.28996277E-02
   2.29005814E-02
   2.32000351E-02
   2.41003036E-02
   2.42004395E-02
   2.47001648E-02
   2.51998901E-02
   2.63996124E-02
   2.64005661E-02
   2.67000198E-02
   2.79998779E-02
   2.82993317E-02
   2.93998718E-02
   3.03993225E-02
   3.04002762E-02
   3.11002731E-02
   3.13005447E-02
   3.15008163E-02
   3.25002670E-02
   3.29999924E-02
   3.47995758E-02
   3.53994370E-02
   3.69005203E-02
   3.77998352E-02
   3.90996933E-02
   3.92999649E-02
   3.94001007E-02
   3.95002365E-02
   4.04996872E-02
   4.16002274E-02
   4.18996811E-02
   4.29000854E-02
   4.69999313E-02
   4.74996567E-02
   5.00001907E-02
   5.01995087E-02
   5.49993515E-02
   5.64994812E-02
   5.73997498E-02
   6.13002777E-02
   6.15997314E-02
   6.62002563E-02
   7.18002319E-02
   7.77997971E-02
   8.16001892E-02
   8.55998993E-02
   8.66003036E-02
   8.75997543E-02
   9.16004181E-02
   9.21993256E-02
   9.74998474E-02
   9.89999771E-02
  0.102399826    
  0.107499123    
  0.111200333    
  0.124100685    
  0.124399185    
  0.135299683    
  0.137900352    
  0.141699791    
  0.144000053    
  0.145099640    
  0.146200180    
  0.147500038    
  0.147599220    
  0.168700218    
  0.177400589    
  0.231699944    
  0.236599922    
  0.248000145    
  0.251399994    
  0.342599869    
  0.401800156    
  0.403300285    
  0.407500267    
  0.416999817    
  0.431800842    
  0.599300385    
  0.671999931    
