#Npts     Radius    Mag      Completeness
#   84  437.2413  -14.553367 0.903226
# Ierr
 -0.150400162    
  -3.02000046E-02
  -2.99005508E-02
  -2.65007019E-02
  -2.62994766E-02
  -2.44007111E-02
  -2.22997665E-02
  -1.79996490E-02
  -1.69000626E-02
  -1.38998032E-02
  -1.36995316E-02
  -9.70077515E-03
  -9.60063934E-03
  -8.29982758E-03
  -7.10010529E-03
  -6.99996948E-03
  -6.99996948E-03
  -6.59942627E-03
  -6.19983673E-03
  -6.19983673E-03
  -5.49983978E-03
  -4.49943542E-03
  -4.39929962E-03
  -4.09984589E-03
  -3.99971008E-03
  -3.79943848E-03
  -2.50053406E-03
  -1.50012970E-03
  -1.49917603E-03
  -1.10054016E-03
  -6.99996948E-04
  -1.99317932E-04
   1.50012970E-03
   1.50012970E-03
   3.89957428E-03
   3.89957428E-03
   3.99971008E-03
   4.19998169E-03
   4.60052490E-03
   4.69970703E-03
   5.39970398E-03
   5.70011139E-03
   5.99956512E-03
   6.99996948E-03
   7.10010529E-03
   7.69996643E-03
   7.80010223E-03
   8.50009918E-03
   8.99982452E-03
   1.02996826E-02
   1.05991364E-02
   1.11999512E-02
   1.18999481E-02
   1.46007538E-02
   1.64003372E-02
   1.90000534E-02
   2.05001831E-02
   2.21996307E-02
   2.63996124E-02
   2.85997391E-02
   3.02000046E-02
   3.67002487E-02
   3.88994217E-02
   3.98998260E-02
   4.22000885E-02
   7.03001022E-02
   7.05995560E-02
   7.48996735E-02
   7.63998032E-02
   8.36992264E-02
   9.25998688E-02
  0.133399963    
  0.136800766    
  0.153500557    
  0.232100487    
  0.234600067    
  0.239200592    
  0.260499954    
  0.270999908    
  0.283999443    
  0.294000626    
  0.369600296    
  0.469899178    
  0.575499535    
