#Npts     Radius    Mag      Completeness
#  235  437.2413  -11.216700 0.736677
# Ierr
 -0.596999168    
 -0.585499763    
 -0.489000320    
 -0.436899185    
 -0.395100594    
 -0.358499527    
 -0.341199875    
 -0.289299965    
 -0.278499603    
 -0.275100708    
 -0.263599396    
 -0.260299683    
 -0.253000259    
 -0.236599922    
 -0.157999992    
 -0.151100159    
 -0.147000313    
 -0.144000053    
 -0.139900208    
 -0.136000633    
 -0.126299858    
 -0.118599892    
 -0.117500305    
 -0.114299774    
 -0.107399940    
 -0.104299545    
 -0.102200508    
  -9.78002548E-02
  -9.07001495E-02
  -8.93001556E-02
  -8.62007141E-02
  -8.59003067E-02
  -8.23001862E-02
  -7.97996521E-02
  -7.76996613E-02
  -7.54003525E-02
  -7.47995377E-02
  -6.80999756E-02
  -6.62002563E-02
  -6.56003952E-02
  -6.48002625E-02
  -6.47001266E-02
  -6.16006851E-02
  -6.07995987E-02
  -6.05001450E-02
  -5.99002838E-02
  -5.88998795E-02
  -5.82008362E-02
  -5.81998825E-02
  -5.63001633E-02
  -5.53998947E-02
  -5.02996445E-02
  -4.99000549E-02
  -4.89997864E-02
  -4.64000702E-02
  -4.38995361E-02
  -4.36000824E-02
  -4.03995514E-02
  -4.02002335E-02
  -3.99999619E-02
  -3.99999619E-02
  -3.74002457E-02
  -3.63998413E-02
  -3.63998413E-02
  -3.47995758E-02
  -3.32994461E-02
  -3.27005386E-02
  -3.26004028E-02
  -3.25994492E-02
  -3.18002701E-02
  -3.11994553E-02
  -2.77004242E-02
  -2.71005630E-02
  -2.70004272E-02
  -2.68993378E-02
  -2.57997513E-02
  -2.47001648E-02
  -2.46000290E-02
  -2.30998993E-02
  -2.27003098E-02
  -2.20003128E-02
  -2.19993591E-02
  -2.18000412E-02
  -1.92995071E-02
  -1.66006088E-02
  -1.63002014E-02
  -1.52006149E-02
  -1.50003433E-02
  -1.48992538E-02
  -1.46999359E-02
  -1.46999359E-02
  -1.45006180E-02
  -1.43003464E-02
  -1.36003494E-02
  -1.35002136E-02
  -1.33991241E-02
  -1.30004883E-02
  -1.25999451E-02
  -1.25007629E-02
  -1.24998093E-02
  -1.07002258E-02
  -8.89968872E-03
  -8.10050964E-03
  -6.70051575E-03
  -6.09970093E-03
  -5.70011139E-03
  -5.09929657E-03
  -4.89997864E-03
  -4.79984283E-03
  -4.00066376E-03
  -3.29971313E-03
  -2.79998779E-03
  -2.79998779E-03
  -9.99450684E-04
  -6.99996948E-04
   1.19972229E-03
   1.39999390E-03
   1.69944763E-03
   1.80053711E-03
   2.20012665E-03
   3.19957733E-03
   3.20053101E-03
   3.29971313E-03
   3.49998474E-03
   4.09984589E-03
   4.89997864E-03
   5.29956818E-03
   5.59997559E-03
   6.29997253E-03
   6.79969788E-03
   7.19928741E-03
   7.30037689E-03
   7.50064850E-03
   8.29982758E-03
   1.03006363E-02
   1.09004974E-02
   1.25999451E-02
   1.36003494E-02
   1.45998001E-02
   1.48992538E-02
   1.51004791E-02
   1.53007507E-02
   1.59997940E-02
   1.85995102E-02
   2.09999084E-02
   2.12001801E-02
   2.16007233E-02
   2.28004456E-02
   2.29997635E-02
   2.33001709E-02
   2.40001678E-02
   2.51998901E-02
   2.55002975E-02
   2.63004303E-02
   2.72006989E-02
   2.74991989E-02
   2.77996063E-02
   2.88991928E-02
   2.90994644E-02
   2.98995972E-02
   3.04002762E-02
   3.11002731E-02
   3.22999954E-02
   3.29999924E-02
   3.45001221E-02
   3.49998474E-02
   3.55005264E-02
   3.56998444E-02
   3.59001160E-02
   3.78007889E-02
   3.80001068E-02
   3.82995605E-02
   3.83996964E-02
   3.85999680E-02
   3.92999649E-02
   4.03003693E-02
   4.07009125E-02
   4.36000824E-02
   4.50000763E-02
   4.55999374E-02
   4.60004807E-02
   4.68997955E-02
   4.75997925E-02
   4.78000641E-02
   5.02996445E-02
   5.31005859E-02
   5.41000366E-02
   5.57003021E-02
   5.77001572E-02
   5.94005585E-02
   6.11991882E-02
   6.59999847E-02
   6.73999786E-02
   6.83002472E-02
   6.83994293E-02
   6.85997009E-02
   6.86998367E-02
   6.89001083E-02
   7.94000626E-02
   8.06007385E-02
   8.14008713E-02
   8.18004608E-02
   8.58993530E-02
   8.69007111E-02
   9.23995972E-02
   9.73997116E-02
   9.88998413E-02
  0.100700378    
  0.102000237    
  0.105600357    
  0.116900444    
  0.142099380    
  0.166900635    
  0.167700768    
  0.173099518    
  0.181799889    
  0.183500290    
  0.189399719    
  0.210300446    
  0.212900162    
  0.216700554    
  0.262599945    
  0.267999649    
  0.273099899    
  0.299799919    
  0.302700043    
  0.324500084    
  0.382100105    
  0.384199142    
  0.432900429    
  0.453700066    
  0.609499931    
  0.616000175    
  0.688600540    
  0.734200478    
