#Npts     Radius    Mag      Completeness
#  154 2914.9419  -15.191867 0.927711
# Ierr
  -1.03998184E-02
  -9.39941406E-03
  -8.80050659E-03
  -8.80050659E-03
  -8.29982758E-03
  -7.59983063E-03
  -7.59983063E-03
  -7.10010529E-03
  -7.10010529E-03
  -6.70051575E-03
  -6.40010834E-03
  -6.29997253E-03
  -6.29997253E-03
  -6.00051880E-03
  -6.00051880E-03
  -5.79929352E-03
  -5.59997559E-03
  -5.39970398E-03
  -5.30052185E-03
  -5.29956818E-03
  -5.20038605E-03
  -5.19943237E-03
  -5.19943237E-03
  -4.40025330E-03
  -4.39929962E-03
  -4.30011749E-03
  -3.99971008E-03
  -3.89957428E-03
  -3.80039215E-03
  -3.79943848E-03
  -3.79943848E-03
  -3.70025635E-03
  -3.70025635E-03
  -3.70025635E-03
  -3.69930267E-03
  -3.49998474E-03
  -3.39984894E-03
  -3.39984894E-03
  -3.39984894E-03
  -3.30066681E-03
  -3.29971313E-03
  -3.29971313E-03
  -3.19957733E-03
  -3.10039520E-03
  -3.00025940E-03
  -2.79998779E-03
  -2.70080566E-03
  -2.59971619E-03
  -2.49958038E-03
  -2.40039825E-03
  -2.40039825E-03
  -2.39944458E-03
  -2.20012665E-03
  -2.20012665E-03
  -2.20012665E-03
  -1.99985504E-03
  -1.99985504E-03
  -1.90067291E-03
  -1.89971924E-03
  -1.70040131E-03
  -1.69944763E-03
  -1.69944763E-03
  -1.59931183E-03
  -1.50012970E-03
  -1.50012970E-03
  -1.49917603E-03
  -8.00132751E-04
  -7.99179077E-04
  -6.99996948E-04
  -5.99861145E-04
  -4.99725342E-04
  -4.99725342E-04
  -3.99589539E-04
  -2.99453735E-04
  -9.91821289E-05
   0.00000000    
   2.00271606E-04
   2.99453735E-04
   3.99589539E-04
   4.99725342E-04
   4.99725342E-04
   6.99996948E-04
   6.99996948E-04
   8.00132751E-04
   8.00132751E-04
   1.19972229E-03
   1.19972229E-03
   1.29985809E-03
   1.39999390E-03
   1.49917603E-03
   1.50012970E-03
   1.60026550E-03
   1.99985504E-03
   2.09999084E-03
   2.20012665E-03
   2.20012665E-03
   2.29930878E-03
   2.59971619E-03
   2.79998779E-03
   3.00025940E-03
   3.09944153E-03
   3.59916687E-03
   3.60012054E-03
   3.80039215E-03
   3.99971008E-03
   4.10079956E-03
   4.19998169E-03
   4.19998169E-03
   4.40025330E-03
   4.40025330E-03
   4.50038910E-03
   4.59957123E-03
   4.59957123E-03
   4.79984283E-03
   4.79984283E-03
   5.00011444E-03
   5.39970398E-03
   5.39970398E-03
   5.80024719E-03
   5.99956512E-03
   6.00051880E-03
   6.09970093E-03
   6.09970093E-03
   6.19983673E-03
   6.20079041E-03
   6.20079041E-03
   6.29997253E-03
   6.99996948E-03
   7.40051270E-03
   7.80010223E-03
   8.10050964E-03
   8.29982758E-03
   8.50009918E-03
   8.50009918E-03
   8.69941711E-03
   9.59968567E-03
   1.03006363E-02
   1.16004944E-02
   1.20992661E-02
   1.22995377E-02
   1.29995346E-02
   1.39999390E-02
   1.85003281E-02
   2.20003128E-02
   2.52008438E-02
   2.57997513E-02
   2.74000168E-02
   3.26004028E-02
   3.97996902E-02
   4.19006348E-02
   4.51993942E-02
  0.138700485    
  0.159700394    
  0.191900253    
