#Npts     Radius    Mag      Completeness
#  458 2069.6086  -11.701866 0.995652
# Ierr
 -0.106400490    
  -7.58991241E-02
  -5.83000183E-02
  -4.15000916E-02
  -3.95002365E-02
  -3.18994522E-02
  -3.04002762E-02
  -3.00998688E-02
  -2.58998871E-02
  -2.55002975E-02
  -2.35004425E-02
  -2.16999054E-02
  -1.92995071E-02
  -1.91001892E-02
  -1.83000565E-02
  -1.78995132E-02
  -1.76992416E-02
  -1.72996521E-02
  -1.71003342E-02
  -1.66997910E-02
  -1.64003372E-02
  -1.60999298E-02
  -1.57003403E-02
  -1.56993866E-02
  -1.52006149E-02
  -1.41000748E-02
  -1.23996735E-02
  -1.16996765E-02
  -1.13992691E-02
  -1.11999512E-02
  -1.11999512E-02
  -1.06000900E-02
  -1.04007721E-02
  -1.04007721E-02
  -1.01995468E-02
  -9.90009308E-03
  -9.69982147E-03
  -9.50050354E-03
  -9.20009613E-03
  -9.20009613E-03
  -9.20009613E-03
  -9.20009613E-03
  -9.09996033E-03
  -9.09996033E-03
  -8.89968872E-03
  -8.79955292E-03
  -8.69941711E-03
  -8.60023499E-03
  -8.50009918E-03
  -8.50009918E-03
  -8.39996338E-03
  -8.29982758E-03
  -8.19969177E-03
  -8.19969177E-03
  -8.09955597E-03
  -8.09955597E-03
  -8.09955597E-03
  -8.00037384E-03
  -7.99942017E-03
  -7.90023804E-03
  -7.69996643E-03
  -7.69996643E-03
  -7.69996643E-03
  -7.69996643E-03
  -7.60078430E-03
  -7.59983063E-03
  -7.49969482E-03
  -7.49969482E-03
  -7.40051270E-03
  -7.30037689E-03
  -7.29942322E-03
  -7.20024109E-03
  -7.20024109E-03
  -7.20024109E-03
  -7.09915161E-03
  -6.99996948E-03
  -6.59942627E-03
  -6.50024414E-03
  -6.50024414E-03
  -6.40010834E-03
  -6.29997253E-03
  -6.10065460E-03
  -6.09970093E-03
  -6.09970093E-03
  -6.00051880E-03
  -6.00051880E-03
  -5.90038300E-03
  -5.80024719E-03
  -5.80024719E-03
  -5.70011139E-03
  -5.69915771E-03
  -5.69915771E-03
  -5.59997559E-03
  -5.59997559E-03
  -5.59997559E-03
  -5.59997559E-03
  -5.59997559E-03
  -5.29956818E-03
  -5.29956818E-03
  -5.20038605E-03
  -5.20038605E-03
  -5.20038605E-03
  -5.20038605E-03
  -5.20038605E-03
  -5.19943237E-03
  -5.19943237E-03
  -5.10025024E-03
  -5.10025024E-03
  -5.10025024E-03
  -5.09929657E-03
  -5.00011444E-03
  -4.89997864E-03
  -4.89997864E-03
  -4.69970703E-03
  -4.69970703E-03
  -4.60052490E-03
  -4.59957123E-03
  -4.50038910E-03
  -4.40025330E-03
  -4.40025330E-03
  -4.19998169E-03
  -4.19998169E-03
  -4.19998169E-03
  -4.09984589E-03
  -4.09984589E-03
  -3.99971008E-03
  -3.89957428E-03
  -3.89957428E-03
  -3.89957428E-03
  -3.80039215E-03
  -3.79943848E-03
  -3.70025635E-03
  -3.70025635E-03
  -3.70025635E-03
  -3.69930267E-03
  -3.60012054E-03
  -3.59916687E-03
  -3.49998474E-03
  -3.39984894E-03
  -3.30066681E-03
  -3.30066681E-03
  -3.29971313E-03
  -3.29971313E-03
  -3.19957733E-03
  -3.10039520E-03
  -3.10039520E-03
  -3.10039520E-03
  -3.09944153E-03
  -3.09944153E-03
  -3.00025940E-03
  -3.00025940E-03
  -2.99930573E-03
  -2.99930573E-03
  -2.99930573E-03
  -2.99930573E-03
  -2.90012360E-03
  -2.90012360E-03
  -2.79998779E-03
  -2.79998779E-03
  -2.70080566E-03
  -2.60066986E-03
  -2.59971619E-03
  -2.59971619E-03
  -2.59971619E-03
  -2.59971619E-03
  -2.59971619E-03
  -2.59971619E-03
  -2.49958038E-03
  -2.49958038E-03
  -2.49958038E-03
  -2.49958038E-03
  -2.49958038E-03
  -2.49958038E-03
  -2.49958038E-03
  -2.40039825E-03
  -2.40039825E-03
  -2.40039825E-03
  -2.40039825E-03
  -2.39944458E-03
  -2.20012665E-03
  -2.20012665E-03
  -2.09999084E-03
  -1.99985504E-03
  -1.90067291E-03
  -1.89971924E-03
  -1.89971924E-03
  -1.89971924E-03
  -1.80053711E-03
  -1.80053711E-03
  -1.80053711E-03
  -1.79958344E-03
  -1.79958344E-03
  -1.79958344E-03
  -1.70040131E-03
  -1.70040131E-03
  -1.60026550E-03
  -1.60026550E-03
  -1.50012970E-03
  -1.50012970E-03
  -1.50012970E-03
  -1.50012970E-03
  -1.50012970E-03
  -1.39999390E-03
  -1.39999390E-03
  -1.39999390E-03
  -1.39999390E-03
  -1.39999390E-03
  -1.30081177E-03
  -1.30081177E-03
  -1.20067596E-03
  -1.19972229E-03
  -1.19972229E-03
  -1.19972229E-03
  -1.19972229E-03
  -1.09958649E-03
  -1.09958649E-03
  -9.99450684E-04
  -9.00268555E-04
  -9.00268555E-04
  -9.00268555E-04
  -9.00268555E-04
  -9.00268555E-04
  -8.00132751E-04
  -8.00132751E-04
  -7.99179077E-04
  -6.99996948E-04
  -6.99996948E-04
  -6.99996948E-04
  -6.00814819E-04
  -5.99861145E-04
  -5.99861145E-04
  -5.99861145E-04
  -5.99861145E-04
  -5.00679016E-04
  -4.99725342E-04
  -4.99725342E-04
  -4.00543213E-04
  -4.00543213E-04
  -4.00543213E-04
  -3.99589539E-04
  -3.00407410E-04
  -3.00407410E-04
  -3.00407410E-04
  -2.00271606E-04
  -1.99317932E-04
  -1.00135803E-04
  -1.00135803E-04
  -1.00135803E-04
  -9.91821289E-05
  -9.91821289E-05
   0.00000000    
   0.00000000    
   1.00135803E-04
   1.00135803E-04
   2.00271606E-04
   2.00271606E-04
   2.00271606E-04
   2.00271606E-04
   2.00271606E-04
   2.00271606E-04
   2.00271606E-04
   3.00407410E-04
   3.99589539E-04
   4.00543213E-04
   4.00543213E-04
   4.00543213E-04
   4.99725342E-04
   4.99725342E-04
   4.99725342E-04
   4.99725342E-04
   5.00679016E-04
   5.99861145E-04
   6.99996948E-04
   8.00132751E-04
   8.00132751E-04
   8.00132751E-04
   8.00132751E-04
   8.00132751E-04
   8.00132751E-04
   8.00132751E-04
   9.00268555E-04
   9.00268555E-04
   9.00268555E-04
   9.00268555E-04
   9.00268555E-04
   1.00040436E-03
   1.09958649E-03
   1.10054016E-03
   1.10054016E-03
   1.19972229E-03
   1.19972229E-03
   1.19972229E-03
   1.19972229E-03
   1.19972229E-03
   1.39999390E-03
   1.39999390E-03
   1.39999390E-03
   1.50012970E-03
   1.50012970E-03
   1.50012970E-03
   1.59931183E-03
   1.60026550E-03
   1.60026550E-03
   1.69944763E-03
   1.69944763E-03
   1.70040131E-03
   1.70040131E-03
   1.70040131E-03
   1.79958344E-03
   1.89971924E-03
   1.99985504E-03
   1.99985504E-03
   2.00080872E-03
   2.09999084E-03
   2.09999084E-03
   2.20012665E-03
   2.20012665E-03
   2.30026245E-03
   2.30026245E-03
   2.39944458E-03
   2.39944458E-03
   2.39944458E-03
   2.40039825E-03
   2.40039825E-03
   2.49958038E-03
   2.49958038E-03
   2.50053406E-03
   2.50053406E-03
   2.59971619E-03
   2.69985199E-03
   2.79998779E-03
   3.00025940E-03
   3.09944153E-03
   3.29971313E-03
   3.30066681E-03
   3.39984894E-03
   3.39984894E-03
   3.49998474E-03
   3.59916687E-03
   3.69930267E-03
   3.70025635E-03
   3.70025635E-03
   3.70025635E-03
   3.80039215E-03
   3.80039215E-03
   3.89957428E-03
   3.90052795E-03
   4.09984589E-03
   4.19998169E-03
   4.19998169E-03
   4.30011749E-03
   4.30011749E-03
   4.40025330E-03
   4.50038910E-03
   4.50038910E-03
   4.50038910E-03
   4.59957123E-03
   4.89997864E-03
   5.00011444E-03
   5.20038605E-03
   5.30052185E-03
   5.39970398E-03
   5.39970398E-03
   5.49983978E-03
   5.59997559E-03
   5.59997559E-03
   5.59997559E-03
   5.70011139E-03
   5.70011139E-03
   5.80024719E-03
   5.89942932E-03
   5.90038300E-03
   5.90038300E-03
   5.99956512E-03
   6.00051880E-03
   6.00051880E-03
   6.40010834E-03
   6.50024414E-03
   6.59942627E-03
   6.89983368E-03
   6.99996948E-03
   6.99996948E-03
   7.20024109E-03
   7.20024109E-03
   7.40051270E-03
   7.49969482E-03
   7.49969482E-03
   7.69996643E-03
   7.69996643E-03
   7.89928436E-03
   7.90023804E-03
   8.00037384E-03
   8.50009918E-03
   8.80050659E-03
   8.89968872E-03
   8.90064240E-03
   9.90009308E-03
   1.01003647E-02
   1.01003647E-02
   1.02005005E-02
   1.07002258E-02
   1.07002258E-02
   1.08995438E-02
   1.09004974E-02
   1.11999512E-02
   1.11999512E-02
   1.12991333E-02
   1.20000839E-02
   1.22995377E-02
   1.24998093E-02
   1.30996704E-02
   1.31998062E-02
   1.34000778E-02
   1.35993958E-02
   1.35993958E-02
   1.37996674E-02
   1.43003464E-02
   1.49002075E-02
   1.58996582E-02
   1.59997940E-02
   1.60999298E-02
   1.69000626E-02
   1.73997879E-02
   1.78995132E-02
   1.80997849E-02
   1.86996460E-02
   1.90000534E-02
   1.91001892E-02
   1.92003250E-02
   2.02999115E-02
   2.16999054E-02
   2.17008591E-02
   2.37998962E-02
   2.53000259E-02
   2.59008408E-02
   2.61001587E-02
   2.61993408E-02
   2.64997482E-02
   2.95000076E-02
   2.98995972E-02
   3.12995911E-02
   3.74002457E-02
   3.92999649E-02
   4.01000977E-02
   4.31003571E-02
   4.50992584E-02
   4.64000702E-02
   4.93001938E-02
   5.07001877E-02
   5.08995056E-02
   5.22003174E-02
   6.11000061E-02
   6.29997253E-02
   9.51004028E-02
  0.113299370    
  0.190500259    
  0.238699913    
  0.298600197    
