#Npts     Radius    Mag      Completeness
#  166 1049.3790  -14.766200 0.994012
# Ierr
  -7.73992538E-02
  -2.54001617E-02
  -1.41000748E-02
  -1.15003586E-02
  -1.13992691E-02
  -9.90009308E-03
  -9.59968567E-03
  -9.59968567E-03
  -8.80050659E-03
  -8.39996338E-03
  -7.40051270E-03
  -7.20024109E-03
  -6.99996948E-03
  -6.89983368E-03
  -6.09970093E-03
  -5.90038300E-03
  -5.80024719E-03
  -5.59997559E-03
  -5.49983978E-03
  -5.30052185E-03
  -5.29956818E-03
  -5.10025024E-03
  -5.10025024E-03
  -5.09929657E-03
  -5.09929657E-03
  -5.00011444E-03
  -4.89997864E-03
  -4.60052490E-03
  -4.50038910E-03
  -4.50038910E-03
  -4.49943542E-03
  -4.19998169E-03
  -4.19998169E-03
  -4.10079956E-03
  -4.00066376E-03
  -3.89957428E-03
  -3.79943848E-03
  -3.60012054E-03
  -3.49998474E-03
  -3.49998474E-03
  -3.39984894E-03
  -3.39984894E-03
  -3.20053101E-03
  -3.20053101E-03
  -3.19957733E-03
  -3.19957733E-03
  -3.09944153E-03
  -3.09944153E-03
  -3.09944153E-03
  -3.09944153E-03
  -3.00025940E-03
  -3.00025940E-03
  -2.70080566E-03
  -2.30026245E-03
  -2.30026245E-03
  -2.20012665E-03
  -2.20012665E-03
  -2.20012665E-03
  -2.00080872E-03
  -1.99985504E-03
  -1.80053711E-03
  -1.69944763E-03
  -1.60026550E-03
  -1.39999390E-03
  -1.39999390E-03
  -1.29985809E-03
  -1.29985809E-03
  -1.09958649E-03
  -1.09958649E-03
  -1.09958649E-03
  -9.00268555E-04
  -6.99996948E-04
  -4.99725342E-04
  -2.00271606E-04
   3.00407410E-04
   6.00814819E-04
   6.99996948E-04
   6.99996948E-04
   6.99996948E-04
   7.99179077E-04
   8.99314880E-04
   9.00268555E-04
   9.00268555E-04
   1.09958649E-03
   1.10054016E-03
   1.19972229E-03
   1.29985809E-03
   1.39999390E-03
   1.50012970E-03
   1.79958344E-03
   1.80053711E-03
   1.80053711E-03
   2.30026245E-03
   2.50053406E-03
   2.69985199E-03
   2.89916992E-03
   3.10039520E-03
   3.30066681E-03
   3.69930267E-03
   3.80039215E-03
   3.99971008E-03
   4.40025330E-03
   4.79984283E-03
   4.79984283E-03
   4.79984283E-03
   4.79984283E-03
   4.89997864E-03
   4.99916077E-03
   5.30052185E-03
   5.70011139E-03
   5.80024719E-03
   5.80024719E-03
   5.90038300E-03
   5.99956512E-03
   6.19983673E-03
   6.40010834E-03
   6.40010834E-03
   6.49929047E-03
   6.59942627E-03
   6.89983368E-03
   7.10010529E-03
   7.59983063E-03
   7.69996643E-03
   8.10050964E-03
   8.29982758E-03
   8.89968872E-03
   1.00002289E-02
   1.01003647E-02
   1.07002258E-02
   1.09996796E-02
   1.14994049E-02
   1.14994049E-02
   1.17998123E-02
   1.17998123E-02
   1.35002136E-02
   1.56002045E-02
   1.56993866E-02
   1.58996582E-02
   1.60007477E-02
   1.60999298E-02
   1.62000656E-02
   1.73997879E-02
   1.77001953E-02
   1.88999176E-02
   1.90992355E-02
   1.99003220E-02
   2.26001740E-02
   2.44007111E-02
   2.50005722E-02
   2.51007080E-02
   2.51998901E-02
   2.55002975E-02
   2.72998810E-02
   3.03001404E-02
   3.04994583E-02
   3.13997269E-02
   3.39994431E-02
   3.42998505E-02
   3.48997116E-02
   6.48002625E-02
  0.100299835    
  0.129199982    
  0.155599594    
  0.187700272    
  0.229000092    
  0.320199966    
