#Npts     Radius    Mag      Completeness
#  164 1865.5626  -14.979033 1.000000
# Ierr
  -7.88993835E-02
  -1.32999420E-02
  -1.28993988E-02
  -9.50050354E-03
  -8.70037079E-03
  -8.50009918E-03
  -8.39996338E-03
  -8.19969177E-03
  -7.70092010E-03
  -7.49969482E-03
  -7.20024109E-03
  -7.20024109E-03
  -7.20024109E-03
  -6.99996948E-03
  -6.90078735E-03
  -6.70051575E-03
  -6.70051575E-03
  -6.50024414E-03
  -6.29997253E-03
  -5.89942932E-03
  -5.29956818E-03
  -5.20038605E-03
  -5.10025024E-03
  -5.10025024E-03
  -5.09929657E-03
  -5.00011444E-03
  -4.79984283E-03
  -4.60052490E-03
  -4.59957123E-03
  -4.50038910E-03
  -4.49943542E-03
  -4.30011749E-03
  -4.30011749E-03
  -4.30011749E-03
  -4.09984589E-03
  -3.99971008E-03
  -3.99971008E-03
  -3.99971008E-03
  -3.90052795E-03
  -3.80039215E-03
  -3.80039215E-03
  -3.49998474E-03
  -3.49998474E-03
  -3.39984894E-03
  -3.39984894E-03
  -3.09944153E-03
  -3.00025940E-03
  -3.00025940E-03
  -2.99930573E-03
  -2.90012360E-03
  -2.69985199E-03
  -2.20012665E-03
  -2.20012665E-03
  -1.99985504E-03
  -1.70040131E-03
  -1.59931183E-03
  -1.50012970E-03
  -1.39999390E-03
  -1.30081177E-03
  -1.29985809E-03
  -1.29985809E-03
  -1.09958649E-03
  -1.09958649E-03
  -9.99450684E-04
  -9.00268555E-04
  -8.99314880E-04
  -8.00132751E-04
  -6.99996948E-04
  -5.99861145E-04
  -4.99725342E-04
  -3.00407410E-04
  -3.00407410E-04
  -2.99453735E-04
  -1.99317932E-04
  -1.00135803E-04
   0.00000000    
   0.00000000    
   3.00407410E-04
   3.00407410E-04
   3.99589539E-04
   4.99725342E-04
   5.99861145E-04
   6.99996948E-04
   6.99996948E-04
   8.00132751E-04
   9.00268555E-04
   9.99450684E-04
   1.00040436E-03
   1.09958649E-03
   1.29985809E-03
   1.29985809E-03
   1.39999390E-03
   1.50012970E-03
   1.50012970E-03
   1.59931183E-03
   1.89971924E-03
   1.89971924E-03
   1.99985504E-03
   2.09999084E-03
   2.20012665E-03
   2.29930878E-03
   2.30026245E-03
   2.40039825E-03
   2.50053406E-03
   2.59971619E-03
   2.59971619E-03
   2.59971619E-03
   2.70080566E-03
   2.90012360E-03
   3.29971313E-03
   3.49998474E-03
   3.60012054E-03
   3.70025635E-03
   3.89957428E-03
   4.09984589E-03
   4.19998169E-03
   4.39929962E-03
   4.50038910E-03
   4.69970703E-03
   4.69970703E-03
   4.79984283E-03
   5.10025024E-03
   5.20038605E-03
   5.20038605E-03
   5.20038605E-03
   5.59997559E-03
   5.59997559E-03
   5.70011139E-03
   5.80024719E-03
   6.09970093E-03
   6.09970093E-03
   6.40010834E-03
   6.40010834E-03
   6.50024414E-03
   6.69956207E-03
   6.89983368E-03
   6.99996948E-03
   6.99996948E-03
   7.10010529E-03
   7.29942322E-03
   7.40051270E-03
   7.80010223E-03
   8.29982758E-03
   8.89968872E-03
   9.69982147E-03
   9.69982147E-03
   1.00002289E-02
   1.02005005E-02
   1.02005005E-02
   1.04999542E-02
   1.10998154E-02
   1.66997910E-02
   1.67007446E-02
   1.85003281E-02
   2.12993622E-02
   2.33001709E-02
   2.88000107E-02
   3.18002701E-02
   4.15000916E-02
   4.19998169E-02
   6.35995865E-02
   7.27996826E-02
   7.53002167E-02
  0.178499222    
