#Npts     Radius    Mag      Completeness
#  114  641.2872  -14.340533 0.974359
# Ierr
  -1.60999298E-02
  -1.52997971E-02
  -1.46999359E-02
  -1.11999512E-02
  -1.10006332E-02
  -1.02996826E-02
  -9.29927826E-03
  -8.99982452E-03
  -8.70037079E-03
  -8.70037079E-03
  -8.60023499E-03
  -8.50009918E-03
  -8.19969177E-03
  -8.00037384E-03
  -7.80010223E-03
  -7.69996643E-03
  -7.20024109E-03
  -6.89983368E-03
  -6.89983368E-03
  -6.09970093E-03
  -5.79929352E-03
  -5.70011139E-03
  -5.59997559E-03
  -5.49983978E-03
  -5.39970398E-03
  -5.39970398E-03
  -5.00011444E-03
  -4.59957123E-03
  -4.49943542E-03
  -4.39929962E-03
  -4.19998169E-03
  -3.29971313E-03
  -3.00025940E-03
  -2.60066986E-03
  -2.20012665E-03
  -1.10054016E-03
  -2.00271606E-04
   1.00135803E-04
   5.99861145E-04
   1.09958649E-03
   1.19972229E-03
   1.29985809E-03
   1.50012970E-03
   1.69944763E-03
   1.79958344E-03
   2.30026245E-03
   2.79998779E-03
   3.80039215E-03
   4.09984589E-03
   4.30011749E-03
   5.20038605E-03
   5.70011139E-03
   6.00051880E-03
   6.19983673E-03
   6.29997253E-03
   7.30037689E-03
   7.39955902E-03
   7.59983063E-03
   8.00037384E-03
   8.09955597E-03
   9.69982147E-03
   1.03998184E-02
   1.04999542E-02
   1.06000900E-02
   1.06992722E-02
   1.09004974E-02
   1.11999512E-02
   1.18999481E-02
   1.24006271E-02
   1.27000809E-02
   1.27000809E-02
   1.43003464E-02
   1.46999359E-02
   1.73006058E-02
   1.85995102E-02
   1.88999176E-02
   1.99995041E-02
   2.16999054E-02
   2.25000381E-02
   2.26001740E-02
   2.47993469E-02
   2.62002945E-02
   2.96993256E-02
   2.99997330E-02
   2.99997330E-02
   3.31001282E-02
   3.45001221E-02
   3.56998444E-02
   4.30002213E-02
   4.73995209E-02
   6.02998734E-02
   6.45999908E-02
   7.24000931E-02
   7.52000809E-02
   7.67002106E-02
   8.40997696E-02
   8.48007202E-02
   8.76998901E-02
   9.00993347E-02
   9.03997421E-02
  0.103500366    
  0.112399101    
  0.114200592    
  0.116999626    
  0.167399406    
  0.191699982    
  0.210000038    
  0.287699699    
  0.300800323    
  0.317399979    
  0.331199646    
  0.371500015    
  0.410900116    
  0.673000336    
