#Npts     Radius    Mag      Completeness
#  158 1049.3790  -15.191867 0.987500
# Ierr
 -0.276599884    
 -0.120300293    
  -1.83000565E-02
  -1.45006180E-02
  -1.30996704E-02
  -1.23004913E-02
  -1.07994080E-02
  -9.70077515E-03
  -9.69982147E-03
  -9.60063934E-03
  -9.50050354E-03
  -7.99942017E-03
  -7.99942017E-03
  -7.59983063E-03
  -7.59983063E-03
  -7.50064850E-03
  -7.50064850E-03
  -6.69956207E-03
  -6.60037994E-03
  -6.40010834E-03
  -6.09970093E-03
  -6.00051880E-03
  -5.49983978E-03
  -5.49983978E-03
  -5.19943237E-03
  -5.10025024E-03
  -5.00011444E-03
  -5.00011444E-03
  -4.89997864E-03
  -4.80079651E-03
  -4.79984283E-03
  -4.69970703E-03
  -4.60052490E-03
  -4.40025330E-03
  -4.30011749E-03
  -4.09984589E-03
  -3.89957428E-03
  -3.80039215E-03
  -3.60012054E-03
  -3.49998474E-03
  -3.39984894E-03
  -3.30066681E-03
  -2.79998779E-03
  -2.70080566E-03
  -2.69985199E-03
  -2.59971619E-03
  -2.39944458E-03
  -2.30026245E-03
  -2.20012665E-03
  -2.09999084E-03
  -2.09999084E-03
  -2.09999084E-03
  -2.09999084E-03
  -1.99985504E-03
  -1.99985504E-03
  -1.80053711E-03
  -1.69944763E-03
  -1.60026550E-03
  -1.39999390E-03
  -1.29985809E-03
  -1.29985809E-03
  -1.00040436E-03
  -9.00268555E-04
  -7.99179077E-04
  -6.99996948E-04
  -6.99996948E-04
  -6.99996948E-04
  -3.99589539E-04
  -2.00271606E-04
   1.00135803E-04
   1.99317932E-04
   2.00271606E-04
   3.00407410E-04
   4.00543213E-04
   4.00543213E-04
   5.99861145E-04
   5.99861145E-04
   6.99996948E-04
   8.00132751E-04
   8.00132751E-04
   9.00268555E-04
   9.00268555E-04
   9.99450684E-04
   9.99450684E-04
   9.99450684E-04
   1.09958649E-03
   1.29985809E-03
   1.39999390E-03
   1.59931183E-03
   1.60026550E-03
   1.80053711E-03
   1.99985504E-03
   1.99985504E-03
   2.09999084E-03
   2.39944458E-03
   2.39944458E-03
   2.39944458E-03
   2.49958038E-03
   2.49958038E-03
   2.59971619E-03
   2.79998779E-03
   3.00025940E-03
   3.10039520E-03
   3.20053101E-03
   3.39984894E-03
   3.49998474E-03
   3.79943848E-03
   3.80039215E-03
   3.80039215E-03
   4.09984589E-03
   4.19998169E-03
   4.40025330E-03
   4.60052490E-03
   4.69970703E-03
   4.89997864E-03
   5.10025024E-03
   5.19943237E-03
   5.20038605E-03
   5.20038605E-03
   6.00051880E-03
   6.20079041E-03
   6.29997253E-03
   6.39915466E-03
   6.49929047E-03
   6.89983368E-03
   6.99996948E-03
   7.20024109E-03
   7.39955902E-03
   8.19969177E-03
   8.30078125E-03
   8.69941711E-03
   8.89968872E-03
   9.49954987E-03
   1.00002289E-02
   1.01995468E-02
   1.09996796E-02
   1.09996796E-02
   1.14002228E-02
   1.41000748E-02
   1.43003464E-02
   1.62000656E-02
   1.74999237E-02
   1.91001892E-02
   1.98993683E-02
   2.23999023E-02
   2.34003067E-02
   2.82001495E-02
   3.13997269E-02
   3.73992920E-02
   3.84006500E-02
   4.64000702E-02
   5.39999008E-02
   5.76000214E-02
   7.71999359E-02
   8.00008774E-02
  0.101499557    
  0.126100540    
  0.245499611    
