#Npts     Radius    Mag      Completeness
#  405 1253.4249  -13.642533 0.990220
# Ierr
 -0.604900360    
  -8.68997574E-02
  -5.76000214E-02
  -3.15999985E-02
  -2.53000259E-02
  -2.41994858E-02
  -2.05001831E-02
  -1.56002045E-02
  -8.39996338E-03
  -7.59983063E-03
  -6.40010834E-03
  -6.10065460E-03
  -6.00051880E-03
  -6.00051880E-03
  -5.70011139E-03
  -5.30052185E-03
  -5.30052185E-03
  -5.19943237E-03
  -4.89997864E-03
  -4.79984283E-03
  -4.59957123E-03
  -4.39929962E-03
  -4.39929962E-03
  -4.29916382E-03
  -4.09984589E-03
  -4.09984589E-03
  -3.90052795E-03
  -3.60012054E-03
  -3.49998474E-03
  -3.49998474E-03
  -3.49998474E-03
  -3.39984894E-03
  -3.30066681E-03
  -3.29971313E-03
  -3.20053101E-03
  -3.10039520E-03
  -2.99930573E-03
  -2.90012360E-03
  -2.90012360E-03
  -2.89916992E-03
  -2.79998779E-03
  -2.79998779E-03
  -2.79998779E-03
  -2.70080566E-03
  -2.69985199E-03
  -2.69985199E-03
  -2.60066986E-03
  -2.60066986E-03
  -2.59971619E-03
  -2.59971619E-03
  -2.50053406E-03
  -2.49958038E-03
  -2.49958038E-03
  -2.40039825E-03
  -2.30026245E-03
  -2.30026245E-03
  -2.20012665E-03
  -2.20012665E-03
  -2.20012665E-03
  -2.20012665E-03
  -2.09999084E-03
  -2.09999084E-03
  -2.09999084E-03
  -2.09999084E-03
  -1.99985504E-03
  -1.90067291E-03
  -1.90067291E-03
  -1.89971924E-03
  -1.89971924E-03
  -1.89971924E-03
  -1.89971924E-03
  -1.80053711E-03
  -1.70040131E-03
  -1.70040131E-03
  -1.69944763E-03
  -1.60026550E-03
  -1.60026550E-03
  -1.50012970E-03
  -1.50012970E-03
  -1.50012970E-03
  -1.49917603E-03
  -1.49917603E-03
  -1.39999390E-03
  -1.39999390E-03
  -1.39999390E-03
  -1.39999390E-03
  -1.29985809E-03
  -1.29985809E-03
  -1.29985809E-03
  -1.29985809E-03
  -1.20067596E-03
  -1.19972229E-03
  -1.19972229E-03
  -1.19972229E-03
  -1.10054016E-03
  -1.10054016E-03
  -1.09958649E-03
  -1.09958649E-03
  -1.00040436E-03
  -1.00040436E-03
  -9.99450684E-04
  -9.99450684E-04
  -9.99450684E-04
  -9.99450684E-04
  -9.99450684E-04
  -9.99450684E-04
  -9.00268555E-04
  -9.00268555E-04
  -9.00268555E-04
  -8.99314880E-04
  -8.00132751E-04
  -8.00132751E-04
  -8.00132751E-04
  -8.00132751E-04
  -8.00132751E-04
  -8.00132751E-04
  -8.00132751E-04
  -8.00132751E-04
  -8.00132751E-04
  -8.00132751E-04
  -8.00132751E-04
  -8.00132751E-04
  -8.00132751E-04
  -8.00132751E-04
  -6.99996948E-04
  -6.99996948E-04
  -6.99996948E-04
  -6.99996948E-04
  -5.99861145E-04
  -5.99861145E-04
  -5.99861145E-04
  -5.99861145E-04
  -4.99725342E-04
  -4.99725342E-04
  -4.00543213E-04
  -4.00543213E-04
  -3.99589539E-04
  -3.00407410E-04
  -3.00407410E-04
  -3.00407410E-04
  -3.00407410E-04
  -2.99453735E-04
  -2.00271606E-04
  -2.00271606E-04
  -2.00271606E-04
  -2.00271606E-04
  -2.00271606E-04
  -1.99317932E-04
  -1.00135803E-04
  -1.00135803E-04
  -1.00135803E-04
  -1.00135803E-04
  -1.00135803E-04
   0.00000000    
   1.99317932E-04
   2.00271606E-04
   2.00271606E-04
   2.00271606E-04
   2.00271606E-04
   2.00271606E-04
   2.00271606E-04
   2.00271606E-04
   2.00271606E-04
   2.00271606E-04
   2.99453735E-04
   3.00407410E-04
   3.00407410E-04
   3.00407410E-04
   3.00407410E-04
   3.99589539E-04
   4.00543213E-04
   4.99725342E-04
   4.99725342E-04
   4.99725342E-04
   4.99725342E-04
   5.00679016E-04
   5.99861145E-04
   5.99861145E-04
   5.99861145E-04
   6.00814819E-04
   6.99996948E-04
   6.99996948E-04
   6.99996948E-04
   6.99996948E-04
   8.00132751E-04
   8.00132751E-04
   8.00132751E-04
   8.00132751E-04
   8.00132751E-04
   8.00132751E-04
   8.99314880E-04
   9.00268555E-04
   9.00268555E-04
   9.00268555E-04
   9.00268555E-04
   9.99450684E-04
   1.00040436E-03
   1.00040436E-03
   1.00040436E-03
   1.10054016E-03
   1.10054016E-03
   1.10054016E-03
   1.19972229E-03
   1.19972229E-03
   1.29985809E-03
   1.39999390E-03
   1.39999390E-03
   1.39999390E-03
   1.59931183E-03
   1.60026550E-03
   1.60026550E-03
   1.60026550E-03
   1.70040131E-03
   1.70040131E-03
   1.70040131E-03
   1.79958344E-03
   1.80053711E-03
   1.80053711E-03
   1.80053711E-03
   1.89971924E-03
   1.90067291E-03
   1.90067291E-03
   1.90067291E-03
   1.99985504E-03
   1.99985504E-03
   1.99985504E-03
   1.99985504E-03
   2.00080872E-03
   2.09999084E-03
   2.19917297E-03
   2.20012665E-03
   2.20012665E-03
   2.20012665E-03
   2.20012665E-03
   2.20012665E-03
   2.39944458E-03
   2.40039825E-03
   2.40039825E-03
   2.40039825E-03
   2.49958038E-03
   2.50053406E-03
   2.59971619E-03
   2.59971619E-03
   2.60066986E-03
   2.69985199E-03
   2.69985199E-03
   2.79998779E-03
   2.89916992E-03
   3.19957733E-03
   3.29971313E-03
   3.29971313E-03
   3.30066681E-03
   3.49998474E-03
   3.49998474E-03
   3.60012054E-03
   3.60012054E-03
   3.70025635E-03
   3.80039215E-03
   3.89957428E-03
   3.89957428E-03
   4.00066376E-03
   4.00066376E-03
   4.19998169E-03
   4.19998169E-03
   4.30011749E-03
   4.39929962E-03
   4.40025330E-03
   4.40025330E-03
   4.59957123E-03
   4.59957123E-03
   4.69970703E-03
   4.69970703E-03
   4.69970703E-03
   4.79984283E-03
   4.79984283E-03
   4.89997864E-03
   4.89997864E-03
   4.89997864E-03
   4.89997864E-03
   5.00011444E-03
   5.00011444E-03
   5.10025024E-03
   5.10025024E-03
   5.10025024E-03
   5.10025024E-03
   5.19943237E-03
   5.20038605E-03
   5.30052185E-03
   5.39970398E-03
   5.70011139E-03
   5.80024719E-03
   5.89942932E-03
   5.99956512E-03
   6.09970093E-03
   6.19983673E-03
   6.29997253E-03
   6.29997253E-03
   6.29997253E-03
   6.40010834E-03
   6.50024414E-03
   6.60037994E-03
   6.69956207E-03
   6.79969788E-03
   6.79969788E-03
   6.80065155E-03
   6.89983368E-03
   6.89983368E-03
   7.10010529E-03
   7.10010529E-03
   7.10010529E-03
   7.49969482E-03
   7.49969482E-03
   7.59983063E-03
   7.69996643E-03
   7.80010223E-03
   8.10050964E-03
   8.29982758E-03
   8.29982758E-03
   8.70037079E-03
   8.70037079E-03
   8.70037079E-03
   9.40036774E-03
   9.70077515E-03
   1.01995468E-02
   1.06000900E-02
   1.15003586E-02
   1.24998093E-02
   1.35993958E-02
   1.38006210E-02
   1.42002106E-02
   1.42002106E-02
   1.43995285E-02
   1.44996643E-02
   1.48000717E-02
   1.53999329E-02
   1.53999329E-02
   1.53999329E-02
   1.55000687E-02
   1.55000687E-02
   1.62000656E-02
   1.63002014E-02
   1.65004730E-02
   1.66997910E-02
   1.67999268E-02
   1.71995163E-02
   1.80006027E-02
   1.94997787E-02
   1.95999146E-02
   1.95999146E-02
   2.01997757E-02
   2.07004547E-02
   2.20003128E-02
   2.22005844E-02
   2.32000351E-02
   2.36997604E-02
   2.42996216E-02
   2.57997513E-02
   2.70004272E-02
   2.75001526E-02
   3.07998657E-02
   3.18002701E-02
   3.59001160E-02
   3.68995667E-02
   3.76996994E-02
   4.04996872E-02
   4.37994003E-02
   4.90007401E-02
   5.49993515E-02
   5.59997559E-02
   5.83000183E-02
   5.84001541E-02
   5.93996048E-02
   5.99994659E-02
   6.16998672E-02
   6.20994568E-02
   6.29997253E-02
   6.38999939E-02
   6.56003952E-02
   7.61003494E-02
   8.64000320E-02
   8.79001617E-02
   9.11998749E-02
  0.104000092    
  0.107000351    
  0.116999626    
  0.119999886    
  0.121700287    
  0.128899574    
  0.135499954    
  0.150400162    
  0.153900146    
  0.164999962    
  0.165200233    
  0.174699783    
  0.176400185    
  0.274700165    
  0.288199425    
  0.292799950    
  0.328700066    
  0.399100304    
  0.418100357    
  0.452899933    
  0.535200119    
  0.536200523    
  0.563199997    
