#Npts     Radius    Mag      Completeness
#  114  437.2413  -14.340533 0.957983
# Ierr
  -5.52005768E-02
  -4.43000793E-02
  -3.74002457E-02
  -3.66001129E-02
  -3.62005234E-02
  -3.12004089E-02
  -2.99997330E-02
  -2.58998871E-02
  -2.40001678E-02
  -2.35004425E-02
  -1.97992325E-02
  -1.86996460E-02
  -1.67007446E-02
  -1.58996582E-02
  -1.58004761E-02
  -1.51996613E-02
  -1.32999420E-02
  -1.11999512E-02
  -9.30023193E-03
  -8.90064240E-03
  -8.80050659E-03
  -8.39996338E-03
  -7.69996643E-03
  -7.29942322E-03
  -6.70051575E-03
  -6.70051575E-03
  -6.69956207E-03
  -6.60037994E-03
  -5.09929657E-03
  -5.00011444E-03
  -4.30011749E-03
  -2.69985199E-03
  -2.30026245E-03
  -1.99985504E-03
  -1.79958344E-03
  -1.60026550E-03
  -1.50012970E-03
  -1.19972229E-03
  -9.00268555E-04
  -8.00132751E-04
  -4.00543213E-04
  -3.99589539E-04
   0.00000000    
   5.99861145E-04
   1.09958649E-03
   1.29985809E-03
   1.60026550E-03
   1.70040131E-03
   2.09999084E-03
   2.30026245E-03
   2.50053406E-03
   2.69985199E-03
   2.79998779E-03
   3.00025940E-03
   6.40010834E-03
   6.50024414E-03
   6.50024414E-03
   6.59942627E-03
   7.69996643E-03
   9.09996033E-03
   9.09996033E-03
   1.01995468E-02
   1.06992722E-02
   1.11999512E-02
   1.18999481E-02
   1.27992630E-02
   1.38998032E-02
   1.41000748E-02
   1.43003464E-02
   1.62000656E-02
   1.67999268E-02
   1.83000565E-02
   1.98001862E-02
   2.29997635E-02
   2.39000320E-02
   2.54001617E-02
   2.81000137E-02
   2.91004181E-02
   3.24993134E-02
   3.31001282E-02
   3.41997147E-02
   3.50999832E-02
   3.59001160E-02
   3.96995544E-02
   4.88996506E-02
   4.92000580E-02
   4.99000549E-02
   5.10997772E-02
   5.16996384E-02
   5.20000458E-02
   5.27000427E-02
   5.34000397E-02
   7.01999664E-02
   7.32002258E-02
   7.95001984E-02
   7.97996521E-02
   8.40005875E-02
   8.53996277E-02
   9.75008011E-02
   9.78002548E-02
  0.127300262    
  0.128400803    
  0.129600525    
  0.133199692    
  0.148200035    
  0.152999878    
  0.174699783    
  0.186500549    
  0.209400177    
  0.219099998    
  0.226900101    
  0.304100037    
  0.484199524    
  0.719499588    
