#Npts     Radius    Mag      Completeness
#  147  641.2872  -14.127700 0.967105
# Ierr
  -5.95998764E-02
  -4.73003387E-02
  -2.65998840E-02
  -2.55994797E-02
  -1.99003220E-02
  -1.96008682E-02
  -1.93996429E-02
  -1.74007416E-02
  -1.57995224E-02
  -1.53999329E-02
  -1.47008896E-02
  -1.31998062E-02
  -1.31006241E-02
  -1.31006241E-02
  -1.27000809E-02
  -1.23996735E-02
  -1.18007660E-02
  -1.11999512E-02
  -1.10998154E-02
  -1.03998184E-02
  -1.03006363E-02
  -9.79995728E-03
  -9.50050354E-03
  -9.39941406E-03
  -8.89968872E-03
  -8.20064545E-03
  -8.10050964E-03
  -6.99996948E-03
  -6.19983673E-03
  -5.59997559E-03
  -5.20038605E-03
  -4.69970703E-03
  -4.30011749E-03
  -3.30066681E-03
  -3.10039520E-03
  -3.00025940E-03
  -2.90012360E-03
  -2.69985199E-03
  -2.60066986E-03
  -2.40039825E-03
  -2.20012665E-03
  -1.99985504E-03
  -1.50012970E-03
  -9.00268555E-04
  -8.00132751E-04
  -6.99996948E-04
  -6.99996948E-04
  -3.99589539E-04
  -2.99453735E-04
  -1.99317932E-04
   0.00000000    
   4.99725342E-04
   5.99861145E-04
   5.99861145E-04
   6.99996948E-04
   8.99314880E-04
   1.00040436E-03
   1.00040436E-03
   1.09958649E-03
   1.39999390E-03
   1.70040131E-03
   1.89971924E-03
   2.19917297E-03
   2.30026245E-03
   2.90012360E-03
   3.49998474E-03
   3.49998474E-03
   3.70025635E-03
   4.19998169E-03
   4.40025330E-03
   5.00011444E-03
   5.90038300E-03
   6.29997253E-03
   7.69996643E-03
   8.19969177E-03
   8.59928131E-03
   9.09996033E-03
   1.00002289E-02
   1.03998184E-02
   1.06000900E-02
   1.10006332E-02
   1.17006302E-02
   1.18999481E-02
   1.22003555E-02
   1.22003555E-02
   1.25999451E-02
   1.27000809E-02
   1.34000778E-02
   1.36995316E-02
   1.39999390E-02
   1.44996643E-02
   1.48000717E-02
   1.53999329E-02
   1.57003403E-02
   1.64003372E-02
   1.64995193E-02
   1.69000626E-02
   1.88999176E-02
   2.05993652E-02
   2.15997696E-02
   2.20994949E-02
   2.29005814E-02
   2.30998993E-02
   2.46992111E-02
   2.55002975E-02
   2.79998779E-02
   2.85997391E-02
   3.07998657E-02
   3.12995911E-02
   3.15999985E-02
   3.28998566E-02
   3.76996994E-02
   4.20999527E-02
   5.29003143E-02
   5.41000366E-02
   5.42001724E-02
   5.43003082E-02
   6.20994568E-02
   6.23998642E-02
   6.79998398E-02
   6.94999695E-02
   7.45000839E-02
   7.74002075E-02
   7.99999237E-02
   8.72001648E-02
   9.14001465E-02
   9.34000015E-02
  0.102100372    
  0.104999542    
  0.118200302    
  0.130200386    
  0.131400108    
  0.131999969    
  0.148699760    
  0.154199600    
  0.154899597    
  0.155500412    
  0.159700394    
  0.188799858    
  0.192999840    
  0.213399887    
  0.231599808    
  0.254799843    
  0.263999939    
  0.306900024    
  0.333900452    
  0.546799660    
