#Npts     Radius    Mag      Completeness
#  295  641.2872  -12.187033 0.930599
# Ierr
 -0.437399864    
 -0.274799347    
 -0.224200249    
 -0.178199768    
 -0.141500473    
 -0.118900299    
  -9.39998627E-02
  -8.08992386E-02
  -7.61995316E-02
  -5.63001633E-02
  -5.15003204E-02
  -4.58993912E-02
  -4.39996719E-02
  -4.36000824E-02
  -3.87001038E-02
  -3.74002457E-02
  -3.48997116E-02
  -3.45001221E-02
  -2.90002823E-02
  -2.72998810E-02
  -2.47993469E-02
  -2.47993469E-02
  -2.46000290E-02
  -2.44998932E-02
  -2.35004425E-02
  -2.22997665E-02
  -2.19001770E-02
  -2.06003189E-02
  -2.02007294E-02
  -1.99995041E-02
  -1.99995041E-02
  -1.98001862E-02
  -1.86996460E-02
  -1.69000626E-02
  -1.63002014E-02
  -1.48000717E-02
  -1.44004822E-02
  -1.41000748E-02
  -1.41000748E-02
  -1.39007568E-02
  -1.31006241E-02
  -1.29995346E-02
  -1.25999451E-02
  -1.24998093E-02
  -1.21002197E-02
  -1.11999512E-02
  -1.10998154E-02
  -1.06000900E-02
  -1.05991364E-02
  -1.03998184E-02
  -1.02005005E-02
  -9.30023193E-03
  -9.09996033E-03
  -8.99982452E-03
  -8.69941711E-03
  -8.50009918E-03
  -8.39996338E-03
  -8.39996338E-03
  -8.19969177E-03
  -8.19969177E-03
  -7.90023804E-03
  -7.80010223E-03
  -7.69996643E-03
  -7.69996643E-03
  -7.49969482E-03
  -6.89983368E-03
  -6.80065155E-03
  -6.79969788E-03
  -6.60037994E-03
  -6.50024414E-03
  -6.49929047E-03
  -6.49929047E-03
  -6.40010834E-03
  -6.39915466E-03
  -6.19983673E-03
  -5.99956512E-03
  -5.90038300E-03
  -5.80024719E-03
  -5.70011139E-03
  -5.59997559E-03
  -5.19943237E-03
  -4.89997864E-03
  -4.79984283E-03
  -4.79984283E-03
  -4.60052490E-03
  -4.50038910E-03
  -4.50038910E-03
  -4.30011749E-03
  -4.30011749E-03
  -4.30011749E-03
  -4.30011749E-03
  -4.19998169E-03
  -4.19998169E-03
  -4.09984589E-03
  -3.99971008E-03
  -3.90052795E-03
  -3.89957428E-03
  -3.79943848E-03
  -3.79943848E-03
  -3.49998474E-03
  -3.39984894E-03
  -3.39984894E-03
  -3.20053101E-03
  -2.60066986E-03
  -2.40039825E-03
  -2.40039825E-03
  -2.40039825E-03
  -2.30026245E-03
  -1.90067291E-03
  -1.79958344E-03
  -1.69944763E-03
  -1.69944763E-03
  -1.60026550E-03
  -1.29985809E-03
  -1.00040436E-03
  -6.99996948E-04
  -6.99996948E-04
  -5.99861145E-04
  -5.99861145E-04
  -2.99453735E-04
  -2.00271606E-04
  -1.00135803E-04
   1.99317932E-04
   3.00407410E-04
   4.99725342E-04
   5.99861145E-04
   8.00132751E-04
   8.99314880E-04
   1.29985809E-03
   1.50012970E-03
   1.70040131E-03
   1.89971924E-03
   1.99985504E-03
   2.50053406E-03
   2.50053406E-03
   2.50053406E-03
   3.29971313E-03
   3.39984894E-03
   3.49998474E-03
   3.49998474E-03
   3.60012054E-03
   3.89957428E-03
   3.90052795E-03
   4.09984589E-03
   4.60052490E-03
   4.70066071E-03
   4.79984283E-03
   4.80079651E-03
   4.89997864E-03
   4.90093231E-03
   5.10025024E-03
   5.29956818E-03
   5.90038300E-03
   5.90038300E-03
   6.00051880E-03
   6.10065460E-03
   6.30092621E-03
   6.40010834E-03
   6.49929047E-03
   6.79969788E-03
   6.99996948E-03
   7.59983063E-03
   7.69996643E-03
   7.80010223E-03
   7.99942017E-03
   8.09955597E-03
   8.39996338E-03
   8.70037079E-03
   8.80050659E-03
   9.29927826E-03
   9.49954987E-03
   9.59968567E-03
   9.59968567E-03
   9.59968567E-03
   9.90009308E-03
   9.99927521E-03
   1.02996826E-02
   1.03998184E-02
   1.10998154E-02
   1.17998123E-02
   1.18999481E-02
   1.20000839E-02
   1.20000839E-02
   1.22003555E-02
   1.23996735E-02
   1.27000809E-02
   1.28002167E-02
   1.30996704E-02
   1.36003494E-02
   1.38998032E-02
   1.38998032E-02
   1.39999390E-02
   1.41992569E-02
   1.43003464E-02
   1.43003464E-02
   1.44996643E-02
   1.49002075E-02
   1.50995255E-02
   1.53999329E-02
   1.62000656E-02
   1.63002014E-02
   1.76992416E-02
   1.79996490E-02
   1.81007385E-02
   1.85995102E-02
   1.86996460E-02
   1.87997818E-02
   1.87997818E-02
   2.01997757E-02
   2.01997757E-02
   2.05001831E-02
   2.09007263E-02
   2.09999084E-02
   2.11000443E-02
   2.23999023E-02
   2.33001709E-02
   2.36997604E-02
   2.41994858E-02
   2.50005722E-02
   2.57997513E-02
   2.58998871E-02
   2.62994766E-02
   2.62994766E-02
   2.90994644E-02
   2.91004181E-02
   2.92997360E-02
   3.41005325E-02
   3.41997147E-02
   3.42998505E-02
   3.48997116E-02
   3.60002518E-02
   3.62005234E-02
   3.67994308E-02
   3.87001038E-02
   3.97996902E-02
   4.30002213E-02
   4.68006134E-02
   4.94003296E-02
   4.97999191E-02
   5.01003265E-02
   5.15003204E-02
   5.18999100E-02
   5.30996323E-02
   5.44004440E-02
   5.49993515E-02
   5.65996170E-02
   5.78002930E-02
   5.87997437E-02
   5.92994690E-02
   6.33001328E-02
   6.43997192E-02
   6.58998489E-02
   6.69002533E-02
   7.25002289E-02
   7.28998184E-02
   7.48004913E-02
   7.88002014E-02
   8.24995041E-02
   8.33997726E-02
   8.39004517E-02
   8.87002945E-02
   9.01002884E-02
   9.39998627E-02
   9.51995850E-02
  0.102699280    
  0.106200218    
  0.107099533    
  0.109900475    
  0.111200333    
  0.112900734    
  0.121699333    
  0.133999825    
  0.145500183    
  0.170399666    
  0.174599648    
  0.184199333    
  0.216199875    
  0.220700264    
  0.221099854    
  0.225000381    
  0.226200104    
  0.239399910    
  0.244600296    
  0.245699883    
  0.308300018    
  0.362299919    
  0.382200241    
  0.422000885    
  0.502999306    
  0.507199287    
  0.555600166    
  0.594099998    
  0.687800407    
  0.737400055    
  0.740699768    
