#Npts     Radius    Mag      Completeness
#  224  437.2413  -12.187033 0.888889
# Ierr
 -0.661699295    
 -0.650600433    
 -0.438300133    
 -0.392799377    
 -0.238499641    
 -0.199099541    
 -0.154599190    
 -0.130700111    
 -0.104700089    
 -0.102900505    
  -9.86003876E-02
  -9.03005600E-02
  -7.61995316E-02
  -6.86998367E-02
  -6.51998520E-02
  -6.07004166E-02
  -5.72004318E-02
  -4.10003662E-02
  -3.76996994E-02
  -3.34997177E-02
  -3.20005417E-02
  -3.17001343E-02
  -3.07998657E-02
  -2.99997330E-02
  -2.97002792E-02
  -2.85997391E-02
  -2.85005569E-02
  -2.79998779E-02
  -2.78997421E-02
  -2.76994705E-02
  -2.76002884E-02
  -2.74000168E-02
  -2.65998840E-02
  -2.61993408E-02
  -2.46992111E-02
  -2.41003036E-02
  -2.32000351E-02
  -2.26001740E-02
  -2.05001831E-02
  -2.01005936E-02
  -1.99003220E-02
  -1.97000504E-02
  -1.94005966E-02
  -1.93004608E-02
  -1.88999176E-02
  -1.86996460E-02
  -1.84001923E-02
  -1.73997879E-02
  -1.71995163E-02
  -1.63002014E-02
  -1.63002014E-02
  -1.59006119E-02
  -1.45998001E-02
  -1.42002106E-02
  -1.39999390E-02
  -1.34992599E-02
  -1.28002167E-02
  -1.28002167E-02
  -1.22003555E-02
  -1.21002197E-02
  -1.14002228E-02
  -1.06000900E-02
  -1.04999542E-02
  -1.04999542E-02
  -1.03998184E-02
  -1.00994110E-02
  -9.79995728E-03
  -9.60063934E-03
  -9.60063934E-03
  -9.49954987E-03
  -8.99982452E-03
  -8.60023499E-03
  -7.99942017E-03
  -7.20024109E-03
  -7.19928741E-03
  -6.79969788E-03
  -6.79969788E-03
  -5.89942932E-03
  -5.89942932E-03
  -5.70011139E-03
  -5.10025024E-03
  -5.10025024E-03
  -4.60052490E-03
  -4.49943542E-03
  -3.20053101E-03
  -3.20053101E-03
  -3.10039520E-03
  -3.10039520E-03
  -3.00025940E-03
  -2.39944458E-03
  -2.09999084E-03
  -1.89971924E-03
  -1.60026550E-03
  -1.50012970E-03
  -1.30081177E-03
  -1.29985809E-03
  -8.99314880E-04
  -8.00132751E-04
  -8.00132751E-04
  -8.00132751E-04
  -6.99996948E-04
  -1.99317932E-04
  -1.00135803E-04
   0.00000000    
   1.99317932E-04
   3.99589539E-04
   6.99996948E-04
   8.00132751E-04
   1.59931183E-03
   1.70040131E-03
   1.99985504E-03
   2.19917297E-03
   2.39944458E-03
   3.30066681E-03
   3.60012054E-03
   4.19998169E-03
   4.59957123E-03
   4.80079651E-03
   4.89997864E-03
   5.70011139E-03
   5.80024719E-03
   5.89942932E-03
   5.99956512E-03
   7.20024109E-03
   7.59983063E-03
   7.69996643E-03
   7.80010223E-03
   8.29982758E-03
   8.39996338E-03
   8.50009918E-03
   8.60023499E-03
   8.90064240E-03
   9.30023193E-03
   9.69982147E-03
   1.03006363E-02
   1.04999542E-02
   1.07994080E-02
   1.09996796E-02
   1.09996796E-02
   1.13000870E-02
   1.15003586E-02
   1.17998123E-02
   1.25007629E-02
   1.27000809E-02
   1.28002167E-02
   1.32007599E-02
   1.67999268E-02
   1.70001984E-02
   1.78995132E-02
   1.80006027E-02
   1.81007385E-02
   1.93004608E-02
   1.95999146E-02
   1.99003220E-02
   2.16007233E-02
   2.28996277E-02
   2.32000351E-02
   2.47001648E-02
   2.54001617E-02
   2.55002975E-02
   2.57005692E-02
   2.74000168E-02
   2.74000168E-02
   2.89001465E-02
   3.00998688E-02
   3.02000046E-02
   3.05995941E-02
   3.09000015E-02
   3.32994461E-02
   3.36999893E-02
   3.39994431E-02
   3.41997147E-02
   3.53994370E-02
   3.85999680E-02
   3.98998260E-02
   4.16002274E-02
   4.18004990E-02
   4.68006134E-02
   4.81996536E-02
   5.23004532E-02
   5.48000336E-02
   5.67998886E-02
   6.35995865E-02
   6.36997223E-02
   6.50997162E-02
   6.64997101E-02
   6.75001144E-02
   7.51991272E-02
   7.51991272E-02
   8.44001770E-02
   8.89997482E-02
   9.32998657E-02
   9.49001312E-02
  0.101799965    
  0.106699944    
  0.106999397    
  0.116700172    
  0.129499435    
  0.132800102    
  0.139000893    
  0.151499748    
  0.156399727    
  0.166399956    
  0.187000275    
  0.204100609    
  0.209100723    
  0.218700409    
  0.244900703    
  0.265500069    
  0.281900406    
  0.282500267    
  0.313300133    
  0.321599960    
  0.343800545    
  0.372499466    
  0.424400330    
  0.433800697    
  0.444000244    
  0.470799446    
  0.504199982    
  0.546800613    
  0.552100182    
  0.634799957    
  0.710700035    
