#Npts     Radius    Mag      Completeness
#  282  845.3331  -13.157367 0.992958
# Ierr
  -7.94000626E-02
  -6.19993210E-02
  -1.90000534E-02
  -1.18999481E-02
  -1.01995468E-02
  -9.69982147E-03
  -9.60063934E-03
  -9.20009613E-03
  -8.09955597E-03
  -6.79969788E-03
  -6.59942627E-03
  -6.40010834E-03
  -5.79929352E-03
  -5.39970398E-03
  -5.10025024E-03
  -4.89997864E-03
  -4.89997864E-03
  -4.89997864E-03
  -4.80079651E-03
  -4.69970703E-03
  -4.30011749E-03
  -3.99971008E-03
  -3.99971008E-03
  -3.90052795E-03
  -3.89957428E-03
  -3.89957428E-03
  -3.89957428E-03
  -3.80039215E-03
  -3.80039215E-03
  -3.80039215E-03
  -3.60012054E-03
  -3.49998474E-03
  -3.49998474E-03
  -3.40080261E-03
  -3.39984894E-03
  -3.39984894E-03
  -3.30066681E-03
  -3.29971313E-03
  -3.29971313E-03
  -3.10039520E-03
  -3.10039520E-03
  -3.10039520E-03
  -2.90012360E-03
  -2.79998779E-03
  -2.59971619E-03
  -2.59971619E-03
  -2.59971619E-03
  -2.50053406E-03
  -2.49958038E-03
  -2.40039825E-03
  -2.30026245E-03
  -2.29930878E-03
  -2.29930878E-03
  -2.20012665E-03
  -2.20012665E-03
  -2.20012665E-03
  -2.09999084E-03
  -1.99985504E-03
  -1.99985504E-03
  -1.90067291E-03
  -1.89971924E-03
  -1.89971924E-03
  -1.89971924E-03
  -1.89971924E-03
  -1.89971924E-03
  -1.80053711E-03
  -1.79958344E-03
  -1.79958344E-03
  -1.70040131E-03
  -1.70040131E-03
  -1.70040131E-03
  -1.69944763E-03
  -1.69944763E-03
  -1.69944763E-03
  -1.69944763E-03
  -1.60026550E-03
  -1.60026550E-03
  -1.50012970E-03
  -1.39999390E-03
  -1.30081177E-03
  -1.29985809E-03
  -1.19972229E-03
  -1.19972229E-03
  -1.19972229E-03
  -1.10054016E-03
  -1.10054016E-03
  -1.09958649E-03
  -1.00040436E-03
  -9.00268555E-04
  -9.00268555E-04
  -9.00268555E-04
  -9.00268555E-04
  -8.00132751E-04
  -8.00132751E-04
  -6.99996948E-04
  -6.99996948E-04
  -6.99996948E-04
  -5.99861145E-04
  -5.00679016E-04
  -4.99725342E-04
  -4.99725342E-04
  -4.00543213E-04
  -4.00543213E-04
  -2.99453735E-04
  -2.99453735E-04
  -2.00271606E-04
  -1.00135803E-04
  -1.00135803E-04
   0.00000000    
   0.00000000    
   9.91821289E-05
   1.00135803E-04
   1.99317932E-04
   1.99317932E-04
   2.00271606E-04
   2.00271606E-04
   2.99453735E-04
   2.99453735E-04
   3.00407410E-04
   3.99589539E-04
   4.00543213E-04
   4.00543213E-04
   4.99725342E-04
   4.99725342E-04
   5.99861145E-04
   5.99861145E-04
   6.00814819E-04
   6.99996948E-04
   6.99996948E-04
   6.99996948E-04
   7.99179077E-04
   8.00132751E-04
   8.99314880E-04
   9.00268555E-04
   9.00268555E-04
   9.00268555E-04
   1.00040436E-03
   1.00040436E-03
   1.09958649E-03
   1.09958649E-03
   1.10054016E-03
   1.10054016E-03
   1.10054016E-03
   1.19972229E-03
   1.20067596E-03
   1.29985809E-03
   1.29985809E-03
   1.30081177E-03
   1.39999390E-03
   1.39999390E-03
   1.39999390E-03
   1.50012970E-03
   1.50012970E-03
   1.60026550E-03
   1.70040131E-03
   1.70040131E-03
   1.79958344E-03
   1.80053711E-03
   1.80053711E-03
   2.09999084E-03
   2.09999084E-03
   2.20012665E-03
   2.20012665E-03
   2.30026245E-03
   2.50053406E-03
   2.69985199E-03
   2.69985199E-03
   2.69985199E-03
   2.79998779E-03
   2.99930573E-03
   3.00025940E-03
   3.10039520E-03
   3.29971313E-03
   3.39984894E-03
   3.39984894E-03
   3.40080261E-03
   3.49998474E-03
   3.69930267E-03
   3.89957428E-03
   3.90052795E-03
   3.99971008E-03
   4.00066376E-03
   4.10079956E-03
   4.19998169E-03
   4.69970703E-03
   4.69970703E-03
   4.69970703E-03
   5.10025024E-03
   5.20038605E-03
   5.20038605E-03
   5.39970398E-03
   5.79929352E-03
   5.79929352E-03
   5.99956512E-03
   5.99956512E-03
   6.00051880E-03
   6.00051880E-03
   6.09970093E-03
   6.50024414E-03
   6.59942627E-03
   6.99996948E-03
   7.30037689E-03
   7.40051270E-03
   7.40051270E-03
   7.69996643E-03
   8.00037384E-03
   8.10050964E-03
   8.19969177E-03
   8.60023499E-03
   8.70037079E-03
   9.00077820E-03
   9.09996033E-03
   9.50050354E-03
   9.79995728E-03
   9.79995728E-03
   1.02005005E-02
   1.02005005E-02
   1.08995438E-02
   1.11999512E-02
   1.20000839E-02
   1.28993988E-02
   1.51996613E-02
   1.70001984E-02
   1.72996521E-02
   1.84001923E-02
   1.92003250E-02
   1.94997787E-02
   2.02999115E-02
   2.04000473E-02
   2.05001831E-02
   2.08005905E-02
   2.11992264E-02
   2.18000412E-02
   2.20003128E-02
   2.23007202E-02
   2.28996277E-02
   2.47001648E-02
   2.57997513E-02
   2.88000107E-02
   3.27997208E-02
   3.39002609E-02
   3.45001221E-02
   3.98998260E-02
   4.13999557E-02
   4.25004959E-02
   4.39004898E-02
   4.73003387E-02
   4.75997925E-02
   4.76999283E-02
   5.55000305E-02
   5.57003021E-02
   5.57994843E-02
   5.62000275E-02
   6.40001297E-02
   6.44998550E-02
   6.52999878E-02
   6.93006516E-02
   7.02009201E-02
   7.71999359E-02
   8.49008560E-02
   8.93001556E-02
   9.09004211E-02
   9.35001373E-02
   9.56993103E-02
   9.58003998E-02
  0.107299805    
  0.112999916    
  0.117799759    
  0.121000290    
  0.124000549    
  0.124899864    
  0.138400078    
  0.165499687    
  0.188099861    
  0.192199707    
  0.212400436    
  0.214799881    
  0.234499931    
  0.303500175    
  0.396300316    
  0.421500206    
  0.486200333    
