#Npts     Radius    Mag      Completeness
#  396 1865.5626  -12.672199 0.990000
# Ierr
  -7.17000961E-02
  -1.30996704E-02
  -1.04999542E-02
  -7.10010529E-03
  -6.50024414E-03
  -6.19983673E-03
  -5.99956512E-03
  -5.29956818E-03
  -5.09929657E-03
  -4.50038910E-03
  -4.40025330E-03
  -4.30011749E-03
  -4.19998169E-03
  -4.09984589E-03
  -4.09984589E-03
  -3.70025635E-03
  -3.70025635E-03
  -3.60012054E-03
  -3.60012054E-03
  -3.60012054E-03
  -3.60012054E-03
  -3.49998474E-03
  -3.39984894E-03
  -3.39984894E-03
  -3.39984894E-03
  -3.29971313E-03
  -3.29971313E-03
  -3.20053101E-03
  -3.19957733E-03
  -3.19957733E-03
  -3.00025940E-03
  -2.90012360E-03
  -2.90012360E-03
  -2.90012360E-03
  -2.89916992E-03
  -2.79998779E-03
  -2.79998779E-03
  -2.69985199E-03
  -2.69985199E-03
  -2.69985199E-03
  -2.59971619E-03
  -2.59971619E-03
  -2.50053406E-03
  -2.49958038E-03
  -2.40039825E-03
  -2.40039825E-03
  -2.40039825E-03
  -2.30026245E-03
  -2.30026245E-03
  -2.30026245E-03
  -2.29930878E-03
  -2.20012665E-03
  -2.20012665E-03
  -2.19917297E-03
  -2.09999084E-03
  -2.09999084E-03
  -2.00080872E-03
  -1.99985504E-03
  -1.99985504E-03
  -1.99985504E-03
  -1.90067291E-03
  -1.89971924E-03
  -1.79958344E-03
  -1.69944763E-03
  -1.69944763E-03
  -1.69944763E-03
  -1.69944763E-03
  -1.69944763E-03
  -1.60026550E-03
  -1.60026550E-03
  -1.60026550E-03
  -1.50012970E-03
  -1.50012970E-03
  -1.50012970E-03
  -1.50012970E-03
  -1.50012970E-03
  -1.40094757E-03
  -1.39999390E-03
  -1.39999390E-03
  -1.39999390E-03
  -1.39999390E-03
  -1.39999390E-03
  -1.39999390E-03
  -1.30081177E-03
  -1.30081177E-03
  -1.29985809E-03
  -1.29985809E-03
  -1.29985809E-03
  -1.29985809E-03
  -1.29985809E-03
  -1.29985809E-03
  -1.19972229E-03
  -1.19972229E-03
  -1.19972229E-03
  -1.10054016E-03
  -1.10054016E-03
  -1.09958649E-03
  -1.00040436E-03
  -1.00040436E-03
  -1.00040436E-03
  -9.99450684E-04
  -9.00268555E-04
  -9.00268555E-04
  -9.00268555E-04
  -8.99314880E-04
  -8.00132751E-04
  -8.00132751E-04
  -8.00132751E-04
  -8.00132751E-04
  -7.99179077E-04
  -6.99996948E-04
  -6.99996948E-04
  -6.99996948E-04
  -6.99996948E-04
  -6.99996948E-04
  -6.99996948E-04
  -6.99996948E-04
  -6.99996948E-04
  -6.00814819E-04
  -5.99861145E-04
  -5.99861145E-04
  -5.99861145E-04
  -5.99861145E-04
  -5.00679016E-04
  -5.00679016E-04
  -5.00679016E-04
  -4.99725342E-04
  -4.00543213E-04
  -4.00543213E-04
  -4.00543213E-04
  -4.00543213E-04
  -3.99589539E-04
  -3.99589539E-04
  -3.99589539E-04
  -3.00407410E-04
  -2.99453735E-04
  -2.99453735E-04
  -2.99453735E-04
  -2.99453735E-04
  -2.00271606E-04
  -2.00271606E-04
  -2.00271606E-04
  -2.00271606E-04
  -1.99317932E-04
  -1.99317932E-04
  -1.99317932E-04
  -1.00135803E-04
  -1.00135803E-04
  -1.00135803E-04
  -9.91821289E-05
  -9.91821289E-05
   0.00000000    
   0.00000000    
   0.00000000    
   0.00000000    
   0.00000000    
   0.00000000    
   9.91821289E-05
   9.91821289E-05
   9.91821289E-05
   9.91821289E-05
   1.00135803E-04
   1.00135803E-04
   1.00135803E-04
   1.00135803E-04
   1.00135803E-04
   1.99317932E-04
   1.99317932E-04
   1.99317932E-04
   1.99317932E-04
   2.00271606E-04
   2.00271606E-04
   2.00271606E-04
   2.00271606E-04
   2.00271606E-04
   2.00271606E-04
   2.99453735E-04
   2.99453735E-04
   2.99453735E-04
   3.00407410E-04
   3.00407410E-04
   3.00407410E-04
   3.99589539E-04
   3.99589539E-04
   4.00543213E-04
   4.00543213E-04
   4.00543213E-04
   4.00543213E-04
   4.99725342E-04
   4.99725342E-04
   4.99725342E-04
   4.99725342E-04
   4.99725342E-04
   5.00679016E-04
   5.00679016E-04
   5.99861145E-04
   5.99861145E-04
   5.99861145E-04
   6.00814819E-04
   6.00814819E-04
   6.99996948E-04
   6.99996948E-04
   6.99996948E-04
   6.99996948E-04
   6.99996948E-04
   6.99996948E-04
   6.99996948E-04
   7.99179077E-04
   7.99179077E-04
   8.00132751E-04
   8.00132751E-04
   8.00132751E-04
   8.99314880E-04
   8.99314880E-04
   8.99314880E-04
   9.00268555E-04
   9.00268555E-04
   9.00268555E-04
   1.00040436E-03
   1.00040436E-03
   1.00040436E-03
   1.09958649E-03
   1.09958649E-03
   1.09958649E-03
   1.19972229E-03
   1.20067596E-03
   1.20067596E-03
   1.20067596E-03
   1.29985809E-03
   1.29985809E-03
   1.29985809E-03
   1.39999390E-03
   1.39999390E-03
   1.39999390E-03
   1.50012970E-03
   1.50012970E-03
   1.50012970E-03
   1.59931183E-03
   1.60026550E-03
   1.60026550E-03
   1.69944763E-03
   1.70040131E-03
   1.79958344E-03
   1.80053711E-03
   1.89971924E-03
   1.89971924E-03
   1.90067291E-03
   1.90067291E-03
   1.90067291E-03
   1.99985504E-03
   1.99985504E-03
   1.99985504E-03
   1.99985504E-03
   2.09999084E-03
   2.09999084E-03
   2.29930878E-03
   2.29930878E-03
   2.39944458E-03
   2.49958038E-03
   2.49958038E-03
   2.50053406E-03
   2.59971619E-03
   2.70080566E-03
   2.70080566E-03
   2.79998779E-03
   2.99930573E-03
   3.00025940E-03
   3.00025940E-03
   3.00025940E-03
   3.00025940E-03
   3.09944153E-03
   3.10039520E-03
   3.19957733E-03
   3.19957733E-03
   3.19957733E-03
   3.29971313E-03
   3.29971313E-03
   3.29971313E-03
   3.30066681E-03
   3.30066681E-03
   3.39984894E-03
   3.39984894E-03
   3.49998474E-03
   3.60012054E-03
   3.60012054E-03
   3.60012054E-03
   3.69930267E-03
   3.70025635E-03
   3.80039215E-03
   3.80039215E-03
   3.89957428E-03
   3.99971008E-03
   4.00066376E-03
   4.09984589E-03
   4.09984589E-03
   4.19998169E-03
   4.19998169E-03
   4.40025330E-03
   4.40025330E-03
   4.49943542E-03
   4.59957123E-03
   4.60052490E-03
   4.69970703E-03
   4.69970703E-03
   4.70066071E-03
   4.70066071E-03
   4.79984283E-03
   4.89997864E-03
   4.89997864E-03
   5.00011444E-03
   5.39970398E-03
   5.49983978E-03
   5.59997559E-03
   5.79929352E-03
   5.90038300E-03
   5.99956512E-03
   6.09970093E-03
   6.10065460E-03
   6.10065460E-03
   6.29997253E-03
   6.29997253E-03
   6.60037994E-03
   7.10010529E-03
   7.29942322E-03
   7.29942322E-03
   7.49969482E-03
   7.60078430E-03
   7.80010223E-03
   8.00037384E-03
   8.19969177E-03
   8.29982758E-03
   8.40091705E-03
   9.09996033E-03
   9.09996033E-03
   9.30023193E-03
   9.79995728E-03
   9.90009308E-03
   9.90009308E-03
   1.01995468E-02
   1.06992722E-02
   1.13000870E-02
   1.13000870E-02
   1.13000870E-02
   1.14002228E-02
   1.14002228E-02
   1.16996765E-02
   1.20000839E-02
   1.22003555E-02
   1.32007599E-02
   1.41000748E-02
   1.42002106E-02
   1.42002106E-02
   1.45006180E-02
   1.45998001E-02
   1.50003433E-02
   1.50995255E-02
   1.57995224E-02
   1.58004761E-02
   1.63002014E-02
   1.70001984E-02
   1.79004669E-02
   1.86004639E-02
   1.98001862E-02
   1.98993683E-02
   2.00004578E-02
   2.04000473E-02
   2.16999054E-02
   2.16999054E-02
   2.36997604E-02
   2.42996216E-02
   2.56996155E-02
   2.75001526E-02
   2.99005508E-02
   3.02000046E-02
   3.19995880E-02
   3.28998566E-02
   3.77998352E-02
   4.43000793E-02
   4.75997925E-02
   5.50003052E-02
   5.84993362E-02
   6.01997375E-02
   6.02998734E-02
   7.15007782E-02
   7.21998215E-02
  0.103400230    
  0.129600525    
  0.144000053    
  0.151400566    
  0.154600143    
  0.231100082    
  0.330699921    
  0.348400116    
  0.482299805    
  0.539999962    
  0.548599243    
