#Npts     Radius    Mag      Completeness
#  310  641.2872  -11.701866 0.922619
# Ierr
 -0.471099854    
 -0.439800262    
 -0.433400154    
 -0.368500710    
 -0.258599281    
 -0.211899757    
 -0.208299637    
 -0.150799751    
 -0.148099899    
 -0.128100395    
 -0.127299309    
 -0.118299484    
 -0.109100342    
 -0.107800484    
 -0.104999542    
 -0.104399681    
 -0.103199959    
  -9.47008133E-02
  -8.87002945E-02
  -8.61997604E-02
  -8.45003128E-02
  -7.78999329E-02
  -7.29007721E-02
  -6.61001205E-02
  -6.19001389E-02
  -6.16998672E-02
  -6.13994598E-02
  -5.58004379E-02
  -5.15995026E-02
  -4.82997894E-02
  -4.81004715E-02
  -4.75006104E-02
  -4.68997955E-02
  -4.50992584E-02
  -4.19998169E-02
  -4.11005020E-02
  -3.95994186E-02
  -3.80001068E-02
  -3.74002457E-02
  -3.57999802E-02
  -3.41997147E-02
  -3.41997147E-02
  -3.17993164E-02
  -3.13997269E-02
  -3.11994553E-02
  -3.09991837E-02
  -2.82993317E-02
  -2.63004303E-02
  -2.54993439E-02
  -2.43997574E-02
  -2.41994858E-02
  -2.34994888E-02
  -2.25000381E-02
  -2.22997665E-02
  -2.21004486E-02
  -2.20003128E-02
  -2.01997757E-02
  -2.01997757E-02
  -2.00004578E-02
  -1.99995041E-02
  -1.98001862E-02
  -1.84001923E-02
  -1.84001923E-02
  -1.84001923E-02
  -1.80006027E-02
  -1.76000595E-02
  -1.74999237E-02
  -1.72996521E-02
  -1.71003342E-02
  -1.65996552E-02
  -1.65004730E-02
  -1.59997940E-02
  -1.51996613E-02
  -1.49002075E-02
  -1.48000717E-02
  -1.45006180E-02
  -1.42002106E-02
  -1.38998032E-02
  -1.36995316E-02
  -1.35002136E-02
  -1.33991241E-02
  -1.27000809E-02
  -1.23004913E-02
  -1.22003555E-02
  -1.20000839E-02
  -1.16996765E-02
  -1.16004944E-02
  -1.14994049E-02
  -1.10998154E-02
  -1.07002258E-02
  -1.06000900E-02
  -1.00002289E-02
  -1.00002289E-02
  -9.90009308E-03
  -9.59968567E-03
  -9.59968567E-03
  -9.20009613E-03
  -9.09996033E-03
  -8.39996338E-03
  -8.00037384E-03
  -7.99942017E-03
  -7.90023804E-03
  -7.50064850E-03
  -7.49969482E-03
  -7.30037689E-03
  -6.99996948E-03
  -6.90078735E-03
  -6.89983368E-03
  -6.40010834E-03
  -5.99956512E-03
  -5.89942932E-03
  -5.80024719E-03
  -5.80024719E-03
  -5.59997559E-03
  -5.19943237E-03
  -5.19943237E-03
  -5.10025024E-03
  -5.00011444E-03
  -5.00011444E-03
  -4.60052490E-03
  -4.49943542E-03
  -4.19998169E-03
  -4.09984589E-03
  -4.09984589E-03
  -3.79943848E-03
  -3.70025635E-03
  -3.70025635E-03
  -3.70025635E-03
  -3.60012054E-03
  -3.49998474E-03
  -3.29971313E-03
  -3.09944153E-03
  -2.89916992E-03
  -2.49958038E-03
  -2.09999084E-03
  -1.99985504E-03
  -1.90067291E-03
  -1.60026550E-03
  -1.59931183E-03
  -1.50012970E-03
  -1.39999390E-03
  -1.29985809E-03
  -1.19972229E-03
  -1.19972229E-03
  -1.00040436E-03
  -1.00040436E-03
  -9.99450684E-04
  -5.99861145E-04
  -1.00135803E-04
  -1.00135803E-04
  -1.00135803E-04
   2.00271606E-04
   2.99453735E-04
   3.99589539E-04
   3.99589539E-04
   8.00132751E-04
   9.99450684E-04
   1.29985809E-03
   1.50012970E-03
   1.89971924E-03
   1.99985504E-03
   2.90012360E-03
   3.10039520E-03
   3.29971313E-03
   3.30066681E-03
   3.49998474E-03
   3.60012054E-03
   3.60012054E-03
   4.19998169E-03
   4.19998169E-03
   4.49943542E-03
   4.59957123E-03
   4.79984283E-03
   4.89997864E-03
   4.89997864E-03
   5.00011444E-03
   5.00011444E-03
   5.19943237E-03
   5.39970398E-03
   5.49983978E-03
   5.49983978E-03
   5.59997559E-03
   5.80024719E-03
   6.00051880E-03
   6.19983673E-03
   6.60037994E-03
   6.70051575E-03
   6.89983368E-03
   7.10010529E-03
   7.30037689E-03
   7.50064850E-03
   8.09955597E-03
   8.39996338E-03
   8.39996338E-03
   8.60023499E-03
   8.99982452E-03
   9.09996033E-03
   9.09996033E-03
   9.49954987E-03
   9.79995728E-03
   1.03998184E-02
   1.06000900E-02
   1.11999512E-02
   1.15995407E-02
   1.16996765E-02
   1.17006302E-02
   1.20000839E-02
   1.34000778E-02
   1.35002136E-02
   1.36003494E-02
   1.41000748E-02
   1.42002106E-02
   1.48000717E-02
   1.52997971E-02
   1.53999329E-02
   1.55000687E-02
   1.60007477E-02
   1.62000656E-02
   1.64995193E-02
   1.74999237E-02
   1.76000595E-02
   1.81999207E-02
   1.81999207E-02
   1.83000565E-02
   1.86996460E-02
   1.90000534E-02
   1.90000534E-02
   1.92995071E-02
   1.94997787E-02
   1.97000504E-02
   1.97000504E-02
   1.98993683E-02
   2.13003159E-02
   2.14996338E-02
   2.15997696E-02
   2.23007202E-02
   2.32000351E-02
   2.38008499E-02
   2.39000320E-02
   2.47001648E-02
   2.47993469E-02
   2.60000229E-02
   2.63996124E-02
   2.72998810E-02
   2.98004150E-02
   3.09000015E-02
   3.11002731E-02
   3.12004089E-02
   3.35006714E-02
   3.36999893E-02
   3.43008041E-02
   3.47995758E-02
   3.56998444E-02
   3.59001160E-02
   3.74002457E-02
   3.84006500E-02
   3.94001007E-02
   3.95002365E-02
   3.95994186E-02
   4.04005051E-02
   4.04005051E-02
   4.04996872E-02
   4.09002304E-02
   4.13999557E-02
   4.14991379E-02
   4.22000885E-02
   4.30002213E-02
   4.48999405E-02
   4.50000763E-02
   4.50000763E-02
   4.51993942E-02
   4.61997986E-02
   5.15003204E-02
   5.55000305E-02
   5.62000275E-02
   5.62000275E-02
   5.77001572E-02
   5.86004257E-02
   5.93004227E-02
   7.10000992E-02
   7.18994141E-02
   7.70006180E-02
   8.20007324E-02
   8.38003159E-02
   8.39004517E-02
   8.53004456E-02
   9.14993286E-02
   9.30004120E-02
  0.100200653    
  0.121200562    
  0.121799469    
  0.137100220    
  0.143099785    
  0.152299881    
  0.154999733    
  0.156499863    
  0.158600807    
  0.175200462    
  0.211899757    
  0.215100288    
  0.222100258    
  0.223399162    
  0.250200272    
  0.319299698    
  0.327300072    
  0.340899467    
  0.347799301    
  0.406500816    
  0.470100403    
  0.490699768    
