#Npts     Radius    Mag      Completeness
#  185 2069.6086  -14.553367 0.984043
# Ierr
  -2.11992264E-02
  -1.63002014E-02
  -1.48000717E-02
  -1.30996704E-02
  -1.23996735E-02
  -1.17006302E-02
  -1.15995407E-02
  -1.08995438E-02
  -1.07002258E-02
  -1.04999542E-02
  -1.04999542E-02
  -1.04999542E-02
  -1.03998184E-02
  -1.03998184E-02
  -9.49954987E-03
  -9.30023193E-03
  -9.09996033E-03
  -9.00077820E-03
  -8.89968872E-03
  -8.60023499E-03
  -8.39996338E-03
  -8.29982758E-03
  -8.20064545E-03
  -8.09955597E-03
  -7.70092010E-03
  -7.69996643E-03
  -7.49969482E-03
  -7.40051270E-03
  -7.39955902E-03
  -7.30037689E-03
  -6.99996948E-03
  -6.99996948E-03
  -6.89983368E-03
  -6.80065155E-03
  -6.79969788E-03
  -6.79969788E-03
  -6.49929047E-03
  -6.40010834E-03
  -6.19983673E-03
  -5.90038300E-03
  -5.89942932E-03
  -5.59997559E-03
  -5.40065765E-03
  -5.39970398E-03
  -5.30052185E-03
  -5.20038605E-03
  -5.10025024E-03
  -5.00011444E-03
  -4.79984283E-03
  -4.79984283E-03
  -4.50038910E-03
  -4.39929962E-03
  -4.19998169E-03
  -4.10079956E-03
  -4.09984589E-03
  -3.99971008E-03
  -3.89957428E-03
  -3.79943848E-03
  -3.79943848E-03
  -3.69930267E-03
  -3.60012054E-03
  -3.49998474E-03
  -3.49998474E-03
  -3.20053101E-03
  -3.00025940E-03
  -2.79998779E-03
  -2.79998779E-03
  -2.69985199E-03
  -2.60066986E-03
  -2.59971619E-03
  -2.59971619E-03
  -2.59971619E-03
  -2.40039825E-03
  -2.39944458E-03
  -2.20012665E-03
  -2.09999084E-03
  -1.99985504E-03
  -1.79958344E-03
  -1.79958344E-03
  -1.69944763E-03
  -1.69944763E-03
  -1.60026550E-03
  -1.60026550E-03
  -1.60026550E-03
  -1.50012970E-03
  -1.50012970E-03
  -1.50012970E-03
  -1.39999390E-03
  -1.39999390E-03
  -1.10054016E-03
  -1.00040436E-03
  -9.99450684E-04
  -6.00814819E-04
  -2.00271606E-04
  -1.00135803E-04
   1.00135803E-04
   1.00135803E-04
   2.00271606E-04
   2.00271606E-04
   3.00407410E-04
   5.99861145E-04
   7.99179077E-04
   7.99179077E-04
   1.00040436E-03
   1.19972229E-03
   1.20067596E-03
   1.29985809E-03
   1.39999390E-03
   1.59931183E-03
   1.69944763E-03
   1.79958344E-03
   1.80053711E-03
   1.80053711E-03
   2.09999084E-03
   2.20012665E-03
   2.30026245E-03
   2.30026245E-03
   2.50053406E-03
   2.69985199E-03
   2.69985199E-03
   2.79998779E-03
   2.89916992E-03
   3.19957733E-03
   3.29971313E-03
   3.30066681E-03
   3.39984894E-03
   3.49998474E-03
   3.80039215E-03
   3.80039215E-03
   4.09984589E-03
   4.09984589E-03
   4.30011749E-03
   4.50038910E-03
   4.50038910E-03
   4.59957123E-03
   4.69970703E-03
   4.70066071E-03
   4.79984283E-03
   4.79984283E-03
   4.80079651E-03
   4.89997864E-03
   4.89997864E-03
   5.10025024E-03
   5.30052185E-03
   6.19983673E-03
   6.59942627E-03
   6.89983368E-03
   7.10010529E-03
   7.19928741E-03
   7.30037689E-03
   7.39955902E-03
   7.80010223E-03
   8.09955597E-03
   8.69941711E-03
   8.90064240E-03
   8.90064240E-03
   9.09996033E-03
   9.09996033E-03
   1.04999542E-02
   1.06000900E-02
   1.06000900E-02
   1.16996765E-02
   1.20992661E-02
   1.23996735E-02
   1.24998093E-02
   1.34000778E-02
   1.44004822E-02
   1.57995224E-02
   1.64995193E-02
   1.84001923E-02
   1.84001923E-02
   1.91993713E-02
   2.77996063E-02
   2.91996002E-02
   2.96001434E-02
   3.66001129E-02
   4.99000549E-02
   5.92002869E-02
   7.60993958E-02
   8.23993683E-02
  0.110799789    
  0.114100456    
  0.150999069    
  0.156300545    
  0.164699554    
