#Npts     Radius    Mag      Completeness
#  385  845.3331  -12.672199 0.979644
# Ierr
 -0.167999268    
 -0.142399788    
 -0.121800423    
 -0.105299950    
  -4.53996658E-02
  -4.38995361E-02
  -4.22992706E-02
  -3.98998260E-02
  -3.54995728E-02
  -2.29997635E-02
  -1.90992355E-02
  -1.65004730E-02
  -1.52006149E-02
  -1.49002075E-02
  -1.43995285E-02
  -1.30996704E-02
  -1.24998093E-02
  -1.13992691E-02
  -1.09996796E-02
  -1.03998184E-02
  -9.19914246E-03
  -9.09996033E-03
  -8.59928131E-03
  -7.69996643E-03
  -7.30037689E-03
  -7.19928741E-03
  -6.89983368E-03
  -6.89983368E-03
  -6.69956207E-03
  -6.40010834E-03
  -6.29997253E-03
  -6.19983673E-03
  -5.90038300E-03
  -5.90038300E-03
  -5.89942932E-03
  -5.70011139E-03
  -5.70011139E-03
  -5.49983978E-03
  -5.19943237E-03
  -5.10025024E-03
  -4.99916077E-03
  -4.79984283E-03
  -4.70066071E-03
  -4.69970703E-03
  -4.69970703E-03
  -4.60052490E-03
  -4.50038910E-03
  -4.50038910E-03
  -4.40025330E-03
  -4.30011749E-03
  -4.30011749E-03
  -4.19998169E-03
  -4.19998169E-03
  -4.09984589E-03
  -4.00066376E-03
  -3.90052795E-03
  -3.89957428E-03
  -3.89957428E-03
  -3.70025635E-03
  -3.60012054E-03
  -3.60012054E-03
  -3.49998474E-03
  -3.49998474E-03
  -3.39984894E-03
  -3.39984894E-03
  -3.30066681E-03
  -3.30066681E-03
  -3.29971313E-03
  -3.29971313E-03
  -3.19957733E-03
  -3.19957733E-03
  -3.10039520E-03
  -3.10039520E-03
  -3.10039520E-03
  -3.09944153E-03
  -3.09944153E-03
  -2.80094147E-03
  -2.79998779E-03
  -2.79998779E-03
  -2.79998779E-03
  -2.69985199E-03
  -2.69985199E-03
  -2.59971619E-03
  -2.59971619E-03
  -2.59971619E-03
  -2.50053406E-03
  -2.49958038E-03
  -2.49958038E-03
  -2.40039825E-03
  -2.40039825E-03
  -2.40039825E-03
  -2.29930878E-03
  -2.29930878E-03
  -2.20012665E-03
  -2.20012665E-03
  -2.20012665E-03
  -2.09999084E-03
  -1.99985504E-03
  -1.99985504E-03
  -1.99985504E-03
  -1.99985504E-03
  -1.90067291E-03
  -1.89971924E-03
  -1.89971924E-03
  -1.89971924E-03
  -1.80053711E-03
  -1.80053711E-03
  -1.60026550E-03
  -1.59931183E-03
  -1.50012970E-03
  -1.50012970E-03
  -1.50012970E-03
  -1.50012970E-03
  -1.49917603E-03
  -1.39999390E-03
  -1.29985809E-03
  -1.29985809E-03
  -1.29985809E-03
  -1.19972229E-03
  -1.19972229E-03
  -1.19972229E-03
  -1.10054016E-03
  -1.00040436E-03
  -9.99450684E-04
  -9.00268555E-04
  -9.00268555E-04
  -9.00268555E-04
  -9.00268555E-04
  -8.99314880E-04
  -8.00132751E-04
  -7.99179077E-04
  -6.99996948E-04
  -6.99996948E-04
  -6.99996948E-04
  -5.99861145E-04
  -5.99861145E-04
  -5.00679016E-04
  -4.99725342E-04
  -4.99725342E-04
  -4.99725342E-04
  -4.99725342E-04
  -4.99725342E-04
  -4.00543213E-04
  -3.99589539E-04
  -3.99589539E-04
  -2.00271606E-04
  -2.00271606E-04
  -1.00135803E-04
  -9.91821289E-05
   0.00000000    
   0.00000000    
   9.91821289E-05
   1.00135803E-04
   1.99317932E-04
   2.00271606E-04
   2.00271606E-04
   2.00271606E-04
   2.00271606E-04
   3.00407410E-04
   3.99589539E-04
   4.00543213E-04
   4.00543213E-04
   4.00543213E-04
   4.99725342E-04
   4.99725342E-04
   5.00679016E-04
   5.00679016E-04
   5.99861145E-04
   5.99861145E-04
   5.99861145E-04
   5.99861145E-04
   6.99996948E-04
   6.99996948E-04
   6.99996948E-04
   8.00132751E-04
   8.00132751E-04
   8.00132751E-04
   8.99314880E-04
   8.99314880E-04
   9.00268555E-04
   9.00268555E-04
   1.00040436E-03
   1.00040436E-03
   1.09958649E-03
   1.10054016E-03
   1.10054016E-03
   1.29985809E-03
   1.29985809E-03
   1.39999390E-03
   1.39999390E-03
   1.50012970E-03
   1.50012970E-03
   1.50012970E-03
   1.50012970E-03
   1.59931183E-03
   1.60026550E-03
   1.60026550E-03
   1.69944763E-03
   1.70040131E-03
   1.70040131E-03
   1.70040131E-03
   1.80053711E-03
   1.89971924E-03
   1.89971924E-03
   1.99985504E-03
   1.99985504E-03
   2.09999084E-03
   2.09999084E-03
   2.09999084E-03
   2.09999084E-03
   2.29930878E-03
   2.30026245E-03
   2.30026245E-03
   2.30026245E-03
   2.49958038E-03
   2.60066986E-03
   2.79998779E-03
   2.79998779E-03
   2.79998779E-03
   2.79998779E-03
   2.79998779E-03
   2.80094147E-03
   2.90012360E-03
   2.90012360E-03
   2.90012360E-03
   2.99930573E-03
   3.00025940E-03
   3.00025940E-03
   3.09944153E-03
   3.10039520E-03
   3.19957733E-03
   3.19957733E-03
   3.30066681E-03
   3.30066681E-03
   3.39984894E-03
   3.60012054E-03
   3.80039215E-03
   3.89957428E-03
   3.89957428E-03
   3.89957428E-03
   4.00066376E-03
   4.09984589E-03
   4.09984589E-03
   4.19998169E-03
   4.40025330E-03
   4.59957123E-03
   4.69970703E-03
   4.89997864E-03
   5.10025024E-03
   5.20038605E-03
   5.29956818E-03
   5.49983978E-03
   5.59997559E-03
   5.70011139E-03
   5.89942932E-03
   5.90038300E-03
   5.90038300E-03
   5.90038300E-03
   6.00051880E-03
   6.00051880E-03
   6.40010834E-03
   6.50024414E-03
   6.60037994E-03
   6.60037994E-03
   6.70051575E-03
   6.70051575E-03
   6.79969788E-03
   6.80065155E-03
   6.99996948E-03
   7.10010529E-03
   7.10010529E-03
   7.20024109E-03
   7.40051270E-03
   7.49969482E-03
   7.49969482E-03
   7.59983063E-03
   7.80010223E-03
   7.90023804E-03
   8.09955597E-03
   8.09955597E-03
   8.10050964E-03
   8.50009918E-03
   8.60023499E-03
   8.69941711E-03
   8.70037079E-03
   8.99982452E-03
   8.99982452E-03
   9.30023193E-03
   9.49954987E-03
   9.49954987E-03
   9.50050354E-03
   9.59968567E-03
   9.79995728E-03
   9.90009308E-03
   1.04007721E-02
   1.04999542E-02
   1.04999542E-02
   1.06000900E-02
   1.16004944E-02
   1.17998123E-02
   1.17998123E-02
   1.22003555E-02
   1.23004913E-02
   1.23996735E-02
   1.27000809E-02
   1.29995346E-02
   1.34992599E-02
   1.35002136E-02
   1.36003494E-02
   1.39999390E-02
   1.43003464E-02
   1.43003464E-02
   1.44996643E-02
   1.45006180E-02
   1.46999359E-02
   1.48000717E-02
   1.49002075E-02
   1.50003433E-02
   1.50995255E-02
   1.51004791E-02
   1.51004791E-02
   1.53999329E-02
   1.65004730E-02
   1.84001923E-02
   1.84993744E-02
   1.90000534E-02
   1.94005966E-02
   2.13994980E-02
   2.46992111E-02
   2.47001648E-02
   2.47001648E-02
   2.50997543E-02
   2.54001617E-02
   2.60992050E-02
   2.67000198E-02
   2.68993378E-02
   2.79998779E-02
   2.85005569E-02
   2.86006927E-02
   2.92005539E-02
   3.13997269E-02
   3.24993134E-02
   3.34997177E-02
   3.55997086E-02
   3.59992981E-02
   3.64999771E-02
   3.78999710E-02
   4.39004898E-02
   4.68006134E-02
   4.89997864E-02
   5.03005981E-02
   5.03997803E-02
   5.61990738E-02
   5.70001602E-02
   5.84001541E-02
   6.68001175E-02
   6.70995712E-02
   7.54995346E-02
   7.57999420E-02
   8.81004333E-02
   8.95004272E-02
   9.39998627E-02
   9.61999893E-02
   9.68999863E-02
   9.87005234E-02
  0.107999802    
  0.112099648    
  0.117100716    
  0.119600296    
  0.149800301    
  0.171299934    
  0.197899818    
  0.249400139    
  0.260700226    
  0.277199745    
  0.282900810    
  0.287199974    
  0.290199280    
  0.293000221    
  0.318300247    
  0.394200325    
  0.396200180    
  0.470300674    
  0.492499352    
  0.568799973    
