#Npts     Radius    Mag      Completeness
#  446 1049.3790  -12.187033 0.973799
# Ierr
 -0.465300560    
 -0.405499458    
 -0.182600021    
 -0.156599998    
  -8.99000168E-02
  -5.60998917E-02
  -5.41000366E-02
  -4.97999191E-02
  -4.01992798E-02
  -3.97005081E-02
  -3.21998596E-02
  -2.98995972E-02
  -2.93998718E-02
  -2.85997391E-02
  -2.82001495E-02
  -2.70996094E-02
  -2.65007019E-02
  -2.57997513E-02
  -2.55002975E-02
  -2.44998932E-02
  -2.43997574E-02
  -2.41003036E-02
  -2.36005783E-02
  -2.32992172E-02
  -2.23999023E-02
  -1.77001953E-02
  -1.76000595E-02
  -1.71995163E-02
  -1.69000626E-02
  -1.59006119E-02
  -1.56002045E-02
  -1.53007507E-02
  -1.48000717E-02
  -1.43995285E-02
  -1.39007568E-02
  -1.37996674E-02
  -1.37004852E-02
  -1.36003494E-02
  -1.30996704E-02
  -1.28002167E-02
  -1.24998093E-02
  -1.21002197E-02
  -1.15995407E-02
  -1.12009048E-02
  -1.09996796E-02
  -1.09004974E-02
  -1.08003616E-02
  -1.06992722E-02
  -1.04999542E-02
  -1.00002289E-02
  -9.90009308E-03
  -9.90009308E-03
  -9.79995728E-03
  -9.69982147E-03
  -9.50050354E-03
  -9.49954987E-03
  -9.30023193E-03
  -9.30023193E-03
  -9.30023193E-03
  -9.20009613E-03
  -9.20009613E-03
  -9.20009613E-03
  -8.90064240E-03
  -8.80050659E-03
  -8.79955292E-03
  -8.70037079E-03
  -8.50009918E-03
  -8.19969177E-03
  -8.19969177E-03
  -8.19969177E-03
  -7.99942017E-03
  -7.90023804E-03
  -7.69996643E-03
  -7.69996643E-03
  -7.40051270E-03
  -7.29942322E-03
  -7.29942322E-03
  -7.20024109E-03
  -6.99996948E-03
  -6.89983368E-03
  -6.89983368E-03
  -6.80065155E-03
  -6.79969788E-03
  -6.79969788E-03
  -6.69956207E-03
  -6.69956207E-03
  -6.49929047E-03
  -6.40010834E-03
  -6.29997253E-03
  -6.29997253E-03
  -6.20079041E-03
  -6.19983673E-03
  -6.19983673E-03
  -6.19983673E-03
  -6.10065460E-03
  -5.99956512E-03
  -5.70011139E-03
  -5.70011139E-03
  -5.59997559E-03
  -5.59997559E-03
  -5.49983978E-03
  -5.39970398E-03
  -5.29956818E-03
  -5.29956818E-03
  -5.19943237E-03
  -5.09929657E-03
  -5.09929657E-03
  -5.00011444E-03
  -4.80079651E-03
  -4.70066071E-03
  -4.49943542E-03
  -4.30011749E-03
  -4.30011749E-03
  -4.30011749E-03
  -4.19998169E-03
  -4.19998169E-03
  -4.19998169E-03
  -4.19998169E-03
  -4.09984589E-03
  -4.00066376E-03
  -3.99971008E-03
  -3.90052795E-03
  -3.89957428E-03
  -3.80039215E-03
  -3.70025635E-03
  -3.70025635E-03
  -3.70025635E-03
  -3.70025635E-03
  -3.70025635E-03
  -3.60012054E-03
  -3.49998474E-03
  -3.49998474E-03
  -3.39984894E-03
  -3.29971313E-03
  -3.29971313E-03
  -3.20053101E-03
  -3.19957733E-03
  -3.09944153E-03
  -3.09944153E-03
  -3.00025940E-03
  -3.00025940E-03
  -2.99930573E-03
  -2.90012360E-03
  -2.90012360E-03
  -2.90012360E-03
  -2.79998779E-03
  -2.79998779E-03
  -2.60066986E-03
  -2.59971619E-03
  -2.49958038E-03
  -2.40039825E-03
  -2.40039825E-03
  -2.40039825E-03
  -2.39944458E-03
  -2.30026245E-03
  -2.29930878E-03
  -2.20012665E-03
  -2.20012665E-03
  -2.20012665E-03
  -2.20012665E-03
  -1.99985504E-03
  -1.90067291E-03
  -1.89971924E-03
  -1.80053711E-03
  -1.79958344E-03
  -1.79958344E-03
  -1.70040131E-03
  -1.69944763E-03
  -1.60026550E-03
  -1.59931183E-03
  -1.50012970E-03
  -1.49917603E-03
  -1.39999390E-03
  -1.29985809E-03
  -1.29985809E-03
  -1.19972229E-03
  -1.19972229E-03
  -1.10054016E-03
  -1.00040436E-03
  -9.00268555E-04
  -9.00268555E-04
  -8.00132751E-04
  -8.00132751E-04
  -8.00132751E-04
  -6.99996948E-04
  -6.99996948E-04
  -6.00814819E-04
  -5.99861145E-04
  -5.99861145E-04
  -4.00543213E-04
  -3.99589539E-04
  -3.00407410E-04
  -2.00271606E-04
  -2.00271606E-04
  -1.00135803E-04
  -9.91821289E-05
   0.00000000    
   0.00000000    
   1.99317932E-04
   1.99317932E-04
   2.00271606E-04
   2.00271606E-04
   2.99453735E-04
   3.00407410E-04
   3.00407410E-04
   3.99589539E-04
   3.99589539E-04
   4.00543213E-04
   4.99725342E-04
   4.99725342E-04
   5.99861145E-04
   6.00814819E-04
   6.99996948E-04
   6.99996948E-04
   7.99179077E-04
   8.00132751E-04
   8.00132751E-04
   8.00132751E-04
   8.00132751E-04
   9.00268555E-04
   9.00268555E-04
   9.99450684E-04
   1.19972229E-03
   1.19972229E-03
   1.19972229E-03
   1.29985809E-03
   1.39999390E-03
   1.39999390E-03
   1.49917603E-03
   1.50012970E-03
   1.50012970E-03
   1.60026550E-03
   1.69944763E-03
   1.69944763E-03
   1.70040131E-03
   1.79958344E-03
   1.79958344E-03
   1.79958344E-03
   1.79958344E-03
   1.80053711E-03
   1.80053711E-03
   1.80053711E-03
   1.89971924E-03
   1.89971924E-03
   1.90067291E-03
   1.90067291E-03
   1.99985504E-03
   1.99985504E-03
   2.09999084E-03
   2.09999084E-03
   2.09999084E-03
   2.09999084E-03
   2.09999084E-03
   2.20012665E-03
   2.20012665E-03
   2.20012665E-03
   2.29930878E-03
   2.29930878E-03
   2.40039825E-03
   2.49958038E-03
   2.49958038E-03
   2.50053406E-03
   2.59971619E-03
   2.59971619E-03
   2.79998779E-03
   2.90012360E-03
   3.00025940E-03
   3.09944153E-03
   3.09944153E-03
   3.10039520E-03
   3.10039520E-03
   3.19957733E-03
   3.19957733E-03
   3.19957733E-03
   3.20053101E-03
   3.29971313E-03
   3.30066681E-03
   3.39984894E-03
   3.40080261E-03
   3.49998474E-03
   3.49998474E-03
   3.60012054E-03
   3.70025635E-03
   3.89957428E-03
   3.89957428E-03
   3.99971008E-03
   4.00066376E-03
   4.09984589E-03
   4.19998169E-03
   4.19998169E-03
   4.19998169E-03
   4.20093536E-03
   4.30011749E-03
   4.40025330E-03
   4.60052490E-03
   4.69970703E-03
   4.79984283E-03
   4.79984283E-03
   5.00011444E-03
   5.09929657E-03
   5.29956818E-03
   5.39970398E-03
   5.79929352E-03
   5.80024719E-03
   5.80024719E-03
   5.90038300E-03
   6.00051880E-03
   6.19983673E-03
   6.19983673E-03
   6.29997253E-03
   6.59942627E-03
   6.60037994E-03
   6.60037994E-03
   6.69956207E-03
   6.79969788E-03
   6.89983368E-03
   6.89983368E-03
   7.30037689E-03
   7.39955902E-03
   7.49969482E-03
   7.80010223E-03
   7.89928436E-03
   7.90023804E-03
   8.10050964E-03
   8.39996338E-03
   8.49914551E-03
   8.50009918E-03
   8.50009918E-03
   8.50009918E-03
   8.79955292E-03
   9.20009613E-03
   9.20009613E-03
   9.49954987E-03
   9.49954987E-03
   9.59968567E-03
   9.59968567E-03
   9.90009308E-03
   1.00994110E-02
   1.01003647E-02
   1.01003647E-02
   1.01003647E-02
   1.03998184E-02
   1.04999542E-02
   1.06000900E-02
   1.06000900E-02
   1.06000900E-02
   1.08003616E-02
   1.09004974E-02
   1.21994019E-02
   1.24998093E-02
   1.29995346E-02
   1.29995346E-02
   1.30004883E-02
   1.31006241E-02
   1.36995316E-02
   1.37996674E-02
   1.37996674E-02
   1.38998032E-02
   1.42002106E-02
   1.44996643E-02
   1.58996582E-02
   1.60007477E-02
   1.61991119E-02
   1.62000656E-02
   1.63002014E-02
   1.64003372E-02
   1.65004730E-02
   1.66997910E-02
   1.68008804E-02
   1.70001984E-02
   1.70001984E-02
   1.72996521E-02
   1.72996521E-02
   1.72996521E-02
   1.77993774E-02
   1.78995132E-02
   1.81999207E-02
   1.81999207E-02
   1.84001923E-02
   1.99995041E-02
   2.00996399E-02
   2.00996399E-02
   2.08997726E-02
   2.08997726E-02
   2.14996338E-02
   2.27994919E-02
   2.28996277E-02
   2.33993530E-02
   2.37998962E-02
   2.39000320E-02
   2.43997574E-02
   2.44007111E-02
   2.61001587E-02
   2.72998810E-02
   3.15999985E-02
   3.19004059E-02
   3.70998383E-02
   3.76005173E-02
   3.82003784E-02
   3.83005142E-02
   3.87001038E-02
   4.03995514E-02
   4.34999466E-02
   4.60004807E-02
   4.80003357E-02
   4.80003357E-02
   5.00001907E-02
   5.02996445E-02
   5.36994934E-02
   5.43003082E-02
   5.53007126E-02
   5.58004379E-02
   5.82008362E-02
   5.88998795E-02
   6.12001419E-02
   6.13994598E-02
   6.42995834E-02
   6.48994446E-02
   7.46994019E-02
   7.57999420E-02
   7.59000778E-02
   8.46996307E-02
   8.87002945E-02
   8.88996124E-02
   8.96997452E-02
   9.71002579E-02
  0.135600090    
  0.155299187    
  0.166600227    
  0.182099342    
  0.193699837    
  0.214799881    
  0.215099335    
  0.266300201    
  0.296299934    
  0.316299438    
  0.326399803    
  0.383299828    
  0.390899658    
  0.410699844    
  0.411499977    
  0.491299629    
  0.547699928    
  0.594400406    
  0.611699104    
  0.651000023    
