#Npts     Radius    Mag      Completeness
#  440 1049.3790  -11.701866 0.962801
# Ierr
 -0.430999756    
 -0.368900299    
 -0.260299683    
 -0.216599464    
 -0.164199829    
 -0.159800529    
 -0.151499748    
 -0.124899864    
 -0.118700027    
 -0.114999771    
 -0.111399651    
 -0.108799934    
  -9.16004181E-02
  -9.09996033E-02
  -8.93993378E-02
  -8.31003189E-02
  -8.27007294E-02
  -7.71007538E-02
  -6.40993118E-02
  -6.22997284E-02
  -6.19993210E-02
  -5.51996231E-02
  -5.44996262E-02
  -4.48007584E-02
  -4.39996719E-02
  -3.98998260E-02
  -3.77998352E-02
  -3.48997116E-02
  -3.34997177E-02
  -3.26995850E-02
  -3.22999954E-02
  -3.05004120E-02
  -2.99005508E-02
  -2.97002792E-02
  -2.91996002E-02
  -2.90994644E-02
  -2.88000107E-02
  -2.76002884E-02
  -2.65998840E-02
  -2.63996124E-02
  -2.62002945E-02
  -2.50997543E-02
  -2.40001678E-02
  -2.37007141E-02
  -2.28004456E-02
  -2.28004456E-02
  -2.27003098E-02
  -2.26001740E-02
  -2.23007202E-02
  -2.21004486E-02
  -2.12001801E-02
  -2.06003189E-02
  -1.98001862E-02
  -1.97000504E-02
  -1.91001892E-02
  -1.89008713E-02
  -1.86004639E-02
  -1.77993774E-02
  -1.77001953E-02
  -1.74999237E-02
  -1.69992447E-02
  -1.69992447E-02
  -1.69000626E-02
  -1.66997910E-02
  -1.66997910E-02
  -1.57003403E-02
  -1.53999329E-02
  -1.52997971E-02
  -1.51004791E-02
  -1.48000717E-02
  -1.46999359E-02
  -1.44004822E-02
  -1.43003464E-02
  -1.31998062E-02
  -1.28002167E-02
  -1.24998093E-02
  -1.21994019E-02
  -1.21002197E-02
  -1.18999481E-02
  -1.17006302E-02
  -1.16996765E-02
  -1.13000870E-02
  -1.12991333E-02
  -1.11999512E-02
  -1.10006332E-02
  -1.09004974E-02
  -1.08003616E-02
  -1.08003616E-02
  -1.07002258E-02
  -1.06000900E-02
  -1.05009079E-02
  -1.04999542E-02
  -1.04007721E-02
  -1.02005005E-02
  -1.01995468E-02
  -9.59968567E-03
  -9.59968567E-03
  -9.59968567E-03
  -9.40036774E-03
  -8.99982452E-03
  -8.99982452E-03
  -8.99982452E-03
  -8.89968872E-03
  -8.89968872E-03
  -8.80050659E-03
  -8.60023499E-03
  -8.60023499E-03
  -8.60023499E-03
  -8.39996338E-03
  -8.29982758E-03
  -8.20064545E-03
  -8.09955597E-03
  -8.09955597E-03
  -8.09955597E-03
  -8.09955597E-03
  -7.90023804E-03
  -7.80010223E-03
  -7.59983063E-03
  -7.50064850E-03
  -7.49969482E-03
  -7.40051270E-03
  -7.39955902E-03
  -7.39955902E-03
  -7.20024109E-03
  -7.19928741E-03
  -7.10010529E-03
  -7.09915161E-03
  -6.99996948E-03
  -6.80065155E-03
  -6.69956207E-03
  -6.60037994E-03
  -6.50024414E-03
  -6.50024414E-03
  -5.90038300E-03
  -5.80024719E-03
  -5.79929352E-03
  -5.70011139E-03
  -5.70011139E-03
  -5.59997559E-03
  -5.59997559E-03
  -5.59997559E-03
  -5.49983978E-03
  -5.49983978E-03
  -5.49983978E-03
  -5.29956818E-03
  -5.20038605E-03
  -5.10025024E-03
  -5.10025024E-03
  -5.09929657E-03
  -5.09929657E-03
  -5.09929657E-03
  -4.89997864E-03
  -4.89997864E-03
  -4.89997864E-03
  -4.89997864E-03
  -4.80079651E-03
  -4.69970703E-03
  -4.69970703E-03
  -4.60052490E-03
  -4.60052490E-03
  -4.19998169E-03
  -4.19998169E-03
  -4.19998169E-03
  -3.90052795E-03
  -3.89957428E-03
  -3.80039215E-03
  -3.80039215E-03
  -3.69930267E-03
  -3.69930267E-03
  -3.60012054E-03
  -3.60012054E-03
  -3.59916687E-03
  -3.49998474E-03
  -3.49998474E-03
  -3.40080261E-03
  -3.40080261E-03
  -3.39984894E-03
  -3.39984894E-03
  -3.29971313E-03
  -3.19957733E-03
  -3.00025940E-03
  -3.00025940E-03
  -2.79998779E-03
  -2.60066986E-03
  -2.59971619E-03
  -2.50053406E-03
  -2.50053406E-03
  -2.49958038E-03
  -2.30026245E-03
  -2.09999084E-03
  -1.89971924E-03
  -1.80053711E-03
  -1.60026550E-03
  -1.59931183E-03
  -1.50012970E-03
  -1.50012970E-03
  -1.39999390E-03
  -1.10054016E-03
  -1.10054016E-03
  -1.09958649E-03
  -8.99314880E-04
  -7.99179077E-04
  -6.99996948E-04
  -5.99861145E-04
  -5.99861145E-04
  -5.99861145E-04
  -3.99589539E-04
  -2.00271606E-04
  -2.00271606E-04
  -1.00135803E-04
  -1.00135803E-04
  -1.00135803E-04
  -9.91821289E-05
   1.00135803E-04
   1.00135803E-04
   2.99453735E-04
   3.00407410E-04
   3.00407410E-04
   3.00407410E-04
   3.99589539E-04
   4.00543213E-04
   4.00543213E-04
   4.99725342E-04
   5.00679016E-04
   5.00679016E-04
   5.99861145E-04
   6.99996948E-04
   6.99996948E-04
   6.99996948E-04
   8.00132751E-04
   8.99314880E-04
   1.00040436E-03
   1.09958649E-03
   1.09958649E-03
   1.29985809E-03
   1.29985809E-03
   1.29985809E-03
   1.29985809E-03
   1.30081177E-03
   1.39999390E-03
   1.39999390E-03
   1.49917603E-03
   1.50012970E-03
   1.60026550E-03
   1.70040131E-03
   1.80053711E-03
   1.99985504E-03
   2.00080872E-03
   2.09999084E-03
   2.09999084E-03
   2.39944458E-03
   2.39944458E-03
   2.39944458E-03
   2.40039825E-03
   2.49958038E-03
   2.50053406E-03
   2.50053406E-03
   2.59971619E-03
   2.60066986E-03
   2.69985199E-03
   2.90012360E-03
   3.09944153E-03
   3.19957733E-03
   3.49998474E-03
   3.59916687E-03
   3.60012054E-03
   3.70025635E-03
   3.80039215E-03
   4.09984589E-03
   4.19998169E-03
   4.19998169E-03
   4.30011749E-03
   4.40025330E-03
   4.40025330E-03
   4.49943542E-03
   4.60052490E-03
   4.79984283E-03
   4.79984283E-03
   4.89997864E-03
   5.00011444E-03
   5.00011444E-03
   5.29956818E-03
   5.39970398E-03
   5.40065765E-03
   5.49983978E-03
   5.49983978E-03
   5.79929352E-03
   6.29997253E-03
   6.29997253E-03
   6.29997253E-03
   6.40010834E-03
   6.49929047E-03
   6.50024414E-03
   6.50024414E-03
   6.60037994E-03
   6.69956207E-03
   6.79969788E-03
   6.80065155E-03
   6.80065155E-03
   6.99996948E-03
   7.10010529E-03
   7.10010529E-03
   7.10010529E-03
   7.29942322E-03
   7.29942322E-03
   8.00037384E-03
   8.09955597E-03
   8.19969177E-03
   8.19969177E-03
   8.60023499E-03
   8.60023499E-03
   8.70037079E-03
   8.80050659E-03
   9.09996033E-03
   9.20009613E-03
   9.30023193E-03
   9.40036774E-03
   9.69982147E-03
   9.79995728E-03
   9.90009308E-03
   1.00002289E-02
   1.01995468E-02
   1.08003616E-02
   1.13000870E-02
   1.14002228E-02
   1.16996765E-02
   1.21002197E-02
   1.22003555E-02
   1.22995377E-02
   1.23004913E-02
   1.23996735E-02
   1.25999451E-02
   1.27000809E-02
   1.29003525E-02
   1.30996704E-02
   1.39999390E-02
   1.43003464E-02
   1.43995285E-02
   1.44996643E-02
   1.46007538E-02
   1.48000717E-02
   1.49993896E-02
   1.50003433E-02
   1.51004791E-02
   1.51996613E-02
   1.54991150E-02
   1.59006119E-02
   1.66997910E-02
   1.69992447E-02
   1.78003311E-02
   1.79004669E-02
   1.83000565E-02
   1.83992386E-02
   1.84993744E-02
   1.85003281E-02
   1.85003281E-02
   1.86996460E-02
   1.87997818E-02
   1.93996429E-02
   1.95999146E-02
   2.01997757E-02
   2.04992294E-02
   2.08997726E-02
   2.08997726E-02
   2.19001770E-02
   2.23999023E-02
   2.26001740E-02
   2.26993561E-02
   2.35004425E-02
   2.37998962E-02
   2.39000320E-02
   2.61001587E-02
   2.90002823E-02
   2.95000076E-02
   3.02991867E-02
   3.03993225E-02
   3.05995941E-02
   3.18994522E-02
   3.26004028E-02
   3.27997208E-02
   3.31001282E-02
   3.35998535E-02
   3.39002609E-02
   3.40003967E-02
   3.49006653E-02
   3.54003906E-02
   3.62997055E-02
   3.77998352E-02
   3.97996902E-02
   3.99999619E-02
   4.05006409E-02
   4.11996841E-02
   4.23994064E-02
   4.34999466E-02
   4.38003540E-02
   4.57000732E-02
   4.65002060E-02
   4.71992493E-02
   5.57003021E-02
   5.69000244E-02
   5.74998856E-02
   5.86996078E-02
   5.87997437E-02
   5.87997437E-02
   6.08997345E-02
   6.12001419E-02
   6.13002777E-02
   6.34002686E-02
   6.38008118E-02
   6.72998428E-02
   7.38000870E-02
   7.88993835E-02
   8.17995071E-02
   8.27999115E-02
   8.31995010E-02
   9.14001465E-02
   9.54008102E-02
   9.91992950E-02
  0.101099968    
  0.111700058    
  0.124300003    
  0.151700020    
  0.157800674    
  0.168199539    
  0.168399811    
  0.186699867    
  0.190699577    
  0.210999489    
  0.228400230    
  0.238500595    
  0.245400429    
  0.262800217    
  0.272299767    
  0.274000168    
  0.286800385    
  0.489999771    
  0.546500206    
  0.552400589    
  0.566499710    
  0.568200111    
