#Npts     Radius    Mag      Completeness
#  212 1661.5167  -14.340533 0.990654
# Ierr
  -3.73992920E-02
  -2.12993622E-02
  -1.86996460E-02
  -1.79004669E-02
  -1.78003311E-02
  -1.77993774E-02
  -1.69000626E-02
  -1.66006088E-02
  -1.56002045E-02
  -1.53999329E-02
  -1.35002136E-02
  -1.21994019E-02
  -1.18999481E-02
  -1.18999481E-02
  -1.14994049E-02
  -1.13000870E-02
  -1.07002258E-02
  -1.06992722E-02
  -1.00994110E-02
  -1.00002289E-02
  -1.00002289E-02
  -9.40036774E-03
  -9.40036774E-03
  -9.40036774E-03
  -8.89968872E-03
  -8.80050659E-03
  -8.39996338E-03
  -8.19969177E-03
  -8.09955597E-03
  -7.90023804E-03
  -7.90023804E-03
  -7.80010223E-03
  -7.60078430E-03
  -7.59983063E-03
  -7.10010529E-03
  -6.99996948E-03
  -6.79969788E-03
  -6.70051575E-03
  -6.69956207E-03
  -6.69956207E-03
  -6.60037994E-03
  -6.60037994E-03
  -6.50024414E-03
  -6.29997253E-03
  -6.19983673E-03
  -6.19983673E-03
  -5.89942932E-03
  -5.89942932E-03
  -5.80024719E-03
  -5.70011139E-03
  -5.70011139E-03
  -5.70011139E-03
  -5.59997559E-03
  -5.59997559E-03
  -5.49983978E-03
  -5.49983978E-03
  -5.39970398E-03
  -5.39970398E-03
  -5.29956818E-03
  -5.29956818E-03
  -5.19943237E-03
  -4.89997864E-03
  -4.89997864E-03
  -4.60052490E-03
  -4.60052490E-03
  -4.50038910E-03
  -4.49943542E-03
  -4.40025330E-03
  -4.30011749E-03
  -4.19998169E-03
  -4.19998169E-03
  -4.19998169E-03
  -4.00066376E-03
  -3.99971008E-03
  -3.99971008E-03
  -3.89957428E-03
  -3.80039215E-03
  -3.60012054E-03
  -3.60012054E-03
  -3.49998474E-03
  -3.39984894E-03
  -3.39984894E-03
  -3.20053101E-03
  -3.00025940E-03
  -2.99930573E-03
  -2.49958038E-03
  -2.40039825E-03
  -2.30026245E-03
  -2.29930878E-03
  -1.80053711E-03
  -1.39999390E-03
  -1.39999390E-03
  -1.29985809E-03
  -1.19972229E-03
  -1.19972229E-03
  -1.09958649E-03
  -9.99450684E-04
  -5.00679016E-04
  -4.00543213E-04
  -2.99453735E-04
  -2.00271606E-04
  -1.00135803E-04
  -1.00135803E-04
   0.00000000    
   0.00000000    
   0.00000000    
   0.00000000    
   0.00000000    
   3.00407410E-04
   3.99589539E-04
   3.99589539E-04
   8.00132751E-04
   1.19972229E-03
   1.19972229E-03
   1.20067596E-03
   1.30081177E-03
   1.39999390E-03
   1.39999390E-03
   1.50012970E-03
   1.60026550E-03
   1.69944763E-03
   1.79958344E-03
   1.79958344E-03
   1.89971924E-03
   1.90067291E-03
   2.09999084E-03
   2.09999084E-03
   2.40039825E-03
   2.49958038E-03
   2.59971619E-03
   2.69985199E-03
   2.79998779E-03
   2.99930573E-03
   3.00025940E-03
   3.29971313E-03
   3.29971313E-03
   3.40080261E-03
   3.70025635E-03
   3.80039215E-03
   3.99971008E-03
   4.19998169E-03
   4.30011749E-03
   4.80079651E-03
   4.89997864E-03
   5.20038605E-03
   5.20038605E-03
   5.20038605E-03
   5.29956818E-03
   5.49983978E-03
   5.59997559E-03
   5.90038300E-03
   6.00051880E-03
   6.19983673E-03
   6.29997253E-03
   6.59942627E-03
   6.60037994E-03
   6.79969788E-03
   7.09915161E-03
   7.09915161E-03
   7.49969482E-03
   7.50064850E-03
   7.59983063E-03
   7.59983063E-03
   7.69996643E-03
   7.90023804E-03
   8.09955597E-03
   8.09955597E-03
   8.20064545E-03
   8.29982758E-03
   8.30078125E-03
   8.50009918E-03
   8.50009918E-03
   9.19914246E-03
   9.20009613E-03
   9.30023193E-03
   9.59968567E-03
   1.00002289E-02
   1.01003647E-02
   1.05991364E-02
   1.07002258E-02
   1.08003616E-02
   1.11999512E-02
   1.12009048E-02
   1.14002228E-02
   1.16004944E-02
   1.16996765E-02
   1.18999481E-02
   1.20000839E-02
   1.21002197E-02
   1.22003555E-02
   1.23996735E-02
   1.29003525E-02
   1.30996704E-02
   1.30996704E-02
   1.39999390E-02
   1.42993927E-02
   1.43995285E-02
   1.50995255E-02
   1.50995255E-02
   1.55992508E-02
   1.60999298E-02
   1.70993805E-02
   1.81999207E-02
   2.19001770E-02
   2.72998810E-02
   3.74002457E-02
   5.08995056E-02
   5.20000458E-02
   7.20005035E-02
  0.182700157    
  0.230400085    
  0.301899910    
