#Npts     Radius    Mag      Completeness
#  382 1865.5626  -13.642533 0.994792
# Ierr
 -0.424399376    
 -0.127799988    
  -6.28995895E-02
  -2.92005539E-02
  -1.93996429E-02
  -1.55000687E-02
  -1.24998093E-02
  -1.21994019E-02
  -1.06000900E-02
  -1.06000900E-02
  -9.59968567E-03
  -8.70037079E-03
  -8.60023499E-03
  -8.29982758E-03
  -5.80024719E-03
  -5.79929352E-03
  -4.89997864E-03
  -4.49943542E-03
  -4.40025330E-03
  -4.19998169E-03
  -3.79943848E-03
  -3.30066681E-03
  -3.10039520E-03
  -2.90012360E-03
  -2.90012360E-03
  -2.90012360E-03
  -2.90012360E-03
  -2.79998779E-03
  -2.69985199E-03
  -2.59971619E-03
  -2.59971619E-03
  -2.50053406E-03
  -2.49958038E-03
  -2.40039825E-03
  -2.39944458E-03
  -2.30026245E-03
  -2.30026245E-03
  -2.29930878E-03
  -2.29930878E-03
  -2.20012665E-03
  -2.09999084E-03
  -2.09999084E-03
  -2.09999084E-03
  -2.09999084E-03
  -1.99985504E-03
  -1.99985504E-03
  -1.99985504E-03
  -1.99985504E-03
  -1.99985504E-03
  -1.89971924E-03
  -1.89971924E-03
  -1.80053711E-03
  -1.80053711E-03
  -1.79958344E-03
  -1.69944763E-03
  -1.60026550E-03
  -1.60026550E-03
  -1.59931183E-03
  -1.59931183E-03
  -1.50012970E-03
  -1.50012970E-03
  -1.50012970E-03
  -1.50012970E-03
  -1.50012970E-03
  -1.50012970E-03
  -1.50012970E-03
  -1.39999390E-03
  -1.39999390E-03
  -1.30081177E-03
  -1.29985809E-03
  -1.29985809E-03
  -1.29985809E-03
  -1.20067596E-03
  -1.20067596E-03
  -1.20067596E-03
  -1.20067596E-03
  -1.19972229E-03
  -1.19972229E-03
  -1.19972229E-03
  -1.10054016E-03
  -1.10054016E-03
  -1.09958649E-03
  -1.09958649E-03
  -1.09958649E-03
  -1.00040436E-03
  -1.00040436E-03
  -9.99450684E-04
  -9.99450684E-04
  -9.99450684E-04
  -9.00268555E-04
  -9.00268555E-04
  -8.99314880E-04
  -8.99314880E-04
  -8.00132751E-04
  -8.00132751E-04
  -8.00132751E-04
  -8.00132751E-04
  -8.00132751E-04
  -8.00132751E-04
  -6.99996948E-04
  -6.99996948E-04
  -6.99996948E-04
  -6.99996948E-04
  -6.99996948E-04
  -6.99996948E-04
  -6.99996948E-04
  -6.99996948E-04
  -6.99996948E-04
  -6.00814819E-04
  -5.99861145E-04
  -5.99861145E-04
  -5.00679016E-04
  -4.99725342E-04
  -4.99725342E-04
  -4.99725342E-04
  -4.00543213E-04
  -4.00543213E-04
  -3.99589539E-04
  -3.99589539E-04
  -3.99589539E-04
  -3.99589539E-04
  -3.00407410E-04
  -3.00407410E-04
  -3.00407410E-04
  -3.00407410E-04
  -3.00407410E-04
  -2.99453735E-04
  -2.99453735E-04
  -2.99453735E-04
  -2.00271606E-04
  -2.00271606E-04
  -2.00271606E-04
  -2.00271606E-04
  -2.00271606E-04
  -2.00271606E-04
  -2.00271606E-04
  -1.99317932E-04
  -1.99317932E-04
  -1.00135803E-04
  -1.00135803E-04
  -1.00135803E-04
  -1.00135803E-04
   0.00000000    
   0.00000000    
   0.00000000    
   0.00000000    
   0.00000000    
   0.00000000    
   0.00000000    
   0.00000000    
   9.91821289E-05
   9.91821289E-05
   9.91821289E-05
   1.00135803E-04
   1.00135803E-04
   1.00135803E-04
   2.00271606E-04
   2.00271606E-04
   2.00271606E-04
   2.99453735E-04
   2.99453735E-04
   2.99453735E-04
   2.99453735E-04
   3.00407410E-04
   3.00407410E-04
   3.99589539E-04
   4.00543213E-04
   4.00543213E-04
   4.00543213E-04
   4.00543213E-04
   4.99725342E-04
   4.99725342E-04
   4.99725342E-04
   4.99725342E-04
   4.99725342E-04
   4.99725342E-04
   5.00679016E-04
   5.99861145E-04
   5.99861145E-04
   5.99861145E-04
   5.99861145E-04
   6.00814819E-04
   6.00814819E-04
   6.99996948E-04
   6.99996948E-04
   6.99996948E-04
   6.99996948E-04
   8.00132751E-04
   8.00132751E-04
   8.00132751E-04
   8.00132751E-04
   8.00132751E-04
   8.00132751E-04
   8.00132751E-04
   8.99314880E-04
   8.99314880E-04
   9.00268555E-04
   9.00268555E-04
   9.00268555E-04
   9.00268555E-04
   9.99450684E-04
   1.00040436E-03
   1.00040436E-03
   1.09958649E-03
   1.09958649E-03
   1.19972229E-03
   1.19972229E-03
   1.20067596E-03
   1.20067596E-03
   1.29985809E-03
   1.29985809E-03
   1.29985809E-03
   1.29985809E-03
   1.29985809E-03
   1.30081177E-03
   1.39999390E-03
   1.39999390E-03
   1.39999390E-03
   1.39999390E-03
   1.39999390E-03
   1.39999390E-03
   1.39999390E-03
   1.50012970E-03
   1.50012970E-03
   1.50012970E-03
   1.59931183E-03
   1.59931183E-03
   1.60026550E-03
   1.69944763E-03
   1.69944763E-03
   1.70040131E-03
   1.70040131E-03
   1.79958344E-03
   1.79958344E-03
   1.79958344E-03
   1.79958344E-03
   1.79958344E-03
   1.89971924E-03
   1.89971924E-03
   1.89971924E-03
   1.90067291E-03
   1.99985504E-03
   1.99985504E-03
   2.09999084E-03
   2.09999084E-03
   2.09999084E-03
   2.19917297E-03
   2.19917297E-03
   2.29930878E-03
   2.30026245E-03
   2.30026245E-03
   2.30026245E-03
   2.39944458E-03
   2.39944458E-03
   2.40039825E-03
   2.40039825E-03
   2.49958038E-03
   2.50053406E-03
   2.50053406E-03
   2.59971619E-03
   2.69985199E-03
   2.69985199E-03
   2.69985199E-03
   2.79998779E-03
   2.79998779E-03
   2.79998779E-03
   3.29971313E-03
   3.39984894E-03
   3.49998474E-03
   3.49998474E-03
   3.49998474E-03
   3.60012054E-03
   3.60012054E-03
   3.69930267E-03
   3.69930267E-03
   3.69930267E-03
   3.70025635E-03
   3.79943848E-03
   3.80039215E-03
   3.80039215E-03
   3.99971008E-03
   3.99971008E-03
   4.19998169E-03
   4.30011749E-03
   4.30011749E-03
   4.50038910E-03
   4.69970703E-03
   4.79984283E-03
   4.89997864E-03
   5.10025024E-03
   5.20038605E-03
   6.09970093E-03
   6.10065460E-03
   6.20079041E-03
   6.50024414E-03
   6.69956207E-03
   6.99996948E-03
   7.19928741E-03
   7.59983063E-03
   8.00037384E-03
   8.10050964E-03
   8.39996338E-03
   8.49914551E-03
   8.50009918E-03
   8.60023499E-03
   8.79955292E-03
   8.99982452E-03
   9.20009613E-03
   9.30023193E-03
   9.49954987E-03
   9.50050354E-03
   9.59968567E-03
   9.60063934E-03
   9.60063934E-03
   9.79995728E-03
   1.04999542E-02
   1.04999542E-02
   1.07994080E-02
   1.07994080E-02
   1.08995438E-02
   1.11007690E-02
   1.20000839E-02
   1.25999451E-02
   1.41000748E-02
   1.44996643E-02
   1.45998001E-02
   1.47991180E-02
   1.50003433E-02
   1.60007477E-02
   1.64003372E-02
   1.65004730E-02
   1.67999268E-02
   1.67999268E-02
   1.72996521E-02
   1.78003311E-02
   1.80997849E-02
   1.81007385E-02
   1.92995071E-02
   1.93996429E-02
   1.99003220E-02
   2.13994980E-02
   2.21996307E-02
   2.46000290E-02
   2.51007080E-02
   2.64997482E-02
   2.69002914E-02
   2.70996094E-02
   2.71997452E-02
   2.86998749E-02
   3.77998352E-02
   4.12998199E-02
   4.26998138E-02
   4.67996597E-02
   4.72002029E-02
   4.82006073E-02
   5.03005981E-02
   5.08995056E-02
   5.16996384E-02
   5.57003021E-02
   6.83994293E-02
   7.60002136E-02
   7.91997910E-02
   8.24995041E-02
   9.29994583E-02
   9.88006592E-02
  0.107800484    
  0.108700752    
  0.123300552    
  0.127399445    
  0.161199570    
  0.183599472    
  0.183899879    
  0.210599899    
  0.214099884    
  0.220100403    
  0.223299980    
  0.230000496    
  0.333400726    
  0.362100601    
  0.390299797    
  0.421199799    
  0.491900444    
