#Npts     Radius    Mag      Completeness
#  195 2914.9419  -14.553367 0.955882
# Ierr
  -2.91004181E-02
  -1.71003342E-02
  -1.53007507E-02
  -1.48000717E-02
  -1.32007599E-02
  -1.16996765E-02
  -1.15995407E-02
  -1.15995407E-02
  -1.04999542E-02
  -1.04007721E-02
  -9.69982147E-03
  -9.59968567E-03
  -9.09996033E-03
  -9.09996033E-03
  -8.99982452E-03
  -8.80050659E-03
  -8.69941711E-03
  -8.39996338E-03
  -8.39996338E-03
  -8.39996338E-03
  -7.50064850E-03
  -7.49969482E-03
  -7.39955902E-03
  -7.39955902E-03
  -7.29942322E-03
  -7.19928741E-03
  -7.10010529E-03
  -6.99996948E-03
  -6.99996948E-03
  -6.90078735E-03
  -6.89983368E-03
  -6.79969788E-03
  -6.70051575E-03
  -6.00051880E-03
  -5.80024719E-03
  -5.70011139E-03
  -5.69915771E-03
  -5.69915771E-03
  -5.49983978E-03
  -5.39970398E-03
  -5.39970398E-03
  -5.39970398E-03
  -5.30052185E-03
  -5.29956818E-03
  -5.10025024E-03
  -4.69970703E-03
  -4.59957123E-03
  -4.50038910E-03
  -4.50038910E-03
  -4.49943542E-03
  -4.30011749E-03
  -4.19998169E-03
  -4.09984589E-03
  -3.99971008E-03
  -3.90052795E-03
  -3.90052795E-03
  -3.60012054E-03
  -3.60012054E-03
  -3.59916687E-03
  -3.39984894E-03
  -3.29971313E-03
  -3.19957733E-03
  -2.99930573E-03
  -2.69985199E-03
  -2.59971619E-03
  -2.50053406E-03
  -2.49958038E-03
  -2.20012665E-03
  -1.79958344E-03
  -1.79958344E-03
  -1.69944763E-03
  -1.39999390E-03
  -1.39999390E-03
  -1.30081177E-03
  -1.19972229E-03
  -1.09958649E-03
  -9.99450684E-04
  -6.99996948E-04
  -6.99996948E-04
  -5.99861145E-04
  -2.00271606E-04
   9.91821289E-05
   2.00271606E-04
   4.00543213E-04
   4.99725342E-04
   5.99861145E-04
   6.99996948E-04
   6.99996948E-04
   9.00268555E-04
   9.00268555E-04
   1.00040436E-03
   1.09958649E-03
   1.19972229E-03
   1.29985809E-03
   1.50012970E-03
   1.50012970E-03
   1.50012970E-03
   1.50012970E-03
   1.59931183E-03
   1.79958344E-03
   1.89971924E-03
   2.09999084E-03
   2.20012665E-03
   2.20012665E-03
   2.40039825E-03
   2.50053406E-03
   2.60066986E-03
   2.79998779E-03
   2.79998779E-03
   2.79998779E-03
   2.90012360E-03
   2.90012360E-03
   2.99930573E-03
   3.00025940E-03
   3.00025940E-03
   3.19957733E-03
   3.20053101E-03
   3.30066681E-03
   3.49998474E-03
   3.80039215E-03
   3.90052795E-03
   3.99971008E-03
   4.29916382E-03
   4.40025330E-03
   4.40025330E-03
   4.40025330E-03
   4.69970703E-03
   4.79984283E-03
   4.89997864E-03
   5.00011444E-03
   5.00011444E-03
   5.00011444E-03
   5.20038605E-03
   5.29956818E-03
   5.39970398E-03
   5.39970398E-03
   5.70011139E-03
   5.80024719E-03
   5.89942932E-03
   6.00051880E-03
   6.19983673E-03
   6.79969788E-03
   6.80065155E-03
   6.99996948E-03
   7.20024109E-03
   7.29942322E-03
   7.40051270E-03
   7.49969482E-03
   7.49969482E-03
   7.69996643E-03
   7.80010223E-03
   8.10050964E-03
   8.39996338E-03
   8.60023499E-03
   8.79955292E-03
   8.89968872E-03
   9.20009613E-03
   9.30023193E-03
   9.40036774E-03
   9.40036774E-03
   9.49954987E-03
   9.69982147E-03
   9.90009308E-03
   9.90009308E-03
   1.02996826E-02
   1.03998184E-02
   1.04999542E-02
   1.06992722E-02
   1.06992722E-02
   1.10006332E-02
   1.14002228E-02
   1.18999481E-02
   1.20000839E-02
   1.25999451E-02
   1.30996704E-02
   1.45998001E-02
   1.49993896E-02
   1.53007507E-02
   1.60999298E-02
   1.67007446E-02
   1.81999207E-02
   2.56996155E-02
   2.75001526E-02
   2.85997391E-02
   2.86006927E-02
   2.92005539E-02
   3.49998474E-02
   3.50999832E-02
   4.19998169E-02
   5.78994751E-02
   6.12993240E-02
   7.53002167E-02
   8.67004395E-02
  0.250100136    
  0.517400742    
