#Npts     Radius    Mag      Completeness
#  443 1661.5167  -11.701866 0.988839
# Ierr
 -0.639200211    
 -0.420499802    
 -0.366800308    
 -0.360400200    
 -0.278100014    
 -0.235799789    
 -0.229200363    
 -0.128300667    
 -0.119700432    
 -0.114700317    
  -9.20000076E-02
  -7.08999634E-02
  -6.83994293E-02
  -6.45999908E-02
  -4.86993790E-02
  -4.85000610E-02
  -4.80003357E-02
  -4.78000641E-02
  -4.66003418E-02
  -4.50000763E-02
  -4.25996780E-02
  -4.22992706E-02
  -3.70998383E-02
  -3.31001282E-02
  -3.26004028E-02
  -3.24001312E-02
  -2.76002884E-02
  -2.74000168E-02
  -2.62994766E-02
  -2.50997543E-02
  -2.47001648E-02
  -2.34994888E-02
  -2.25000381E-02
  -2.08997726E-02
  -2.08005905E-02
  -2.07004547E-02
  -2.01997757E-02
  -1.97000504E-02
  -1.81999207E-02
  -1.71995163E-02
  -1.62000656E-02
  -1.58996582E-02
  -1.57995224E-02
  -1.57003403E-02
  -1.49002075E-02
  -1.46007538E-02
  -1.42002106E-02
  -1.36003494E-02
  -1.34000778E-02
  -1.34000778E-02
  -1.27000809E-02
  -1.24998093E-02
  -1.18999481E-02
  -1.18999481E-02
  -1.14002228E-02
  -1.10998154E-02
  -1.10998154E-02
  -1.09996796E-02
  -1.03006363E-02
  -1.00994110E-02
  -1.00002289E-02
  -9.80091095E-03
  -9.69982147E-03
  -9.59968567E-03
  -9.29927826E-03
  -9.09996033E-03
  -8.99982452E-03
  -8.80050659E-03
  -8.70037079E-03
  -8.69941711E-03
  -8.60023499E-03
  -8.50009918E-03
  -8.39996338E-03
  -8.19969177E-03
  -8.10050964E-03
  -8.09955597E-03
  -8.09955597E-03
  -7.80010223E-03
  -7.80010223E-03
  -7.70092010E-03
  -7.69996643E-03
  -7.30037689E-03
  -7.29942322E-03
  -6.89983368E-03
  -6.79969788E-03
  -6.79969788E-03
  -6.79969788E-03
  -6.70051575E-03
  -6.70051575E-03
  -6.69956207E-03
  -6.69956207E-03
  -6.50024414E-03
  -6.50024414E-03
  -6.50024414E-03
  -6.40010834E-03
  -6.20079041E-03
  -6.19983673E-03
  -6.09970093E-03
  -6.09970093E-03
  -6.00051880E-03
  -5.89942932E-03
  -5.59997559E-03
  -5.59997559E-03
  -5.59997559E-03
  -5.39970398E-03
  -5.39970398E-03
  -5.39970398E-03
  -5.30052185E-03
  -5.20038605E-03
  -5.19943237E-03
  -5.19943237E-03
  -5.10025024E-03
  -5.10025024E-03
  -5.09929657E-03
  -5.00011444E-03
  -4.99916077E-03
  -4.79984283E-03
  -4.79984283E-03
  -4.70066071E-03
  -4.59957123E-03
  -4.59957123E-03
  -4.59957123E-03
  -4.40025330E-03
  -4.40025330E-03
  -4.30011749E-03
  -4.30011749E-03
  -4.30011749E-03
  -4.19998169E-03
  -4.09984589E-03
  -4.00066376E-03
  -4.00066376E-03
  -3.99971008E-03
  -3.89957428E-03
  -3.89957428E-03
  -3.79943848E-03
  -3.70025635E-03
  -3.69930267E-03
  -3.60012054E-03
  -3.60012054E-03
  -3.60012054E-03
  -3.49998474E-03
  -3.49998474E-03
  -3.49998474E-03
  -3.39984894E-03
  -3.39984894E-03
  -3.39984894E-03
  -3.20053101E-03
  -3.19957733E-03
  -3.10039520E-03
  -2.90012360E-03
  -2.90012360E-03
  -2.90012360E-03
  -2.90012360E-03
  -2.79998779E-03
  -2.79998779E-03
  -2.70080566E-03
  -2.69985199E-03
  -2.69985199E-03
  -2.59971619E-03
  -2.50053406E-03
  -2.49958038E-03
  -2.49958038E-03
  -2.39944458E-03
  -2.39944458E-03
  -2.29930878E-03
  -2.29930878E-03
  -2.20012665E-03
  -2.09999084E-03
  -2.00080872E-03
  -2.00080872E-03
  -2.00080872E-03
  -1.99985504E-03
  -1.99985504E-03
  -1.99985504E-03
  -1.89971924E-03
  -1.80053711E-03
  -1.60026550E-03
  -1.60026550E-03
  -1.60026550E-03
  -1.59931183E-03
  -1.50012970E-03
  -1.39999390E-03
  -1.39999390E-03
  -1.19972229E-03
  -1.19972229E-03
  -1.19972229E-03
  -1.10054016E-03
  -1.10054016E-03
  -1.09958649E-03
  -1.09958649E-03
  -1.09958649E-03
  -1.00040436E-03
  -9.99450684E-04
  -9.99450684E-04
  -9.99450684E-04
  -9.00268555E-04
  -9.00268555E-04
  -9.00268555E-04
  -8.99314880E-04
  -8.00132751E-04
  -8.00132751E-04
  -6.99996948E-04
  -6.99996948E-04
  -6.99996948E-04
  -5.99861145E-04
  -5.99861145E-04
  -5.00679016E-04
  -4.99725342E-04
  -4.99725342E-04
  -4.99725342E-04
  -4.99725342E-04
  -4.99725342E-04
  -4.00543213E-04
  -4.00543213E-04
  -3.99589539E-04
  -3.99589539E-04
  -3.99589539E-04
  -3.99589539E-04
  -3.99589539E-04
  -3.00407410E-04
  -3.00407410E-04
  -2.00271606E-04
  -2.00271606E-04
  -2.00271606E-04
  -1.99317932E-04
  -1.00135803E-04
  -1.00135803E-04
  -1.00135803E-04
   0.00000000    
   0.00000000    
   1.00135803E-04
   1.00135803E-04
   1.00135803E-04
   1.00135803E-04
   2.00271606E-04
   2.99453735E-04
   2.99453735E-04
   2.99453735E-04
   3.00407410E-04
   4.00543213E-04
   4.99725342E-04
   6.99996948E-04
   7.99179077E-04
   8.00132751E-04
   8.00132751E-04
   9.00268555E-04
   9.99450684E-04
   1.00040436E-03
   1.00040436E-03
   1.00040436E-03
   1.00040436E-03
   1.09958649E-03
   1.10054016E-03
   1.19972229E-03
   1.29985809E-03
   1.39999390E-03
   1.39999390E-03
   1.39999390E-03
   1.39999390E-03
   1.39999390E-03
   1.39999390E-03
   1.50012970E-03
   1.50012970E-03
   1.50012970E-03
   1.50012970E-03
   1.50012970E-03
   1.60026550E-03
   1.70040131E-03
   1.70040131E-03
   1.70040131E-03
   1.79958344E-03
   1.89971924E-03
   1.89971924E-03
   1.90067291E-03
   1.99985504E-03
   1.99985504E-03
   2.09999084E-03
   2.09999084E-03
   2.09999084E-03
   2.09999084E-03
   2.20012665E-03
   2.20012665E-03
   2.40039825E-03
   2.40039825E-03
   2.50053406E-03
   2.59971619E-03
   2.60066986E-03
   2.60066986E-03
   2.69985199E-03
   2.69985199E-03
   2.70080566E-03
   2.70080566E-03
   2.79998779E-03
   2.79998779E-03
   2.79998779E-03
   2.79998779E-03
   2.79998779E-03
   2.89916992E-03
   2.90012360E-03
   2.90012360E-03
   2.90012360E-03
   2.90012360E-03
   2.90012360E-03
   2.90012360E-03
   2.99930573E-03
   3.00025940E-03
   3.00025940E-03
   3.09944153E-03
   3.10039520E-03
   3.10039520E-03
   3.20053101E-03
   3.20053101E-03
   3.29971313E-03
   3.29971313E-03
   3.30066681E-03
   3.39984894E-03
   3.39984894E-03
   3.49998474E-03
   3.70025635E-03
   3.89957428E-03
   4.00066376E-03
   4.50038910E-03
   4.50038910E-03
   4.69970703E-03
   4.89997864E-03
   4.89997864E-03
   5.29956818E-03
   5.39970398E-03
   5.39970398E-03
   5.39970398E-03
   5.39970398E-03
   5.39970398E-03
   5.59997559E-03
   5.79929352E-03
   5.90038300E-03
   6.29997253E-03
   6.40010834E-03
   6.99996948E-03
   7.10010529E-03
   7.19928741E-03
   7.49969482E-03
   7.50064850E-03
   7.69996643E-03
   7.70092010E-03
   7.80010223E-03
   8.69941711E-03
   9.09996033E-03
   9.20009613E-03
   9.20009613E-03
   9.60063934E-03
   9.70077515E-03
   9.79995728E-03
   9.80091095E-03
   9.90009308E-03
   9.99927521E-03
   1.00002289E-02
   1.01003647E-02
   1.03006363E-02
   1.03006363E-02
   1.03998184E-02
   1.03998184E-02
   1.04999542E-02
   1.06992722E-02
   1.07002258E-02
   1.07994080E-02
   1.08003616E-02
   1.13000870E-02
   1.21002197E-02
   1.23996735E-02
   1.26991272E-02
   1.30996704E-02
   1.32007599E-02
   1.37004852E-02
   1.39999390E-02
   1.43003464E-02
   1.45006180E-02
   1.45998001E-02
   1.46999359E-02
   1.46999359E-02
   1.46999359E-02
   1.56002045E-02
   1.59006119E-02
   1.59997940E-02
   1.65004730E-02
   1.78995132E-02
   1.79004669E-02
   1.85995102E-02
   1.86996460E-02
   1.87997818E-02
   1.87997818E-02
   1.90000534E-02
   1.94997787E-02
   2.02999115E-02
   2.02999115E-02
   2.05001831E-02
   2.06003189E-02
   2.11000443E-02
   2.15997696E-02
   2.16999054E-02
   2.25000381E-02
   2.40001678E-02
   2.42004395E-02
   2.42004395E-02
   2.48994827E-02
   2.51007080E-02
   2.57997513E-02
   3.01008224E-02
   3.31001282E-02
   3.34005356E-02
   3.47003937E-02
   3.50999832E-02
   3.50999832E-02
   3.52001190E-02
   3.68003845E-02
   3.78999710E-02
   4.23994064E-02
   4.33998108E-02
   4.38995361E-02
   4.55999374E-02
   4.73003387E-02
   4.75997925E-02
   4.88996506E-02
   5.11999130E-02
   5.16996384E-02
   5.18007278E-02
   5.22003174E-02
   5.56001663E-02
   5.63001633E-02
   5.69000244E-02
   6.23998642E-02
   6.31999969E-02
   6.79998398E-02
   6.92996979E-02
   8.05006027E-02
  0.114700317    
  0.165899277    
  0.182299614    
  0.210899353    
  0.329799652    
  0.366300583    
  0.538800240    
  0.544199944    
  0.592800140    
