#Npts     Radius    Mag      Completeness
#  542 2914.9419  -11.701866 0.994495
# Ierr
 -0.422199249    
 -0.421599388    
 -0.112899780    
  -8.76998901E-02
  -6.62002563E-02
  -6.00004196E-02
  -5.00001907E-02
  -3.69997025E-02
  -3.64007950E-02
  -2.48994827E-02
  -2.41003036E-02
  -2.37007141E-02
  -2.14996338E-02
  -1.99995041E-02
  -1.94997787E-02
  -1.91001892E-02
  -1.90000534E-02
  -1.81999207E-02
  -1.81007385E-02
  -1.80997849E-02
  -1.80006027E-02
  -1.65004730E-02
  -1.64995193E-02
  -1.64003372E-02
  -1.63002014E-02
  -1.46999359E-02
  -1.35002136E-02
  -1.34000778E-02
  -1.31006241E-02
  -1.20000839E-02
  -1.17998123E-02
  -1.17998123E-02
  -1.13000870E-02
  -1.11999512E-02
  -1.11999512E-02
  -1.10998154E-02
  -1.09996796E-02
  -1.07002258E-02
  -1.04999542E-02
  -1.04999542E-02
  -1.04999542E-02
  -1.04999542E-02
  -1.02996826E-02
  -1.01995468E-02
  -1.00994110E-02
  -1.00002289E-02
  -1.00002289E-02
  -9.79995728E-03
  -9.69982147E-03
  -9.20009613E-03
  -9.20009613E-03
  -8.60023499E-03
  -8.59928131E-03
  -8.50009918E-03
  -8.10050964E-03
  -7.99942017E-03
  -7.90023804E-03
  -7.90023804E-03
  -7.80010223E-03
  -7.79914856E-03
  -7.60078430E-03
  -7.60078430E-03
  -7.59983063E-03
  -7.30037689E-03
  -7.20024109E-03
  -7.20024109E-03
  -7.19928741E-03
  -7.10010529E-03
  -7.10010529E-03
  -7.10010529E-03
  -6.99996948E-03
  -6.99996948E-03
  -6.89983368E-03
  -6.80065155E-03
  -6.80065155E-03
  -6.80065155E-03
  -6.60037994E-03
  -6.50024414E-03
  -6.50024414E-03
  -6.19983673E-03
  -6.19983673E-03
  -6.19983673E-03
  -6.19983673E-03
  -6.10065460E-03
  -5.99956512E-03
  -5.90038300E-03
  -5.89942932E-03
  -5.80024719E-03
  -5.80024719E-03
  -5.80024719E-03
  -5.70011139E-03
  -5.70011139E-03
  -5.69915771E-03
  -5.59997559E-03
  -5.49983978E-03
  -5.40065765E-03
  -5.39970398E-03
  -5.20038605E-03
  -5.20038605E-03
  -5.10025024E-03
  -5.10025024E-03
  -5.09929657E-03
  -5.00011444E-03
  -5.00011444E-03
  -5.00011444E-03
  -5.00011444E-03
  -4.89997864E-03
  -4.89997864E-03
  -4.79984283E-03
  -4.70066071E-03
  -4.69970703E-03
  -4.69970703E-03
  -4.60052490E-03
  -4.60052490E-03
  -4.60052490E-03
  -4.60052490E-03
  -4.59957123E-03
  -4.59957123E-03
  -4.59957123E-03
  -4.59957123E-03
  -4.49943542E-03
  -4.40025330E-03
  -4.40025330E-03
  -4.30011749E-03
  -4.30011749E-03
  -4.30011749E-03
  -4.30011749E-03
  -4.19998169E-03
  -4.19998169E-03
  -4.19998169E-03
  -4.19998169E-03
  -4.19998169E-03
  -4.10079956E-03
  -4.09984589E-03
  -4.09984589E-03
  -3.99971008E-03
  -3.99971008E-03
  -3.99971008E-03
  -3.99971008E-03
  -3.90052795E-03
  -3.89957428E-03
  -3.80039215E-03
  -3.80039215E-03
  -3.80039215E-03
  -3.70025635E-03
  -3.70025635E-03
  -3.70025635E-03
  -3.60012054E-03
  -3.60012054E-03
  -3.60012054E-03
  -3.60012054E-03
  -3.49998474E-03
  -3.49998474E-03
  -3.49998474E-03
  -3.40080261E-03
  -3.40080261E-03
  -3.39984894E-03
  -3.29971313E-03
  -3.29971313E-03
  -3.20053101E-03
  -3.10039520E-03
  -3.10039520E-03
  -2.99930573E-03
  -2.90012360E-03
  -2.90012360E-03
  -2.90012360E-03
  -2.90012360E-03
  -2.90012360E-03
  -2.90012360E-03
  -2.79998779E-03
  -2.79998779E-03
  -2.69985199E-03
  -2.69985199E-03
  -2.69985199E-03
  -2.69985199E-03
  -2.69985199E-03
  -2.69985199E-03
  -2.69985199E-03
  -2.60066986E-03
  -2.60066986E-03
  -2.60066986E-03
  -2.59971619E-03
  -2.59971619E-03
  -2.50053406E-03
  -2.50053406E-03
  -2.49958038E-03
  -2.49958038E-03
  -2.40039825E-03
  -2.40039825E-03
  -2.39944458E-03
  -2.20012665E-03
  -2.20012665E-03
  -2.20012665E-03
  -2.20012665E-03
  -2.10094452E-03
  -2.09999084E-03
  -2.09999084E-03
  -2.09999084E-03
  -2.09999084E-03
  -2.09999084E-03
  -2.09999084E-03
  -2.09999084E-03
  -2.09999084E-03
  -2.09999084E-03
  -2.00080872E-03
  -2.00080872E-03
  -1.99985504E-03
  -1.99985504E-03
  -1.90067291E-03
  -1.90067291E-03
  -1.90067291E-03
  -1.89971924E-03
  -1.89971924E-03
  -1.89971924E-03
  -1.89971924E-03
  -1.89971924E-03
  -1.80053711E-03
  -1.80053711E-03
  -1.80053711E-03
  -1.79958344E-03
  -1.79958344E-03
  -1.79958344E-03
  -1.70040131E-03
  -1.70040131E-03
  -1.70040131E-03
  -1.69944763E-03
  -1.60026550E-03
  -1.60026550E-03
  -1.59931183E-03
  -1.50012970E-03
  -1.50012970E-03
  -1.50012970E-03
  -1.50012970E-03
  -1.39999390E-03
  -1.39999390E-03
  -1.39999390E-03
  -1.39999390E-03
  -1.39999390E-03
  -1.29985809E-03
  -1.29985809E-03
  -1.29985809E-03
  -1.20067596E-03
  -1.20067596E-03
  -1.19972229E-03
  -1.19972229E-03
  -1.10054016E-03
  -1.09958649E-03
  -1.09958649E-03
  -1.00040436E-03
  -9.00268555E-04
  -9.00268555E-04
  -9.00268555E-04
  -8.99314880E-04
  -8.99314880E-04
  -8.00132751E-04
  -8.00132751E-04
  -6.99996948E-04
  -6.99996948E-04
  -5.00679016E-04
  -4.99725342E-04
  -4.00543213E-04
  -4.00543213E-04
  -4.00543213E-04
  -3.99589539E-04
  -3.00407410E-04
  -2.99453735E-04
  -2.99453735E-04
  -2.99453735E-04
  -2.00271606E-04
  -2.00271606E-04
  -1.99317932E-04
  -1.99317932E-04
  -1.99317932E-04
  -1.00135803E-04
  -1.00135803E-04
  -1.00135803E-04
  -1.00135803E-04
   0.00000000    
   0.00000000    
   0.00000000    
   0.00000000    
   9.91821289E-05
   9.91821289E-05
   1.00135803E-04
   1.00135803E-04
   1.00135803E-04
   1.00135803E-04
   1.00135803E-04
   1.99317932E-04
   2.00271606E-04
   2.00271606E-04
   2.00271606E-04
   2.99453735E-04
   2.99453735E-04
   3.00407410E-04
   3.00407410E-04
   3.00407410E-04
   3.00407410E-04
   3.00407410E-04
   3.00407410E-04
   3.99589539E-04
   3.99589539E-04
   4.00543213E-04
   4.99725342E-04
   5.00679016E-04
   5.99861145E-04
   5.99861145E-04
   5.99861145E-04
   5.99861145E-04
   6.00814819E-04
   6.99996948E-04
   6.99996948E-04
   6.99996948E-04
   6.99996948E-04
   6.99996948E-04
   6.99996948E-04
   7.99179077E-04
   8.00132751E-04
   8.00132751E-04
   8.00132751E-04
   8.00132751E-04
   8.00132751E-04
   8.00132751E-04
   9.00268555E-04
   9.00268555E-04
   9.00268555E-04
   9.00268555E-04
   9.00268555E-04
   9.00268555E-04
   9.00268555E-04
   9.00268555E-04
   9.99450684E-04
   1.00040436E-03
   1.10054016E-03
   1.10054016E-03
   1.19972229E-03
   1.19972229E-03
   1.19972229E-03
   1.19972229E-03
   1.19972229E-03
   1.29985809E-03
   1.29985809E-03
   1.30081177E-03
   1.39999390E-03
   1.39999390E-03
   1.39999390E-03
   1.49917603E-03
   1.49917603E-03
   1.50012970E-03
   1.59931183E-03
   1.60026550E-03
   1.60026550E-03
   1.69944763E-03
   1.69944763E-03
   1.79958344E-03
   1.80053711E-03
   1.99985504E-03
   2.09999084E-03
   2.20012665E-03
   2.20012665E-03
   2.20012665E-03
   2.29930878E-03
   2.29930878E-03
   2.30026245E-03
   2.30026245E-03
   2.30026245E-03
   2.39944458E-03
   2.39944458E-03
   2.40039825E-03
   2.40039825E-03
   2.49958038E-03
   2.50053406E-03
   2.59971619E-03
   2.59971619E-03
   2.59971619E-03
   2.59971619E-03
   2.60066986E-03
   2.69985199E-03
   2.69985199E-03
   2.69985199E-03
   2.69985199E-03
   2.70080566E-03
   2.79998779E-03
   2.79998779E-03
   2.90012360E-03
   2.90012360E-03
   2.90012360E-03
   2.99930573E-03
   2.99930573E-03
   3.00025940E-03
   3.00025940E-03
   3.00025940E-03
   3.00025940E-03
   3.00025940E-03
   3.09944153E-03
   3.19957733E-03
   3.19957733E-03
   3.19957733E-03
   3.20053101E-03
   3.29971313E-03
   3.29971313E-03
   3.29971313E-03
   3.30066681E-03
   3.39984894E-03
   3.49998474E-03
   3.49998474E-03
   3.49998474E-03
   3.49998474E-03
   3.49998474E-03
   3.60012054E-03
   3.70025635E-03
   3.70025635E-03
   3.79943848E-03
   3.80039215E-03
   3.89957428E-03
   3.90052795E-03
   4.09984589E-03
   4.10079956E-03
   4.10079956E-03
   4.30011749E-03
   4.40025330E-03
   4.40025330E-03
   4.50038910E-03
   4.59957123E-03
   4.59957123E-03
   4.69970703E-03
   4.69970703E-03
   4.69970703E-03
   4.89997864E-03
   4.89997864E-03
   5.00011444E-03
   5.09929657E-03
   5.10025024E-03
   5.20038605E-03
   5.29956818E-03
   5.49983978E-03
   5.59997559E-03
   5.59997559E-03
   5.80024719E-03
   5.80024719E-03
   5.89942932E-03
   5.89942932E-03
   5.99956512E-03
   6.10065460E-03
   6.50024414E-03
   6.50024414E-03
   6.59942627E-03
   6.79969788E-03
   6.80065155E-03
   6.89983368E-03
   6.89983368E-03
   6.89983368E-03
   6.99996948E-03
   6.99996948E-03
   6.99996948E-03
   7.10010529E-03
   7.10010529E-03
   7.30037689E-03
   7.39955902E-03
   7.50064850E-03
   7.59983063E-03
   7.69996643E-03
   7.69996643E-03
   7.69996643E-03
   7.90023804E-03
   7.99942017E-03
   8.29982758E-03
   8.30078125E-03
   8.30078125E-03
   8.59928131E-03
   8.99982452E-03
   9.00077820E-03
   9.09996033E-03
   1.04007721E-02
   1.04007721E-02
   1.04999542E-02
   1.04999542E-02
   1.04999542E-02
   1.13000870E-02
   1.14994049E-02
   1.20000839E-02
   1.20992661E-02
   1.21002197E-02
   1.28002167E-02
   1.29003525E-02
   1.38006210E-02
   1.42002106E-02
   1.43995285E-02
   1.44996643E-02
   1.58004761E-02
   1.60999298E-02
   1.78003311E-02
   1.79004669E-02
   1.81999207E-02
   1.90000534E-02
   1.99003220E-02
   2.04000473E-02
   2.05001831E-02
   2.08997726E-02
   2.16007233E-02
   2.20994949E-02
   2.41003036E-02
   2.43005753E-02
   2.56996155E-02
   2.58007050E-02
   2.70004272E-02
   2.70004272E-02
   2.74000168E-02
   2.84004211E-02
   2.86998749E-02
   3.00006866E-02
   3.08008194E-02
   3.12995911E-02
   3.39002609E-02
   3.47995758E-02
   3.53002548E-02
   3.61003876E-02
   3.61995697E-02
   3.70998383E-02
   3.77998352E-02
   4.09994125E-02
   4.15000916E-02
   4.66995239E-02
   4.69999313E-02
   4.73003387E-02
   4.87995148E-02
   5.04999161E-02
   5.22003174E-02
   5.37996292E-02
   5.50003052E-02
   5.74998856E-02
   6.80999756E-02
   6.92005157E-02
   7.73992538E-02
   7.92999268E-02
   9.39998627E-02
   9.70993042E-02
  0.105299950    
  0.235300064    
  0.379799843    
  0.513700485    
  0.544599533    
