#Npts     Radius    Mag      Completeness
#  168 1253.4249  -14.340533 0.976744
# Ierr
  -3.91998291E-02
  -3.28998566E-02
  -2.06003189E-02
  -1.92003250E-02
  -1.81999207E-02
  -1.74999237E-02
  -1.72996521E-02
  -1.64995193E-02
  -1.59997940E-02
  -1.58996582E-02
  -1.56002045E-02
  -1.56002045E-02
  -1.44004822E-02
  -1.42993927E-02
  -1.37996674E-02
  -1.34992599E-02
  -1.30996704E-02
  -1.17998123E-02
  -1.13000870E-02
  -1.04999542E-02
  -1.03998184E-02
  -1.03998184E-02
  -1.00002289E-02
  -9.90009308E-03
  -9.39941406E-03
  -9.20009613E-03
  -7.89928436E-03
  -7.80010223E-03
  -7.69996643E-03
  -7.59983063E-03
  -7.39955902E-03
  -7.10010529E-03
  -6.99996948E-03
  -6.79969788E-03
  -6.70051575E-03
  -6.50024414E-03
  -6.19983673E-03
  -6.19983673E-03
  -6.19983673E-03
  -6.19983673E-03
  -6.00051880E-03
  -5.99956512E-03
  -5.90038300E-03
  -5.80024719E-03
  -5.79929352E-03
  -5.40065765E-03
  -5.40065765E-03
  -5.29956818E-03
  -5.20038605E-03
  -4.89997864E-03
  -4.39929962E-03
  -4.19998169E-03
  -3.60012054E-03
  -3.49998474E-03
  -3.20053101E-03
  -3.20053101E-03
  -3.00025940E-03
  -3.00025940E-03
  -2.89916992E-03
  -2.79998779E-03
  -2.40039825E-03
  -2.30026245E-03
  -2.30026245E-03
  -2.29930878E-03
  -1.99985504E-03
  -8.00132751E-04
  -6.99996948E-04
  -5.99861145E-04
  -4.00543213E-04
  -4.00543213E-04
   1.00135803E-04
   1.00135803E-04
   1.99317932E-04
   2.00271606E-04
   2.99453735E-04
   2.99453735E-04
   6.00814819E-04
   6.99996948E-04
   1.10054016E-03
   1.29985809E-03
   1.39999390E-03
   1.59931183E-03
   1.60026550E-03
   1.60026550E-03
   1.70040131E-03
   1.79958344E-03
   1.80053711E-03
   1.99985504E-03
   2.09999084E-03
   2.09999084E-03
   3.10039520E-03
   3.10039520E-03
   3.70025635E-03
   3.90052795E-03
   4.09984589E-03
   4.19998169E-03
   4.30011749E-03
   4.60052490E-03
   4.70066071E-03
   5.20038605E-03
   5.49983978E-03
   6.19983673E-03
   6.20079041E-03
   6.40010834E-03
   6.40010834E-03
   6.60037994E-03
   7.29942322E-03
   7.39955902E-03
   7.40051270E-03
   7.50064850E-03
   7.59983063E-03
   7.80010223E-03
   7.90023804E-03
   7.99942017E-03
   8.29982758E-03
   8.30078125E-03
   9.09996033E-03
   9.39941406E-03
   9.59968567E-03
   1.02996826E-02
   1.03998184E-02
   1.13000870E-02
   1.21002197E-02
   1.23996735E-02
   1.23996735E-02
   1.28002167E-02
   1.32007599E-02
   1.38998032E-02
   1.39007568E-02
   1.41000748E-02
   1.43995285E-02
   1.55992508E-02
   1.62000656E-02
   1.63002014E-02
   1.64003372E-02
   1.66006088E-02
   1.92003250E-02
   1.93996429E-02
   2.01997757E-02
   2.04000473E-02
   2.28996277E-02
   2.32000351E-02
   2.55002975E-02
   2.88000107E-02
   3.05995941E-02
   3.17001343E-02
   3.33003998E-02
   3.33995819E-02
   3.41005325E-02
   3.89995575E-02
   4.40998077E-02
   5.03997803E-02
   5.09004593E-02
   5.53007126E-02
   5.73997498E-02
   5.75008392E-02
   6.65006638E-02
   6.76002502E-02
  0.103199959    
  0.107199669    
  0.116600037    
  0.131999969    
  0.137800217    
  0.152299881    
  0.165999413    
  0.184300423    
  0.224800110    
  0.301500320    
