#Npts     Radius    Mag      Completeness
#  359  845.3331  -13.642533 0.994460
# Ierr
 -0.118800163    
  -7.57999420E-02
  -7.05003738E-02
  -4.09002304E-02
  -3.72991562E-02
  -2.72006989E-02
  -2.23999023E-02
  -2.06995010E-02
  -1.95007324E-02
  -1.63993835E-02
  -1.37996674E-02
  -1.34000778E-02
  -1.18007660E-02
  -1.17006302E-02
  -1.04007721E-02
  -1.02996826E-02
  -1.01003647E-02
  -9.69982147E-03
  -9.30023193E-03
  -8.59928131E-03
  -7.40051270E-03
  -6.79969788E-03
  -6.19983673E-03
  -5.39970398E-03
  -5.39970398E-03
  -5.29956818E-03
  -5.29956818E-03
  -5.00011444E-03
  -4.70066071E-03
  -4.50038910E-03
  -4.50038910E-03
  -4.40025330E-03
  -4.40025330E-03
  -4.30011749E-03
  -4.30011749E-03
  -3.90052795E-03
  -3.80039215E-03
  -3.70025635E-03
  -3.49998474E-03
  -3.49998474E-03
  -3.49998474E-03
  -3.30066681E-03
  -3.29971313E-03
  -3.29971313E-03
  -3.20053101E-03
  -3.20053101E-03
  -2.89916992E-03
  -2.79998779E-03
  -2.79998779E-03
  -2.79998779E-03
  -2.69985199E-03
  -2.69985199E-03
  -2.59971619E-03
  -2.59971619E-03
  -2.59971619E-03
  -2.59971619E-03
  -2.40039825E-03
  -2.39944458E-03
  -2.30026245E-03
  -2.20012665E-03
  -2.19917297E-03
  -2.09999084E-03
  -2.09999084E-03
  -2.09999084E-03
  -1.99985504E-03
  -1.90067291E-03
  -1.89971924E-03
  -1.89971924E-03
  -1.80053711E-03
  -1.70040131E-03
  -1.70040131E-03
  -1.69944763E-03
  -1.69944763E-03
  -1.60026550E-03
  -1.60026550E-03
  -1.60026550E-03
  -1.59931183E-03
  -1.50012970E-03
  -1.50012970E-03
  -1.50012970E-03
  -1.49917603E-03
  -1.39999390E-03
  -1.39999390E-03
  -1.39999390E-03
  -1.39999390E-03
  -1.29985809E-03
  -1.19972229E-03
  -1.19972229E-03
  -1.09958649E-03
  -1.09958649E-03
  -1.00040436E-03
  -1.00040436E-03
  -1.00040436E-03
  -1.00040436E-03
  -9.99450684E-04
  -9.99450684E-04
  -9.00268555E-04
  -8.99314880E-04
  -8.00132751E-04
  -8.00132751E-04
  -6.99996948E-04
  -6.00814819E-04
  -5.99861145E-04
  -5.99861145E-04
  -4.99725342E-04
  -4.00543213E-04
  -4.00543213E-04
  -3.99589539E-04
  -3.00407410E-04
  -3.00407410E-04
  -3.00407410E-04
  -2.99453735E-04
  -1.00135803E-04
  -1.00135803E-04
  -1.00135803E-04
   0.00000000    
   0.00000000    
   0.00000000    
   0.00000000    
   1.00135803E-04
   1.00135803E-04
   1.00135803E-04
   1.00135803E-04
   2.00271606E-04
   2.00271606E-04
   2.99453735E-04
   3.00407410E-04
   3.00407410E-04
   3.00407410E-04
   3.99589539E-04
   3.99589539E-04
   5.99861145E-04
   5.99861145E-04
   5.99861145E-04
   6.99996948E-04
   8.00132751E-04
   9.99450684E-04
   9.99450684E-04
   1.00040436E-03
   1.09958649E-03
   1.09958649E-03
   1.10054016E-03
   1.10054016E-03
   1.19972229E-03
   1.29985809E-03
   1.29985809E-03
   1.29985809E-03
   1.39999390E-03
   1.39999390E-03
   1.39999390E-03
   1.50012970E-03
   1.50012970E-03
   1.50012970E-03
   1.60026550E-03
   1.60026550E-03
   1.69944763E-03
   1.70040131E-03
   1.79958344E-03
   1.79958344E-03
   1.89971924E-03
   1.89971924E-03
   1.89971924E-03
   1.89971924E-03
   1.90067291E-03
   1.99985504E-03
   1.99985504E-03
   1.99985504E-03
   2.09999084E-03
   2.09999084E-03
   2.20012665E-03
   2.30026245E-03
   2.59971619E-03
   2.59971619E-03
   2.69985199E-03
   2.69985199E-03
   2.79998779E-03
   2.90012360E-03
   2.90012360E-03
   2.90012360E-03
   2.99930573E-03
   3.09944153E-03
   3.10039520E-03
   3.29971313E-03
   3.29971313E-03
   3.29971313E-03
   3.39984894E-03
   3.60012054E-03
   3.69930267E-03
   3.79943848E-03
   3.79943848E-03
   3.80039215E-03
   4.30011749E-03
   4.49943542E-03
   4.49943542E-03
   4.59957123E-03
   4.69970703E-03
   4.69970703E-03
   4.70066071E-03
   4.79984283E-03
   4.89997864E-03
   5.10025024E-03
   5.19943237E-03
   5.20038605E-03
   5.29956818E-03
   5.49983978E-03
   5.50079346E-03
   5.50079346E-03
   5.59997559E-03
   5.59997559E-03
   6.29997253E-03
   6.60037994E-03
   6.69956207E-03
   6.79969788E-03
   6.99996948E-03
   7.20024109E-03
   7.20024109E-03
   7.29942322E-03
   7.40051270E-03
   7.49969482E-03
   7.50064850E-03
   7.59983063E-03
   7.69996643E-03
   7.79914856E-03
   8.09955597E-03
   8.09955597E-03
   8.10050964E-03
   8.29982758E-03
   8.50009918E-03
   8.59928131E-03
   8.69941711E-03
   8.79955292E-03
   8.99982452E-03
   9.09996033E-03
   9.09996033E-03
   9.40036774E-03
   1.02005005E-02
   1.07002258E-02
   1.09004974E-02
   1.09004974E-02
   1.10998154E-02
   1.10998154E-02
   1.13000870E-02
   1.13992691E-02
   1.15003586E-02
   1.16996765E-02
   1.20000839E-02
   1.21002197E-02
   1.23996735E-02
   1.23996735E-02
   1.29995346E-02
   1.32999420E-02
   1.36003494E-02
   1.36995316E-02
   1.37996674E-02
   1.40991211E-02
   1.43003464E-02
   1.48000717E-02
   1.50995255E-02
   1.52997971E-02
   1.60007477E-02
   1.64995193E-02
   1.69000626E-02
   1.77001953E-02
   1.79996490E-02
   1.79996490E-02
   1.95007324E-02
   1.95999146E-02
   1.97000504E-02
   2.01005936E-02
   2.06995010E-02
   2.07004547E-02
   2.11992264E-02
   2.16999054E-02
   2.22997665E-02
   2.22997665E-02
   2.29005814E-02
   2.29997635E-02
   2.33993530E-02
   2.43997574E-02
   2.43997574E-02
   2.54993439E-02
   2.55002975E-02
   2.56996155E-02
   2.56996155E-02
   2.58998871E-02
   2.60000229E-02
   2.67000198E-02
   2.67000198E-02
   2.85005569E-02
   3.00998688E-02
   3.07998657E-02
   3.20997238E-02
   3.24001312E-02
   3.32002640E-02
   3.49006653E-02
   3.68995667E-02
   3.69005203E-02
   3.73001099E-02
   3.99999619E-02
   4.08000946E-02
   4.16994095E-02
   4.19998169E-02
   4.23002243E-02
   4.32004929E-02
   4.32004929E-02
   4.86001968E-02
   4.89997864E-02
   5.07001877E-02
   5.18999100E-02
   5.28001785E-02
   5.58996201E-02
   5.62992096E-02
   5.64002991E-02
   6.07004166E-02
   6.19001389E-02
   6.35995865E-02
   6.49003983E-02
   6.58998489E-02
   6.75992966E-02
   6.87999725E-02
   6.87999725E-02
   6.93998337E-02
   6.98995590E-02
   7.28006363E-02
   7.99007416E-02
   8.04996490E-02
   8.11996460E-02
   8.51001740E-02
   8.73003006E-02
   8.74004364E-02
   9.85002518E-02
  0.101799965    
  0.103899956    
  0.112600327    
  0.114900589    
  0.116000175    
  0.119600296    
  0.132499695    
  0.137400627    
  0.139999390    
  0.142200470    
  0.151700020    
  0.157599449    
  0.193600655    
  0.208600044    
  0.214200020    
  0.219900131    
  0.228400230    
  0.235699654    
  0.244700432    
  0.255900383    
  0.260999680    
  0.262900352    
  0.268699646    
  0.375699997    
  0.388000488    
  0.455300331    
  0.467900276    
  0.503600121    
