#Npts     Radius    Mag      Completeness
#  273  641.2872  -12.672199 0.961268
# Ierr
 -0.174700737    
  -8.79001617E-02
  -6.16998672E-02
  -5.27000427E-02
  -2.91996002E-02
  -2.88000107E-02
  -2.61001587E-02
  -2.57997513E-02
  -1.70993805E-02
  -1.70001984E-02
  -1.69000626E-02
  -1.63002014E-02
  -1.59006119E-02
  -1.49002075E-02
  -1.43003464E-02
  -1.36995316E-02
  -1.32999420E-02
  -1.14002228E-02
  -1.03006363E-02
  -1.02005005E-02
  -1.01003647E-02
  -1.00002289E-02
  -9.79995728E-03
  -9.59968567E-03
  -9.30023193E-03
  -8.90064240E-03
  -8.50009918E-03
  -8.39996338E-03
  -8.39996338E-03
  -8.19969177E-03
  -8.19969177E-03
  -8.10050964E-03
  -8.10050964E-03
  -8.10050964E-03
  -8.10050964E-03
  -7.59983063E-03
  -7.49969482E-03
  -7.30037689E-03
  -7.19928741E-03
  -6.79969788E-03
  -6.70051575E-03
  -6.50024414E-03
  -6.29997253E-03
  -6.19983673E-03
  -6.19983673E-03
  -6.09970093E-03
  -5.80024719E-03
  -5.80024719E-03
  -5.70011139E-03
  -5.49983978E-03
  -5.29956818E-03
  -5.20038605E-03
  -4.89997864E-03
  -4.79984283E-03
  -4.59957123E-03
  -4.59957123E-03
  -4.50038910E-03
  -4.40025330E-03
  -4.30011749E-03
  -4.30011749E-03
  -4.19998169E-03
  -4.19998169E-03
  -4.09984589E-03
  -4.00066376E-03
  -3.99971008E-03
  -3.80039215E-03
  -3.70025635E-03
  -3.60012054E-03
  -3.60012054E-03
  -3.60012054E-03
  -3.29971313E-03
  -2.90012360E-03
  -2.90012360E-03
  -2.79998779E-03
  -2.69985199E-03
  -2.69985199E-03
  -2.60066986E-03
  -2.29930878E-03
  -2.09999084E-03
  -1.99985504E-03
  -1.99985504E-03
  -1.90067291E-03
  -1.80053711E-03
  -1.70040131E-03
  -1.70040131E-03
  -1.69944763E-03
  -1.39999390E-03
  -1.39999390E-03
  -1.29985809E-03
  -1.10054016E-03
  -1.09958649E-03
  -9.00268555E-04
  -6.99996948E-04
  -6.99996948E-04
  -6.99996948E-04
  -6.00814819E-04
  -5.99861145E-04
  -4.99725342E-04
  -4.99725342E-04
  -4.00543213E-04
  -4.00543213E-04
  -4.00543213E-04
  -3.99589539E-04
  -2.00271606E-04
  -9.91821289E-05
   0.00000000    
   1.00135803E-04
   1.00135803E-04
   1.99317932E-04
   2.00271606E-04
   3.00407410E-04
   5.99861145E-04
   5.99861145E-04
   6.99996948E-04
   8.00132751E-04
   8.00132751E-04
   9.00268555E-04
   9.00268555E-04
   1.10054016E-03
   1.10054016E-03
   1.20067596E-03
   1.29985809E-03
   1.50012970E-03
   1.50012970E-03
   1.70040131E-03
   1.70040131E-03
   1.89971924E-03
   1.89971924E-03
   2.09999084E-03
   2.09999084E-03
   2.20012665E-03
   2.20012665E-03
   2.39944458E-03
   2.39944458E-03
   2.60066986E-03
   2.69985199E-03
   2.79998779E-03
   2.99930573E-03
   3.09944153E-03
   3.19957733E-03
   3.30066681E-03
   3.49998474E-03
   3.70025635E-03
   3.89957428E-03
   3.89957428E-03
   3.89957428E-03
   4.09984589E-03
   4.09984589E-03
   4.09984589E-03
   4.19998169E-03
   4.19998169E-03
   4.19998169E-03
   4.39929962E-03
   4.39929962E-03
   4.40025330E-03
   4.80079651E-03
   4.89997864E-03
   5.20038605E-03
   5.20038605E-03
   5.20038605E-03
   5.29956818E-03
   5.39970398E-03
   5.39970398E-03
   5.39970398E-03
   5.49983978E-03
   5.59997559E-03
   5.70011139E-03
   5.89942932E-03
   6.10065460E-03
   6.19983673E-03
   6.39915466E-03
   6.40010834E-03
   6.50024414E-03
   7.00092316E-03
   7.10010529E-03
   7.59983063E-03
   7.90023804E-03
   8.50009918E-03
   8.60023499E-03
   8.79955292E-03
   9.39941406E-03
   9.40036774E-03
   9.40036774E-03
   9.50050354E-03
   9.59968567E-03
   1.02996826E-02
   1.06000900E-02
   1.07994080E-02
   1.13992691E-02
   1.16004944E-02
   1.16996765E-02
   1.18999481E-02
   1.21002197E-02
   1.24998093E-02
   1.30996704E-02
   1.42993927E-02
   1.48000717E-02
   1.48000717E-02
   1.49993896E-02
   1.57003403E-02
   1.57003403E-02
   1.67999268E-02
   1.68008804E-02
   1.74999237E-02
   1.78003311E-02
   1.83000565E-02
   1.87997818E-02
   1.92995071E-02
   2.04000473E-02
   2.06995010E-02
   2.29997635E-02
   2.34003067E-02
   2.35996246E-02
   2.42004395E-02
   2.42996216E-02
   2.50005722E-02
   2.53000259E-02
   2.65998840E-02
   2.74991989E-02
   2.75001526E-02
   2.82001495E-02
   2.96001434E-02
   3.21006775E-02
   3.34997177E-02
   3.39002609E-02
   3.40995789E-02
   3.42006683E-02
   3.59001160E-02
   3.60994339E-02
   3.62997055E-02
   3.80001068E-02
   3.89995575E-02
   3.91998291E-02
   3.91998291E-02
   3.91998291E-02
   4.01000977E-02
   4.19006348E-02
   4.36000824E-02
   4.38003540E-02
   4.40006256E-02
   5.44004440E-02
   5.60998917E-02
   5.91001511E-02
   6.91003799E-02
   7.45000839E-02
   7.48996735E-02
   7.76996613E-02
   7.98006058E-02
   8.93001556E-02
   8.99991989E-02
   9.21001434E-02
   9.25998688E-02
   9.32006836E-02
  0.105299950    
  0.117700577    
  0.121399879    
  0.122699738    
  0.132800102    
  0.184800148    
  0.198599815    
  0.207299232    
  0.240300179    
  0.241800308    
  0.270100594    
  0.297899246    
  0.332900047    
  0.349699974    
  0.355400085    
  0.380899429    
  0.451499939    
  0.501800537    
  0.605400085    
  0.682900429    
