#Npts     Radius    Mag      Completeness
#  353 1049.3790  -13.157367 0.988796
# Ierr
  -8.12005997E-02
  -6.40001297E-02
  -4.97999191E-02
  -4.48999405E-02
  -1.22995377E-02
  -8.29982758E-03
  -7.49969482E-03
  -7.10010529E-03
  -6.99996948E-03
  -5.99956512E-03
  -5.90038300E-03
  -5.80024719E-03
  -5.40065765E-03
  -5.29956818E-03
  -5.10025024E-03
  -4.99916077E-03
  -4.89997864E-03
  -4.70066071E-03
  -4.69970703E-03
  -4.59957123E-03
  -4.30011749E-03
  -4.30011749E-03
  -4.09984589E-03
  -4.09984589E-03
  -3.99971008E-03
  -3.89957428E-03
  -3.69930267E-03
  -3.60012054E-03
  -3.60012054E-03
  -3.49998474E-03
  -3.49998474E-03
  -3.30066681E-03
  -3.29971313E-03
  -3.29971313E-03
  -3.19957733E-03
  -3.19957733E-03
  -3.09944153E-03
  -3.00025940E-03
  -3.00025940E-03
  -3.00025940E-03
  -2.90012360E-03
  -2.90012360E-03
  -2.90012360E-03
  -2.89916992E-03
  -2.79998779E-03
  -2.79998779E-03
  -2.79998779E-03
  -2.79998779E-03
  -2.79998779E-03
  -2.69985199E-03
  -2.59971619E-03
  -2.50053406E-03
  -2.49958038E-03
  -2.49958038E-03
  -2.40039825E-03
  -2.40039825E-03
  -2.39944458E-03
  -2.30026245E-03
  -2.30026245E-03
  -2.29930878E-03
  -2.20012665E-03
  -2.20012665E-03
  -2.20012665E-03
  -2.20012665E-03
  -2.09999084E-03
  -2.09999084E-03
  -1.99985504E-03
  -1.99985504E-03
  -1.90067291E-03
  -1.90067291E-03
  -1.70040131E-03
  -1.70040131E-03
  -1.69944763E-03
  -1.69944763E-03
  -1.60026550E-03
  -1.59931183E-03
  -1.50012970E-03
  -1.50012970E-03
  -1.50012970E-03
  -1.39999390E-03
  -1.39999390E-03
  -1.39999390E-03
  -1.39999390E-03
  -1.39999390E-03
  -1.39999390E-03
  -1.29985809E-03
  -1.29985809E-03
  -1.29985809E-03
  -1.29985809E-03
  -1.19972229E-03
  -1.19972229E-03
  -1.19972229E-03
  -1.10054016E-03
  -1.10054016E-03
  -1.09958649E-03
  -9.99450684E-04
  -9.00268555E-04
  -9.00268555E-04
  -9.00268555E-04
  -8.00132751E-04
  -8.00132751E-04
  -8.00132751E-04
  -6.99996948E-04
  -6.99996948E-04
  -6.99996948E-04
  -5.99861145E-04
  -5.00679016E-04
  -5.00679016E-04
  -5.00679016E-04
  -5.00679016E-04
  -4.99725342E-04
  -3.00407410E-04
  -3.00407410E-04
  -2.00271606E-04
  -2.00271606E-04
  -1.99317932E-04
  -1.99317932E-04
  -1.99317932E-04
  -1.00135803E-04
  -1.00135803E-04
  -1.00135803E-04
  -1.00135803E-04
  -9.91821289E-05
   0.00000000    
   0.00000000    
   0.00000000    
   0.00000000    
   9.91821289E-05
   1.00135803E-04
   1.00135803E-04
   1.00135803E-04
   1.00135803E-04
   1.00135803E-04
   1.00135803E-04
   1.00135803E-04
   2.00271606E-04
   2.00271606E-04
   2.99453735E-04
   2.99453735E-04
   3.00407410E-04
   3.00407410E-04
   3.99589539E-04
   3.99589539E-04
   3.99589539E-04
   4.00543213E-04
   4.99725342E-04
   5.99861145E-04
   5.99861145E-04
   6.99996948E-04
   6.99996948E-04
   6.99996948E-04
   8.00132751E-04
   8.00132751E-04
   8.00132751E-04
   8.00132751E-04
   8.00132751E-04
   8.00132751E-04
   8.00132751E-04
   8.99314880E-04
   9.00268555E-04
   9.00268555E-04
   9.00268555E-04
   9.99450684E-04
   1.00040436E-03
   1.00040436E-03
   1.09958649E-03
   1.09958649E-03
   1.19972229E-03
   1.19972229E-03
   1.29985809E-03
   1.29985809E-03
   1.29985809E-03
   1.39999390E-03
   1.50012970E-03
   1.50012970E-03
   1.59931183E-03
   1.60026550E-03
   1.60026550E-03
   1.60026550E-03
   1.70040131E-03
   1.80053711E-03
   1.89971924E-03
   1.90067291E-03
   2.09999084E-03
   2.09999084E-03
   2.30026245E-03
   2.30026245E-03
   2.30026245E-03
   2.30026245E-03
   2.39944458E-03
   2.39944458E-03
   2.40039825E-03
   2.49958038E-03
   2.49958038E-03
   2.50053406E-03
   2.59971619E-03
   2.60066986E-03
   2.60066986E-03
   2.69985199E-03
   2.90012360E-03
   2.90012360E-03
   3.00025940E-03
   3.00025940E-03
   3.29971313E-03
   3.30066681E-03
   3.39984894E-03
   3.49998474E-03
   3.69930267E-03
   3.80039215E-03
   3.89957428E-03
   3.89957428E-03
   3.99971008E-03
   3.99971008E-03
   3.99971008E-03
   4.00066376E-03
   4.09984589E-03
   4.19998169E-03
   4.19998169E-03
   4.29916382E-03
   4.39929962E-03
   4.50038910E-03
   4.59957123E-03
   4.79984283E-03
   5.00011444E-03
   5.09929657E-03
   5.10025024E-03
   5.40065765E-03
   5.49983978E-03
   5.70011139E-03
   5.80024719E-03
   5.90038300E-03
   5.99956512E-03
   6.00051880E-03
   6.40010834E-03
   7.20024109E-03
   7.29942322E-03
   7.30037689E-03
   7.49969482E-03
   7.49969482E-03
   7.59983063E-03
   7.80010223E-03
   7.80010223E-03
   7.80010223E-03
   7.80010223E-03
   7.89928436E-03
   7.90023804E-03
   8.00037384E-03
   8.09955597E-03
   8.20064545E-03
   8.29982758E-03
   8.39996338E-03
   8.50009918E-03
   8.50009918E-03
   8.59928131E-03
   8.60023499E-03
   8.80050659E-03
   8.89968872E-03
   8.89968872E-03
   9.20009613E-03
   9.20009613E-03
   9.30023193E-03
   9.39941406E-03
   9.90009308E-03
   1.01003647E-02
   1.03998184E-02
   1.03998184E-02
   1.04999542E-02
   1.05991364E-02
   1.11999512E-02
   1.14002228E-02
   1.15003586E-02
   1.16996765E-02
   1.17998123E-02
   1.18999481E-02
   1.21002197E-02
   1.25999451E-02
   1.25999451E-02
   1.27000809E-02
   1.35002136E-02
   1.36003494E-02
   1.42002106E-02
   1.42002106E-02
   1.44996643E-02
   1.45998001E-02
   1.51996613E-02
   1.52997971E-02
   1.62000656E-02
   1.69992447E-02
   1.77001953E-02
   1.78003311E-02
   1.83000565E-02
   1.85003281E-02
   1.87005997E-02
   1.93996429E-02
   1.95007324E-02
   2.00996399E-02
   2.06995010E-02
   2.07996368E-02
   2.08997726E-02
   2.12001801E-02
   2.19001770E-02
   2.20994949E-02
   2.26001740E-02
   2.30998993E-02
   2.33001709E-02
   2.34003067E-02
   2.36997604E-02
   2.42004395E-02
   2.46000290E-02
   2.50997543E-02
   2.71005630E-02
   2.75001526E-02
   3.11002731E-02
   3.11994553E-02
   3.36999893E-02
   3.52001190E-02
   3.54995728E-02
   3.76005173E-02
   3.82995605E-02
   3.90005112E-02
   3.97005081E-02
   4.34999466E-02
   4.62999344E-02
   4.64000702E-02
   4.76999283E-02
   5.14001846E-02
   5.32999039E-02
   5.37996292E-02
   5.78994751E-02
   5.93996048E-02
   8.26997757E-02
   8.27999115E-02
   8.45003128E-02
   9.01002884E-02
   9.24997330E-02
   9.82007980E-02
  0.104800224    
  0.112899780    
  0.139499664    
  0.140099525    
  0.159600258    
  0.179100037    
  0.230600357    
  0.231200218    
  0.234799385    
  0.264900208    
  0.280200005    
  0.301799774    
  0.353300095    
  0.354700089    
  0.448400497    
  0.513199806    
  0.526200294    
