#Npts     Radius    Mag      Completeness
#  163 1865.5626  -14.766200 1.000000
# Ierr
  -2.28996277E-02
  -1.86996460E-02
  -1.58004761E-02
  -1.55000687E-02
  -1.28002167E-02
  -1.24998093E-02
  -1.24998093E-02
  -1.09004974E-02
  -1.07002258E-02
  -1.06992722E-02
  -1.06000900E-02
  -9.69982147E-03
  -9.59968567E-03
  -9.09996033E-03
  -8.60023499E-03
  -8.60023499E-03
  -8.00037384E-03
  -7.90023804E-03
  -7.90023804E-03
  -7.80010223E-03
  -7.59983063E-03
  -7.49969482E-03
  -7.30037689E-03
  -7.30037689E-03
  -7.20024109E-03
  -6.79969788E-03
  -6.69956207E-03
  -6.60037994E-03
  -6.49929047E-03
  -6.29997253E-03
  -6.29997253E-03
  -6.09970093E-03
  -5.89942932E-03
  -5.80024719E-03
  -5.80024719E-03
  -5.70011139E-03
  -5.49983978E-03
  -5.49983978E-03
  -5.39970398E-03
  -5.39970398E-03
  -5.30052185E-03
  -4.79984283E-03
  -4.70066071E-03
  -4.59957123E-03
  -4.49943542E-03
  -4.30011749E-03
  -4.19998169E-03
  -4.09984589E-03
  -3.90052795E-03
  -3.90052795E-03
  -3.70025635E-03
  -3.70025635E-03
  -3.39984894E-03
  -3.19957733E-03
  -3.10039520E-03
  -3.10039520E-03
  -3.10039520E-03
  -3.00025940E-03
  -2.69985199E-03
  -2.60066986E-03
  -2.50053406E-03
  -2.40039825E-03
  -2.40039825E-03
  -2.39944458E-03
  -2.30026245E-03
  -2.30026245E-03
  -2.30026245E-03
  -2.29930878E-03
  -2.20012665E-03
  -2.09999084E-03
  -2.09999084E-03
  -2.00080872E-03
  -1.89971924E-03
  -1.70040131E-03
  -1.50012970E-03
  -1.50012970E-03
  -1.39999390E-03
  -1.29985809E-03
  -1.29985809E-03
  -1.19972229E-03
  -9.99450684E-04
  -9.99450684E-04
  -5.99861145E-04
  -4.99725342E-04
  -2.99453735E-04
  -2.99453735E-04
  -2.99453735E-04
  -1.99317932E-04
  -1.00135803E-04
  -9.91821289E-05
   2.99453735E-04
   5.99861145E-04
   5.99861145E-04
   8.00132751E-04
   8.00132751E-04
   8.00132751E-04
   9.00268555E-04
   1.00040436E-03
   1.10054016E-03
   1.20067596E-03
   1.29985809E-03
   1.59931183E-03
   1.99985504E-03
   1.99985504E-03
   2.30026245E-03
   2.40039825E-03
   2.79998779E-03
   2.90012360E-03
   2.90012360E-03
   2.90012360E-03
   3.00025940E-03
   3.19957733E-03
   3.29971313E-03
   3.29971313E-03
   3.39984894E-03
   3.40080261E-03
   3.40080261E-03
   3.49998474E-03
   3.60012054E-03
   3.99971008E-03
   4.09984589E-03
   4.19998169E-03
   4.30011749E-03
   4.39929962E-03
   4.40025330E-03
   4.50038910E-03
   4.89997864E-03
   5.09929657E-03
   5.19943237E-03
   5.39970398E-03
   5.89942932E-03
   5.90038300E-03
   6.39915466E-03
   6.40010834E-03
   6.60037994E-03
   6.70051575E-03
   7.29942322E-03
   7.39955902E-03
   7.50064850E-03
   7.59983063E-03
   7.80010223E-03
   8.19969177E-03
   8.19969177E-03
   8.29982758E-03
   8.79955292E-03
   8.89968872E-03
   8.90064240E-03
   9.69982147E-03
   9.79995728E-03
   1.00002289E-02
   1.02996826E-02
   1.21002197E-02
   1.22995377E-02
   1.35993958E-02
   2.06003189E-02
   2.52008438E-02
   2.82993317E-02
   4.75997925E-02
   6.90994263E-02
   9.23995972E-02
  0.111199379    
  0.128199577    
  0.236599922    
