#Npts     Radius    Mag      Completeness
#  471 1457.4708  -11.216700 0.967146
# Ierr
 -0.268699646    
 -0.212400436    
 -0.185999870    
 -0.129799843    
 -0.118399620    
 -0.103300095    
  -9.74998474E-02
  -7.55996704E-02
  -6.48002625E-02
  -6.37006760E-02
  -5.99002838E-02
  -5.65996170E-02
  -5.44004440E-02
  -5.16996384E-02
  -5.08003235E-02
  -4.90007401E-02
  -4.82997894E-02
  -4.71000671E-02
  -4.61997986E-02
  -4.57000732E-02
  -4.51002121E-02
  -4.39996719E-02
  -4.30002213E-02
  -4.10995483E-02
  -3.76005173E-02
  -3.66001129E-02
  -3.52001190E-02
  -3.40003967E-02
  -3.36999893E-02
  -2.91004181E-02
  -2.84004211E-02
  -2.82001495E-02
  -2.75001526E-02
  -2.64997482E-02
  -2.64997482E-02
  -2.57997513E-02
  -2.57005692E-02
  -2.54001617E-02
  -2.50997543E-02
  -2.48003006E-02
  -2.47993469E-02
  -2.47001648E-02
  -2.41003036E-02
  -2.37998962E-02
  -2.36997604E-02
  -2.33001709E-02
  -2.27003098E-02
  -2.22997665E-02
  -2.19993591E-02
  -2.12993622E-02
  -2.12001801E-02
  -2.08997726E-02
  -2.02999115E-02
  -2.02007294E-02
  -2.01005936E-02
  -2.00996399E-02
  -1.94997787E-02
  -1.93004608E-02
  -1.88999176E-02
  -1.87997818E-02
  -1.83000565E-02
  -1.83000565E-02
  -1.81999207E-02
  -1.74999237E-02
  -1.74007416E-02
  -1.71995163E-02
  -1.63993835E-02
  -1.62000656E-02
  -1.56002045E-02
  -1.53007507E-02
  -1.50003433E-02
  -1.48000717E-02
  -1.45998001E-02
  -1.45998001E-02
  -1.41000748E-02
  -1.38006210E-02
  -1.35002136E-02
  -1.34992599E-02
  -1.34000778E-02
  -1.31006241E-02
  -1.30004883E-02
  -1.28002167E-02
  -1.17998123E-02
  -1.17998123E-02
  -1.17998123E-02
  -1.17006302E-02
  -1.15995407E-02
  -1.13000870E-02
  -1.13000870E-02
  -1.12991333E-02
  -1.11999512E-02
  -1.11007690E-02
  -1.09996796E-02
  -1.09004974E-02
  -1.09004974E-02
  -1.07002258E-02
  -1.07002258E-02
  -1.06000900E-02
  -1.04999542E-02
  -1.03006363E-02
  -1.02996826E-02
  -1.02996826E-02
  -1.02996826E-02
  -1.01995468E-02
  -9.99927521E-03
  -9.90009308E-03
  -9.79995728E-03
  -9.79995728E-03
  -9.69982147E-03
  -9.69982147E-03
  -9.59968567E-03
  -9.20009613E-03
  -8.80050659E-03
  -8.80050659E-03
  -8.59928131E-03
  -8.40091705E-03
  -8.39996338E-03
  -8.20064545E-03
  -8.09955597E-03
  -7.80010223E-03
  -7.69996643E-03
  -7.59983063E-03
  -7.59983063E-03
  -7.29942322E-03
  -7.20024109E-03
  -7.20024109E-03
  -6.99996948E-03
  -6.89983368E-03
  -6.80065155E-03
  -6.69956207E-03
  -6.69956207E-03
  -6.60037994E-03
  -6.60037994E-03
  -6.50024414E-03
  -6.39915466E-03
  -6.29997253E-03
  -6.29997253E-03
  -6.29997253E-03
  -6.20079041E-03
  -6.20079041E-03
  -6.19983673E-03
  -6.19983673E-03
  -6.10065460E-03
  -6.10065460E-03
  -6.10065460E-03
  -6.10065460E-03
  -6.00051880E-03
  -5.89942932E-03
  -5.80024719E-03
  -5.79929352E-03
  -5.69915771E-03
  -5.59997559E-03
  -5.59997559E-03
  -5.39970398E-03
  -5.39970398E-03
  -5.39970398E-03
  -5.20038605E-03
  -5.19943237E-03
  -5.10025024E-03
  -5.10025024E-03
  -5.00011444E-03
  -5.00011444E-03
  -4.89997864E-03
  -4.80079651E-03
  -4.79984283E-03
  -4.79984283E-03
  -4.79984283E-03
  -4.70066071E-03
  -4.69970703E-03
  -4.59957123E-03
  -4.49943542E-03
  -4.40025330E-03
  -4.39929962E-03
  -4.30011749E-03
  -4.30011749E-03
  -4.19998169E-03
  -4.09984589E-03
  -4.00066376E-03
  -3.90052795E-03
  -3.90052795E-03
  -3.89957428E-03
  -3.80039215E-03
  -3.79943848E-03
  -3.70025635E-03
  -3.70025635E-03
  -3.60012054E-03
  -3.49998474E-03
  -3.49998474E-03
  -3.39984894E-03
  -3.39984894E-03
  -3.29971313E-03
  -3.20053101E-03
  -3.20053101E-03
  -3.10039520E-03
  -2.89916992E-03
  -2.79998779E-03
  -2.79998779E-03
  -2.69985199E-03
  -2.69985199E-03
  -2.59971619E-03
  -2.59971619E-03
  -2.49958038E-03
  -2.39944458E-03
  -2.30026245E-03
  -2.30026245E-03
  -2.30026245E-03
  -2.30026245E-03
  -2.09999084E-03
  -2.09999084E-03
  -2.00080872E-03
  -2.00080872E-03
  -1.99985504E-03
  -1.99985504E-03
  -1.99985504E-03
  -1.99985504E-03
  -1.89971924E-03
  -1.80053711E-03
  -1.79958344E-03
  -1.79958344E-03
  -1.70040131E-03
  -1.70040131E-03
  -1.50012970E-03
  -1.39999390E-03
  -1.20067596E-03
  -1.19972229E-03
  -1.19972229E-03
  -1.09958649E-03
  -1.00040436E-03
  -1.00040436E-03
  -1.00040436E-03
  -8.00132751E-04
  -8.00132751E-04
  -8.00132751E-04
  -8.00132751E-04
  -6.99996948E-04
  -6.99996948E-04
  -6.99996948E-04
  -6.99996948E-04
  -6.99996948E-04
  -6.00814819E-04
  -5.99861145E-04
  -5.99861145E-04
  -4.99725342E-04
  -4.99725342E-04
  -4.99725342E-04
  -4.00543213E-04
  -4.00543213E-04
  -2.00271606E-04
  -1.00135803E-04
   0.00000000    
   0.00000000    
   1.00135803E-04
   1.00135803E-04
   1.00135803E-04
   1.00135803E-04
   1.99317932E-04
   2.00271606E-04
   2.00271606E-04
   2.00271606E-04
   2.00271606E-04
   3.99589539E-04
   4.99725342E-04
   4.99725342E-04
   4.99725342E-04
   4.99725342E-04
   5.99861145E-04
   5.99861145E-04
   5.99861145E-04
   7.99179077E-04
   7.99179077E-04
   8.00132751E-04
   8.99314880E-04
   9.00268555E-04
   1.00040436E-03
   1.09958649E-03
   1.09958649E-03
   1.19972229E-03
   1.19972229E-03
   1.19972229E-03
   1.29985809E-03
   1.50012970E-03
   1.59931183E-03
   1.60026550E-03
   1.60026550E-03
   1.70040131E-03
   1.79958344E-03
   1.79958344E-03
   1.89971924E-03
   1.99985504E-03
   2.09999084E-03
   2.09999084E-03
   2.30026245E-03
   2.30026245E-03
   2.39944458E-03
   2.40039825E-03
   2.49958038E-03
   2.50053406E-03
   2.50053406E-03
   2.59971619E-03
   2.59971619E-03
   2.69985199E-03
   2.69985199E-03
   2.69985199E-03
   2.70080566E-03
   2.79998779E-03
   2.90012360E-03
   3.00025940E-03
   3.10039520E-03
   3.19957733E-03
   3.20053101E-03
   3.29971313E-03
   3.40080261E-03
   3.49998474E-03
   3.49998474E-03
   3.49998474E-03
   3.70025635E-03
   3.79943848E-03
   3.80039215E-03
   3.99971008E-03
   3.99971008E-03
   4.00066376E-03
   4.09984589E-03
   4.30011749E-03
   4.40025330E-03
   4.49943542E-03
   5.09929657E-03
   5.10025024E-03
   5.10025024E-03
   5.20038605E-03
   5.29956818E-03
   5.30052185E-03
   5.39970398E-03
   5.40065765E-03
   5.59997559E-03
   5.59997559E-03
   5.70011139E-03
   5.70011139E-03
   5.70011139E-03
   5.70011139E-03
   5.80024719E-03
   5.89942932E-03
   5.89942932E-03
   5.99956512E-03
   6.00051880E-03
   6.09970093E-03
   6.09970093E-03
   6.10065460E-03
   6.19983673E-03
   6.29997253E-03
   6.29997253E-03
   6.29997253E-03
   6.40010834E-03
   6.60037994E-03
   6.60037994E-03
   6.69956207E-03
   6.79969788E-03
   6.80065155E-03
   6.89983368E-03
   6.89983368E-03
   6.99996948E-03
   6.99996948E-03
   6.99996948E-03
   6.99996948E-03
   7.10010529E-03
   7.59983063E-03
   7.60078430E-03
   7.99942017E-03
   8.10050964E-03
   8.29982758E-03
   8.39996338E-03
   8.39996338E-03
   8.50009918E-03
   8.60023499E-03
   8.69941711E-03
   8.70037079E-03
   8.89968872E-03
   8.89968872E-03
   9.09996033E-03
   9.69982147E-03
   9.90009308E-03
   1.00002289E-02
   1.06000900E-02
   1.09996796E-02
   1.11999512E-02
   1.12009048E-02
   1.21002197E-02
   1.22003555E-02
   1.22003555E-02
   1.23996735E-02
   1.23996735E-02
   1.25999451E-02
   1.25999451E-02
   1.30996704E-02
   1.31006241E-02
   1.32007599E-02
   1.34000778E-02
   1.39999390E-02
   1.46999359E-02
   1.48000717E-02
   1.50003433E-02
   1.57003403E-02
   1.57003403E-02
   1.63002014E-02
   1.70001984E-02
   1.71003342E-02
   1.72004700E-02
   1.84001923E-02
   1.94005966E-02
   1.94997787E-02
   2.04000473E-02
   2.05001831E-02
   2.18000412E-02
   2.32000351E-02
   2.33001709E-02
   2.34003067E-02
   2.49004364E-02
   2.51998901E-02
   2.54993439E-02
   2.58007050E-02
   2.61001587E-02
   2.64997482E-02
   2.79006958E-02
   2.84004211E-02
   2.84004211E-02
   2.96993256E-02
   2.99997330E-02
   3.00006866E-02
   3.06997299E-02
   3.12995911E-02
   3.18002701E-02
   3.22999954E-02
   3.36999893E-02
   3.60994339E-02
   3.73001099E-02
   4.12006378E-02
   4.13999557E-02
   4.18004990E-02
   4.26998138E-02
   4.36000824E-02
   4.62999344E-02
   4.68006134E-02
   4.86993790E-02
   5.00993729E-02
   5.10997772E-02
   5.31997681E-02
   5.71994781E-02
   5.73997498E-02
   5.87005615E-02
   6.43997192E-02
   6.56003952E-02
   7.31992722E-02
   7.58008957E-02
   8.01000595E-02
   8.38003159E-02
   8.67004395E-02
   9.06000137E-02
   9.23995972E-02
   9.29002762E-02
   9.31005478E-02
  0.104699135    
  0.108600616    
  0.213799477    
  0.244999886    
  0.248000145    
  0.254200935    
  0.385300636    
  0.393500328    
  0.484100342    
  0.571399689    
  0.709399223    
  0.745400429    
