#Npts     Radius    Mag      Completeness
#  193  845.3331  -14.340533 0.979695
# Ierr
 -0.472499847    
  -8.23001862E-02
  -4.24995422E-02
  -4.16002274E-02
  -3.53994370E-02
  -2.18000412E-02
  -2.05001831E-02
  -1.84993744E-02
  -1.83992386E-02
  -1.48000717E-02
  -1.46999359E-02
  -1.46007538E-02
  -1.36003494E-02
  -1.32999420E-02
  -1.30996704E-02
  -1.22995377E-02
  -1.22995377E-02
  -1.22003555E-02
  -1.21994019E-02
  -1.14002228E-02
  -1.13000870E-02
  -1.10006332E-02
  -1.09996796E-02
  -1.07994080E-02
  -1.02996826E-02
  -1.02996826E-02
  -1.01995468E-02
  -9.99927521E-03
  -9.69982147E-03
  -9.20009613E-03
  -8.79955292E-03
  -8.70037079E-03
  -8.60023499E-03
  -8.50009918E-03
  -8.20064545E-03
  -8.10050964E-03
  -8.00037384E-03
  -7.90023804E-03
  -7.80010223E-03
  -7.40051270E-03
  -7.39955902E-03
  -7.29942322E-03
  -7.20024109E-03
  -6.99996948E-03
  -6.89983368E-03
  -6.89983368E-03
  -6.80065155E-03
  -6.49929047E-03
  -6.29997253E-03
  -6.09970093E-03
  -6.00051880E-03
  -5.80024719E-03
  -5.59997559E-03
  -5.40065765E-03
  -5.39970398E-03
  -5.20038605E-03
  -4.89997864E-03
  -4.40025330E-03
  -4.09984589E-03
  -3.99971008E-03
  -3.49998474E-03
  -3.19957733E-03
  -2.90012360E-03
  -2.79998779E-03
  -2.60066986E-03
  -2.39944458E-03
  -1.99985504E-03
  -1.70040131E-03
  -1.69944763E-03
  -1.09958649E-03
  -8.00132751E-04
  -6.99996948E-04
  -5.00679016E-04
  -3.99589539E-04
  -1.00135803E-04
   1.00135803E-04
   3.99589539E-04
   4.99725342E-04
   4.99725342E-04
   8.00132751E-04
   9.99450684E-04
   1.09958649E-03
   1.10054016E-03
   1.80053711E-03
   2.49958038E-03
   2.69985199E-03
   2.69985199E-03
   3.09944153E-03
   3.19957733E-03
   3.29971313E-03
   3.29971313E-03
   3.30066681E-03
   3.39984894E-03
   3.90052795E-03
   4.19998169E-03
   4.29916382E-03
   4.29916382E-03
   4.30011749E-03
   4.49943542E-03
   4.69970703E-03
   4.70066071E-03
   4.89997864E-03
   4.99916077E-03
   5.19943237E-03
   5.29956818E-03
   5.49983978E-03
   6.09970093E-03
   6.40010834E-03
   6.59942627E-03
   6.99996948E-03
   6.99996948E-03
   7.09915161E-03
   7.20024109E-03
   7.29942322E-03
   7.59983063E-03
   8.59928131E-03
   8.89968872E-03
   9.30023193E-03
   1.00002289E-02
   1.01995468E-02
   1.06000900E-02
   1.09004974E-02
   1.10998154E-02
   1.13000870E-02
   1.14002228E-02
   1.17998123E-02
   1.18007660E-02
   1.18999481E-02
   1.18999481E-02
   1.20000839E-02
   1.22995377E-02
   1.23996735E-02
   1.27000809E-02
   1.29995346E-02
   1.31998062E-02
   1.34000778E-02
   1.36995316E-02
   1.39999390E-02
   1.50995255E-02
   1.51996613E-02
   1.55992508E-02
   1.57995224E-02
   1.67999268E-02
   1.72004700E-02
   1.76000595E-02
   1.80997849E-02
   1.83000565E-02
   1.84001923E-02
   1.92003250E-02
   1.94997787E-02
   2.07004547E-02
   2.15997696E-02
   2.20003128E-02
   2.41994858E-02
   2.43997574E-02
   2.56996155E-02
   2.64997482E-02
   2.66008377E-02
   2.68993378E-02
   3.05995941E-02
   3.33003998E-02
   3.37991714E-02
   3.39002609E-02
   4.10003662E-02
   4.17995453E-02
   4.66995239E-02
   4.92000580E-02
   5.53998947E-02
   5.57003021E-02
   5.59005737E-02
   5.81998825E-02
   6.02998734E-02
   6.09998703E-02
   6.37006760E-02
   6.54993057E-02
   6.72006607E-02
   6.89001083E-02
   7.22007751E-02
   7.83004761E-02
   8.20999146E-02
   8.25004578E-02
   8.93001556E-02
   9.49993134E-02
  0.117400169    
  0.154399872    
  0.171400070    
  0.240399361    
  0.331800461    
  0.385399818    
  0.432299614    
  0.480700493    
  0.531599998    
  0.531999588    
