#Npts     Radius    Mag      Completeness
#  425 1457.4708  -11.701866 0.983796
# Ierr
 -0.371500015    
 -0.204400063    
 -0.186699867    
 -0.173500061    
 -0.169099808    
 -0.119500160    
 -0.106499672    
  -8.78000259E-02
  -7.53002167E-02
  -7.34996796E-02
  -7.19995499E-02
  -5.02004623E-02
  -4.96997833E-02
  -4.59003448E-02
  -4.46004868E-02
  -4.32996750E-02
  -4.26006317E-02
  -3.34997177E-02
  -3.22008133E-02
  -3.02000046E-02
  -2.49004364E-02
  -2.46000290E-02
  -2.19993591E-02
  -2.07996368E-02
  -2.07996368E-02
  -2.06003189E-02
  -1.90000534E-02
  -1.79996490E-02
  -1.74999237E-02
  -1.73997879E-02
  -1.65004730E-02
  -1.37996674E-02
  -1.31998062E-02
  -1.29003525E-02
  -1.25999451E-02
  -1.25007629E-02
  -1.25007629E-02
  -1.24998093E-02
  -1.24998093E-02
  -1.21002197E-02
  -1.21002197E-02
  -1.15995407E-02
  -1.13000870E-02
  -1.10998154E-02
  -1.09004974E-02
  -1.06992722E-02
  -1.06000900E-02
  -1.06000900E-02
  -1.04999542E-02
  -1.04999542E-02
  -1.04007721E-02
  -1.04007721E-02
  -1.01995468E-02
  -9.90009308E-03
  -9.79995728E-03
  -9.30023193E-03
  -9.19914246E-03
  -9.09996033E-03
  -9.00077820E-03
  -8.39996338E-03
  -8.39996338E-03
  -8.19969177E-03
  -8.19969177E-03
  -8.09955597E-03
  -7.90023804E-03
  -7.50064850E-03
  -7.50064850E-03
  -7.49969482E-03
  -7.39955902E-03
  -7.29942322E-03
  -7.10010529E-03
  -7.10010529E-03
  -6.99996948E-03
  -6.89983368E-03
  -6.79969788E-03
  -6.79969788E-03
  -6.70051575E-03
  -6.59942627E-03
  -6.40010834E-03
  -6.29997253E-03
  -6.29997253E-03
  -6.20079041E-03
  -6.19983673E-03
  -5.90038300E-03
  -5.80024719E-03
  -5.80024719E-03
  -5.80024719E-03
  -5.80024719E-03
  -5.70011139E-03
  -5.59997559E-03
  -5.49983978E-03
  -5.39970398E-03
  -5.29956818E-03
  -5.20038605E-03
  -5.19943237E-03
  -5.00011444E-03
  -5.00011444E-03
  -4.89997864E-03
  -4.89997864E-03
  -4.89997864E-03
  -4.79984283E-03
  -4.70066071E-03
  -4.69970703E-03
  -4.59957123E-03
  -4.59957123E-03
  -4.59957123E-03
  -4.50038910E-03
  -4.30011749E-03
  -4.29916382E-03
  -4.19998169E-03
  -4.19998169E-03
  -4.10079956E-03
  -4.09984589E-03
  -3.99971008E-03
  -3.89957428E-03
  -3.80039215E-03
  -3.80039215E-03
  -3.70025635E-03
  -3.70025635E-03
  -3.70025635E-03
  -3.70025635E-03
  -3.60012054E-03
  -3.60012054E-03
  -3.60012054E-03
  -3.60012054E-03
  -3.49998474E-03
  -3.40080261E-03
  -3.39984894E-03
  -3.29971313E-03
  -3.20053101E-03
  -3.20053101E-03
  -3.20053101E-03
  -2.90012360E-03
  -2.90012360E-03
  -2.90012360E-03
  -2.90012360E-03
  -2.89916992E-03
  -2.79998779E-03
  -2.79998779E-03
  -2.70080566E-03
  -2.69985199E-03
  -2.69985199E-03
  -2.60066986E-03
  -2.59971619E-03
  -2.59971619E-03
  -2.50053406E-03
  -2.49958038E-03
  -2.39944458E-03
  -2.30026245E-03
  -2.29930878E-03
  -2.29930878E-03
  -2.20012665E-03
  -2.20012665E-03
  -2.09999084E-03
  -2.09999084E-03
  -1.80053711E-03
  -1.79958344E-03
  -1.70040131E-03
  -1.70040131E-03
  -1.69944763E-03
  -1.69944763E-03
  -1.50012970E-03
  -1.50012970E-03
  -1.49917603E-03
  -1.40094757E-03
  -1.39999390E-03
  -1.39999390E-03
  -1.39999390E-03
  -1.39999390E-03
  -1.39999390E-03
  -1.29985809E-03
  -1.29985809E-03
  -1.29985809E-03
  -1.20067596E-03
  -1.19972229E-03
  -1.19972229E-03
  -1.10054016E-03
  -1.10054016E-03
  -1.09958649E-03
  -1.00040436E-03
  -1.00040436E-03
  -8.99314880E-04
  -8.99314880E-04
  -8.00132751E-04
  -8.00132751E-04
  -7.99179077E-04
  -6.99996948E-04
  -6.99996948E-04
  -6.99996948E-04
  -6.99996948E-04
  -5.99861145E-04
  -5.99861145E-04
  -5.99861145E-04
  -4.99725342E-04
  -4.99725342E-04
  -4.99725342E-04
  -4.99725342E-04
  -3.99589539E-04
  -3.99589539E-04
  -2.00271606E-04
  -1.99317932E-04
  -1.00135803E-04
  -1.00135803E-04
  -9.91821289E-05
   0.00000000    
   0.00000000    
   0.00000000    
   0.00000000    
   1.00135803E-04
   2.99453735E-04
   2.99453735E-04
   3.99589539E-04
   3.99589539E-04
   4.00543213E-04
   4.99725342E-04
   5.99861145E-04
   5.99861145E-04
   6.00814819E-04
   6.00814819E-04
   8.00132751E-04
   8.00132751E-04
   9.99450684E-04
   9.99450684E-04
   1.00040436E-03
   1.09958649E-03
   1.10054016E-03
   1.10054016E-03
   1.29985809E-03
   1.29985809E-03
   1.39999390E-03
   1.39999390E-03
   1.39999390E-03
   1.49917603E-03
   1.50012970E-03
   1.50012970E-03
   1.60026550E-03
   1.60026550E-03
   1.70040131E-03
   1.79958344E-03
   1.80053711E-03
   1.80053711E-03
   1.99985504E-03
   2.09999084E-03
   2.20012665E-03
   2.20012665E-03
   2.30026245E-03
   2.30026245E-03
   2.40039825E-03
   2.49958038E-03
   2.49958038E-03
   2.50053406E-03
   2.50053406E-03
   2.59971619E-03
   2.60066986E-03
   2.60066986E-03
   2.90012360E-03
   2.90012360E-03
   2.90012360E-03
   3.00025940E-03
   3.09944153E-03
   3.20053101E-03
   3.20053101E-03
   3.20053101E-03
   3.39984894E-03
   3.39984894E-03
   3.40080261E-03
   3.40080261E-03
   3.40080261E-03
   3.49998474E-03
   3.60012054E-03
   3.70025635E-03
   3.70025635E-03
   3.80039215E-03
   3.89957428E-03
   3.99971008E-03
   4.00066376E-03
   4.00066376E-03
   4.09984589E-03
   4.09984589E-03
   4.10079956E-03
   4.19998169E-03
   4.19998169E-03
   4.19998169E-03
   4.30011749E-03
   4.30011749E-03
   4.39929962E-03
   4.40025330E-03
   4.60052490E-03
   4.70066071E-03
   4.79984283E-03
   4.79984283E-03
   4.89997864E-03
   4.99916077E-03
   5.00011444E-03
   5.00011444E-03
   5.10025024E-03
   5.29956818E-03
   5.39970398E-03
   5.59997559E-03
   5.59997559E-03
   5.80024719E-03
   5.89942932E-03
   5.90038300E-03
   5.90038300E-03
   5.90038300E-03
   6.09970093E-03
   6.10065460E-03
   6.10065460E-03
   6.29997253E-03
   6.29997253E-03
   6.29997253E-03
   6.59942627E-03
   6.59942627E-03
   6.60037994E-03
   6.69956207E-03
   6.70051575E-03
   6.79969788E-03
   6.89983368E-03
   6.89983368E-03
   6.89983368E-03
   7.10010529E-03
   7.20024109E-03
   7.69996643E-03
   8.10050964E-03
   8.39996338E-03
   8.69941711E-03
   8.70037079E-03
   8.80050659E-03
   8.90064240E-03
   8.99982452E-03
   8.99982452E-03
   9.09996033E-03
   9.09996033E-03
   9.30023193E-03
   9.50050354E-03
   9.50050354E-03
   9.90009308E-03
   1.02996826E-02
   1.02996826E-02
   1.02996826E-02
   1.04999542E-02
   1.06000900E-02
   1.06000900E-02
   1.07994080E-02
   1.08003616E-02
   1.10998154E-02
   1.22003555E-02
   1.25999451E-02
   1.28002167E-02
   1.29003525E-02
   1.32007599E-02
   1.35002136E-02
   1.36003494E-02
   1.36995316E-02
   1.37004852E-02
   1.38006210E-02
   1.39999390E-02
   1.43003464E-02
   1.50995255E-02
   1.52997971E-02
   1.53999329E-02
   1.55992508E-02
   1.57995224E-02
   1.57995224E-02
   1.67999268E-02
   1.71995163E-02
   1.77001953E-02
   1.80997849E-02
   1.93996429E-02
   1.94997787E-02
   1.94997787E-02
   1.95999146E-02
   1.95999146E-02
   1.99003220E-02
   2.02007294E-02
   2.09999084E-02
   2.14996338E-02
   2.19001770E-02
   2.29997635E-02
   2.30007172E-02
   2.43997574E-02
   2.46000290E-02
   2.51007080E-02
   2.53000259E-02
   2.56996155E-02
   2.60000229E-02
   2.62002945E-02
   2.75001526E-02
   2.95000076E-02
   2.98004150E-02
   3.02000046E-02
   3.29008102E-02
   3.39002609E-02
   3.41997147E-02
   3.43999863E-02
   3.48005295E-02
   3.61995697E-02
   3.71999741E-02
   3.84998322E-02
   4.09002304E-02
   4.30002213E-02
   4.36000824E-02
   4.52003479E-02
   4.59995270E-02
   4.71000671E-02
   5.31005859E-02
   5.48000336E-02
   5.60998917E-02
   5.72996140E-02
   5.81998825E-02
   6.22005463E-02
   7.40003586E-02
   8.37001801E-02
   9.30004120E-02
  0.130599976    
  0.134699821    
  0.140000343    
  0.191499710    
  0.208399773    
  0.248800278    
  0.262899399    
  0.319299698    
  0.366200447    
  0.439999580    
  0.475999832    
