#Npts     Radius    Mag      Completeness
#  184 1865.5626  -14.340533 0.989247
# Ierr
  -2.25000381E-02
  -2.08997726E-02
  -2.06003189E-02
  -2.02999115E-02
  -1.72996521E-02
  -1.69000626E-02
  -1.66997910E-02
  -1.58004761E-02
  -1.45998001E-02
  -1.33008957E-02
  -1.25999451E-02
  -1.10998154E-02
  -1.10006332E-02
  -1.08003616E-02
  -1.07002258E-02
  -1.04999542E-02
  -1.01995468E-02
  -9.30023193E-03
  -8.70037079E-03
  -8.39996338E-03
  -8.19969177E-03
  -8.09955597E-03
  -8.00037384E-03
  -8.00037384E-03
  -8.00037384E-03
  -7.99942017E-03
  -7.90023804E-03
  -7.80010223E-03
  -7.59983063E-03
  -7.10010529E-03
  -6.99996948E-03
  -6.79969788E-03
  -6.70051575E-03
  -6.60037994E-03
  -6.19983673E-03
  -6.10065460E-03
  -5.90038300E-03
  -5.70011139E-03
  -5.70011139E-03
  -5.59997559E-03
  -5.59997559E-03
  -5.39970398E-03
  -5.20038605E-03
  -5.09929657E-03
  -4.69970703E-03
  -4.69970703E-03
  -4.59957123E-03
  -4.59957123E-03
  -4.49943542E-03
  -4.49943542E-03
  -4.30011749E-03
  -4.30011749E-03
  -3.49998474E-03
  -3.30066681E-03
  -3.30066681E-03
  -3.20053101E-03
  -3.19957733E-03
  -3.10039520E-03
  -2.99930573E-03
  -2.69985199E-03
  -2.59971619E-03
  -2.50053406E-03
  -2.40039825E-03
  -2.20012665E-03
  -2.20012665E-03
  -2.20012665E-03
  -2.09999084E-03
  -1.99985504E-03
  -1.60026550E-03
  -1.30081177E-03
  -1.29985809E-03
  -9.99450684E-04
  -9.99450684E-04
  -9.99450684E-04
  -9.00268555E-04
  -9.00268555E-04
  -9.00268555E-04
  -9.00268555E-04
  -5.00679016E-04
  -3.99589539E-04
  -2.99453735E-04
  -1.99317932E-04
  -1.00135803E-04
  -1.00135803E-04
  -1.00135803E-04
   0.00000000    
   2.00271606E-04
   2.00271606E-04
   2.00271606E-04
   2.00271606E-04
   3.00407410E-04
   3.99589539E-04
   4.00543213E-04
   5.99861145E-04
   8.99314880E-04
   9.99450684E-04
   1.39999390E-03
   1.60026550E-03
   1.99985504E-03
   2.09999084E-03
   2.09999084E-03
   2.50053406E-03
   2.59971619E-03
   2.69985199E-03
   2.79998779E-03
   2.90012360E-03
   2.90012360E-03
   2.99930573E-03
   3.09944153E-03
   3.19957733E-03
   3.29971313E-03
   3.49998474E-03
   3.60012054E-03
   3.60012054E-03
   3.69930267E-03
   3.70025635E-03
   3.70025635E-03
   3.80039215E-03
   3.89957428E-03
   3.90052795E-03
   4.09984589E-03
   4.29916382E-03
   4.49943542E-03
   4.49943542E-03
   4.59957123E-03
   4.60052490E-03
   4.69970703E-03
   4.80079651E-03
   5.00011444E-03
   5.10025024E-03
   5.19943237E-03
   5.40065765E-03
   5.49983978E-03
   5.70011139E-03
   5.70011139E-03
   5.70011139E-03
   5.80024719E-03
   5.89942932E-03
   5.99956512E-03
   5.99956512E-03
   5.99956512E-03
   6.09970093E-03
   6.40010834E-03
   6.50024414E-03
   6.59942627E-03
   6.69956207E-03
   6.70051575E-03
   6.70051575E-03
   7.10010529E-03
   7.10010529E-03
   7.69996643E-03
   7.69996643E-03
   7.80010223E-03
   7.80010223E-03
   8.39996338E-03
   8.60023499E-03
   8.79955292E-03
   9.30023193E-03
   9.49954987E-03
   1.00994110E-02
   1.02005005E-02
   1.07002258E-02
   1.08003616E-02
   1.10998154E-02
   1.11999512E-02
   1.13000870E-02
   1.15003586E-02
   1.18999481E-02
   1.30004883E-02
   1.31006241E-02
   1.32999420E-02
   1.46999359E-02
   1.94005966E-02
   2.19001770E-02
   2.25000381E-02
   2.72998810E-02
   4.18996811E-02
   4.90999222E-02
   5.09004593E-02
   9.24005508E-02
  0.142600060    
  0.142700195    
  0.232399940    
  0.455499649    
