#Npts     Radius    Mag      Completeness
#  352 1661.3715  -12.400933 0.983240
# Verr
 -0.298500061    
 -0.136599541    
  -5.20992279E-02
  -4.14991379E-02
  -3.71999741E-02
  -3.11002731E-02
  -2.71005630E-02
  -2.41003036E-02
  -1.80997849E-02
  -1.39999390E-02
  -1.36995316E-02
  -1.03006363E-02
  -9.40036774E-03
  -9.30023193E-03
  -8.99982452E-03
  -7.40051270E-03
  -7.10010529E-03
  -6.60037994E-03
  -6.49929047E-03
  -6.19983673E-03
  -5.90038300E-03
  -5.90038300E-03
  -5.79929352E-03
  -5.59997559E-03
  -5.09929657E-03
  -5.00011444E-03
  -5.00011444E-03
  -4.79984283E-03
  -4.69970703E-03
  -4.60052490E-03
  -4.59957123E-03
  -4.49943542E-03
  -4.30011749E-03
  -4.09984589E-03
  -4.09984589E-03
  -3.99971008E-03
  -3.99971008E-03
  -3.99971008E-03
  -3.90052795E-03
  -3.89957428E-03
  -3.80039215E-03
  -3.80039215E-03
  -3.79943848E-03
  -3.70025635E-03
  -3.60012054E-03
  -3.60012054E-03
  -3.59916687E-03
  -3.49998474E-03
  -3.49998474E-03
  -3.30066681E-03
  -3.30066681E-03
  -3.29971313E-03
  -3.29971313E-03
  -3.20053101E-03
  -3.10039520E-03
  -3.09944153E-03
  -3.09944153E-03
  -3.00025940E-03
  -3.00025940E-03
  -2.99930573E-03
  -2.99930573E-03
  -2.90012360E-03
  -2.90012360E-03
  -2.90012360E-03
  -2.79998779E-03
  -2.79998779E-03
  -2.70080566E-03
  -2.69985199E-03
  -2.69985199E-03
  -2.69985199E-03
  -2.60066986E-03
  -2.59971619E-03
  -2.59971619E-03
  -2.59971619E-03
  -2.59971619E-03
  -2.50053406E-03
  -2.50053406E-03
  -2.49958038E-03
  -2.49958038E-03
  -2.49958038E-03
  -2.40039825E-03
  -2.40039825E-03
  -2.39944458E-03
  -2.39944458E-03
  -2.30026245E-03
  -2.30026245E-03
  -2.29930878E-03
  -2.20012665E-03
  -2.20012665E-03
  -2.20012665E-03
  -2.09999084E-03
  -2.09999084E-03
  -2.09999084E-03
  -2.09999084E-03
  -2.09999084E-03
  -1.99985504E-03
  -1.99985504E-03
  -1.99985504E-03
  -1.80053711E-03
  -1.79958344E-03
  -1.60026550E-03
  -1.39999390E-03
  -1.39999390E-03
  -1.39999390E-03
  -1.39999390E-03
  -1.39999390E-03
  -1.39999390E-03
  -1.39999390E-03
  -1.39999390E-03
  -1.30081177E-03
  -1.30081177E-03
  -1.29985809E-03
  -1.29985809E-03
  -1.29985809E-03
  -1.29985809E-03
  -1.29985809E-03
  -1.29985809E-03
  -1.19972229E-03
  -1.10054016E-03
  -1.09958649E-03
  -1.09958649E-03
  -9.99450684E-04
  -9.99450684E-04
  -9.99450684E-04
  -9.00268555E-04
  -9.00268555E-04
  -8.99314880E-04
  -8.00132751E-04
  -8.00132751E-04
  -8.00132751E-04
  -8.00132751E-04
  -7.99179077E-04
  -6.99996948E-04
  -6.99996948E-04
  -6.99996948E-04
  -6.99996948E-04
  -6.99996948E-04
  -5.99861145E-04
  -5.99861145E-04
  -4.99725342E-04
  -4.00543213E-04
  -3.99589539E-04
  -3.99589539E-04
  -3.00407410E-04
  -3.00407410E-04
  -3.00407410E-04
  -3.00407410E-04
  -2.99453735E-04
  -2.00271606E-04
  -2.00271606E-04
  -1.00135803E-04
  -1.00135803E-04
  -9.91821289E-05
  -9.91821289E-05
   0.00000000    
   0.00000000    
   0.00000000    
   9.91821289E-05
   1.00135803E-04
   1.00135803E-04
   1.00135803E-04
   2.00271606E-04
   2.00271606E-04
   2.00271606E-04
   2.99453735E-04
   2.99453735E-04
   3.00407410E-04
   3.00407410E-04
   3.99589539E-04
   3.99589539E-04
   4.00543213E-04
   4.99725342E-04
   4.99725342E-04
   5.99861145E-04
   5.99861145E-04
   6.99996948E-04
   7.99179077E-04
   8.00132751E-04
   8.00132751E-04
   8.99314880E-04
   8.99314880E-04
   9.00268555E-04
   9.00268555E-04
   9.00268555E-04
   9.99450684E-04
   9.99450684E-04
   1.00040436E-03
   1.00040436E-03
   1.00040436E-03
   1.09958649E-03
   1.19972229E-03
   1.19972229E-03
   1.19972229E-03
   1.29985809E-03
   1.29985809E-03
   1.30081177E-03
   1.39999390E-03
   1.39999390E-03
   1.49917603E-03
   1.50012970E-03
   1.50012970E-03
   1.50012970E-03
   1.60026550E-03
   1.60026550E-03
   1.60026550E-03
   1.69944763E-03
   1.69944763E-03
   1.69944763E-03
   1.70040131E-03
   1.70040131E-03
   1.79958344E-03
   1.79958344E-03
   1.89971924E-03
   1.89971924E-03
   1.89971924E-03
   1.99985504E-03
   1.99985504E-03
   1.99985504E-03
   1.99985504E-03
   2.00080872E-03
   2.00080872E-03
   2.09999084E-03
   2.09999084E-03
   2.09999084E-03
   2.19917297E-03
   2.20012665E-03
   2.30026245E-03
   2.30026245E-03
   2.39944458E-03
   2.49958038E-03
   2.50053406E-03
   2.59971619E-03
   2.60066986E-03
   2.69985199E-03
   2.69985199E-03
   2.69985199E-03
   2.79998779E-03
   2.79998779E-03
   2.89916992E-03
   3.00025940E-03
   3.00025940E-03
   3.09944153E-03
   3.09944153E-03
   3.09944153E-03
   3.10039520E-03
   3.29971313E-03
   3.30066681E-03
   3.39984894E-03
   3.39984894E-03
   3.39984894E-03
   3.49998474E-03
   3.49998474E-03
   3.49998474E-03
   3.49998474E-03
   3.60012054E-03
   3.69930267E-03
   3.69930267E-03
   3.69930267E-03
   3.69930267E-03
   3.69930267E-03
   3.70025635E-03
   3.70025635E-03
   3.79943848E-03
   3.89957428E-03
   4.09984589E-03
   4.09984589E-03
   4.10079956E-03
   4.30011749E-03
   4.39929962E-03
   4.49943542E-03
   4.49943542E-03
   4.49943542E-03
   4.60052490E-03
   4.79984283E-03
   4.89997864E-03
   5.00011444E-03
   5.09929657E-03
   5.09929657E-03
   5.39970398E-03
   5.39970398E-03
   5.50079346E-03
   5.59997559E-03
   5.69915771E-03
   5.70011139E-03
   5.70011139E-03
   5.99956512E-03
   5.99956512E-03
   6.09970093E-03
   6.59942627E-03
   6.80065155E-03
   7.20024109E-03
   7.30037689E-03
   7.30037689E-03
   7.49969482E-03
   7.50064850E-03
   7.69996643E-03
   8.09955597E-03
   8.10050964E-03
   8.39996338E-03
   8.39996338E-03
   8.39996338E-03
   8.39996338E-03
   8.50009918E-03
   8.50009918E-03
   8.60023499E-03
   8.89968872E-03
   9.49954987E-03
   9.59968567E-03
   9.79995728E-03
   1.02005005E-02
   1.02996826E-02
   1.04999542E-02
   1.11999512E-02
   1.14002228E-02
   1.15003586E-02
   1.16004944E-02
   1.17998123E-02
   1.22003555E-02
   1.23004913E-02
   1.27000809E-02
   1.44996643E-02
   1.45998001E-02
   1.46999359E-02
   1.60999298E-02
   1.79004669E-02
   1.83000565E-02
   1.87997818E-02
   1.87997818E-02
   1.91001892E-02
   1.93996429E-02
   2.58998871E-02
   2.67000198E-02
   2.69002914E-02
   2.89001465E-02
   3.22999954E-02
   3.36999893E-02
   3.69997025E-02
   3.76996994E-02
   4.13999557E-02
   4.30002213E-02
   4.82997894E-02
   4.88004684E-02
   5.07001877E-02
   5.73997498E-02
   6.27002716E-02
   6.64005280E-02
   7.88993835E-02
  0.132900238    
  0.153800011    
  0.262299538    
  0.329999924    
  0.524499893    
