#Npts     Radius    Mag      Completeness
#  134  641.2311  -14.580200 0.992593
# Verr
  -2.26001740E-02
  -1.44996643E-02
  -1.27000809E-02
  -1.22003555E-02
  -1.07002258E-02
  -1.06000900E-02
  -9.69982147E-03
  -9.50050354E-03
  -9.20009613E-03
  -9.20009613E-03
  -8.89968872E-03
  -8.69941711E-03
  -8.39996338E-03
  -8.39996338E-03
  -8.10050964E-03
  -8.09955597E-03
  -7.80010223E-03
  -7.40051270E-03
  -6.79969788E-03
  -6.70051575E-03
  -6.69956207E-03
  -6.40010834E-03
  -6.40010834E-03
  -6.29997253E-03
  -5.69915771E-03
  -5.59997559E-03
  -5.59997559E-03
  -5.50079346E-03
  -4.50038910E-03
  -4.40025330E-03
  -4.40025330E-03
  -4.39929962E-03
  -4.19998169E-03
  -3.39984894E-03
  -3.39984894E-03
  -3.19957733E-03
  -2.90012360E-03
  -2.40039825E-03
  -1.89971924E-03
  -1.39999390E-03
  -1.20067596E-03
  -1.10054016E-03
  -1.09958649E-03
  -6.99996948E-04
  -3.99589539E-04
  -3.00407410E-04
  -2.00271606E-04
   0.00000000    
   1.00135803E-04
   3.00407410E-04
   3.00407410E-04
   4.99725342E-04
   5.99861145E-04
   8.00132751E-04
   1.39999390E-03
   1.80053711E-03
   1.89971924E-03
   2.09999084E-03
   2.20012665E-03
   2.49958038E-03
   3.29971313E-03
   3.60012054E-03
   3.60012054E-03
   4.00066376E-03
   4.19998169E-03
   4.60052490E-03
   4.60052490E-03
   5.20038605E-03
   5.49983978E-03
   5.90038300E-03
   6.40010834E-03
   6.59942627E-03
   6.89983368E-03
   7.29942322E-03
   7.30037689E-03
   7.39955902E-03
   8.50009918E-03
   8.59928131E-03
   9.20009613E-03
   9.30023193E-03
   9.59968567E-03
   9.69982147E-03
   1.00994110E-02
   1.22003555E-02
   1.59997940E-02
   1.88999176E-02
   2.10008621E-02
   2.83002853E-02
   3.07006836E-02
   3.13005447E-02
   3.15999985E-02
   3.25002670E-02
   3.39994431E-02
   3.45001221E-02
   3.74002457E-02
   3.76005173E-02
   3.92999649E-02
   4.06999588E-02
   4.32996750E-02
   4.54998016E-02
   6.16998672E-02
   6.49995804E-02
   6.76994324E-02
   6.93998337E-02
   7.01999664E-02
   7.78999329E-02
   7.90996552E-02
   8.22000504E-02
   8.89005661E-02
   9.11998749E-02
  0.102900505    
  0.104499817    
  0.105400085    
  0.110600471    
  0.118100166    
  0.147500038    
  0.174900055    
  0.182600021    
  0.188500404    
  0.201600075    
  0.202899933    
  0.205699921    
  0.218099594    
  0.227900505    
  0.255599976    
  0.257100105    
  0.298299789    
  0.340000153    
  0.422200203    
  0.426199913    
  0.647100449    
  0.671899796    
  0.681700706    
  0.688899994    
