#Npts     Radius    Mag      Completeness
#  364 1049.2872  -12.400933 0.973262
# Verr
 -0.440099716    
 -0.434399605    
  -5.15003204E-02
  -3.70998383E-02
  -3.46002579E-02
  -3.22999954E-02
  -2.55002975E-02
  -2.51007080E-02
  -2.25000381E-02
  -1.93996429E-02
  -1.92003250E-02
  -1.77993774E-02
  -1.73997879E-02
  -1.49993896E-02
  -1.28002167E-02
  -1.23004913E-02
  -1.21994019E-02
  -1.15003586E-02
  -1.11999512E-02
  -9.59968567E-03
  -9.30023193E-03
  -9.20009613E-03
  -8.90064240E-03
  -8.60023499E-03
  -8.19969177E-03
  -8.19969177E-03
  -7.69996643E-03
  -7.69996643E-03
  -7.59983063E-03
  -7.30037689E-03
  -7.20024109E-03
  -6.69956207E-03
  -6.60037994E-03
  -6.60037994E-03
  -6.50024414E-03
  -6.49929047E-03
  -6.29997253E-03
  -6.29997253E-03
  -6.29997253E-03
  -6.19983673E-03
  -6.09970093E-03
  -5.80024719E-03
  -5.70011139E-03
  -5.70011139E-03
  -5.70011139E-03
  -5.70011139E-03
  -5.70011139E-03
  -5.59997559E-03
  -5.39970398E-03
  -5.30052185E-03
  -5.00011444E-03
  -5.00011444E-03
  -4.79984283E-03
  -4.69970703E-03
  -4.59957123E-03
  -4.50038910E-03
  -4.50038910E-03
  -4.49943542E-03
  -4.40025330E-03
  -4.40025330E-03
  -4.39929962E-03
  -4.30011749E-03
  -4.30011749E-03
  -4.29916382E-03
  -4.19998169E-03
  -4.09984589E-03
  -3.99971008E-03
  -3.99971008E-03
  -3.99971008E-03
  -3.99971008E-03
  -3.90052795E-03
  -3.90052795E-03
  -3.89957428E-03
  -3.80039215E-03
  -3.79943848E-03
  -3.70025635E-03
  -3.70025635E-03
  -3.49998474E-03
  -3.49998474E-03
  -3.49998474E-03
  -3.40080261E-03
  -3.39984894E-03
  -3.39984894E-03
  -3.30066681E-03
  -3.10039520E-03
  -3.09944153E-03
  -3.09944153E-03
  -3.09944153E-03
  -2.90012360E-03
  -2.79998779E-03
  -2.70080566E-03
  -2.69985199E-03
  -2.69985199E-03
  -2.60066986E-03
  -2.60066986E-03
  -2.60066986E-03
  -2.59971619E-03
  -2.59971619E-03
  -2.59971619E-03
  -2.50053406E-03
  -2.40039825E-03
  -2.40039825E-03
  -2.30026245E-03
  -2.30026245E-03
  -2.30026245E-03
  -2.09999084E-03
  -2.09999084E-03
  -2.09999084E-03
  -1.99985504E-03
  -1.89971924E-03
  -1.89971924E-03
  -1.80053711E-03
  -1.80053711E-03
  -1.79958344E-03
  -1.70040131E-03
  -1.70040131E-03
  -1.69944763E-03
  -1.60026550E-03
  -1.50012970E-03
  -1.50012970E-03
  -1.50012970E-03
  -1.50012970E-03
  -1.39999390E-03
  -1.39999390E-03
  -1.30081177E-03
  -1.29985809E-03
  -1.29985809E-03
  -1.29985809E-03
  -1.29985809E-03
  -1.29985809E-03
  -1.19972229E-03
  -1.19972229E-03
  -1.19972229E-03
  -1.19972229E-03
  -1.10054016E-03
  -1.09958649E-03
  -1.09958649E-03
  -1.09958649E-03
  -9.99450684E-04
  -9.00268555E-04
  -9.00268555E-04
  -9.00268555E-04
  -8.00132751E-04
  -6.99996948E-04
  -6.00814819E-04
  -6.00814819E-04
  -5.99861145E-04
  -5.99861145E-04
  -5.00679016E-04
  -4.99725342E-04
  -4.99725342E-04
  -4.00543213E-04
  -4.00543213E-04
  -4.00543213E-04
  -3.99589539E-04
  -2.99453735E-04
  -2.00271606E-04
  -2.00271606E-04
   0.00000000    
   0.00000000    
   1.00135803E-04
   1.99317932E-04
   2.00271606E-04
   2.99453735E-04
   3.00407410E-04
   3.00407410E-04
   4.00543213E-04
   6.99996948E-04
   6.99996948E-04
   6.99996948E-04
   7.99179077E-04
   8.00132751E-04
   8.00132751E-04
   8.99314880E-04
   9.00268555E-04
   9.00268555E-04
   1.00040436E-03
   1.00040436E-03
   1.00040436E-03
   1.00040436E-03
   1.00040436E-03
   1.09958649E-03
   1.09958649E-03
   1.09958649E-03
   1.09958649E-03
   1.10054016E-03
   1.10054016E-03
   1.19972229E-03
   1.20067596E-03
   1.29985809E-03
   1.39999390E-03
   1.39999390E-03
   1.39999390E-03
   1.50012970E-03
   1.50012970E-03
   1.60026550E-03
   1.69944763E-03
   1.70040131E-03
   1.79958344E-03
   1.89971924E-03
   1.90067291E-03
   1.90067291E-03
   1.90067291E-03
   1.99985504E-03
   2.00080872E-03
   2.09999084E-03
   2.20012665E-03
   2.20012665E-03
   2.20012665E-03
   2.20012665E-03
   2.30026245E-03
   2.40039825E-03
   2.40039825E-03
   2.49958038E-03
   2.59971619E-03
   2.59971619E-03
   2.60066986E-03
   2.69985199E-03
   2.69985199E-03
   2.69985199E-03
   2.79998779E-03
   2.90012360E-03
   2.90012360E-03
   2.90012360E-03
   3.20053101E-03
   3.29971313E-03
   3.29971313E-03
   3.29971313E-03
   3.39984894E-03
   3.49998474E-03
   3.60012054E-03
   3.60012054E-03
   3.69930267E-03
   3.70025635E-03
   3.80039215E-03
   3.90052795E-03
   3.90052795E-03
   3.99971008E-03
   3.99971008E-03
   4.09984589E-03
   4.19998169E-03
   4.30011749E-03
   4.39929962E-03
   4.40025330E-03
   4.49943542E-03
   4.50038910E-03
   4.69970703E-03
   4.79984283E-03
   4.79984283E-03
   4.89997864E-03
   5.00011444E-03
   5.00011444E-03
   5.00011444E-03
   5.19943237E-03
   5.19943237E-03
   5.29956818E-03
   5.70011139E-03
   5.80024719E-03
   5.99956512E-03
   5.99956512E-03
   6.09970093E-03
   6.19983673E-03
   6.19983673E-03
   6.29997253E-03
   6.29997253E-03
   6.49929047E-03
   6.59942627E-03
   6.60037994E-03
   6.79969788E-03
   6.99996948E-03
   7.10010529E-03
   7.10010529E-03
   7.40051270E-03
   7.50064850E-03
   7.60078430E-03
   7.80010223E-03
   8.29982758E-03
   8.39996338E-03
   8.39996338E-03
   8.69941711E-03
   9.20009613E-03
   9.49954987E-03
   9.79995728E-03
   9.79995728E-03
   9.79995728E-03
   1.01003647E-02
   1.02996826E-02
   1.02996826E-02
   1.03006363E-02
   1.05991364E-02
   1.07002258E-02
   1.09004974E-02
   1.17998123E-02
   1.23996735E-02
   1.32999420E-02
   1.32999420E-02
   1.35993958E-02
   1.39999390E-02
   1.44996643E-02
   1.45998001E-02
   1.46999359E-02
   1.53999329E-02
   1.57003403E-02
   1.60999298E-02
   1.74007416E-02
   1.86004639E-02
   1.86004639E-02
   2.04000473E-02
   2.05001831E-02
   2.09007263E-02
   2.26001740E-02
   2.26993561E-02
   2.33001709E-02
   2.40001678E-02
   2.41994858E-02
   2.44007111E-02
   2.62002945E-02
   2.62994766E-02
   2.65998840E-02
   2.75993347E-02
   2.96001434E-02
   2.97002792E-02
   3.00998688E-02
   3.05004120E-02
   3.13997269E-02
   3.26004028E-02
   3.26995850E-02
   3.52001190E-02
   3.56998444E-02
   3.80001068E-02
   3.85007858E-02
   3.87992859E-02
   3.97005081E-02
   4.22992706E-02
   4.55999374E-02
   4.59003448E-02
   4.96997833E-02
   5.56001663E-02
   5.56001663E-02
   5.85002899E-02
   5.88006973E-02
   6.76002502E-02
   7.15999603E-02
   8.35008621E-02
   8.77008438E-02
   9.51995850E-02
  0.101799965    
  0.110300064    
  0.110599518    
  0.112099648    
  0.112800598    
  0.123400688    
  0.138799667    
  0.140699387    
  0.158100128    
  0.169199944    
  0.184200287    
  0.223500252    
  0.232900620    
  0.429399490    
  0.458600044    
  0.571100235    
  0.580900192    
  0.646500587    
