#Npts     Radius    Mag      Completeness
#  214 1661.3715  -14.823200 0.995349
# Verr
  -7.78007507E-02
  -1.91001892E-02
  -1.86004639E-02
  -1.79996490E-02
  -1.59006119E-02
  -1.53999329E-02
  -1.38998032E-02
  -1.28993988E-02
  -1.15995407E-02
  -1.14002228E-02
  -1.10998154E-02
  -1.09004974E-02
  -1.04007721E-02
  -9.79995728E-03
  -9.79995728E-03
  -9.79995728E-03
  -9.79995728E-03
  -9.69982147E-03
  -9.40036774E-03
  -9.40036774E-03
  -9.39941406E-03
  -8.99982452E-03
  -8.59928131E-03
  -8.19969177E-03
  -8.09955597E-03
  -7.40051270E-03
  -7.39955902E-03
  -7.30037689E-03
  -7.30037689E-03
  -7.29942322E-03
  -7.20024109E-03
  -7.20024109E-03
  -7.19928741E-03
  -7.10010529E-03
  -6.99996948E-03
  -6.79969788E-03
  -6.79969788E-03
  -6.60037994E-03
  -6.29997253E-03
  -6.20079041E-03
  -6.09970093E-03
  -5.70011139E-03
  -5.59997559E-03
  -5.20038605E-03
  -5.10025024E-03
  -5.09929657E-03
  -4.69970703E-03
  -4.60052490E-03
  -4.60052490E-03
  -4.59957123E-03
  -4.40025330E-03
  -4.30011749E-03
  -3.90052795E-03
  -3.90052795E-03
  -3.90052795E-03
  -3.90052795E-03
  -3.80039215E-03
  -3.80039215E-03
  -3.70025635E-03
  -3.70025635E-03
  -3.60012054E-03
  -3.60012054E-03
  -3.49998474E-03
  -3.39984894E-03
  -3.30066681E-03
  -3.29971313E-03
  -3.29971313E-03
  -3.19957733E-03
  -3.09944153E-03
  -2.99930573E-03
  -2.99930573E-03
  -2.79998779E-03
  -2.79998779E-03
  -2.79998779E-03
  -2.70080566E-03
  -2.69985199E-03
  -2.40039825E-03
  -2.20012665E-03
  -2.20012665E-03
  -2.20012665E-03
  -1.99985504E-03
  -1.80053711E-03
  -1.70040131E-03
  -1.70040131E-03
  -1.69944763E-03
  -1.60026550E-03
  -1.60026550E-03
  -1.30081177E-03
  -1.29985809E-03
  -1.20067596E-03
  -1.19972229E-03
  -1.09958649E-03
  -9.99450684E-04
  -9.99450684E-04
  -8.00132751E-04
  -8.00132751E-04
  -8.00132751E-04
  -6.99996948E-04
  -6.99996948E-04
  -5.99861145E-04
  -4.99725342E-04
  -3.99589539E-04
  -2.99453735E-04
  -2.99453735E-04
  -2.00271606E-04
  -2.00271606E-04
  -1.99317932E-04
   9.91821289E-05
   2.00271606E-04
   3.00407410E-04
   5.99861145E-04
   6.99996948E-04
   6.99996948E-04
   7.99179077E-04
   8.00132751E-04
   8.00132751E-04
   8.00132751E-04
   8.99314880E-04
   9.00268555E-04
   1.00040436E-03
   1.09958649E-03
   1.19972229E-03
   1.19972229E-03
   1.29985809E-03
   1.39999390E-03
   1.50012970E-03
   1.50012970E-03
   1.89971924E-03
   1.89971924E-03
   1.89971924E-03
   1.99985504E-03
   2.09999084E-03
   2.09999084E-03
   2.09999084E-03
   2.09999084E-03
   2.30026245E-03
   2.49958038E-03
   2.49958038E-03
   2.59971619E-03
   2.90012360E-03
   3.00025940E-03
   3.10039520E-03
   3.10039520E-03
   3.10039520E-03
   3.19957733E-03
   3.39984894E-03
   3.39984894E-03
   3.39984894E-03
   3.59916687E-03
   3.60012054E-03
   3.60012054E-03
   3.80039215E-03
   3.80039215E-03
   3.89957428E-03
   4.09984589E-03
   4.10079956E-03
   4.40025330E-03
   4.40025330E-03
   4.70066071E-03
   4.79984283E-03
   4.99916077E-03
   4.99916077E-03
   5.00011444E-03
   5.10025024E-03
   5.19943237E-03
   5.20038605E-03
   5.30052185E-03
   5.70011139E-03
   5.70011139E-03
   5.90038300E-03
   5.99956512E-03
   5.99956512E-03
   6.19983673E-03
   6.29997253E-03
   6.60037994E-03
   6.70051575E-03
   6.79969788E-03
   7.00092316E-03
   7.10010529E-03
   7.20024109E-03
   7.30037689E-03
   7.39955902E-03
   7.49969482E-03
   8.00037384E-03
   8.39996338E-03
   8.59928131E-03
   9.09996033E-03
   9.50050354E-03
   9.90009308E-03
   1.01995468E-02
   1.04999542E-02
   1.07994080E-02
   1.10998154E-02
   1.14994049E-02
   1.15003586E-02
   1.21994019E-02
   1.30004883E-02
   1.48000717E-02
   1.49002075E-02
   1.69992447E-02
   1.72004700E-02
   1.93996429E-02
   2.03008652E-02
   2.07996368E-02
   2.54001617E-02
   2.70004272E-02
   3.40003967E-02
   3.57999802E-02
   5.34000397E-02
   5.43994904E-02
   5.88998795E-02
   9.85002518E-02
  0.112200737    
  0.209599495    
