#Npts     Radius    Mag      Completeness
#  233  437.2030  -13.670883 0.935743
# Verr
 -0.201199532    
  -5.53998947E-02
  -5.22994995E-02
  -3.64999771E-02
  -3.11002731E-02
  -2.99997330E-02
  -2.94008255E-02
  -2.72998810E-02
  -1.74999237E-02
  -1.63002014E-02
  -1.27992630E-02
  -1.22003555E-02
  -1.20000839E-02
  -1.17006302E-02
  -1.16996765E-02
  -1.10998154E-02
  -1.03006363E-02
  -9.69982147E-03
  -9.39941406E-03
  -8.79955292E-03
  -8.69941711E-03
  -8.39996338E-03
  -6.69956207E-03
  -5.49983978E-03
  -5.00011444E-03
  -4.89997864E-03
  -4.40025330E-03
  -4.30011749E-03
  -4.00066376E-03
  -3.60012054E-03
  -3.49998474E-03
  -3.39984894E-03
  -3.20053101E-03
  -3.09944153E-03
  -3.00025940E-03
  -2.90012360E-03
  -2.90012360E-03
  -2.79998779E-03
  -2.69985199E-03
  -2.59971619E-03
  -2.50053406E-03
  -2.40039825E-03
  -2.40039825E-03
  -2.30026245E-03
  -2.30026245E-03
  -2.20012665E-03
  -2.09999084E-03
  -1.99985504E-03
  -1.99985504E-03
  -1.90067291E-03
  -1.89971924E-03
  -1.89971924E-03
  -1.69944763E-03
  -1.39999390E-03
  -1.39999390E-03
  -1.39999390E-03
  -1.39999390E-03
  -1.39999390E-03
  -1.29985809E-03
  -1.10054016E-03
  -1.09958649E-03
  -1.00040436E-03
  -8.00132751E-04
  -6.99996948E-04
  -6.99996948E-04
  -6.00814819E-04
  -4.99725342E-04
  -2.99453735E-04
  -2.00271606E-04
  -2.00271606E-04
  -1.99317932E-04
  -1.99317932E-04
  -1.00135803E-04
   1.00135803E-04
   1.00135803E-04
   3.99589539E-04
   4.99725342E-04
   5.99861145E-04
   6.99996948E-04
   8.99314880E-04
   1.09958649E-03
   1.19972229E-03
   1.20067596E-03
   1.29985809E-03
   1.29985809E-03
   1.39999390E-03
   1.39999390E-03
   1.50012970E-03
   1.79958344E-03
   2.30026245E-03
   2.70080566E-03
   2.90012360E-03
   3.09944153E-03
   3.29971313E-03
   3.39984894E-03
   3.40080261E-03
   3.59916687E-03
   3.69930267E-03
   3.79943848E-03
   4.00066376E-03
   4.19998169E-03
   4.19998169E-03
   4.19998169E-03
   4.19998169E-03
   4.69970703E-03
   5.00011444E-03
   5.39970398E-03
   5.90038300E-03
   5.99956512E-03
   6.39915466E-03
   6.40010834E-03
   6.60037994E-03
   7.10010529E-03
   7.49969482E-03
   7.59983063E-03
   7.80010223E-03
   7.90023804E-03
   8.39996338E-03
   8.60023499E-03
   9.30023193E-03
   1.03998184E-02
   1.10998154E-02
   1.11999512E-02
   1.14002228E-02
   1.17998123E-02
   1.21002197E-02
   1.21994019E-02
   1.21994019E-02
   1.28993988E-02
   1.35002136E-02
   1.37996674E-02
   1.39999390E-02
   1.41000748E-02
   1.51996613E-02
   1.60999298E-02
   1.63993835E-02
   1.95999146E-02
   2.00004578E-02
   2.04992294E-02
   2.05001831E-02
   2.08005905E-02
   2.12993622E-02
   2.13003159E-02
   2.13994980E-02
   2.20003128E-02
   2.21996307E-02
   2.30007172E-02
   2.47001648E-02
   2.49996185E-02
   2.68993378E-02
   2.75001526E-02
   2.84004211E-02
   2.95000076E-02
   3.06005478E-02
   3.29999924E-02
   3.40995789E-02
   3.43999863E-02
   3.54995728E-02
   3.74994278E-02
   3.82003784E-02
   3.88994217E-02
   3.95994186E-02
   3.99007797E-02
   4.06007767E-02
   4.12998199E-02
   4.16002274E-02
   4.17003632E-02
   4.22000885E-02
   4.37002182E-02
   4.44993973E-02
   4.89997864E-02
   5.11999130E-02
   5.37004471E-02
   5.38005829E-02
   5.39999008E-02
   5.49001694E-02
   5.62000275E-02
   5.69000244E-02
   5.81007004E-02
   6.07004166E-02
   6.16998672E-02
   6.30006790E-02
   6.34002686E-02
   6.37998581E-02
   6.58006668E-02
   6.82001114E-02
   7.03992844E-02
   7.96003342E-02
   8.16001892E-02
   8.16001892E-02
   8.47997665E-02
   8.60996246E-02
   9.81998444E-02
  0.104599953    
  0.104800224    
  0.110300064    
  0.120199203    
  0.122699738    
  0.130999565    
  0.142199516    
  0.144000053    
  0.147900581    
  0.150899887    
  0.152400017    
  0.157799721    
  0.158699989    
  0.163700104    
  0.166399956    
  0.179499626    
  0.180899620    
  0.183700562    
  0.189700127    
  0.209000587    
  0.232899666    
  0.234800339    
  0.248999596    
  0.260900497    
  0.261400223    
  0.269899368    
  0.293899536    
  0.295399666    
  0.296399117    
  0.299300194    
  0.316800117    
  0.318200111    
  0.337100029    
  0.427400589    
  0.445899963    
  0.470000267    
  0.478799820    
  0.497099876    
  0.523700714    
  0.725700378    
