#Npts     Radius    Mag      Completeness
#  213 1661.3715  -15.066200 1.000000
# Verr
  -2.06995010E-02
  -1.24998093E-02
  -1.20000839E-02
  -1.18999481E-02
  -1.12009048E-02
  -1.10998154E-02
  -1.03998184E-02
  -9.69982147E-03
  -8.59928131E-03
  -8.50009918E-03
  -8.30078125E-03
  -8.09955597E-03
  -8.00037384E-03
  -7.90023804E-03
  -7.89928436E-03
  -7.80010223E-03
  -7.80010223E-03
  -7.59983063E-03
  -7.59983063E-03
  -7.50064850E-03
  -7.49969482E-03
  -7.40051270E-03
  -7.30037689E-03
  -6.89983368E-03
  -6.89983368E-03
  -6.69956207E-03
  -6.40010834E-03
  -6.30092621E-03
  -6.29997253E-03
  -6.19983673E-03
  -5.90038300E-03
  -5.80024719E-03
  -5.80024719E-03
  -5.80024719E-03
  -5.70011139E-03
  -5.39970398E-03
  -5.39970398E-03
  -5.20038605E-03
  -4.89997864E-03
  -4.89997864E-03
  -4.79984283E-03
  -4.79984283E-03
  -4.59957123E-03
  -4.50038910E-03
  -4.40025330E-03
  -3.90052795E-03
  -3.70025635E-03
  -3.70025635E-03
  -3.70025635E-03
  -3.60012054E-03
  -3.60012054E-03
  -3.49998474E-03
  -3.49998474E-03
  -3.49998474E-03
  -3.40080261E-03
  -3.39984894E-03
  -3.29971313E-03
  -2.90012360E-03
  -2.79998779E-03
  -2.79998779E-03
  -2.79998779E-03
  -2.69985199E-03
  -2.69985199E-03
  -2.59971619E-03
  -2.59971619E-03
  -2.50053406E-03
  -2.40039825E-03
  -2.30026245E-03
  -2.20012665E-03
  -2.09999084E-03
  -2.09999084E-03
  -1.99985504E-03
  -1.99985504E-03
  -1.99985504E-03
  -1.89971924E-03
  -1.89971924E-03
  -1.89971924E-03
  -1.79958344E-03
  -1.70040131E-03
  -1.70040131E-03
  -1.50012970E-03
  -1.50012970E-03
  -1.39999390E-03
  -1.39999390E-03
  -1.39999390E-03
  -1.39999390E-03
  -1.29985809E-03
  -1.29985809E-03
  -1.20067596E-03
  -1.19972229E-03
  -1.10054016E-03
  -9.99450684E-04
  -9.00268555E-04
  -6.99996948E-04
  -6.99996948E-04
  -6.99996948E-04
  -5.99861145E-04
  -5.99861145E-04
  -5.99861145E-04
  -5.99861145E-04
  -5.00679016E-04
  -5.00679016E-04
  -5.00679016E-04
  -4.00543213E-04
  -4.00543213E-04
  -4.00543213E-04
  -3.99589539E-04
  -2.99453735E-04
  -2.00271606E-04
   0.00000000    
   0.00000000    
   0.00000000    
   1.00135803E-04
   2.99453735E-04
   3.00407410E-04
   4.99725342E-04
   4.99725342E-04
   4.99725342E-04
   5.99861145E-04
   6.99996948E-04
   9.00268555E-04
   9.99450684E-04
   1.10054016E-03
   1.29985809E-03
   1.39999390E-03
   1.50012970E-03
   1.60026550E-03
   1.60026550E-03
   1.60026550E-03
   1.60026550E-03
   1.70040131E-03
   1.79958344E-03
   1.89971924E-03
   1.90067291E-03
   2.09999084E-03
   2.29930878E-03
   2.29930878E-03
   2.30026245E-03
   2.49958038E-03
   2.49958038E-03
   2.49958038E-03
   2.59971619E-03
   2.69985199E-03
   2.79998779E-03
   2.90012360E-03
   2.90012360E-03
   3.19957733E-03
   3.29971313E-03
   3.39984894E-03
   3.49998474E-03
   3.49998474E-03
   3.49998474E-03
   3.49998474E-03
   3.70025635E-03
   3.89957428E-03
   4.09984589E-03
   4.59957123E-03
   4.60052490E-03
   4.69970703E-03
   4.69970703E-03
   4.69970703E-03
   4.79984283E-03
   4.90093231E-03
   5.20038605E-03
   5.20038605E-03
   5.30052185E-03
   5.30052185E-03
   5.39970398E-03
   5.39970398E-03
   5.49983978E-03
   5.59997559E-03
   5.70011139E-03
   5.90038300E-03
   5.90038300E-03
   6.29997253E-03
   6.40010834E-03
   6.59942627E-03
   6.60037994E-03
   6.99996948E-03
   7.39955902E-03
   7.50064850E-03
   7.89928436E-03
   8.39996338E-03
   8.50009918E-03
   8.59928131E-03
   8.89968872E-03
   9.30023193E-03
   9.59968567E-03
   9.69982147E-03
   9.69982147E-03
   9.99927521E-03
   1.02005005E-02
   1.11999512E-02
   1.28002167E-02
   1.35002136E-02
   1.36995316E-02
   1.65996552E-02
   1.76992416E-02
   2.15005875E-02
   2.50997543E-02
   3.27005386E-02
   3.35006714E-02
   3.38001251E-02
   3.70998383E-02
   4.29000854E-02
   4.80003357E-02
   6.33001328E-02
   6.33993149E-02
  0.107500076    
  0.134099960    
  0.179100037    
  0.259399414    
  0.284100533    
