#Npts     Radius    Mag      Completeness
#  203 1865.3995  -14.094200 1.000000
# Verr
  -2.02007294E-02
  -1.88999176E-02
  -1.55000687E-02
  -1.51004791E-02
  -1.48000717E-02
  -1.35002136E-02
  -1.31998062E-02
  -1.30996704E-02
  -1.18007660E-02
  -1.09996796E-02
  -1.06000900E-02
  -1.03006363E-02
  -1.02005005E-02
  -9.69982147E-03
  -9.59968567E-03
  -9.30023193E-03
  -9.30023193E-03
  -8.89968872E-03
  -8.79955292E-03
  -8.50009918E-03
  -8.00037384E-03
  -7.89928436E-03
  -7.59983063E-03
  -7.49969482E-03
  -7.39955902E-03
  -7.30037689E-03
  -7.29942322E-03
  -6.99996948E-03
  -6.99996948E-03
  -6.89983368E-03
  -6.70051575E-03
  -6.50024414E-03
  -6.49929047E-03
  -6.29997253E-03
  -6.29997253E-03
  -5.79929352E-03
  -5.30052185E-03
  -5.20038605E-03
  -5.20038605E-03
  -5.09929657E-03
  -4.59957123E-03
  -4.50038910E-03
  -4.09984589E-03
  -4.00066376E-03
  -3.79943848E-03
  -3.49998474E-03
  -3.10039520E-03
  -3.09944153E-03
  -3.00025940E-03
  -3.00025940E-03
  -2.79998779E-03
  -2.30026245E-03
  -2.20012665E-03
  -2.10094452E-03
  -2.00080872E-03
  -1.99985504E-03
  -1.99985504E-03
  -1.89971924E-03
  -1.89971924E-03
  -1.79958344E-03
  -1.70040131E-03
  -1.69944763E-03
  -1.60026550E-03
  -1.59931183E-03
  -1.50012970E-03
  -1.39999390E-03
  -1.39999390E-03
  -1.39999390E-03
  -1.29985809E-03
  -1.10054016E-03
  -1.09958649E-03
  -8.99314880E-04
  -6.99996948E-04
  -6.99996948E-04
  -5.99861145E-04
  -5.99861145E-04
  -5.99861145E-04
  -3.00407410E-04
  -2.99453735E-04
  -2.00271606E-04
  -2.00271606E-04
  -2.00271606E-04
  -1.99317932E-04
  -1.00135803E-04
   0.00000000    
   0.00000000    
   9.91821289E-05
   2.00271606E-04
   2.00271606E-04
   2.00271606E-04
   4.00543213E-04
   4.99725342E-04
   5.00679016E-04
   5.99861145E-04
   5.99861145E-04
   5.99861145E-04
   8.00132751E-04
   8.00132751E-04
   8.99314880E-04
   9.00268555E-04
   9.99450684E-04
   1.00040436E-03
   1.00040436E-03
   1.09958649E-03
   1.10054016E-03
   1.19972229E-03
   1.19972229E-03
   1.50012970E-03
   1.79958344E-03
   1.80053711E-03
   1.89971924E-03
   1.89971924E-03
   1.99985504E-03
   2.09999084E-03
   2.09999084E-03
   2.20012665E-03
   2.20012665E-03
   2.20012665E-03
   2.20012665E-03
   2.40039825E-03
   2.49958038E-03
   2.60066986E-03
   2.69985199E-03
   2.69985199E-03
   2.90012360E-03
   3.10039520E-03
   3.19957733E-03
   3.20053101E-03
   3.29971313E-03
   3.60012054E-03
   3.90052795E-03
   3.99971008E-03
   4.19998169E-03
   4.49943542E-03
   4.50038910E-03
   4.59957123E-03
   4.60052490E-03
   4.79984283E-03
   4.89997864E-03
   5.00011444E-03
   5.00011444E-03
   5.10025024E-03
   5.30052185E-03
   5.50079346E-03
   5.59997559E-03
   5.90038300E-03
   5.99956512E-03
   6.10065460E-03
   6.19983673E-03
   6.29997253E-03
   6.60037994E-03
   6.90078735E-03
   7.10010529E-03
   7.29942322E-03
   7.39955902E-03
   7.99942017E-03
   8.70037079E-03
   8.80050659E-03
   8.80050659E-03
   9.20009613E-03
   9.20009613E-03
   9.39941406E-03
   9.39941406E-03
   9.80091095E-03
   9.90009308E-03
   1.00002289E-02
   1.02005005E-02
   1.09996796E-02
   1.12991333E-02
   1.13992691E-02
   1.21994019E-02
   1.24006271E-02
   1.25999451E-02
   1.31998062E-02
   1.36995316E-02
   1.41000748E-02
   1.43003464E-02
   1.56002045E-02
   1.56002045E-02
   1.66006088E-02
   1.71003342E-02
   1.83000565E-02
   1.84993744E-02
   1.97000504E-02
   1.99003220E-02
   2.16999054E-02
   2.41003036E-02
   2.51998901E-02
   4.37994003E-02
   4.39004898E-02
   4.40998077E-02
   6.36997223E-02
   8.73003006E-02
   9.73005295E-02
  0.100299835    
  0.106599808    
  0.106800079    
  0.130100250    
  0.190799713    
  0.208899498    
  0.235400200    
  0.237799644    
  0.436399460    
