#Npts     Radius    Mag      Completeness
#  211  845.2592  -14.823200 0.995283
# Verr
  -4.93001938E-02
  -2.71997452E-02
  -1.74999237E-02
  -1.08003616E-02
  -1.04007721E-02
  -1.03998184E-02
  -1.02005005E-02
  -9.79995728E-03
  -9.69982147E-03
  -9.09996033E-03
  -8.90064240E-03
  -8.70037079E-03
  -8.50009918E-03
  -8.39996338E-03
  -7.99942017E-03
  -7.90023804E-03
  -7.30037689E-03
  -7.10010529E-03
  -6.70051575E-03
  -6.69956207E-03
  -6.30092621E-03
  -6.29997253E-03
  -6.09970093E-03
  -5.99956512E-03
  -5.99956512E-03
  -5.80024719E-03
  -5.80024719E-03
  -5.79929352E-03
  -5.70011139E-03
  -5.59997559E-03
  -5.59997559E-03
  -5.39970398E-03
  -5.10025024E-03
  -5.10025024E-03
  -4.39929962E-03
  -4.30011749E-03
  -4.30011749E-03
  -3.99971008E-03
  -3.79943848E-03
  -3.70025635E-03
  -3.70025635E-03
  -3.70025635E-03
  -3.70025635E-03
  -3.49998474E-03
  -3.20053101E-03
  -3.20053101E-03
  -3.00025940E-03
  -3.00025940E-03
  -3.00025940E-03
  -2.90012360E-03
  -2.79998779E-03
  -2.79998779E-03
  -2.69985199E-03
  -2.59971619E-03
  -2.50053406E-03
  -2.50053406E-03
  -2.50053406E-03
  -2.40039825E-03
  -2.39944458E-03
  -2.09999084E-03
  -2.09999084E-03
  -1.99985504E-03
  -1.80053711E-03
  -1.69944763E-03
  -1.60026550E-03
  -1.60026550E-03
  -1.39999390E-03
  -1.39999390E-03
  -1.29985809E-03
  -1.29985809E-03
  -1.29985809E-03
  -1.29985809E-03
  -9.99450684E-04
  -6.99996948E-04
  -6.99996948E-04
  -6.99996948E-04
  -5.99861145E-04
  -5.99861145E-04
  -4.99725342E-04
  -4.99725342E-04
  -3.00407410E-04
  -3.00407410E-04
  -1.99317932E-04
  -1.00135803E-04
   0.00000000    
   1.00135803E-04
   3.99589539E-04
   4.99725342E-04
   5.99861145E-04
   8.00132751E-04
   9.00268555E-04
   1.09958649E-03
   1.19972229E-03
   1.39999390E-03
   1.49917603E-03
   1.49917603E-03
   1.60026550E-03
   1.60026550E-03
   1.69944763E-03
   1.70040131E-03
   1.90067291E-03
   1.99985504E-03
   2.09999084E-03
   2.30026245E-03
   2.39944458E-03
   2.40039825E-03
   2.79998779E-03
   2.79998779E-03
   2.79998779E-03
   2.90012360E-03
   2.90012360E-03
   2.90012360E-03
   2.90012360E-03
   2.90012360E-03
   2.99930573E-03
   3.00025940E-03
   3.00025940E-03
   3.29971313E-03
   3.29971313E-03
   3.29971313E-03
   3.49998474E-03
   3.69930267E-03
   3.80039215E-03
   4.19998169E-03
   4.59957123E-03
   5.00011444E-03
   5.10025024E-03
   5.19943237E-03
   5.39970398E-03
   6.09970093E-03
   6.29997253E-03
   6.40010834E-03
   6.70051575E-03
   6.79969788E-03
   6.80065155E-03
   7.10010529E-03
   7.10010529E-03
   7.20024109E-03
   7.29942322E-03
   7.40051270E-03
   7.80010223E-03
   7.80010223E-03
   8.79955292E-03
   9.20009613E-03
   9.40036774E-03
   9.79995728E-03
   1.00994110E-02
   1.04999542E-02
   1.04999542E-02
   1.09004974E-02
   1.13000870E-02
   1.15003586E-02
   1.18999481E-02
   1.22003555E-02
   1.23004913E-02
   1.27000809E-02
   1.28002167E-02
   1.29003525E-02
   1.30996704E-02
   1.32999420E-02
   1.35993958E-02
   1.36995316E-02
   1.38006210E-02
   1.38998032E-02
   1.39007568E-02
   1.40991211E-02
   1.41000748E-02
   1.42002106E-02
   1.42002106E-02
   1.50995255E-02
   1.55000687E-02
   1.66997910E-02
   1.72996521E-02
   1.77993774E-02
   1.77993774E-02
   1.85003281E-02
   2.01997757E-02
   2.64005661E-02
   2.65998840E-02
   3.33003998E-02
   3.39002609E-02
   3.59001160E-02
   3.63998413E-02
   4.47006226E-02
   4.58002090E-02
   5.59997559E-02
   5.64002991E-02
   5.66997528E-02
   6.19001389E-02
   7.41004944E-02
   7.87000656E-02
   9.11998749E-02
   9.65003967E-02
  0.111399651    
  0.117000580    
  0.123199463    
  0.133500099    
  0.138600349    
  0.155799866    
  0.158900261    
  0.159200668    
  0.189100266    
  0.191100121    
  0.236199379    
  0.292799950    
  0.317099571    
  0.321599960    
  0.329699516    
  0.373000145    
  0.373799324    
  0.405699730    
