#Npts     Radius    Mag      Completeness
#  336 1457.3434  -11.554300 0.971098
# Verr
 -0.288300514    
 -0.243499756    
 -0.115200043    
 -0.113599777    
  -8.96005630E-02
  -8.17995071E-02
  -6.33001328E-02
  -6.30998611E-02
  -5.70001602E-02
  -5.39999008E-02
  -5.23004532E-02
  -4.95004654E-02
  -4.90999222E-02
  -4.71000671E-02
  -4.62999344E-02
  -4.53996658E-02
  -4.10003662E-02
  -3.91998291E-02
  -3.33995819E-02
  -3.28006744E-02
  -3.15999985E-02
  -3.15999985E-02
  -3.15999985E-02
  -3.06997299E-02
  -2.97994614E-02
  -2.95000076E-02
  -2.74000168E-02
  -2.62994766E-02
  -2.57997513E-02
  -2.40001678E-02
  -2.39992142E-02
  -2.30998993E-02
  -2.30998993E-02
  -2.25992203E-02
  -2.12001801E-02
  -2.01005936E-02
  -1.90000534E-02
  -1.90000534E-02
  -1.90000534E-02
  -1.74999237E-02
  -1.64003372E-02
  -1.60999298E-02
  -1.58996582E-02
  -1.57003403E-02
  -1.56993866E-02
  -1.55992508E-02
  -1.53999329E-02
  -1.43995285E-02
  -1.41000748E-02
  -1.38998032E-02
  -1.36003494E-02
  -1.35002136E-02
  -1.30996704E-02
  -1.25999451E-02
  -1.25999451E-02
  -1.22003555E-02
  -1.21994019E-02
  -1.18999481E-02
  -1.17998123E-02
  -1.14002228E-02
  -1.12991333E-02
  -1.11999512E-02
  -1.04999542E-02
  -1.00994110E-02
  -9.70077515E-03
  -9.59968567E-03
  -9.50050354E-03
  -9.40036774E-03
  -9.20009613E-03
  -9.19914246E-03
  -8.90064240E-03
  -8.80050659E-03
  -8.39996338E-03
  -8.39996338E-03
  -8.29982758E-03
  -8.10050964E-03
  -8.09955597E-03
  -8.00037384E-03
  -8.00037384E-03
  -7.60078430E-03
  -7.60078430E-03
  -7.59983063E-03
  -7.30037689E-03
  -7.20024109E-03
  -7.10010529E-03
  -6.80065155E-03
  -6.79969788E-03
  -6.79969788E-03
  -6.60037994E-03
  -6.59942627E-03
  -6.50024414E-03
  -6.49929047E-03
  -6.40010834E-03
  -6.29997253E-03
  -6.19983673E-03
  -6.19983673E-03
  -6.10065460E-03
  -6.00051880E-03
  -5.90038300E-03
  -5.80024719E-03
  -5.80024719E-03
  -5.80024719E-03
  -5.59997559E-03
  -5.39970398E-03
  -5.30052185E-03
  -5.30052185E-03
  -5.20038605E-03
  -5.10025024E-03
  -5.09929657E-03
  -5.00011444E-03
  -5.00011444E-03
  -5.00011444E-03
  -4.89997864E-03
  -4.89997864E-03
  -4.79984283E-03
  -4.70066071E-03
  -4.69970703E-03
  -4.60052490E-03
  -4.59957123E-03
  -4.50038910E-03
  -4.49943542E-03
  -4.40025330E-03
  -4.00066376E-03
  -4.00066376E-03
  -4.00066376E-03
  -3.89957428E-03
  -3.70025635E-03
  -3.49998474E-03
  -3.49998474E-03
  -3.39984894E-03
  -3.39984894E-03
  -3.39984894E-03
  -3.39984894E-03
  -3.29971313E-03
  -3.19957733E-03
  -3.10039520E-03
  -3.10039520E-03
  -3.10039520E-03
  -2.99930573E-03
  -2.90012360E-03
  -2.90012360E-03
  -2.89916992E-03
  -2.79998779E-03
  -2.79998779E-03
  -2.70080566E-03
  -2.70080566E-03
  -2.70080566E-03
  -2.59971619E-03
  -2.50053406E-03
  -2.49958038E-03
  -2.49958038E-03
  -2.49958038E-03
  -2.40039825E-03
  -2.40039825E-03
  -2.40039825E-03
  -2.39944458E-03
  -2.39944458E-03
  -2.30026245E-03
  -2.30026245E-03
  -2.30026245E-03
  -2.30026245E-03
  -2.29930878E-03
  -2.20012665E-03
  -2.20012665E-03
  -2.20012665E-03
  -2.09999084E-03
  -2.00080872E-03
  -1.99985504E-03
  -1.90067291E-03
  -1.89971924E-03
  -1.80053711E-03
  -1.79958344E-03
  -1.79958344E-03
  -1.79958344E-03
  -1.79958344E-03
  -1.79958344E-03
  -1.69944763E-03
  -1.50012970E-03
  -1.49917603E-03
  -1.39999390E-03
  -1.39999390E-03
  -1.30081177E-03
  -1.29985809E-03
  -1.19972229E-03
  -1.19972229E-03
  -1.19972229E-03
  -1.19972229E-03
  -1.00040436E-03
  -9.99450684E-04
  -9.99450684E-04
  -8.00132751E-04
  -6.99996948E-04
  -5.99861145E-04
  -4.00543213E-04
  -4.00543213E-04
  -3.99589539E-04
  -3.00407410E-04
  -3.00407410E-04
  -2.99453735E-04
  -2.00271606E-04
  -2.00271606E-04
  -1.00135803E-04
   0.00000000    
   0.00000000    
   9.91821289E-05
   1.00135803E-04
   1.00135803E-04
   2.00271606E-04
   2.00271606E-04
   4.99725342E-04
   6.00814819E-04
   6.99996948E-04
   6.99996948E-04
   8.99314880E-04
   9.00268555E-04
   1.19972229E-03
   1.19972229E-03
   1.19972229E-03
   1.29985809E-03
   1.30081177E-03
   1.39999390E-03
   1.50012970E-03
   1.60026550E-03
   1.80053711E-03
   1.89971924E-03
   1.99985504E-03
   2.00080872E-03
   2.09999084E-03
   2.20012665E-03
   2.20012665E-03
   2.30026245E-03
   2.39944458E-03
   2.50053406E-03
   2.69985199E-03
   2.69985199E-03
   2.69985199E-03
   2.70080566E-03
   2.90012360E-03
   2.90012360E-03
   3.00025940E-03
   3.00025940E-03
   3.09944153E-03
   3.10039520E-03
   3.29971313E-03
   3.29971313E-03
   3.29971313E-03
   3.29971313E-03
   3.60012054E-03
   3.70025635E-03
   3.79943848E-03
   3.89957428E-03
   3.90052795E-03
   4.00066376E-03
   4.30011749E-03
   4.30011749E-03
   4.49943542E-03
   4.50038910E-03
   4.59957123E-03
   4.79984283E-03
   4.79984283E-03
   4.89997864E-03
   5.20038605E-03
   5.30052185E-03
   5.40065765E-03
   5.49983978E-03
   5.90038300E-03
   6.10065460E-03
   6.29997253E-03
   6.49929047E-03
   6.70051575E-03
   7.29942322E-03
   7.49969482E-03
   7.80010223E-03
   8.00037384E-03
   8.00037384E-03
   8.09955597E-03
   8.09955597E-03
   8.29982758E-03
   8.39996338E-03
   8.70037079E-03
   9.40036774E-03
   9.49954987E-03
   9.79995728E-03
   9.79995728E-03
   1.02996826E-02
   1.03998184E-02
   1.04007721E-02
   1.09996796E-02
   1.17998123E-02
   1.20000839E-02
   1.28002167E-02
   1.28993988E-02
   1.30996704E-02
   1.49002075E-02
   1.52997971E-02
   1.55000687E-02
   1.69000626E-02
   1.78003311E-02
   1.88007355E-02
   1.88999176E-02
   1.97000504E-02
   2.28996277E-02
   2.32000351E-02
   2.38008499E-02
   2.49004364E-02
   2.57997513E-02
   2.65998840E-02
   2.67000198E-02
   2.85997391E-02
   2.86998749E-02
   2.96001434E-02
   3.02000046E-02
   3.02000046E-02
   3.14998627E-02
   3.24001312E-02
   3.29008102E-02
   3.90996933E-02
   3.92007828E-02
   3.96003723E-02
   4.19006348E-02
   4.26998138E-02
   4.44002151E-02
   4.71992493E-02
   5.10997772E-02
   5.42993546E-02
   6.16006851E-02
   7.28998184E-02
   9.01994705E-02
   9.16996002E-02
  0.159299850    
  0.164700508    
  0.196399689    
  0.342800140    
  0.351699829    
  0.444899559    
  0.546799660    
