#Npts     Radius    Mag      Completeness
#  341  845.2592  -11.554300 0.949861
# Verr
 -0.475499153    
 -0.434500694    
 -0.281799316    
 -0.245800018    
 -0.192700386    
 -0.105200768    
  -8.86001587E-02
  -8.72993469E-02
  -7.85999298E-02
  -7.76996613E-02
  -6.55002594E-02
  -6.47001266E-02
  -6.23998642E-02
  -5.89008331E-02
  -5.89008331E-02
  -5.85002899E-02
  -5.35001755E-02
  -5.32999039E-02
  -5.15003204E-02
  -4.66003418E-02
  -4.43000793E-02
  -4.41999435E-02
  -4.22000885E-02
  -3.96003723E-02
  -3.82003784E-02
  -3.52001190E-02
  -3.34997177E-02
  -3.27997208E-02
  -3.17001343E-02
  -3.17001343E-02
  -3.06997299E-02
  -3.02000046E-02
  -3.02000046E-02
  -2.72006989E-02
  -2.71005630E-02
  -2.70996094E-02
  -2.61001587E-02
  -2.58998871E-02
  -2.54001617E-02
  -2.28004456E-02
  -2.25000381E-02
  -2.23999023E-02
  -2.22997665E-02
  -2.16999054E-02
  -2.13003159E-02
  -2.01997757E-02
  -2.01005936E-02
  -2.01005936E-02
  -1.97000504E-02
  -1.90000534E-02
  -1.84001923E-02
  -1.81999207E-02
  -1.80997849E-02
  -1.79004669E-02
  -1.78995132E-02
  -1.73997879E-02
  -1.60007477E-02
  -1.57995224E-02
  -1.56993866E-02
  -1.53007507E-02
  -1.45998001E-02
  -1.44996643E-02
  -1.42993927E-02
  -1.42002106E-02
  -1.41000748E-02
  -1.38998032E-02
  -1.34000778E-02
  -1.32999420E-02
  -1.32007599E-02
  -1.32007599E-02
  -1.31998062E-02
  -1.31998062E-02
  -1.30004883E-02
  -1.25999451E-02
  -1.24998093E-02
  -1.24998093E-02
  -1.24998093E-02
  -1.23996735E-02
  -1.15003586E-02
  -1.14994049E-02
  -1.14002228E-02
  -1.09004974E-02
  -1.07994080E-02
  -1.06000900E-02
  -1.03998184E-02
  -1.03998184E-02
  -1.02005005E-02
  -1.01003647E-02
  -9.90009308E-03
  -9.69982147E-03
  -9.40036774E-03
  -9.39941406E-03
  -9.39941406E-03
  -9.29927826E-03
  -9.29927826E-03
  -8.99982452E-03
  -8.99982452E-03
  -8.79955292E-03
  -8.69941711E-03
  -8.60023499E-03
  -8.59928131E-03
  -8.50009918E-03
  -8.39996338E-03
  -8.39996338E-03
  -8.20064545E-03
  -8.19969177E-03
  -7.99942017E-03
  -7.80010223E-03
  -7.59983063E-03
  -7.59983063E-03
  -7.30037689E-03
  -7.10010529E-03
  -7.10010529E-03
  -6.79969788E-03
  -6.69956207E-03
  -6.50024414E-03
  -6.19983673E-03
  -6.19983673E-03
  -6.19983673E-03
  -5.99956512E-03
  -5.90038300E-03
  -5.90038300E-03
  -5.80024719E-03
  -5.79929352E-03
  -5.70011139E-03
  -5.59997559E-03
  -5.19943237E-03
  -5.10025024E-03
  -5.10025024E-03
  -5.00011444E-03
  -5.00011444E-03
  -4.79984283E-03
  -4.69970703E-03
  -4.69970703E-03
  -4.59957123E-03
  -4.30011749E-03
  -4.19998169E-03
  -3.90052795E-03
  -3.90052795E-03
  -3.79943848E-03
  -3.49998474E-03
  -3.49998474E-03
  -3.39984894E-03
  -3.39984894E-03
  -3.30066681E-03
  -3.20053101E-03
  -3.20053101E-03
  -3.19957733E-03
  -3.19957733E-03
  -2.90012360E-03
  -2.79998779E-03
  -2.79998779E-03
  -2.79998779E-03
  -2.59971619E-03
  -2.50053406E-03
  -2.39944458E-03
  -2.30026245E-03
  -2.29930878E-03
  -2.09999084E-03
  -2.09999084E-03
  -1.99985504E-03
  -1.79958344E-03
  -1.79958344E-03
  -1.79958344E-03
  -1.69944763E-03
  -1.50012970E-03
  -1.49917603E-03
  -1.30081177E-03
  -1.19972229E-03
  -1.19972229E-03
  -1.00040436E-03
  -9.99450684E-04
  -9.99450684E-04
  -9.99450684E-04
  -8.00132751E-04
  -6.99996948E-04
  -6.99996948E-04
  -5.99861145E-04
  -5.99861145E-04
  -5.99861145E-04
  -5.00679016E-04
  -4.99725342E-04
  -4.00543213E-04
  -3.00407410E-04
   0.00000000    
   1.00135803E-04
   3.99589539E-04
   5.99861145E-04
   5.99861145E-04
   8.00132751E-04
   9.99450684E-04
   1.09958649E-03
   1.19972229E-03
   1.19972229E-03
   1.29985809E-03
   1.39999390E-03
   1.50012970E-03
   1.59931183E-03
   1.79958344E-03
   1.89971924E-03
   1.90067291E-03
   1.99985504E-03
   2.09999084E-03
   2.20012665E-03
   2.20012665E-03
   2.29930878E-03
   2.40039825E-03
   2.40039825E-03
   2.49958038E-03
   2.79998779E-03
   2.90012360E-03
   2.99930573E-03
   3.09944153E-03
   3.19957733E-03
   3.39984894E-03
   3.39984894E-03
   3.49998474E-03
   3.70025635E-03
   3.70025635E-03
   4.09984589E-03
   4.10079956E-03
   4.19998169E-03
   4.30011749E-03
   4.30011749E-03
   4.40025330E-03
   4.70066071E-03
   4.89997864E-03
   5.00011444E-03
   5.29956818E-03
   5.30052185E-03
   5.80024719E-03
   6.09970093E-03
   6.19983673E-03
   6.29997253E-03
   7.19928741E-03
   7.50064850E-03
   7.59983063E-03
   7.59983063E-03
   7.69996643E-03
   7.99942017E-03
   8.00037384E-03
   8.60023499E-03
   8.80050659E-03
   9.09996033E-03
   9.30023193E-03
   9.89913940E-03
   1.00002289E-02
   1.02005005E-02
   1.06000900E-02
   1.07002258E-02
   1.07994080E-02
   1.10998154E-02
   1.11999512E-02
   1.14002228E-02
   1.14002228E-02
   1.14994049E-02
   1.16996765E-02
   1.17998123E-02
   1.21994019E-02
   1.22995377E-02
   1.24998093E-02
   1.25999451E-02
   1.31006241E-02
   1.31998062E-02
   1.37996674E-02
   1.42002106E-02
   1.44996643E-02
   1.50003433E-02
   1.52006149E-02
   1.52997971E-02
   1.53999329E-02
   1.57003403E-02
   1.68008804E-02
   1.73997879E-02
   1.84993744E-02
   1.86004639E-02
   1.92995071E-02
   1.93004608E-02
   1.97000504E-02
   2.02007294E-02
   2.02999115E-02
   2.06003189E-02
   2.09999084E-02
   2.24008560E-02
   2.27003098E-02
   2.29997635E-02
   2.30007172E-02
   2.41994858E-02
   2.48994827E-02
   2.65998840E-02
   2.68993378E-02
   2.71997452E-02
   2.76002884E-02
   2.76994705E-02
   2.84996033E-02
   2.95000076E-02
   3.05004120E-02
   3.20997238E-02
   3.36999893E-02
   3.45993042E-02
   3.52993011E-02
   3.56998444E-02
   3.71999741E-02
   3.74002457E-02
   4.37994003E-02
   4.47998047E-02
   4.74996567E-02
   5.21993637E-02
   5.25999069E-02
   5.30004501E-02
   5.51996231E-02
   5.77001572E-02
   5.93996048E-02
   6.37998581E-02
   6.55002594E-02
   6.86998367E-02
   7.38992691E-02
   8.10995102E-02
   8.24003220E-02
   8.78000259E-02
  0.106900215    
  0.126500130    
  0.129500389    
  0.138699532    
  0.143300056    
  0.143899918    
  0.152000427    
  0.154999733    
  0.155900002    
  0.189499855    
  0.191400528    
  0.237400055    
  0.256000519    
  0.261799812    
  0.263999939    
  0.308700562    
  0.316800117    
  0.423799515    
  0.480299950    
  0.618200302    
  0.729300499    
