#Npts     Radius    Mag      Completeness
#  218 1457.3434  -14.823200 1.000000
# Verr
  -3.13997269E-02
  -1.55992508E-02
  -1.16996765E-02
  -1.08995438E-02
  -1.04999542E-02
  -1.03998184E-02
  -1.02005005E-02
  -1.00994110E-02
  -9.99927521E-03
  -9.69982147E-03
  -9.59968567E-03
  -9.30023193E-03
  -9.20009613E-03
  -8.90064240E-03
  -8.80050659E-03
  -8.79955292E-03
  -8.50009918E-03
  -8.09955597E-03
  -7.89928436E-03
  -7.60078430E-03
  -7.39955902E-03
  -7.29942322E-03
  -7.29942322E-03
  -7.10010529E-03
  -6.99996948E-03
  -6.90078735E-03
  -6.89983368E-03
  -6.89983368E-03
  -6.70051575E-03
  -6.60037994E-03
  -6.50024414E-03
  -6.50024414E-03
  -6.29997253E-03
  -6.10065460E-03
  -6.09970093E-03
  -6.00051880E-03
  -5.59997559E-03
  -5.50079346E-03
  -5.49983978E-03
  -5.40065765E-03
  -5.39970398E-03
  -5.29956818E-03
  -5.10025024E-03
  -5.00011444E-03
  -5.00011444E-03
  -5.00011444E-03
  -4.79984283E-03
  -4.50038910E-03
  -4.49943542E-03
  -4.40025330E-03
  -4.30011749E-03
  -4.19998169E-03
  -4.09984589E-03
  -4.00066376E-03
  -3.90052795E-03
  -3.70025635E-03
  -3.60012054E-03
  -3.60012054E-03
  -3.59916687E-03
  -3.49998474E-03
  -3.49998474E-03
  -3.40080261E-03
  -3.39984894E-03
  -3.30066681E-03
  -3.29971313E-03
  -3.20053101E-03
  -3.19957733E-03
  -3.19957733E-03
  -3.19957733E-03
  -3.10039520E-03
  -3.09944153E-03
  -3.09944153E-03
  -3.00025940E-03
  -3.00025940E-03
  -3.00025940E-03
  -2.70080566E-03
  -2.69985199E-03
  -2.69985199E-03
  -2.59971619E-03
  -2.40039825E-03
  -2.20012665E-03
  -1.99985504E-03
  -1.79958344E-03
  -1.60026550E-03
  -1.50012970E-03
  -1.49917603E-03
  -1.39999390E-03
  -1.29985809E-03
  -1.29985809E-03
  -1.19972229E-03
  -1.09958649E-03
  -1.00040436E-03
  -9.99450684E-04
  -9.00268555E-04
  -9.00268555E-04
  -8.00132751E-04
  -8.00132751E-04
  -5.99861145E-04
  -4.99725342E-04
  -4.99725342E-04
  -3.99589539E-04
  -3.99589539E-04
  -2.00271606E-04
  -1.99317932E-04
  -1.00135803E-04
  -1.00135803E-04
  -1.00135803E-04
  -9.91821289E-05
   9.91821289E-05
   1.00135803E-04
   1.00135803E-04
   1.99317932E-04
   2.00271606E-04
   2.00271606E-04
   2.00271606E-04
   2.99453735E-04
   3.00407410E-04
   5.99861145E-04
   5.99861145E-04
   6.99996948E-04
   8.00132751E-04
   9.00268555E-04
   1.09958649E-03
   1.10054016E-03
   1.29985809E-03
   1.39999390E-03
   1.49917603E-03
   1.60026550E-03
   1.79958344E-03
   1.79958344E-03
   1.80053711E-03
   2.09999084E-03
   2.20012665E-03
   2.30026245E-03
   2.30026245E-03
   2.39944458E-03
   2.40039825E-03
   2.50053406E-03
   2.59971619E-03
   2.59971619E-03
   3.00025940E-03
   3.00025940E-03
   3.00025940E-03
   3.09944153E-03
   3.10039520E-03
   3.20053101E-03
   3.29971313E-03
   3.30066681E-03
   3.30066681E-03
   3.39984894E-03
   3.69930267E-03
   3.79943848E-03
   3.80039215E-03
   3.90052795E-03
   3.99971008E-03
   4.09984589E-03
   4.19998169E-03
   4.30011749E-03
   4.40025330E-03
   4.49943542E-03
   4.60052490E-03
   4.60052490E-03
   4.69970703E-03
   5.00011444E-03
   5.29956818E-03
   5.40065765E-03
   5.49983978E-03
   5.59997559E-03
   5.89942932E-03
   5.89942932E-03
   6.39915466E-03
   6.50024414E-03
   6.59942627E-03
   6.89983368E-03
   6.99996948E-03
   6.99996948E-03
   6.99996948E-03
   7.39955902E-03
   7.49969482E-03
   7.49969482E-03
   7.69996643E-03
   7.80010223E-03
   8.29982758E-03
   8.39996338E-03
   8.80050659E-03
   8.89968872E-03
   9.69982147E-03
   1.07002258E-02
   1.08003616E-02
   1.10998154E-02
   1.15995407E-02
   1.20000839E-02
   1.21002197E-02
   1.24006271E-02
   1.29995346E-02
   1.46999359E-02
   1.52997971E-02
   1.53999329E-02
   1.76000595E-02
   2.31008530E-02
   2.44998932E-02
   2.46000290E-02
   2.48003006E-02
   2.76002884E-02
   2.76994705E-02
   2.92005539E-02
   2.98004150E-02
   3.02000046E-02
   3.58991623E-02
   4.58002090E-02
   4.65002060E-02
   5.32007217E-02
   5.66997528E-02
   6.94999695E-02
   9.06000137E-02
  0.111599922    
  0.136699677    
  0.168100357    
