#Npts     Radius    Mag      Completeness
#  197 1049.2872  -15.309200 0.985000
# Verr
 -0.241899490    
  -4.51993942E-02
  -1.80006027E-02
  -1.14994049E-02
  -1.06000900E-02
  -1.03998184E-02
  -9.50050354E-03
  -9.09996033E-03
  -8.10050964E-03
  -7.80010223E-03
  -7.49969482E-03
  -7.10010529E-03
  -6.50024414E-03
  -6.50024414E-03
  -6.50024414E-03
  -6.29997253E-03
  -5.59997559E-03
  -5.49983978E-03
  -5.39970398E-03
  -5.10025024E-03
  -5.10025024E-03
  -5.10025024E-03
  -5.00011444E-03
  -4.60052490E-03
  -4.60052490E-03
  -4.60052490E-03
  -4.59957123E-03
  -4.59957123E-03
  -4.30011749E-03
  -4.19998169E-03
  -4.19998169E-03
  -3.99971008E-03
  -3.90052795E-03
  -3.89957428E-03
  -3.80039215E-03
  -3.79943848E-03
  -3.39984894E-03
  -3.29971313E-03
  -3.19957733E-03
  -3.10039520E-03
  -2.90012360E-03
  -2.69985199E-03
  -2.69985199E-03
  -2.69985199E-03
  -2.60066986E-03
  -2.49958038E-03
  -2.30026245E-03
  -2.19917297E-03
  -2.09999084E-03
  -2.09999084E-03
  -1.99985504E-03
  -1.99985504E-03
  -1.70040131E-03
  -1.69944763E-03
  -1.60026550E-03
  -1.50012970E-03
  -1.39999390E-03
  -1.39999390E-03
  -1.39999390E-03
  -1.39999390E-03
  -1.29985809E-03
  -1.10054016E-03
  -1.00040436E-03
  -1.00040436E-03
  -1.00040436E-03
  -9.99450684E-04
  -8.00132751E-04
  -7.99179077E-04
  -6.99996948E-04
  -6.00814819E-04
  -4.99725342E-04
  -4.99725342E-04
  -4.00543213E-04
  -4.00543213E-04
  -3.99589539E-04
  -3.00407410E-04
  -3.00407410E-04
  -2.99453735E-04
  -2.00271606E-04
   1.99317932E-04
   1.99317932E-04
   2.99453735E-04
   3.00407410E-04
   3.99589539E-04
   3.99589539E-04
   3.99589539E-04
   4.99725342E-04
   5.99861145E-04
   5.99861145E-04
   6.00814819E-04
   6.00814819E-04
   6.99996948E-04
   8.00132751E-04
   9.00268555E-04
   9.00268555E-04
   1.00040436E-03
   1.09958649E-03
   1.29985809E-03
   1.29985809E-03
   1.29985809E-03
   1.39999390E-03
   1.49917603E-03
   1.50012970E-03
   1.50012970E-03
   1.80053711E-03
   1.99985504E-03
   1.99985504E-03
   2.09999084E-03
   2.20012665E-03
   2.30026245E-03
   2.40039825E-03
   2.40039825E-03
   2.40039825E-03
   2.49958038E-03
   2.70080566E-03
   2.79998779E-03
   3.00025940E-03
   3.19957733E-03
   3.39984894E-03
   3.39984894E-03
   3.49998474E-03
   3.60012054E-03
   3.69930267E-03
   4.09984589E-03
   4.09984589E-03
   4.19998169E-03
   4.30011749E-03
   4.40025330E-03
   4.50038910E-03
   4.79984283E-03
   4.89997864E-03
   4.89997864E-03
   5.10025024E-03
   5.10025024E-03
   5.10025024E-03
   5.19943237E-03
   5.19943237E-03
   5.20038605E-03
   5.30052185E-03
   5.39970398E-03
   5.40065765E-03
   5.59997559E-03
   5.70011139E-03
   5.70011139E-03
   5.79929352E-03
   5.80024719E-03
   5.89942932E-03
   5.90038300E-03
   5.99956512E-03
   6.19983673E-03
   6.50024414E-03
   6.59942627E-03
   6.79969788E-03
   6.79969788E-03
   6.89983368E-03
   7.30037689E-03
   7.50064850E-03
   7.89928436E-03
   8.19969177E-03
   8.39996338E-03
   9.39941406E-03
   1.10998154E-02
   1.10998154E-02
   1.11999512E-02
   1.13000870E-02
   1.32999420E-02
   1.39999390E-02
   1.49002075E-02
   1.58004761E-02
   1.60999298E-02
   1.74999237E-02
   1.88007355E-02
   1.90000534E-02
   1.94005966E-02
   1.95007324E-02
   2.14004517E-02
   2.76002884E-02
   2.83002853E-02
   3.25002670E-02
   3.42998505E-02
   3.54003906E-02
   3.56006622E-02
   3.94992828E-02
   4.01000977E-02
   4.31995392E-02
   4.50000763E-02
   5.45997620E-02
   6.75001144E-02
   6.84995651E-02
   6.92005157E-02
   7.41004944E-02
   8.72001648E-02
  0.101999283    
  0.122300148    
  0.128799438    
  0.189800262    
  0.211899757    
