#Npts     Radius    Mag      Completeness
#  218  845.2592  -15.066200 0.986425
# Verr
  -2.48003006E-02
  -1.83000565E-02
  -1.46999359E-02
  -1.32999420E-02
  -1.20992661E-02
  -1.20000839E-02
  -1.17998123E-02
  -1.14994049E-02
  -1.09996796E-02
  -1.07994080E-02
  -1.04999542E-02
  -1.01003647E-02
  -9.79995728E-03
  -9.49954987E-03
  -9.30023193E-03
  -8.99982452E-03
  -8.90064240E-03
  -8.89968872E-03
  -8.79955292E-03
  -8.39996338E-03
  -8.29982758E-03
  -7.99942017E-03
  -7.20024109E-03
  -7.20024109E-03
  -7.10010529E-03
  -7.10010529E-03
  -6.99996948E-03
  -6.80065155E-03
  -6.29997253E-03
  -6.29997253E-03
  -6.00051880E-03
  -5.69915771E-03
  -5.59997559E-03
  -5.59997559E-03
  -5.30052185E-03
  -5.19943237E-03
  -5.10025024E-03
  -5.10025024E-03
  -5.00011444E-03
  -4.80079651E-03
  -4.80079651E-03
  -4.60052490E-03
  -4.40025330E-03
  -4.40025330E-03
  -4.19998169E-03
  -4.19998169E-03
  -4.00066376E-03
  -3.99971008E-03
  -3.80039215E-03
  -3.79943848E-03
  -3.70025635E-03
  -3.39984894E-03
  -3.39984894E-03
  -3.39984894E-03
  -3.30066681E-03
  -3.29971313E-03
  -3.29971313E-03
  -3.20053101E-03
  -3.09944153E-03
  -3.00025940E-03
  -2.90012360E-03
  -2.79998779E-03
  -2.79998779E-03
  -2.79998779E-03
  -2.69985199E-03
  -2.69985199E-03
  -2.60066986E-03
  -2.49958038E-03
  -2.39944458E-03
  -2.29930878E-03
  -2.20012665E-03
  -2.09999084E-03
  -1.99985504E-03
  -1.89971924E-03
  -1.80053711E-03
  -1.80053711E-03
  -1.70040131E-03
  -1.60026550E-03
  -1.60026550E-03
  -1.50012970E-03
  -1.50012970E-03
  -1.39999390E-03
  -1.29985809E-03
  -1.29985809E-03
  -1.00040436E-03
  -9.99450684E-04
  -9.00268555E-04
  -6.99996948E-04
  -4.99725342E-04
  -4.00543213E-04
  -3.99589539E-04
  -2.99453735E-04
  -2.00271606E-04
  -1.00135803E-04
   2.99453735E-04
   3.99589539E-04
   4.00543213E-04
   4.99725342E-04
   5.00679016E-04
   5.99861145E-04
   6.99996948E-04
   7.99179077E-04
   8.00132751E-04
   8.00132751E-04
   8.00132751E-04
   8.99314880E-04
   9.99450684E-04
   9.99450684E-04
   9.99450684E-04
   9.99450684E-04
   1.39999390E-03
   1.90067291E-03
   1.99985504E-03
   2.09999084E-03
   2.20012665E-03
   2.39944458E-03
   2.49958038E-03
   2.50053406E-03
   2.69985199E-03
   2.69985199E-03
   2.79998779E-03
   3.10039520E-03
   3.19957733E-03
   3.29971313E-03
   3.29971313E-03
   3.39984894E-03
   3.49998474E-03
   3.49998474E-03
   3.60012054E-03
   3.60012054E-03
   3.60012054E-03
   3.80039215E-03
   3.89957428E-03
   4.19998169E-03
   4.19998169E-03
   4.30011749E-03
   4.30011749E-03
   4.40025330E-03
   4.59957123E-03
   4.89997864E-03
   5.20038605E-03
   5.20038605E-03
   5.39970398E-03
   5.59997559E-03
   5.69915771E-03
   5.70011139E-03
   5.70011139E-03
   5.90038300E-03
   6.29997253E-03
   6.50024414E-03
   6.69956207E-03
   6.69956207E-03
   6.70051575E-03
   7.29942322E-03
   7.40051270E-03
   7.69996643E-03
   8.00037384E-03
   8.50009918E-03
   8.79955292E-03
   9.09996033E-03
   9.09996033E-03
   9.20009613E-03
   9.29927826E-03
   9.40036774E-03
   9.49954987E-03
   1.02005005E-02
   1.14994049E-02
   1.20000839E-02
   1.21002197E-02
   1.23004913E-02
   1.30996704E-02
   1.39999390E-02
   1.52997971E-02
   1.59997940E-02
   1.59997940E-02
   1.62000656E-02
   1.66006088E-02
   1.69992447E-02
   1.77001953E-02
   1.79996490E-02
   1.97000504E-02
   2.08997726E-02
   2.19993591E-02
   2.33001709E-02
   2.50005722E-02
   2.62994766E-02
   2.67000198E-02
   2.68001556E-02
   2.68001556E-02
   2.71005630E-02
   2.92997360E-02
   2.99997330E-02
   3.18002701E-02
   3.22999954E-02
   3.38993073E-02
   4.60996628E-02
   5.30996323E-02
   5.45997620E-02
   5.70001602E-02
   6.18991852E-02
   6.51006699E-02
   6.64005280E-02
   6.77995682E-02
   6.98995590E-02
   7.22999573E-02
   7.77006149E-02
   8.34999084E-02
   8.37001801E-02
   9.16004181E-02
  0.101799965    
  0.105799675    
  0.108700752    
  0.117100716    
  0.156199455    
  0.173000336    
  0.254600525    
  0.306099892    
  0.444200516    
