#Npts     Radius    Mag      Completeness
#  229 2069.4277  -14.580200 0.991342
# Verr
  -1.78003311E-02
  -1.30996704E-02
  -1.17006302E-02
  -1.11007690E-02
  -1.02005005E-02
  -1.00002289E-02
  -9.09996033E-03
  -9.09996033E-03
  -9.09996033E-03
  -8.89968872E-03
  -8.70037079E-03
  -8.59928131E-03
  -8.50009918E-03
  -8.39996338E-03
  -8.19969177E-03
  -8.10050964E-03
  -8.10050964E-03
  -8.00037384E-03
  -7.69996643E-03
  -7.69996643E-03
  -7.60078430E-03
  -7.30037689E-03
  -7.10010529E-03
  -7.00092316E-03
  -6.99996948E-03
  -6.89983368E-03
  -6.89983368E-03
  -6.69956207E-03
  -6.50024414E-03
  -6.40010834E-03
  -6.19983673E-03
  -5.90038300E-03
  -5.80024719E-03
  -5.80024719E-03
  -5.79929352E-03
  -5.59997559E-03
  -5.59997559E-03
  -5.59997559E-03
  -5.10025024E-03
  -4.89997864E-03
  -4.69970703E-03
  -4.60052490E-03
  -4.59957123E-03
  -4.59957123E-03
  -4.50038910E-03
  -4.40025330E-03
  -4.10079956E-03
  -4.09984589E-03
  -4.00066376E-03
  -3.80039215E-03
  -3.70025635E-03
  -3.60012054E-03
  -3.49998474E-03
  -3.49998474E-03
  -3.39984894E-03
  -3.20053101E-03
  -3.20053101E-03
  -3.20053101E-03
  -3.19957733E-03
  -3.00025940E-03
  -2.90012360E-03
  -2.79998779E-03
  -2.70080566E-03
  -2.70080566E-03
  -2.69985199E-03
  -2.59971619E-03
  -2.49958038E-03
  -2.49958038E-03
  -2.29930878E-03
  -2.20012665E-03
  -2.20012665E-03
  -2.19917297E-03
  -2.09999084E-03
  -1.90067291E-03
  -1.80053711E-03
  -1.79958344E-03
  -1.79958344E-03
  -1.70040131E-03
  -1.50012970E-03
  -1.50012970E-03
  -1.50012970E-03
  -1.39999390E-03
  -1.30081177E-03
  -1.29985809E-03
  -1.19972229E-03
  -1.19972229E-03
  -1.19972229E-03
  -1.00040436E-03
  -9.00268555E-04
  -8.00132751E-04
  -8.00132751E-04
  -6.99996948E-04
  -4.99725342E-04
  -4.99725342E-04
  -4.99725342E-04
  -2.99453735E-04
  -1.00135803E-04
  -1.00135803E-04
   0.00000000    
   0.00000000    
   1.00135803E-04
   1.99317932E-04
   1.99317932E-04
   1.99317932E-04
   2.00271606E-04
   2.00271606E-04
   2.00271606E-04
   2.00271606E-04
   3.00407410E-04
   3.99589539E-04
   4.99725342E-04
   4.99725342E-04
   6.99996948E-04
   6.99996948E-04
   8.00132751E-04
   8.00132751E-04
   9.00268555E-04
   1.10054016E-03
   1.10054016E-03
   1.29985809E-03
   1.29985809E-03
   1.39999390E-03
   1.39999390E-03
   1.50012970E-03
   1.70040131E-03
   1.89971924E-03
   1.99985504E-03
   2.00080872E-03
   2.00080872E-03
   2.79998779E-03
   2.90012360E-03
   2.99930573E-03
   3.00025940E-03
   3.09944153E-03
   3.19957733E-03
   3.29971313E-03
   3.29971313E-03
   3.39984894E-03
   3.70025635E-03
   3.79943848E-03
   3.80039215E-03
   3.80039215E-03
   3.99971008E-03
   4.00066376E-03
   4.19998169E-03
   4.19998169E-03
   4.29916382E-03
   4.30011749E-03
   4.30011749E-03
   4.40025330E-03
   4.60052490E-03
   4.70066071E-03
   4.79984283E-03
   4.89997864E-03
   5.00011444E-03
   5.10025024E-03
   5.20038605E-03
   5.20038605E-03
   5.30052185E-03
   5.49983978E-03
   5.49983978E-03
   5.59997559E-03
   5.99956512E-03
   6.10065460E-03
   6.10065460E-03
   6.29997253E-03
   6.29997253E-03
   6.40010834E-03
   6.50024414E-03
   6.59942627E-03
   6.69956207E-03
   7.10010529E-03
   7.40051270E-03
   7.59983063E-03
   7.59983063E-03
   7.59983063E-03
   7.80010223E-03
   8.00037384E-03
   8.19969177E-03
   8.29982758E-03
   8.29982758E-03
   8.39996338E-03
   8.50009918E-03
   8.60023499E-03
   8.70037079E-03
   9.00077820E-03
   9.30023193E-03
   1.08003616E-02
   1.15995407E-02
   1.16004944E-02
   1.19991302E-02
   1.20000839E-02
   1.21002197E-02
   1.22003555E-02
   1.23004913E-02
   1.24998093E-02
   1.38006210E-02
   1.47008896E-02
   1.71995163E-02
   1.77001953E-02
   1.85003281E-02
   1.86004639E-02
   2.15005875E-02
   2.16999054E-02
   2.43005753E-02
   2.96001434E-02
   3.04002762E-02
   3.24993134E-02
   3.91998291E-02
   3.95002365E-02
   4.01000977E-02
   4.45003510E-02
   4.55999374E-02
   5.88006973E-02
   6.17008209E-02
   6.26993179E-02
   6.47001266E-02
  0.113800049    
  0.115799904    
  0.115900040    
  0.128200531    
  0.136399269    
  0.179200172    
  0.223199844    
  0.227999687    
  0.241399765    
  0.274399757    
  0.420799255    
  0.640900612    
