#Npts     Radius    Mag      Completeness
#  222  845.2592  -14.580200 0.977974
# Verr
  -4.67004776E-02
  -4.03003693E-02
  -2.30998993E-02
  -1.97000504E-02
  -1.90000534E-02
  -1.86004639E-02
  -1.81999207E-02
  -1.59006119E-02
  -1.53999329E-02
  -1.44004822E-02
  -1.42002106E-02
  -1.38998032E-02
  -1.23996735E-02
  -1.23004913E-02
  -1.15003586E-02
  -1.13000870E-02
  -1.11999512E-02
  -1.11999512E-02
  -1.06000900E-02
  -1.02005005E-02
  -1.02005005E-02
  -1.00002289E-02
  -9.90009308E-03
  -9.30023193E-03
  -9.09996033E-03
  -8.99982452E-03
  -8.89968872E-03
  -8.50009918E-03
  -8.19969177E-03
  -8.00037384E-03
  -7.69996643E-03
  -7.49969482E-03
  -7.29942322E-03
  -7.19928741E-03
  -6.99996948E-03
  -6.80065155E-03
  -6.79969788E-03
  -6.70051575E-03
  -6.50024414E-03
  -6.40010834E-03
  -6.40010834E-03
  -6.29997253E-03
  -6.29997253E-03
  -5.89942932E-03
  -5.70011139E-03
  -5.70011139E-03
  -5.60092926E-03
  -5.59997559E-03
  -5.49983978E-03
  -5.30052185E-03
  -5.30052185E-03
  -5.30052185E-03
  -5.29956818E-03
  -5.19943237E-03
  -4.70066071E-03
  -4.69970703E-03
  -4.59957123E-03
  -4.59957123E-03
  -4.19998169E-03
  -3.79943848E-03
  -3.79943848E-03
  -3.70025635E-03
  -3.70025635E-03
  -3.29971313E-03
  -3.19957733E-03
  -3.09944153E-03
  -2.90012360E-03
  -2.79998779E-03
  -2.40039825E-03
  -2.30026245E-03
  -2.29930878E-03
  -2.29930878E-03
  -2.20012665E-03
  -2.20012665E-03
  -2.09999084E-03
  -2.09999084E-03
  -2.09999084E-03
  -2.09999084E-03
  -1.79958344E-03
  -1.79958344E-03
  -1.79958344E-03
  -1.50012970E-03
  -1.39999390E-03
  -1.29985809E-03
  -1.29985809E-03
  -1.19972229E-03
  -1.09958649E-03
  -1.00040436E-03
  -9.00268555E-04
  -8.00132751E-04
  -8.00132751E-04
  -8.00132751E-04
  -8.00132751E-04
  -6.99996948E-04
  -6.00814819E-04
  -6.00814819E-04
  -4.99725342E-04
  -3.99589539E-04
  -2.99453735E-04
  -2.00271606E-04
  -2.00271606E-04
  -1.00135803E-04
   0.00000000    
   9.91821289E-05
   3.00407410E-04
   3.99589539E-04
   6.99996948E-04
   6.99996948E-04
   8.00132751E-04
   9.99450684E-04
   1.00040436E-03
   1.00040436E-03
   1.09958649E-03
   1.29985809E-03
   1.39999390E-03
   1.50012970E-03
   1.50012970E-03
   1.60026550E-03
   1.89971924E-03
   1.89971924E-03
   2.30026245E-03
   2.59971619E-03
   2.59971619E-03
   2.69985199E-03
   2.99930573E-03
   3.00025940E-03
   3.09944153E-03
   3.19957733E-03
   3.20053101E-03
   3.69930267E-03
   3.80039215E-03
   3.80039215E-03
   3.80039215E-03
   3.80039215E-03
   3.99971008E-03
   4.30011749E-03
   4.40025330E-03
   4.50038910E-03
   4.80079651E-03
   5.10025024E-03
   5.20038605E-03
   5.39970398E-03
   5.40065765E-03
   5.59997559E-03
   5.60092926E-03
   5.79929352E-03
   5.90038300E-03
   6.10065460E-03
   6.79969788E-03
   6.79969788E-03
   6.99996948E-03
   7.30037689E-03
   7.59983063E-03
   7.69996643E-03
   7.90023804E-03
   8.20064545E-03
   8.20064545E-03
   8.29982758E-03
   8.50009918E-03
   8.89968872E-03
   9.69982147E-03
   9.69982147E-03
   9.70077515E-03
   9.79995728E-03
   9.79995728E-03
   1.03998184E-02
   1.04999542E-02
   1.14002228E-02
   1.29003525E-02
   1.29995346E-02
   1.30004883E-02
   1.32999420E-02
   1.34000778E-02
   1.39999390E-02
   1.48992538E-02
   1.50995255E-02
   1.55000687E-02
   1.60999298E-02
   1.63002014E-02
   1.73006058E-02
   1.81007385E-02
   1.83000565E-02
   2.01005936E-02
   2.07004547E-02
   2.12001801E-02
   2.50005722E-02
   2.52990723E-02
   2.68993378E-02
   3.18002701E-02
   3.20005417E-02
   3.53002548E-02
   3.54995728E-02
   3.64999771E-02
   4.51993942E-02
   4.60996628E-02
   4.99000549E-02
   5.44996262E-02
   5.67998886E-02
   5.71994781E-02
   6.04000092E-02
   6.11000061E-02
   6.37998581E-02
   6.79006577E-02
   6.84003830E-02
   7.08999634E-02
   7.35006332E-02
   7.83996582E-02
   8.31995010E-02
   8.32004547E-02
   9.30004120E-02
  0.101699829    
  0.104799271    
  0.105099678    
  0.114399910    
  0.148400307    
  0.176500320    
  0.273800850    
  0.317099571    
  0.356100082    
  0.473500252    
  0.487600327    
  0.696400642    
