#Npts     Radius    Mag      Completeness
#  427 2914.6868  -11.554300 0.981609
# Verr
 -0.160200119    
 -0.132300377    
  -9.49001312E-02
  -9.47999954E-02
  -8.68997574E-02
  -8.33997726E-02
  -7.13005066E-02
  -5.81998825E-02
  -5.78002930E-02
  -4.57000732E-02
  -4.04005051E-02
  -3.84998322E-02
  -3.81002426E-02
  -3.66001129E-02
  -3.60002518E-02
  -3.10001373E-02
  -2.71997452E-02
  -2.56996155E-02
  -1.72996521E-02
  -1.70001984E-02
  -1.62000656E-02
  -1.52006149E-02
  -1.51004791E-02
  -1.51004791E-02
  -1.38998032E-02
  -1.38006210E-02
  -1.38006210E-02
  -1.35002136E-02
  -1.32999420E-02
  -1.29003525E-02
  -1.28993988E-02
  -1.28002167E-02
  -1.24006271E-02
  -1.23004913E-02
  -1.20000839E-02
  -1.20000839E-02
  -1.16996765E-02
  -1.16004944E-02
  -1.10006332E-02
  -1.04999542E-02
  -1.02996826E-02
  -1.02005005E-02
  -1.00994110E-02
  -1.00002289E-02
  -9.90009308E-03
  -9.79995728E-03
  -9.79995728E-03
  -9.40036774E-03
  -9.20009613E-03
  -9.00077820E-03
  -8.89968872E-03
  -8.89968872E-03
  -8.49914551E-03
  -8.39996338E-03
  -8.19969177E-03
  -8.19969177E-03
  -8.00037384E-03
  -8.00037384E-03
  -7.99942017E-03
  -7.90023804E-03
  -7.90023804E-03
  -7.90023804E-03
  -7.69996643E-03
  -7.69996643E-03
  -7.59983063E-03
  -7.59983063E-03
  -7.49969482E-03
  -7.39955902E-03
  -7.39955902E-03
  -7.29942322E-03
  -7.20024109E-03
  -7.20024109E-03
  -7.09915161E-03
  -6.90078735E-03
  -6.90078735E-03
  -6.90078735E-03
  -6.90078735E-03
  -6.89983368E-03
  -6.70051575E-03
  -6.50024414E-03
  -6.50024414E-03
  -6.40010834E-03
  -6.29997253E-03
  -6.29997253E-03
  -6.20079041E-03
  -6.09970093E-03
  -5.89942932E-03
  -5.89942932E-03
  -5.80024719E-03
  -5.80024719E-03
  -5.80024719E-03
  -5.80024719E-03
  -5.70011139E-03
  -5.69915771E-03
  -5.59997559E-03
  -5.59997559E-03
  -5.49983978E-03
  -5.39970398E-03
  -5.20038605E-03
  -5.20038605E-03
  -5.19943237E-03
  -5.10025024E-03
  -5.10025024E-03
  -5.09929657E-03
  -5.09929657E-03
  -5.00011444E-03
  -4.89997864E-03
  -4.79984283E-03
  -4.70066071E-03
  -4.69970703E-03
  -4.69970703E-03
  -4.60052490E-03
  -4.59957123E-03
  -4.50038910E-03
  -4.50038910E-03
  -4.50038910E-03
  -4.50038910E-03
  -4.40025330E-03
  -4.30011749E-03
  -4.30011749E-03
  -4.30011749E-03
  -4.19998169E-03
  -4.19998169E-03
  -4.09984589E-03
  -4.09984589E-03
  -4.00066376E-03
  -3.99971008E-03
  -3.90052795E-03
  -3.70025635E-03
  -3.69930267E-03
  -3.69930267E-03
  -3.69930267E-03
  -3.60012054E-03
  -3.59916687E-03
  -3.49998474E-03
  -3.49998474E-03
  -3.49998474E-03
  -3.39984894E-03
  -3.39984894E-03
  -3.39984894E-03
  -3.30066681E-03
  -3.29971313E-03
  -3.29971313E-03
  -3.19957733E-03
  -3.10039520E-03
  -3.10039520E-03
  -3.10039520E-03
  -3.10039520E-03
  -3.10039520E-03
  -3.09944153E-03
  -3.09944153E-03
  -3.00025940E-03
  -2.90012360E-03
  -2.90012360E-03
  -2.90012360E-03
  -2.79998779E-03
  -2.70080566E-03
  -2.69985199E-03
  -2.60066986E-03
  -2.60066986E-03
  -2.60066986E-03
  -2.59971619E-03
  -2.59971619E-03
  -2.59971619E-03
  -2.50053406E-03
  -2.50053406E-03
  -2.50053406E-03
  -2.49958038E-03
  -2.49958038E-03
  -2.49958038E-03
  -2.49958038E-03
  -2.49958038E-03
  -2.39944458E-03
  -2.30026245E-03
  -2.30026245E-03
  -2.20012665E-03
  -2.20012665E-03
  -2.09999084E-03
  -2.09999084E-03
  -2.09999084E-03
  -2.09999084E-03
  -1.99985504E-03
  -1.90067291E-03
  -1.89971924E-03
  -1.89971924E-03
  -1.89971924E-03
  -1.80053711E-03
  -1.80053711E-03
  -1.79958344E-03
  -1.79958344E-03
  -1.79958344E-03
  -1.70040131E-03
  -1.69944763E-03
  -1.69944763E-03
  -1.60026550E-03
  -1.60026550E-03
  -1.50012970E-03
  -1.50012970E-03
  -1.39999390E-03
  -1.39999390E-03
  -1.39999390E-03
  -1.39999390E-03
  -1.39999390E-03
  -1.39999390E-03
  -1.39999390E-03
  -1.29985809E-03
  -1.29985809E-03
  -1.20067596E-03
  -1.19972229E-03
  -1.09958649E-03
  -1.09958649E-03
  -1.09958649E-03
  -1.00040436E-03
  -1.00040436E-03
  -1.00040436E-03
  -9.99450684E-04
  -9.00268555E-04
  -9.00268555E-04
  -8.00132751E-04
  -7.99179077E-04
  -6.99996948E-04
  -6.99996948E-04
  -5.99861145E-04
  -4.99725342E-04
  -4.99725342E-04
  -4.00543213E-04
  -3.99589539E-04
  -3.99589539E-04
  -2.99453735E-04
  -2.99453735E-04
  -2.99453735E-04
  -2.00271606E-04
  -2.00271606E-04
  -2.00271606E-04
  -1.00135803E-04
  -1.00135803E-04
  -1.00135803E-04
  -1.00135803E-04
  -1.00135803E-04
  -1.00135803E-04
   0.00000000    
   0.00000000    
   0.00000000    
   0.00000000    
   0.00000000    
   1.00135803E-04
   1.00135803E-04
   1.99317932E-04
   1.99317932E-04
   1.99317932E-04
   2.00271606E-04
   2.00271606E-04
   2.99453735E-04
   2.99453735E-04
   3.99589539E-04
   4.99725342E-04
   5.00679016E-04
   5.00679016E-04
   5.99861145E-04
   5.99861145E-04
   5.99861145E-04
   6.99996948E-04
   6.99996948E-04
   6.99996948E-04
   8.00132751E-04
   8.99314880E-04
   9.00268555E-04
   9.00268555E-04
   9.00268555E-04
   1.00040436E-03
   1.00040436E-03
   1.09958649E-03
   1.09958649E-03
   1.10054016E-03
   1.19972229E-03
   1.19972229E-03
   1.19972229E-03
   1.19972229E-03
   1.29985809E-03
   1.29985809E-03
   1.30081177E-03
   1.30081177E-03
   1.39999390E-03
   1.39999390E-03
   1.39999390E-03
   1.39999390E-03
   1.50012970E-03
   1.59931183E-03
   1.60026550E-03
   1.60026550E-03
   1.69944763E-03
   1.70040131E-03
   1.80053711E-03
   1.80053711E-03
   1.99985504E-03
   2.09999084E-03
   2.09999084E-03
   2.29930878E-03
   2.30026245E-03
   2.39944458E-03
   2.50053406E-03
   2.59971619E-03
   2.59971619E-03
   2.69985199E-03
   2.79998779E-03
   2.79998779E-03
   3.09944153E-03
   3.10039520E-03
   3.19957733E-03
   3.19957733E-03
   3.30066681E-03
   3.39984894E-03
   3.39984894E-03
   3.39984894E-03
   3.39984894E-03
   3.49998474E-03
   3.49998474E-03
   3.49998474E-03
   3.60012054E-03
   3.60012054E-03
   3.60012054E-03
   3.60012054E-03
   3.60012054E-03
   3.70025635E-03
   3.79943848E-03
   3.89957428E-03
   3.89957428E-03
   3.89957428E-03
   4.00066376E-03
   4.09984589E-03
   4.19998169E-03
   4.40025330E-03
   4.49943542E-03
   4.50038910E-03
   4.50038910E-03
   4.50038910E-03
   4.59957123E-03
   4.79984283E-03
   4.89997864E-03
   4.99916077E-03
   5.09929657E-03
   5.10025024E-03
   5.49983978E-03
   5.59997559E-03
   5.59997559E-03
   5.79929352E-03
   5.89942932E-03
   5.90038300E-03
   6.00051880E-03
   6.19983673E-03
   6.19983673E-03
   6.29997253E-03
   6.69956207E-03
   6.70051575E-03
   6.80065155E-03
   6.89983368E-03
   6.89983368E-03
   6.99996948E-03
   6.99996948E-03
   7.10010529E-03
   7.10010529E-03
   7.69996643E-03
   7.90023804E-03
   7.99942017E-03
   8.09955597E-03
   8.19969177E-03
   8.29982758E-03
   8.50009918E-03
   8.70037079E-03
   8.89968872E-03
   8.99982452E-03
   8.99982452E-03
   9.30023193E-03
   9.39941406E-03
   9.39941406E-03
   9.50050354E-03
   9.59968567E-03
   9.79995728E-03
   9.79995728E-03
   9.90009308E-03
   9.99927521E-03
   1.03998184E-02
   1.04007721E-02
   1.04999542E-02
   1.08995438E-02
   1.09996796E-02
   1.10998154E-02
   1.11007690E-02
   1.13000870E-02
   1.14002228E-02
   1.20000839E-02
   1.21002197E-02
   1.24998093E-02
   1.27000809E-02
   1.27000809E-02
   1.34992599E-02
   1.37004852E-02
   1.41000748E-02
   1.44996643E-02
   1.45006180E-02
   1.46007538E-02
   1.49002075E-02
   1.50003433E-02
   1.58004761E-02
   1.62000656E-02
   1.71995163E-02
   1.83992386E-02
   1.95999146E-02
   2.07996368E-02
   2.33001709E-02
   2.39000320E-02
   2.91004181E-02
   3.41997147E-02
   3.43999863E-02
   3.47003937E-02
   3.55997086E-02
   3.91998291E-02
   4.60996628E-02
   5.57003021E-02
   5.81998825E-02
   5.87997437E-02
   7.52000809E-02
  0.111599922    
  0.184400558    
  0.195700645    
  0.276499748    
  0.496299744    
