#Npts     Radius    Mag      Completeness
#  396 1049.2872  -13.670883 0.994975
# Verr
  -7.70006180E-02
  -1.93004608E-02
  -1.86004639E-02
  -1.76000595E-02
  -1.73997879E-02
  -1.71003342E-02
  -1.20000839E-02
  -1.06000900E-02
  -9.79995728E-03
  -8.99982452E-03
  -7.59983063E-03
  -7.20024109E-03
  -6.89983368E-03
  -6.89983368E-03
  -6.60037994E-03
  -6.49929047E-03
  -6.49929047E-03
  -6.40010834E-03
  -5.70011139E-03
  -5.70011139E-03
  -5.59997559E-03
  -5.59997559E-03
  -5.30052185E-03
  -5.00011444E-03
  -4.59957123E-03
  -4.29916382E-03
  -4.19998169E-03
  -3.99971008E-03
  -3.79943848E-03
  -3.70025635E-03
  -3.60012054E-03
  -3.39984894E-03
  -3.39984894E-03
  -3.20053101E-03
  -3.20053101E-03
  -3.20053101E-03
  -3.09944153E-03
  -2.90012360E-03
  -2.79998779E-03
  -2.69985199E-03
  -2.69985199E-03
  -2.60066986E-03
  -2.59971619E-03
  -2.59971619E-03
  -2.50053406E-03
  -2.39944458E-03
  -2.39944458E-03
  -2.30026245E-03
  -2.30026245E-03
  -2.29930878E-03
  -2.20012665E-03
  -2.20012665E-03
  -2.20012665E-03
  -2.20012665E-03
  -2.09999084E-03
  -2.09999084E-03
  -2.09999084E-03
  -2.09999084E-03
  -2.09999084E-03
  -1.99985504E-03
  -1.99985504E-03
  -1.99985504E-03
  -1.99985504E-03
  -1.89971924E-03
  -1.89971924E-03
  -1.89971924E-03
  -1.80053711E-03
  -1.80053711E-03
  -1.80053711E-03
  -1.60026550E-03
  -1.50012970E-03
  -1.50012970E-03
  -1.50012970E-03
  -1.49917603E-03
  -1.39999390E-03
  -1.39999390E-03
  -1.39999390E-03
  -1.39999390E-03
  -1.29985809E-03
  -1.29985809E-03
  -1.29985809E-03
  -1.29985809E-03
  -1.20067596E-03
  -1.19972229E-03
  -1.19972229E-03
  -1.10054016E-03
  -1.10054016E-03
  -1.09958649E-03
  -1.09958649E-03
  -1.09958649E-03
  -1.09958649E-03
  -1.00040436E-03
  -9.99450684E-04
  -9.00268555E-04
  -9.00268555E-04
  -9.00268555E-04
  -9.00268555E-04
  -9.00268555E-04
  -9.00268555E-04
  -8.00132751E-04
  -8.00132751E-04
  -8.00132751E-04
  -8.00132751E-04
  -8.00132751E-04
  -8.00132751E-04
  -7.99179077E-04
  -6.99996948E-04
  -6.99996948E-04
  -6.99996948E-04
  -6.00814819E-04
  -6.00814819E-04
  -5.99861145E-04
  -5.99861145E-04
  -5.99861145E-04
  -5.99861145E-04
  -5.99861145E-04
  -5.99861145E-04
  -5.00679016E-04
  -5.00679016E-04
  -5.00679016E-04
  -4.99725342E-04
  -4.99725342E-04
  -4.00543213E-04
  -4.00543213E-04
  -3.99589539E-04
  -3.00407410E-04
  -3.00407410E-04
  -2.99453735E-04
  -2.99453735E-04
  -2.99453735E-04
  -2.00271606E-04
  -2.00271606E-04
  -2.00271606E-04
  -2.00271606E-04
  -1.00135803E-04
  -1.00135803E-04
  -9.91821289E-05
   0.00000000    
   1.00135803E-04
   1.99317932E-04
   1.99317932E-04
   1.99317932E-04
   2.00271606E-04
   2.00271606E-04
   2.00271606E-04
   2.00271606E-04
   2.99453735E-04
   3.00407410E-04
   3.00407410E-04
   3.00407410E-04
   3.00407410E-04
   3.00407410E-04
   3.99589539E-04
   3.99589539E-04
   4.00543213E-04
   4.99725342E-04
   4.99725342E-04
   4.99725342E-04
   5.00679016E-04
   5.00679016E-04
   5.00679016E-04
   5.99861145E-04
   5.99861145E-04
   6.99996948E-04
   6.99996948E-04
   6.99996948E-04
   6.99996948E-04
   8.00132751E-04
   8.00132751E-04
   8.00132751E-04
   8.00132751E-04
   8.00132751E-04
   8.00132751E-04
   8.99314880E-04
   9.00268555E-04
   9.00268555E-04
   9.99450684E-04
   1.00040436E-03
   1.00040436E-03
   1.09958649E-03
   1.10054016E-03
   1.19972229E-03
   1.19972229E-03
   1.19972229E-03
   1.20067596E-03
   1.20067596E-03
   1.29985809E-03
   1.29985809E-03
   1.30081177E-03
   1.39999390E-03
   1.39999390E-03
   1.39999390E-03
   1.39999390E-03
   1.39999390E-03
   1.39999390E-03
   1.39999390E-03
   1.49917603E-03
   1.50012970E-03
   1.50012970E-03
   1.50012970E-03
   1.50012970E-03
   1.59931183E-03
   1.60026550E-03
   1.60026550E-03
   1.69944763E-03
   1.69944763E-03
   1.70040131E-03
   1.79958344E-03
   1.79958344E-03
   1.79958344E-03
   1.80053711E-03
   1.80053711E-03
   1.89971924E-03
   1.90067291E-03
   1.99985504E-03
   1.99985504E-03
   1.99985504E-03
   2.00080872E-03
   2.09999084E-03
   2.09999084E-03
   2.20012665E-03
   2.29930878E-03
   2.29930878E-03
   2.30026245E-03
   2.30026245E-03
   2.39944458E-03
   2.40039825E-03
   2.50053406E-03
   2.59971619E-03
   2.59971619E-03
   2.69985199E-03
   2.69985199E-03
   2.70080566E-03
   2.79998779E-03
   2.90012360E-03
   3.00025940E-03
   3.00025940E-03
   3.10039520E-03
   3.19957733E-03
   3.19957733E-03
   3.29971313E-03
   3.39984894E-03
   3.39984894E-03
   3.39984894E-03
   3.39984894E-03
   3.70025635E-03
   3.80039215E-03
   3.89957428E-03
   4.09984589E-03
   4.09984589E-03
   4.10079956E-03
   4.19998169E-03
   4.19998169E-03
   4.40025330E-03
   4.49943542E-03
   4.59957123E-03
   4.59957123E-03
   4.59957123E-03
   4.59957123E-03
   5.00011444E-03
   5.09929657E-03
   5.10025024E-03
   5.19943237E-03
   5.20038605E-03
   5.29956818E-03
   5.29956818E-03
   5.49983978E-03
   5.49983978E-03
   5.70011139E-03
   5.80024719E-03
   6.10065460E-03
   6.29997253E-03
   6.40010834E-03
   6.40010834E-03
   6.49929047E-03
   6.80065155E-03
   6.90078735E-03
   6.99996948E-03
   7.20024109E-03
   7.29942322E-03
   7.39955902E-03
   7.40051270E-03
   7.49969482E-03
   7.59983063E-03
   7.69996643E-03
   7.80010223E-03
   8.09955597E-03
   8.20064545E-03
   8.39996338E-03
   8.39996338E-03
   8.39996338E-03
   8.50009918E-03
   8.70037079E-03
   8.79955292E-03
   9.20009613E-03
   9.79995728E-03
   9.90009308E-03
   9.90009308E-03
   1.00002289E-02
   1.02996826E-02
   1.07002258E-02
   1.07994080E-02
   1.11999512E-02
   1.11999512E-02
   1.24998093E-02
   1.31998062E-02
   1.31998062E-02
   1.36003494E-02
   1.37996674E-02
   1.38998032E-02
   1.39999390E-02
   1.41992569E-02
   1.43995285E-02
   1.45998001E-02
   1.45998001E-02
   1.48000717E-02
   1.63993835E-02
   1.69000626E-02
   1.69000626E-02
   1.71003342E-02
   1.72996521E-02
   1.76000595E-02
   1.79004669E-02
   1.83000565E-02
   1.84001923E-02
   1.90000534E-02
   1.92003250E-02
   2.00996399E-02
   2.04992294E-02
   2.07996368E-02
   2.11992264E-02
   2.25000381E-02
   2.39000320E-02
   2.48003006E-02
   2.51007080E-02
   2.54001617E-02
   2.55002975E-02
   2.57997513E-02
   2.62994766E-02
   2.88000107E-02
   2.89001465E-02
   2.95991898E-02
   3.00998688E-02
   3.05995941E-02
   3.15999985E-02
   3.52001190E-02
   3.76005173E-02
   3.98998260E-02
   4.06999588E-02
   4.09002304E-02
   4.47006226E-02
   4.58002090E-02
   4.76999283E-02
   4.76999283E-02
   4.90007401E-02
   5.10005951E-02
   6.02006912E-02
   6.75992966E-02
   7.17992783E-02
   7.43007660E-02
   7.70006180E-02
   8.10003281E-02
   8.15000534E-02
   8.32004547E-02
   8.37993622E-02
   9.93003845E-02
  0.100299835    
  0.102000237    
  0.104200363    
  0.104499817    
  0.109700203    
  0.111299515    
  0.120600700    
  0.121599197    
  0.125100136    
  0.136199951    
  0.137899399    
  0.140500069    
  0.163199425    
  0.165099144    
  0.166299820    
  0.171400070    
  0.185099602    
  0.186699867    
  0.195999146    
  0.249099731    
  0.269200325    
  0.290800095    
  0.315400124    
  0.354299545    
  0.396800041    
  0.409300804    
  0.463399887    
  0.499400139    
  0.612700462    
  0.642999649    
