#Npts     Radius    Mag      Completeness
#  403 1457.3434  -12.824250 0.995062
# Verr
  -7.45000839E-02
  -6.05001450E-02
  -3.80001068E-02
  -3.09000015E-02
  -2.41994858E-02
  -2.06003189E-02
  -1.59006119E-02
  -1.56993866E-02
  -6.00051880E-03
  -5.79929352E-03
  -4.89997864E-03
  -4.50038910E-03
  -4.49943542E-03
  -4.09984589E-03
  -4.09984589E-03
  -4.09984589E-03
  -4.00066376E-03
  -4.00066376E-03
  -3.89957428E-03
  -3.89957428E-03
  -3.70025635E-03
  -3.70025635E-03
  -3.69930267E-03
  -3.60012054E-03
  -3.60012054E-03
  -3.49998474E-03
  -3.40080261E-03
  -3.39984894E-03
  -3.39984894E-03
  -3.30066681E-03
  -3.30066681E-03
  -3.29971313E-03
  -3.29971313E-03
  -3.29971313E-03
  -3.10039520E-03
  -3.10039520E-03
  -3.10039520E-03
  -3.10039520E-03
  -3.09944153E-03
  -3.09944153E-03
  -2.99930573E-03
  -2.90012360E-03
  -2.89916992E-03
  -2.79998779E-03
  -2.70080566E-03
  -2.69985199E-03
  -2.69985199E-03
  -2.69985199E-03
  -2.69985199E-03
  -2.60066986E-03
  -2.59971619E-03
  -2.59971619E-03
  -2.59971619E-03
  -2.50053406E-03
  -2.50053406E-03
  -2.50053406E-03
  -2.49958038E-03
  -2.49958038E-03
  -2.49958038E-03
  -2.49958038E-03
  -2.39944458E-03
  -2.30026245E-03
  -2.20012665E-03
  -2.20012665E-03
  -2.20012665E-03
  -2.20012665E-03
  -2.09999084E-03
  -1.99985504E-03
  -1.99985504E-03
  -1.90067291E-03
  -1.90067291E-03
  -1.89971924E-03
  -1.89971924E-03
  -1.89971924E-03
  -1.89971924E-03
  -1.89971924E-03
  -1.80053711E-03
  -1.80053711E-03
  -1.80053711E-03
  -1.80053711E-03
  -1.70040131E-03
  -1.60026550E-03
  -1.60026550E-03
  -1.50012970E-03
  -1.50012970E-03
  -1.50012970E-03
  -1.49917603E-03
  -1.49917603E-03
  -1.39999390E-03
  -1.39999390E-03
  -1.39999390E-03
  -1.39999390E-03
  -1.39999390E-03
  -1.39999390E-03
  -1.39999390E-03
  -1.39999390E-03
  -1.30081177E-03
  -1.30081177E-03
  -1.29985809E-03
  -1.29985809E-03
  -1.20067596E-03
  -1.20067596E-03
  -1.20067596E-03
  -1.19972229E-03
  -1.19972229E-03
  -1.19972229E-03
  -1.19972229E-03
  -1.19972229E-03
  -1.10054016E-03
  -1.00040436E-03
  -9.99450684E-04
  -9.99450684E-04
  -9.99450684E-04
  -9.99450684E-04
  -9.00268555E-04
  -8.99314880E-04
  -8.99314880E-04
  -8.99314880E-04
  -8.00132751E-04
  -8.00132751E-04
  -8.00132751E-04
  -8.00132751E-04
  -8.00132751E-04
  -7.99179077E-04
  -7.99179077E-04
  -6.99996948E-04
  -6.99996948E-04
  -6.99996948E-04
  -6.99996948E-04
  -6.99996948E-04
  -6.00814819E-04
  -5.99861145E-04
  -5.99861145E-04
  -5.99861145E-04
  -5.99861145E-04
  -5.00679016E-04
  -5.00679016E-04
  -4.99725342E-04
  -4.99725342E-04
  -4.00543213E-04
  -4.00543213E-04
  -3.99589539E-04
  -3.99589539E-04
  -3.99589539E-04
  -2.99453735E-04
  -2.99453735E-04
  -2.00271606E-04
  -2.00271606E-04
  -2.00271606E-04
  -2.00271606E-04
  -2.00271606E-04
  -2.00271606E-04
  -2.00271606E-04
  -2.00271606E-04
  -1.99317932E-04
  -1.00135803E-04
  -1.00135803E-04
  -1.00135803E-04
  -1.00135803E-04
  -9.91821289E-05
   0.00000000    
   0.00000000    
   0.00000000    
   0.00000000    
   0.00000000    
   0.00000000    
   0.00000000    
   0.00000000    
   1.00135803E-04
   1.00135803E-04
   1.00135803E-04
   1.00135803E-04
   1.00135803E-04
   1.99317932E-04
   2.00271606E-04
   2.00271606E-04
   2.99453735E-04
   3.00407410E-04
   3.00407410E-04
   3.99589539E-04
   3.99589539E-04
   3.99589539E-04
   4.00543213E-04
   4.00543213E-04
   4.00543213E-04
   4.00543213E-04
   4.00543213E-04
   4.99725342E-04
   4.99725342E-04
   5.00679016E-04
   5.00679016E-04
   5.99861145E-04
   5.99861145E-04
   5.99861145E-04
   5.99861145E-04
   5.99861145E-04
   6.99996948E-04
   6.99996948E-04
   6.99996948E-04
   6.99996948E-04
   6.99996948E-04
   7.99179077E-04
   8.00132751E-04
   8.00132751E-04
   8.00132751E-04
   8.99314880E-04
   9.00268555E-04
   9.00268555E-04
   9.00268555E-04
   9.00268555E-04
   9.99450684E-04
   9.99450684E-04
   1.00040436E-03
   1.09958649E-03
   1.09958649E-03
   1.09958649E-03
   1.09958649E-03
   1.09958649E-03
   1.10054016E-03
   1.10054016E-03
   1.19972229E-03
   1.19972229E-03
   1.19972229E-03
   1.20067596E-03
   1.29985809E-03
   1.29985809E-03
   1.29985809E-03
   1.29985809E-03
   1.29985809E-03
   1.29985809E-03
   1.39999390E-03
   1.39999390E-03
   1.39999390E-03
   1.50012970E-03
   1.59931183E-03
   1.60026550E-03
   1.60026550E-03
   1.60026550E-03
   1.60026550E-03
   1.60026550E-03
   1.60026550E-03
   1.69944763E-03
   1.70040131E-03
   1.79958344E-03
   1.79958344E-03
   1.79958344E-03
   1.80053711E-03
   1.89971924E-03
   1.89971924E-03
   1.89971924E-03
   1.99985504E-03
   1.99985504E-03
   1.99985504E-03
   1.99985504E-03
   2.00080872E-03
   2.09999084E-03
   2.09999084E-03
   2.09999084E-03
   2.19917297E-03
   2.20012665E-03
   2.29930878E-03
   2.30026245E-03
   2.30026245E-03
   2.39944458E-03
   2.40039825E-03
   2.49958038E-03
   2.59971619E-03
   2.59971619E-03
   2.60066986E-03
   2.69985199E-03
   2.70080566E-03
   2.79998779E-03
   2.79998779E-03
   2.79998779E-03
   2.79998779E-03
   2.90012360E-03
   3.00025940E-03
   3.00025940E-03
   3.00025940E-03
   3.09944153E-03
   3.10039520E-03
   3.10039520E-03
   3.10039520E-03
   3.10039520E-03
   3.20053101E-03
   3.29971313E-03
   3.29971313E-03
   3.30066681E-03
   3.39984894E-03
   3.39984894E-03
   3.39984894E-03
   3.39984894E-03
   3.39984894E-03
   3.39984894E-03
   3.49998474E-03
   3.49998474E-03
   3.59916687E-03
   3.70025635E-03
   3.70025635E-03
   3.79943848E-03
   3.89957428E-03
   3.89957428E-03
   3.90052795E-03
   3.99971008E-03
   3.99971008E-03
   4.09984589E-03
   4.19998169E-03
   4.29916382E-03
   4.30011749E-03
   4.40025330E-03
   4.49943542E-03
   4.60052490E-03
   4.70066071E-03
   4.79984283E-03
   4.79984283E-03
   4.79984283E-03
   4.80079651E-03
   5.00011444E-03
   5.00011444E-03
   5.00011444E-03
   5.09929657E-03
   5.10025024E-03
   5.19943237E-03
   5.19943237E-03
   5.20038605E-03
   5.20038605E-03
   5.20038605E-03
   5.29956818E-03
   5.29956818E-03
   5.59997559E-03
   5.70011139E-03
   5.89942932E-03
   5.90038300E-03
   5.90038300E-03
   6.09970093E-03
   6.20079041E-03
   6.50024414E-03
   6.70051575E-03
   6.89983368E-03
   7.10010529E-03
   7.10010529E-03
   7.20024109E-03
   7.30037689E-03
   7.59983063E-03
   7.69996643E-03
   8.00037384E-03
   8.29982758E-03
   8.69941711E-03
   9.09996033E-03
   9.09996033E-03
   9.09996033E-03
   9.69982147E-03
   1.00994110E-02
   1.01995468E-02
   1.02996826E-02
   1.04007721E-02
   1.04999542E-02
   1.05991364E-02
   1.09996796E-02
   1.09996796E-02
   1.11999512E-02
   1.11999512E-02
   1.17006302E-02
   1.18999481E-02
   1.23996735E-02
   1.51996613E-02
   1.51996613E-02
   1.55000687E-02
   1.63993835E-02
   1.69000626E-02
   1.79996490E-02
   1.88007355E-02
   1.90992355E-02
   2.11992264E-02
   2.21004486E-02
   2.54993439E-02
   2.72998810E-02
   2.75993347E-02
   2.77996063E-02
   2.83994675E-02
   2.92997360E-02
   3.48005295E-02
   3.64999771E-02
   3.72991562E-02
   4.58002090E-02
   4.71000671E-02
   5.65004349E-02
   5.90991974E-02
   6.14004135E-02
   6.71997070E-02
   7.92999268E-02
   8.21008682E-02
  0.102700233    
  0.110199928    
  0.119600296    
  0.125199318    
  0.125199318    
  0.173099518    
  0.254400253    
  0.283200264    
  0.358799934    
  0.379199982    
  0.664999962    
