#Npts     Radius    Mag      Completeness
#  357  845.2592  -11.977617 0.954545
# Verr
 -0.564399719    
 -0.372200012    
 -0.242500305    
 -0.166999817    
 -0.133200645    
 -0.132199287    
 -0.114999771    
  -9.22002792E-02
  -9.09996033E-02
  -7.64999390E-02
  -7.32002258E-02
  -6.92996979E-02
  -6.89001083E-02
  -6.87999725E-02
  -5.39999008E-02
  -5.23996353E-02
  -4.37994003E-02
  -4.34999466E-02
  -4.01000977E-02
  -3.95002365E-02
  -3.92999649E-02
  -3.83005142E-02
  -3.50999832E-02
  -3.45001221E-02
  -3.42006683E-02
  -3.28006744E-02
  -3.12004089E-02
  -3.05995941E-02
  -3.03001404E-02
  -2.99997330E-02
  -2.97002792E-02
  -2.71005630E-02
  -2.44998932E-02
  -2.44998932E-02
  -2.41003036E-02
  -2.37007141E-02
  -2.34994888E-02
  -2.32000351E-02
  -2.29997635E-02
  -2.19001770E-02
  -2.19001770E-02
  -2.02007294E-02
  -1.78995132E-02
  -1.70001984E-02
  -1.66006088E-02
  -1.62000656E-02
  -1.59997940E-02
  -1.59997940E-02
  -1.55992508E-02
  -1.55000687E-02
  -1.50003433E-02
  -1.46999359E-02
  -1.44996643E-02
  -1.44996643E-02
  -1.38006210E-02
  -1.37996674E-02
  -1.32007599E-02
  -1.31998062E-02
  -1.28002167E-02
  -1.27000809E-02
  -1.27000809E-02
  -1.18999481E-02
  -1.18999481E-02
  -1.17998123E-02
  -1.15995407E-02
  -1.13992691E-02
  -1.08995438E-02
  -1.07994080E-02
  -1.07002258E-02
  -1.00002289E-02
  -1.00002289E-02
  -9.79995728E-03
  -9.59968567E-03
  -9.59968567E-03
  -9.30023193E-03
  -9.29927826E-03
  -9.09996033E-03
  -8.89968872E-03
  -8.89968872E-03
  -8.60023499E-03
  -8.39996338E-03
  -7.69996643E-03
  -7.59983063E-03
  -7.40051270E-03
  -7.10010529E-03
  -6.99996948E-03
  -6.99996948E-03
  -6.89983368E-03
  -6.89983368E-03
  -6.89983368E-03
  -6.49929047E-03
  -6.40010834E-03
  -6.29997253E-03
  -6.19983673E-03
  -5.90038300E-03
  -5.89942932E-03
  -5.59997559E-03
  -5.59997559E-03
  -5.50079346E-03
  -5.50079346E-03
  -5.49983978E-03
  -5.30052185E-03
  -5.30052185E-03
  -5.20038605E-03
  -5.10025024E-03
  -5.00011444E-03
  -4.90093231E-03
  -4.80079651E-03
  -4.70066071E-03
  -4.70066071E-03
  -4.69970703E-03
  -4.49943542E-03
  -4.40025330E-03
  -4.19998169E-03
  -4.09984589E-03
  -3.99971008E-03
  -3.69930267E-03
  -3.60012054E-03
  -3.49998474E-03
  -3.40080261E-03
  -3.29971313E-03
  -3.10039520E-03
  -3.00025940E-03
  -3.00025940E-03
  -2.90012360E-03
  -2.79998779E-03
  -2.79998779E-03
  -2.79998779E-03
  -2.79998779E-03
  -2.69985199E-03
  -2.60066986E-03
  -2.59971619E-03
  -2.59971619E-03
  -2.49958038E-03
  -2.39944458E-03
  -2.30026245E-03
  -2.30026245E-03
  -2.30026245E-03
  -2.30026245E-03
  -2.20012665E-03
  -2.20012665E-03
  -2.09999084E-03
  -1.99985504E-03
  -1.99985504E-03
  -1.90067291E-03
  -1.80053711E-03
  -1.70040131E-03
  -1.70040131E-03
  -1.70040131E-03
  -1.69944763E-03
  -1.69944763E-03
  -1.59931183E-03
  -1.29985809E-03
  -1.29985809E-03
  -1.20067596E-03
  -1.19972229E-03
  -1.19972229E-03
  -1.10054016E-03
  -1.09958649E-03
  -1.00040436E-03
  -8.00132751E-04
  -6.99996948E-04
  -5.00679016E-04
  -5.00679016E-04
  -4.99725342E-04
  -4.00543213E-04
  -3.00407410E-04
  -3.00407410E-04
  -2.99453735E-04
  -2.00271606E-04
  -1.99317932E-04
  -1.00135803E-04
  -1.00135803E-04
  -1.00135803E-04
  -9.91821289E-05
   0.00000000    
   1.00135803E-04
   1.00135803E-04
   2.00271606E-04
   2.00271606E-04
   2.00271606E-04
   2.00271606E-04
   3.99589539E-04
   4.00543213E-04
   4.99725342E-04
   4.99725342E-04
   4.99725342E-04
   4.99725342E-04
   5.00679016E-04
   5.99861145E-04
   5.99861145E-04
   6.99996948E-04
   8.00132751E-04
   8.00132751E-04
   9.00268555E-04
   9.99450684E-04
   1.00040436E-03
   1.00040436E-03
   1.19972229E-03
   1.20067596E-03
   1.20067596E-03
   1.29985809E-03
   1.39999390E-03
   1.39999390E-03
   1.39999390E-03
   1.70040131E-03
   1.80053711E-03
   1.89971924E-03
   1.99985504E-03
   1.99985504E-03
   2.20012665E-03
   2.29930878E-03
   2.29930878E-03
   2.39944458E-03
   2.40039825E-03
   2.49958038E-03
   2.59971619E-03
   2.59971619E-03
   2.69985199E-03
   2.69985199E-03
   2.69985199E-03
   2.79998779E-03
   2.79998779E-03
   2.79998779E-03
   2.89916992E-03
   3.09944153E-03
   3.19957733E-03
   3.49998474E-03
   3.70025635E-03
   3.70025635E-03
   3.70025635E-03
   3.79943848E-03
   3.80039215E-03
   3.89957428E-03
   4.09984589E-03
   4.19998169E-03
   4.79984283E-03
   5.00011444E-03
   5.39970398E-03
   5.39970398E-03
   5.40065765E-03
   5.50079346E-03
   5.70011139E-03
   5.70011139E-03
   5.80024719E-03
   5.80024719E-03
   5.99956512E-03
   6.00051880E-03
   6.09970093E-03
   6.19983673E-03
   6.69956207E-03
   6.69956207E-03
   6.99996948E-03
   7.80010223E-03
   7.80010223E-03
   7.89928436E-03
   8.00037384E-03
   8.00037384E-03
   8.00037384E-03
   8.20064545E-03
   8.29982758E-03
   8.50009918E-03
   8.50009918E-03
   8.70037079E-03
   8.89968872E-03
   8.99982452E-03
   9.09996033E-03
   9.30023193E-03
   9.40036774E-03
   9.70077515E-03
   9.79995728E-03
   9.90009308E-03
   1.01995468E-02
   1.03006363E-02
   1.03998184E-02
   1.09004974E-02
   1.10998154E-02
   1.14002228E-02
   1.15003586E-02
   1.17998123E-02
   1.20000839E-02
   1.22003555E-02
   1.31998062E-02
   1.39999390E-02
   1.43003464E-02
   1.44004822E-02
   1.48000717E-02
   1.52997971E-02
   1.57003403E-02
   1.59006119E-02
   1.66997910E-02
   1.72996521E-02
   2.04000473E-02
   2.09007263E-02
   2.13003159E-02
   2.13994980E-02
   2.19993591E-02
   2.23999023E-02
   2.33993530E-02
   2.37998962E-02
   2.38008499E-02
   2.48003006E-02
   3.00998688E-02
   3.03993225E-02
   3.04002762E-02
   3.04002762E-02
   3.13005447E-02
   3.13997269E-02
   3.21998596E-02
   3.24993134E-02
   3.42006683E-02
   3.49998474E-02
   3.53994370E-02
   3.61003876E-02
   3.62005234E-02
   3.78999710E-02
   3.87992859E-02
   3.88002396E-02
   4.05006409E-02
   4.06999588E-02
   4.19998169E-02
   4.59003448E-02
   4.59995270E-02
   5.04999161E-02
   5.17005920E-02
   5.24997711E-02
   5.97000122E-02
   6.04000092E-02
   6.53991699E-02
   6.90002441E-02
   7.01007843E-02
   7.42998123E-02
   7.90996552E-02
   8.16001892E-02
   8.22000504E-02
   8.27999115E-02
   8.27999115E-02
   8.51993561E-02
   8.52003098E-02
   8.88004303E-02
   9.09996033E-02
  0.107799530    
  0.113899231    
  0.120999336    
  0.126500130    
  0.127900124    
  0.173500061    
  0.202799797    
  0.235600471    
  0.264499664    
  0.276700020    
  0.287500381    
  0.382300377    
  0.486800194    
  0.544099808    
  0.573900223    
  0.667799950    
