#Npts     Radius    Mag      Completeness
#  223 1049.2872  -14.094200 0.978070
# Verr
  -8.11004639E-02
  -3.17993164E-02
  -3.13997269E-02
  -3.04002762E-02
  -2.83994675E-02
  -2.26001740E-02
  -2.09999084E-02
  -1.88999176E-02
  -1.87997818E-02
  -1.76000595E-02
  -1.74999237E-02
  -1.74007416E-02
  -1.71003342E-02
  -1.61991119E-02
  -1.60999298E-02
  -1.56993866E-02
  -1.30996704E-02
  -1.28002167E-02
  -1.27992630E-02
  -1.24998093E-02
  -1.21994019E-02
  -1.21002197E-02
  -1.17998123E-02
  -1.17998123E-02
  -1.16996765E-02
  -1.13992691E-02
  -1.13000870E-02
  -1.00994110E-02
  -1.00002289E-02
  -9.90009308E-03
  -9.79995728E-03
  -9.69982147E-03
  -9.50050354E-03
  -9.40036774E-03
  -9.09996033E-03
  -9.09996033E-03
  -9.09996033E-03
  -8.89968872E-03
  -8.79955292E-03
  -8.50009918E-03
  -8.49914551E-03
  -8.29982758E-03
  -8.00037384E-03
  -7.99942017E-03
  -7.89928436E-03
  -7.59983063E-03
  -7.20024109E-03
  -6.60037994E-03
  -6.60037994E-03
  -6.40010834E-03
  -6.40010834E-03
  -6.39915466E-03
  -6.29997253E-03
  -6.19983673E-03
  -6.09970093E-03
  -6.09970093E-03
  -5.90038300E-03
  -5.49983978E-03
  -5.40065765E-03
  -5.19943237E-03
  -4.79984283E-03
  -4.70066071E-03
  -4.39929962E-03
  -4.39929962E-03
  -4.19998169E-03
  -4.19998169E-03
  -4.09984589E-03
  -3.79943848E-03
  -3.29971313E-03
  -3.20053101E-03
  -3.10039520E-03
  -3.00025940E-03
  -2.90012360E-03
  -2.70080566E-03
  -2.69985199E-03
  -2.59971619E-03
  -2.40039825E-03
  -2.39944458E-03
  -2.20012665E-03
  -1.89971924E-03
  -1.79958344E-03
  -1.69944763E-03
  -1.60026550E-03
  -1.59931183E-03
  -1.50012970E-03
  -1.29985809E-03
  -1.29985809E-03
  -1.29985809E-03
  -1.19972229E-03
  -1.19972229E-03
  -1.10054016E-03
  -9.00268555E-04
  -8.00132751E-04
  -7.99179077E-04
  -6.99996948E-04
  -5.99861145E-04
  -5.00679016E-04
  -4.00543213E-04
  -4.00543213E-04
  -3.99589539E-04
  -3.99589539E-04
  -3.00407410E-04
  -1.00135803E-04
  -1.00135803E-04
   0.00000000    
   0.00000000    
   0.00000000    
   1.00135803E-04
   2.99453735E-04
   4.99725342E-04
   5.99861145E-04
   5.99861145E-04
   5.99861145E-04
   5.99861145E-04
   6.99996948E-04
   9.00268555E-04
   1.59931183E-03
   1.60026550E-03
   1.60026550E-03
   1.70040131E-03
   1.79958344E-03
   1.89971924E-03
   1.89971924E-03
   1.89971924E-03
   1.99985504E-03
   2.00080872E-03
   2.19917297E-03
   2.30026245E-03
   2.40039825E-03
   2.40039825E-03
   2.59971619E-03
   2.69985199E-03
   2.69985199E-03
   2.70080566E-03
   3.19957733E-03
   3.29971313E-03
   3.29971313E-03
   3.30066681E-03
   3.49998474E-03
   3.69930267E-03
   3.80039215E-03
   4.09984589E-03
   4.40025330E-03
   4.50038910E-03
   4.90093231E-03
   5.09929657E-03
   5.10025024E-03
   5.39970398E-03
   5.49983978E-03
   5.49983978E-03
   5.59997559E-03
   5.70011139E-03
   5.70011139E-03
   5.79929352E-03
   5.80024719E-03
   5.90038300E-03
   6.19983673E-03
   6.50024414E-03
   6.79969788E-03
   6.89983368E-03
   6.89983368E-03
   7.60078430E-03
   7.69996643E-03
   7.79914856E-03
   7.80010223E-03
   8.20064545E-03
   9.09996033E-03
   9.90009308E-03
   9.99927521E-03
   1.01003647E-02
   1.04999542E-02
   1.07002258E-02
   1.10998154E-02
   1.14002228E-02
   1.16996765E-02
   1.20992661E-02
   1.21002197E-02
   1.24998093E-02
   1.29003525E-02
   1.38006210E-02
   1.41000748E-02
   1.42993927E-02
   1.43003464E-02
   1.63993835E-02
   1.67999268E-02
   1.68991089E-02
   2.11000443E-02
   2.15997696E-02
   2.29997635E-02
   2.82001495E-02
   3.03001404E-02
   3.29999924E-02
   3.32002640E-02
   3.62005234E-02
   3.92999649E-02
   4.13007736E-02
   4.20999527E-02
   5.15995026E-02
   5.21001816E-02
   5.35993576E-02
   5.78002930E-02
   6.44998550E-02
   6.51998520E-02
   6.77003860E-02
   7.45000839E-02
   8.59003067E-02
   8.74004364E-02
   8.93001556E-02
   9.39998627E-02
  0.103199959    
  0.104100227    
  0.112900734    
  0.125599861    
  0.130699158    
  0.148699760    
  0.150799751    
  0.195400238    
  0.223299980    
  0.273999214    
  0.304299355    
  0.305800438    
  0.396900177    
  0.609899521    
