#Npts     Radius    Mag      Completeness
#  353 1049.2872  -13.247567 0.964481
# Verr
 -0.157699585    
  -5.10997772E-02
  -4.11996841E-02
  -3.70998383E-02
  -1.76000595E-02
  -1.24006271E-02
  -1.10998154E-02
  -7.69996643E-03
  -7.59983063E-03
  -7.30037689E-03
  -5.90038300E-03
  -5.89942932E-03
  -5.20038605E-03
  -5.20038605E-03
  -5.20038605E-03
  -5.10025024E-03
  -5.00011444E-03
  -4.60052490E-03
  -4.59957123E-03
  -4.50038910E-03
  -4.50038910E-03
  -4.50038910E-03
  -4.49943542E-03
  -4.39929962E-03
  -4.19998169E-03
  -4.19998169E-03
  -4.19998169E-03
  -3.99971008E-03
  -3.90052795E-03
  -3.90052795E-03
  -3.89957428E-03
  -3.89957428E-03
  -3.89957428E-03
  -3.79943848E-03
  -3.70025635E-03
  -3.69930267E-03
  -3.60012054E-03
  -3.49998474E-03
  -3.49998474E-03
  -3.49998474E-03
  -3.29971313E-03
  -3.29971313E-03
  -3.10039520E-03
  -3.00025940E-03
  -3.00025940E-03
  -2.90012360E-03
  -2.69985199E-03
  -2.69985199E-03
  -2.69985199E-03
  -2.60066986E-03
  -2.59971619E-03
  -2.50053406E-03
  -2.50053406E-03
  -2.49958038E-03
  -2.40039825E-03
  -2.40039825E-03
  -2.39944458E-03
  -2.30026245E-03
  -2.30026245E-03
  -2.20012665E-03
  -2.20012665E-03
  -2.09999084E-03
  -1.99985504E-03
  -1.99985504E-03
  -1.99985504E-03
  -1.90067291E-03
  -1.89971924E-03
  -1.89971924E-03
  -1.80053711E-03
  -1.79958344E-03
  -1.79958344E-03
  -1.79958344E-03
  -1.79958344E-03
  -1.79958344E-03
  -1.70040131E-03
  -1.60026550E-03
  -1.60026550E-03
  -1.59931183E-03
  -1.59931183E-03
  -1.50012970E-03
  -1.50012970E-03
  -1.50012970E-03
  -1.39999390E-03
  -1.39999390E-03
  -1.30081177E-03
  -1.29985809E-03
  -1.29985809E-03
  -1.29985809E-03
  -1.29985809E-03
  -1.29985809E-03
  -1.20067596E-03
  -1.19972229E-03
  -1.19972229E-03
  -1.09958649E-03
  -1.09958649E-03
  -1.00040436E-03
  -1.00040436E-03
  -9.99450684E-04
  -9.99450684E-04
  -9.99450684E-04
  -9.99450684E-04
  -9.99450684E-04
  -9.99450684E-04
  -9.00268555E-04
  -9.00268555E-04
  -8.99314880E-04
  -8.00132751E-04
  -8.00132751E-04
  -7.99179077E-04
  -6.99996948E-04
  -6.99996948E-04
  -6.00814819E-04
  -5.99861145E-04
  -5.00679016E-04
  -5.00679016E-04
  -5.00679016E-04
  -5.00679016E-04
  -5.00679016E-04
  -4.99725342E-04
  -4.00543213E-04
  -3.99589539E-04
  -3.00407410E-04
  -3.00407410E-04
  -2.99453735E-04
  -2.00271606E-04
  -2.00271606E-04
  -1.99317932E-04
  -1.00135803E-04
  -9.91821289E-05
   0.00000000    
   0.00000000    
   0.00000000    
   0.00000000    
   9.91821289E-05
   1.00135803E-04
   1.00135803E-04
   1.00135803E-04
   1.00135803E-04
   2.00271606E-04
   2.00271606E-04
   2.99453735E-04
   2.99453735E-04
   2.99453735E-04
   3.00407410E-04
   3.00407410E-04
   3.00407410E-04
   3.00407410E-04
   3.00407410E-04
   3.99589539E-04
   3.99589539E-04
   3.99589539E-04
   3.99589539E-04
   3.99589539E-04
   3.99589539E-04
   4.99725342E-04
   4.99725342E-04
   4.99725342E-04
   4.99725342E-04
   4.99725342E-04
   5.99861145E-04
   6.99996948E-04
   6.99996948E-04
   6.99996948E-04
   8.00132751E-04
   8.00132751E-04
   8.00132751E-04
   8.99314880E-04
   8.99314880E-04
   8.99314880E-04
   9.00268555E-04
   9.00268555E-04
   9.00268555E-04
   9.00268555E-04
   9.00268555E-04
   9.00268555E-04
   9.99450684E-04
   1.00040436E-03
   1.00040436E-03
   1.00040436E-03
   1.00040436E-03
   1.00040436E-03
   1.09958649E-03
   1.10054016E-03
   1.10054016E-03
   1.19972229E-03
   1.19972229E-03
   1.19972229E-03
   1.29985809E-03
   1.29985809E-03
   1.29985809E-03
   1.39999390E-03
   1.39999390E-03
   1.39999390E-03
   1.39999390E-03
   1.49917603E-03
   1.50012970E-03
   1.50012970E-03
   1.50012970E-03
   1.50012970E-03
   1.59931183E-03
   1.60026550E-03
   1.60026550E-03
   1.60026550E-03
   1.69944763E-03
   1.70040131E-03
   1.70040131E-03
   1.80053711E-03
   1.89971924E-03
   2.09999084E-03
   2.19917297E-03
   2.20012665E-03
   2.20012665E-03
   2.20012665E-03
   2.30026245E-03
   2.40039825E-03
   2.40039825E-03
   2.40039825E-03
   2.40039825E-03
   2.49958038E-03
   2.59971619E-03
   2.79998779E-03
   2.79998779E-03
   2.99930573E-03
   3.00025940E-03
   3.10039520E-03
   3.20053101E-03
   3.20053101E-03
   3.20053101E-03
   3.29971313E-03
   3.30066681E-03
   3.49998474E-03
   3.49998474E-03
   3.49998474E-03
   3.69930267E-03
   3.70025635E-03
   3.70025635E-03
   3.80039215E-03
   3.80039215E-03
   3.89957428E-03
   3.89957428E-03
   3.89957428E-03
   3.89957428E-03
   3.99971008E-03
   4.19998169E-03
   4.19998169E-03
   4.30011749E-03
   4.40025330E-03
   4.40025330E-03
   4.59957123E-03
   4.69970703E-03
   4.79984283E-03
   4.89997864E-03
   4.89997864E-03
   4.89997864E-03
   4.89997864E-03
   5.10025024E-03
   5.20038605E-03
   5.29956818E-03
   5.39970398E-03
   5.40065765E-03
   5.49983978E-03
   5.69915771E-03
   5.80024719E-03
   5.80024719E-03
   6.00051880E-03
   6.09970093E-03
   6.19983673E-03
   6.20079041E-03
   6.40010834E-03
   6.59942627E-03
   6.89983368E-03
   6.89983368E-03
   7.10010529E-03
   7.20024109E-03
   7.30037689E-03
   7.39955902E-03
   7.40051270E-03
   7.40051270E-03
   7.60078430E-03
   7.69996643E-03
   7.90023804E-03
   7.99942017E-03
   8.00037384E-03
   8.50009918E-03
   8.50009918E-03
   8.59928131E-03
   8.60023499E-03
   8.70037079E-03
   9.20009613E-03
   9.49954987E-03
   9.90009308E-03
   1.00994110E-02
   1.01003647E-02
   1.03006363E-02
   1.03006363E-02
   1.08003616E-02
   1.15003586E-02
   1.17998123E-02
   1.18999481E-02
   1.18999481E-02
   1.20000839E-02
   1.29003525E-02
   1.39007568E-02
   1.41000748E-02
   1.44004822E-02
   1.46999359E-02
   1.47991180E-02
   1.57003403E-02
   1.64003372E-02
   1.65996552E-02
   1.76000595E-02
   1.83000565E-02
   1.86996460E-02
   1.93996429E-02
   2.04000473E-02
   2.13003159E-02
   2.15005875E-02
   2.19001770E-02
   2.22997665E-02
   2.25000381E-02
   2.26993561E-02
   2.43997574E-02
   2.53000259E-02
   2.69002914E-02
   2.96993256E-02
   2.97002792E-02
   2.99005508E-02
   3.06005478E-02
   3.09000015E-02
   3.17001343E-02
   3.28006744E-02
   3.97996902E-02
   4.18996811E-02
   4.47006226E-02
   4.48999405E-02
   4.96006012E-02
   5.37004471E-02
   5.39007187E-02
   6.11000061E-02
   6.70003891E-02
   7.63998032E-02
   9.13000107E-02
   9.77001190E-02
  0.110099792    
  0.115599632    
  0.133399963    
  0.195800781    
  0.196500778    
  0.211600304    
  0.237199783    
  0.286999702    
  0.335499763    
  0.343500137    
