#Npts     Radius    Mag      Completeness
#  367 1661.3715  -11.977617 0.986559
# Verr
 -0.413800240    
 -0.327799797    
 -0.197900772    
 -0.123600006    
 -0.108900070    
  -9.02004242E-02
  -8.55998993E-02
  -7.52000809E-02
  -7.40995407E-02
  -6.97002411E-02
  -6.86998367E-02
  -6.30998611E-02
  -5.58004379E-02
  -5.03997803E-02
  -4.87995148E-02
  -4.48007584E-02
  -4.44993973E-02
  -4.31995392E-02
  -3.06997299E-02
  -2.84004211E-02
  -2.48994827E-02
  -2.40001678E-02
  -2.30998993E-02
  -2.20003128E-02
  -2.11000443E-02
  -2.05001831E-02
  -2.04000473E-02
  -1.93004608E-02
  -1.74007416E-02
  -1.55000687E-02
  -1.55000687E-02
  -1.53999329E-02
  -1.49993896E-02
  -1.48000717E-02
  -1.41000748E-02
  -1.40991211E-02
  -1.31006241E-02
  -1.30996704E-02
  -1.28002167E-02
  -1.26008987E-02
  -1.25999451E-02
  -1.22995377E-02
  -1.20000839E-02
  -1.06992722E-02
  -1.06992722E-02
  -1.02005005E-02
  -1.00994110E-02
  -9.90009308E-03
  -9.70077515E-03
  -9.60063934E-03
  -9.59968567E-03
  -8.59928131E-03
  -8.50009918E-03
  -8.39996338E-03
  -8.29982758E-03
  -8.19969177E-03
  -8.00037384E-03
  -7.90023804E-03
  -7.90023804E-03
  -7.59983063E-03
  -7.50064850E-03
  -7.20024109E-03
  -7.10010529E-03
  -7.09915161E-03
  -6.99996948E-03
  -6.89983368E-03
  -6.79969788E-03
  -6.59942627E-03
  -6.50024414E-03
  -6.19983673E-03
  -6.19983673E-03
  -5.90038300E-03
  -5.89942932E-03
  -5.80024719E-03
  -5.70011139E-03
  -5.59997559E-03
  -5.49983978E-03
  -5.49983978E-03
  -5.40065765E-03
  -5.40065765E-03
  -5.39970398E-03
  -5.39970398E-03
  -5.39970398E-03
  -5.30052185E-03
  -5.29956818E-03
  -5.29956818E-03
  -5.00011444E-03
  -4.89997864E-03
  -4.79984283E-03
  -4.70066071E-03
  -4.69970703E-03
  -4.69970703E-03
  -4.59957123E-03
  -4.40025330E-03
  -4.40025330E-03
  -4.30011749E-03
  -4.19998169E-03
  -4.19998169E-03
  -4.09984589E-03
  -4.09984589E-03
  -3.99971008E-03
  -3.99971008E-03
  -3.90052795E-03
  -3.90052795E-03
  -3.89957428E-03
  -3.80039215E-03
  -3.79943848E-03
  -3.70025635E-03
  -3.70025635E-03
  -3.60012054E-03
  -3.60012054E-03
  -3.40080261E-03
  -3.39984894E-03
  -3.39984894E-03
  -3.39984894E-03
  -3.30066681E-03
  -3.20053101E-03
  -3.19957733E-03
  -3.19957733E-03
  -3.19957733E-03
  -3.19957733E-03
  -3.10039520E-03
  -3.10039520E-03
  -3.00025940E-03
  -2.89916992E-03
  -2.89916992E-03
  -2.79998779E-03
  -2.79998779E-03
  -2.79998779E-03
  -2.70080566E-03
  -2.69985199E-03
  -2.59971619E-03
  -2.50053406E-03
  -2.49958038E-03
  -2.40039825E-03
  -2.40039825E-03
  -2.40039825E-03
  -2.39944458E-03
  -2.20012665E-03
  -2.09999084E-03
  -2.09999084E-03
  -2.09999084E-03
  -1.89971924E-03
  -1.89971924E-03
  -1.89971924E-03
  -1.80053711E-03
  -1.79958344E-03
  -1.70040131E-03
  -1.69944763E-03
  -1.60026550E-03
  -1.60026550E-03
  -1.60026550E-03
  -1.50012970E-03
  -1.39999390E-03
  -1.39999390E-03
  -1.39999390E-03
  -1.39999390E-03
  -1.30081177E-03
  -1.30081177E-03
  -1.29985809E-03
  -1.29985809E-03
  -1.19972229E-03
  -1.19972229E-03
  -1.19972229E-03
  -1.00040436E-03
  -9.99450684E-04
  -9.00268555E-04
  -9.00268555E-04
  -9.00268555E-04
  -9.00268555E-04
  -8.99314880E-04
  -8.00132751E-04
  -8.00132751E-04
  -7.99179077E-04
  -6.99996948E-04
  -6.99996948E-04
  -6.99996948E-04
  -6.00814819E-04
  -5.99861145E-04
  -5.99861145E-04
  -5.99861145E-04
  -4.99725342E-04
  -4.99725342E-04
  -3.99589539E-04
  -3.99589539E-04
  -3.99589539E-04
  -3.00407410E-04
  -2.99453735E-04
  -1.00135803E-04
  -1.00135803E-04
  -1.00135803E-04
  -1.00135803E-04
  -9.91821289E-05
   0.00000000    
   0.00000000    
   1.00135803E-04
   2.00271606E-04
   2.99453735E-04
   2.99453735E-04
   3.99589539E-04
   4.00543213E-04
   4.00543213E-04
   4.00543213E-04
   4.99725342E-04
   4.99725342E-04
   5.00679016E-04
   5.99861145E-04
   5.99861145E-04
   6.99996948E-04
   7.99179077E-04
   7.99179077E-04
   8.00132751E-04
   8.99314880E-04
   9.00268555E-04
   1.00040436E-03
   1.09958649E-03
   1.10054016E-03
   1.19972229E-03
   1.19972229E-03
   1.19972229E-03
   1.19972229E-03
   1.29985809E-03
   1.29985809E-03
   1.39999390E-03
   1.39999390E-03
   1.50012970E-03
   1.50012970E-03
   1.60026550E-03
   1.69944763E-03
   1.69944763E-03
   1.70040131E-03
   1.80053711E-03
   1.99985504E-03
   2.09999084E-03
   2.20012665E-03
   2.29930878E-03
   2.30026245E-03
   2.39944458E-03
   2.39944458E-03
   2.40039825E-03
   2.40039825E-03
   2.50053406E-03
   2.59971619E-03
   2.59971619E-03
   2.59971619E-03
   2.60066986E-03
   2.69985199E-03
   2.79998779E-03
   2.90012360E-03
   2.90012360E-03
   3.00025940E-03
   3.00025940E-03
   3.10039520E-03
   3.29971313E-03
   3.39984894E-03
   3.39984894E-03
   3.39984894E-03
   3.39984894E-03
   3.69930267E-03
   3.70025635E-03
   3.79943848E-03
   3.79943848E-03
   3.80039215E-03
   3.89957428E-03
   4.09984589E-03
   4.29916382E-03
   4.30011749E-03
   4.49943542E-03
   4.50038910E-03
   4.50038910E-03
   4.60052490E-03
   4.69970703E-03
   4.70066071E-03
   4.79984283E-03
   4.80079651E-03
   4.89997864E-03
   4.99916077E-03
   5.00011444E-03
   5.00011444E-03
   5.10025024E-03
   5.19943237E-03
   5.20038605E-03
   5.30052185E-03
   5.30052185E-03
   5.40065765E-03
   5.49983978E-03
   5.49983978E-03
   5.80024719E-03
   5.80024719E-03
   5.90038300E-03
   5.99956512E-03
   6.09970093E-03
   6.19983673E-03
   6.49929047E-03
   6.60037994E-03
   6.79969788E-03
   6.79969788E-03
   6.80065155E-03
   7.19928741E-03
   7.30037689E-03
   7.39955902E-03
   7.49969482E-03
   7.60078430E-03
   7.80010223E-03
   8.00037384E-03
   8.10050964E-03
   8.20064545E-03
   8.29982758E-03
   8.30078125E-03
   8.39996338E-03
   8.50009918E-03
   8.90064240E-03
   9.60063934E-03
   9.60063934E-03
   9.69982147E-03
   9.69982147E-03
   9.79995728E-03
   1.03006363E-02
   1.08995438E-02
   1.15995407E-02
   1.18999481E-02
   1.18999481E-02
   1.20000839E-02
   1.24006271E-02
   1.24006271E-02
   1.24998093E-02
   1.29003525E-02
   1.29995346E-02
   1.31006241E-02
   1.31998062E-02
   1.41000748E-02
   1.42002106E-02
   1.45998001E-02
   1.46007538E-02
   1.48000717E-02
   1.60999298E-02
   1.64003372E-02
   1.87997818E-02
   1.90000534E-02
   1.90000534E-02
   1.94997787E-02
   2.07004547E-02
   2.27994919E-02
   2.37998962E-02
   2.53000259E-02
   2.57005692E-02
   2.69994736E-02
   2.77004242E-02
   2.96993256E-02
   3.07998657E-02
   3.11002731E-02
   3.46002579E-02
   3.47003937E-02
   3.96995544E-02
   4.15000916E-02
   4.45995331E-02
   5.27992249E-02
   5.60998917E-02
   5.62000275E-02
   6.33001328E-02
   6.42995834E-02
   6.85005188E-02
   7.33003616E-02
  0.150300026    
  0.191100121    
  0.322000504    
  0.578499794    
