#Npts     Radius    Mag      Completeness
#  130  437.2030  -15.066200 0.977444
# Verr
  -6.55002594E-02
  -3.34997177E-02
  -2.19001770E-02
  -1.81999207E-02
  -1.74999237E-02
  -1.53999329E-02
  -1.38006210E-02
  -1.37996674E-02
  -1.20000839E-02
  -1.12991333E-02
  -1.10006332E-02
  -1.03998184E-02
  -1.00994110E-02
  -8.99982452E-03
  -8.89968872E-03
  -8.39996338E-03
  -7.50064850E-03
  -7.30037689E-03
  -6.89983368E-03
  -6.29997253E-03
  -6.29997253E-03
  -6.10065460E-03
  -6.09970093E-03
  -5.30052185E-03
  -5.20038605E-03
  -5.20038605E-03
  -5.10025024E-03
  -4.89997864E-03
  -4.89997864E-03
  -4.59957123E-03
  -4.59957123E-03
  -4.50038910E-03
  -4.49943542E-03
  -4.40025330E-03
  -4.30011749E-03
  -3.80039215E-03
  -2.79998779E-03
  -2.39944458E-03
  -1.90067291E-03
  -1.70040131E-03
  -1.49917603E-03
   1.00135803E-04
   2.00271606E-04
   6.99996948E-04
   6.99996948E-04
   1.19972229E-03
   1.99985504E-03
   2.30026245E-03
   2.49958038E-03
   2.49958038E-03
   3.60012054E-03
   4.79984283E-03
   5.19943237E-03
   5.30052185E-03
   5.69915771E-03
   5.80024719E-03
   6.29997253E-03
   6.49929047E-03
   6.50024414E-03
   6.99996948E-03
   7.69996643E-03
   7.99942017E-03
   8.00037384E-03
   8.60023499E-03
   8.60023499E-03
   8.89968872E-03
   9.50050354E-03
   9.69982147E-03
   9.90009308E-03
   1.00002289E-02
   1.00002289E-02
   1.01995468E-02
   1.02005005E-02
   1.02996826E-02
   1.08995438E-02
   1.10998154E-02
   1.17998123E-02
   1.21002197E-02
   1.30996704E-02
   1.36995316E-02
   1.37996674E-02
   1.41992569E-02
   1.44004822E-02
   1.46007538E-02
   1.64995193E-02
   1.70001984E-02
   1.81999207E-02
   1.91001892E-02
   2.16999054E-02
   2.17008591E-02
   2.50005722E-02
   2.56004333E-02
   2.58998871E-02
   2.69002914E-02
   2.86006927E-02
   3.11002731E-02
   3.49998474E-02
   4.33998108E-02
   4.62999344E-02
   4.96997833E-02
   5.08995056E-02
   5.36003113E-02
   5.50994873E-02
   5.76000214E-02
   5.83992004E-02
   6.34002686E-02
   7.09991455E-02
   7.66000748E-02
   8.61997604E-02
   8.92000198E-02
   9.67006683E-02
  0.106900215    
  0.121199608    
  0.125400543    
  0.139800072    
  0.143899918    
  0.145999908    
  0.151499748    
  0.160099983    
  0.192000389    
  0.207400322    
  0.217000008    
  0.238400459    
  0.241499901    
  0.272099495    
  0.287199974    
  0.444600105    
  0.467000008    
  0.506299973    
  0.614299774    
