#Npts     Radius    Mag      Completeness
#  209 1661.3715  -14.094200 0.995238
# Verr
  -7.40003586E-02
  -3.20997238E-02
  -3.18002701E-02
  -2.46992111E-02
  -1.91001892E-02
  -1.74999237E-02
  -1.72996521E-02
  -1.42002106E-02
  -1.38006210E-02
  -1.37996674E-02
  -1.32999420E-02
  -1.16996765E-02
  -1.15995407E-02
  -1.11999512E-02
  -1.04007721E-02
  -1.02005005E-02
  -9.90009308E-03
  -9.69982147E-03
  -9.69982147E-03
  -9.49954987E-03
  -9.20009613E-03
  -9.10091400E-03
  -8.99982452E-03
  -8.80050659E-03
  -8.60023499E-03
  -8.39996338E-03
  -8.29982758E-03
  -8.20064545E-03
  -8.09955597E-03
  -7.50064850E-03
  -7.49969482E-03
  -7.39955902E-03
  -6.89983368E-03
  -6.79969788E-03
  -6.79969788E-03
  -6.49929047E-03
  -6.40010834E-03
  -6.00051880E-03
  -5.89942932E-03
  -5.89942932E-03
  -5.70011139E-03
  -5.70011139E-03
  -5.29956818E-03
  -5.29956818E-03
  -5.20038605E-03
  -5.20038605E-03
  -5.00011444E-03
  -4.70066071E-03
  -4.69970703E-03
  -4.50038910E-03
  -4.50038910E-03
  -4.39929962E-03
  -4.39929962E-03
  -4.30011749E-03
  -4.19998169E-03
  -4.19998169E-03
  -4.19998169E-03
  -3.49998474E-03
  -3.39984894E-03
  -3.00025940E-03
  -2.99930573E-03
  -2.79998779E-03
  -2.79998779E-03
  -2.59971619E-03
  -2.59971619E-03
  -2.49958038E-03
  -2.20012665E-03
  -2.19917297E-03
  -2.00080872E-03
  -1.90067291E-03
  -1.89971924E-03
  -1.89971924E-03
  -1.89971924E-03
  -1.80053711E-03
  -1.70040131E-03
  -1.59931183E-03
  -1.30081177E-03
  -1.19972229E-03
  -1.09958649E-03
  -9.00268555E-04
  -8.99314880E-04
  -8.99314880E-04
  -6.99996948E-04
  -5.99861145E-04
  -5.00679016E-04
  -3.99589539E-04
  -3.00407410E-04
  -3.00407410E-04
  -2.99453735E-04
  -2.99453735E-04
  -1.99317932E-04
  -1.00135803E-04
   0.00000000    
   9.91821289E-05
   2.00271606E-04
   3.00407410E-04
   3.00407410E-04
   4.00543213E-04
   4.99725342E-04
   5.99861145E-04
   6.99996948E-04
   6.99996948E-04
   6.99996948E-04
   6.99996948E-04
   6.99996948E-04
   6.99996948E-04
   6.99996948E-04
   8.00132751E-04
   8.00132751E-04
   8.99314880E-04
   9.00268555E-04
   9.99450684E-04
   1.10054016E-03
   1.10054016E-03
   1.20067596E-03
   1.39999390E-03
   1.39999390E-03
   1.50012970E-03
   1.60026550E-03
   1.60026550E-03
   1.70040131E-03
   1.99985504E-03
   1.99985504E-03
   2.09999084E-03
   2.30026245E-03
   2.79998779E-03
   2.79998779E-03
   2.79998779E-03
   2.79998779E-03
   2.99930573E-03
   3.00025940E-03
   3.10039520E-03
   3.10039520E-03
   3.29971313E-03
   3.39984894E-03
   3.80039215E-03
   4.09984589E-03
   4.09984589E-03
   4.30011749E-03
   4.30011749E-03
   4.49943542E-03
   4.50038910E-03
   4.70066071E-03
   5.59997559E-03
   5.70011139E-03
   5.80024719E-03
   5.90038300E-03
   5.90038300E-03
   6.00051880E-03
   6.29997253E-03
   6.29997253E-03
   6.30092621E-03
   6.70051575E-03
   7.19928741E-03
   7.49969482E-03
   7.49969482E-03
   7.59983063E-03
   7.69996643E-03
   7.90023804E-03
   8.09955597E-03
   8.20064545E-03
   8.30078125E-03
   8.50009918E-03
   8.60023499E-03
   8.79955292E-03
   9.00077820E-03
   9.20009613E-03
   9.30023193E-03
   9.49954987E-03
   1.00994110E-02
   1.01003647E-02
   1.03006363E-02
   1.03006363E-02
   1.03998184E-02
   1.06000900E-02
   1.10998154E-02
   1.14002228E-02
   1.14994049E-02
   1.14994049E-02
   1.18999481E-02
   1.20000839E-02
   1.27000809E-02
   1.28002167E-02
   1.55000687E-02
   1.59006119E-02
   1.59997940E-02
   1.70993805E-02
   1.71003342E-02
   1.79996490E-02
   1.80006027E-02
   1.93004608E-02
   2.37998962E-02
   2.55002975E-02
   3.29999924E-02
   3.50999832E-02
   3.62997055E-02
   3.98998260E-02
   4.15992737E-02
   4.86993790E-02
   5.00993729E-02
   5.63993454E-02
   6.01997375E-02
   7.15999603E-02
  0.132200241    
  0.142799377    
  0.154200554    
  0.238699913    
  0.277000427    
  0.296199799    
