#Npts     Radius    Mag      Completeness
#  381 1457.3434  -11.977617 0.979434
# Verr
 -0.408599854    
 -0.203700066    
 -0.198100090    
 -0.176599503    
 -0.108699799    
  -9.49001312E-02
  -8.75997543E-02
  -6.36997223E-02
  -5.00001907E-02
  -3.87001038E-02
  -3.48997116E-02
  -3.33995819E-02
  -3.04002762E-02
  -2.77996063E-02
  -2.50997543E-02
  -1.99995041E-02
  -1.90000534E-02
  -1.88007355E-02
  -1.73006058E-02
  -1.69000626E-02
  -1.44004822E-02
  -1.36995316E-02
  -1.31006241E-02
  -1.30004883E-02
  -1.29995346E-02
  -1.24998093E-02
  -1.23996735E-02
  -1.23996735E-02
  -1.23004913E-02
  -1.18007660E-02
  -1.15003586E-02
  -1.13000870E-02
  -1.10998154E-02
  -1.10998154E-02
  -1.09996796E-02
  -1.06000900E-02
  -1.01003647E-02
  -9.49954987E-03
  -9.49954987E-03
  -9.30023193E-03
  -9.09996033E-03
  -8.79955292E-03
  -8.50009918E-03
  -8.39996338E-03
  -8.29982758E-03
  -8.29982758E-03
  -8.29982758E-03
  -8.19969177E-03
  -8.10050964E-03
  -8.09955597E-03
  -7.99942017E-03
  -7.69996643E-03
  -7.50064850E-03
  -7.30037689E-03
  -7.30037689E-03
  -7.29942322E-03
  -7.20024109E-03
  -6.79969788E-03
  -6.79969788E-03
  -6.70051575E-03
  -6.50024414E-03
  -6.40010834E-03
  -6.29997253E-03
  -6.29997253E-03
  -5.99956512E-03
  -5.90038300E-03
  -5.80024719E-03
  -5.80024719E-03
  -5.80024719E-03
  -5.70011139E-03
  -5.70011139E-03
  -5.59997559E-03
  -5.59997559E-03
  -5.50079346E-03
  -5.49983978E-03
  -5.29956818E-03
  -5.29956818E-03
  -5.10025024E-03
  -5.00011444E-03
  -5.00011444E-03
  -4.89997864E-03
  -4.89997864E-03
  -4.89997864E-03
  -4.69970703E-03
  -4.60052490E-03
  -4.59957123E-03
  -4.49943542E-03
  -4.40025330E-03
  -4.30011749E-03
  -4.30011749E-03
  -4.30011749E-03
  -4.30011749E-03
  -4.29916382E-03
  -4.19998169E-03
  -4.09984589E-03
  -4.00066376E-03
  -3.99971008E-03
  -3.80039215E-03
  -3.69930267E-03
  -3.60012054E-03
  -3.60012054E-03
  -3.60012054E-03
  -3.59916687E-03
  -3.49998474E-03
  -3.49998474E-03
  -3.49998474E-03
  -3.39984894E-03
  -3.39984894E-03
  -3.39984894E-03
  -3.29971313E-03
  -3.29971313E-03
  -3.29971313E-03
  -3.20053101E-03
  -3.20053101E-03
  -3.10039520E-03
  -3.09944153E-03
  -3.09944153E-03
  -2.90012360E-03
  -2.79998779E-03
  -2.79998779E-03
  -2.79998779E-03
  -2.70080566E-03
  -2.69985199E-03
  -2.69985199E-03
  -2.60066986E-03
  -2.59971619E-03
  -2.40039825E-03
  -2.40039825E-03
  -2.39944458E-03
  -2.30026245E-03
  -2.20012665E-03
  -2.20012665E-03
  -2.20012665E-03
  -2.09999084E-03
  -2.09999084E-03
  -1.99985504E-03
  -1.99985504E-03
  -1.90067291E-03
  -1.89971924E-03
  -1.89971924E-03
  -1.80053711E-03
  -1.80053711E-03
  -1.80053711E-03
  -1.79958344E-03
  -1.70040131E-03
  -1.60026550E-03
  -1.60026550E-03
  -1.59931183E-03
  -1.50012970E-03
  -1.39999390E-03
  -1.39999390E-03
  -1.39999390E-03
  -1.39999390E-03
  -1.39999390E-03
  -1.30081177E-03
  -1.30081177E-03
  -1.29985809E-03
  -1.19972229E-03
  -1.19972229E-03
  -1.19972229E-03
  -1.09958649E-03
  -1.00040436E-03
  -9.99450684E-04
  -9.99450684E-04
  -9.00268555E-04
  -8.99314880E-04
  -8.00132751E-04
  -8.00132751E-04
  -8.00132751E-04
  -8.00132751E-04
  -8.00132751E-04
  -6.99996948E-04
  -6.99996948E-04
  -6.99996948E-04
  -6.99996948E-04
  -5.99861145E-04
  -4.99725342E-04
  -4.99725342E-04
  -4.00543213E-04
  -3.99589539E-04
  -3.99589539E-04
  -3.00407410E-04
  -1.00135803E-04
  -1.00135803E-04
   0.00000000    
   0.00000000    
   0.00000000    
   0.00000000    
   1.00135803E-04
   1.00135803E-04
   1.99317932E-04
   3.00407410E-04
   3.00407410E-04
   3.00407410E-04
   3.00407410E-04
   3.99589539E-04
   3.99589539E-04
   4.00543213E-04
   4.00543213E-04
   4.00543213E-04
   4.00543213E-04
   4.99725342E-04
   4.99725342E-04
   4.99725342E-04
   5.00679016E-04
   5.00679016E-04
   5.99861145E-04
   5.99861145E-04
   5.99861145E-04
   6.99996948E-04
   6.99996948E-04
   6.99996948E-04
   8.00132751E-04
   8.00132751E-04
   8.99314880E-04
   8.99314880E-04
   8.99314880E-04
   8.99314880E-04
   8.99314880E-04
   9.00268555E-04
   9.00268555E-04
   1.09958649E-03
   1.09958649E-03
   1.10054016E-03
   1.19972229E-03
   1.19972229E-03
   1.20067596E-03
   1.29985809E-03
   1.29985809E-03
   1.29985809E-03
   1.29985809E-03
   1.39999390E-03
   1.39999390E-03
   1.39999390E-03
   1.39999390E-03
   1.39999390E-03
   1.50012970E-03
   1.50012970E-03
   1.50012970E-03
   1.50012970E-03
   1.59931183E-03
   1.60026550E-03
   1.70040131E-03
   1.70040131E-03
   1.79958344E-03
   1.79958344E-03
   1.89971924E-03
   1.89971924E-03
   1.90067291E-03
   1.99985504E-03
   1.99985504E-03
   2.19917297E-03
   2.19917297E-03
   2.20012665E-03
   2.30026245E-03
   2.39944458E-03
   2.40039825E-03
   2.50053406E-03
   2.59971619E-03
   2.60066986E-03
   2.69985199E-03
   2.69985199E-03
   2.69985199E-03
   2.69985199E-03
   2.69985199E-03
   2.79998779E-03
   2.79998779E-03
   2.90012360E-03
   2.90012360E-03
   3.00025940E-03
   3.00025940E-03
   3.09944153E-03
   3.09944153E-03
   3.10039520E-03
   3.19957733E-03
   3.19957733E-03
   3.39984894E-03
   3.39984894E-03
   3.49998474E-03
   3.49998474E-03
   3.60012054E-03
   3.79943848E-03
   3.79943848E-03
   3.99971008E-03
   4.30011749E-03
   4.30011749E-03
   4.30011749E-03
   4.49943542E-03
   4.60052490E-03
   5.00011444E-03
   5.10025024E-03
   5.19943237E-03
   5.19943237E-03
   5.20038605E-03
   5.20038605E-03
   5.39970398E-03
   5.59997559E-03
   5.70011139E-03
   5.99956512E-03
   6.19983673E-03
   6.19983673E-03
   6.20079041E-03
   6.40010834E-03
   6.40010834E-03
   6.50024414E-03
   6.50024414E-03
   6.59942627E-03
   6.69956207E-03
   7.39955902E-03
   7.50064850E-03
   7.50064850E-03
   8.19969177E-03
   8.40091705E-03
   8.50009918E-03
   8.79955292E-03
   9.09996033E-03
   9.20009613E-03
   9.49954987E-03
   9.50050354E-03
   9.50050354E-03
   9.69982147E-03
   1.02996826E-02
   1.02996826E-02
   1.04999542E-02
   1.04999542E-02
   1.08995438E-02
   1.09004974E-02
   1.11999512E-02
   1.15003586E-02
   1.16996765E-02
   1.21994019E-02
   1.22003555E-02
   1.23004913E-02
   1.23996735E-02
   1.30996704E-02
   1.34000778E-02
   1.37996674E-02
   1.39999390E-02
   1.42993927E-02
   1.53999329E-02
   1.57003403E-02
   1.62000656E-02
   1.64003372E-02
   1.70001984E-02
   1.81999207E-02
   1.83000565E-02
   1.93004608E-02
   1.93996429E-02
   1.98001862E-02
   2.01997757E-02
   2.11000443E-02
   2.11000443E-02
   2.14004517E-02
   2.17008591E-02
   2.17990875E-02
   2.18000412E-02
   2.26001740E-02
   2.72006989E-02
   2.76994705E-02
   3.02991867E-02
   3.04002762E-02
   3.10993195E-02
   3.32994461E-02
   3.43999863E-02
   3.54003906E-02
   3.64999771E-02
   3.68995667E-02
   4.50992584E-02
   4.55999374E-02
   4.73003387E-02
   5.57003021E-02
   6.15997314E-02
   8.34007263E-02
  0.118499756    
  0.144499779    
  0.196400642    
  0.204799652    
  0.228099823    
  0.273399353    
  0.435899734    
  0.497500420    
