#Npts     Radius    Mag      Completeness
#  250  641.2311  -11.977617 0.915751
# Verr
 -0.663800240    
 -0.499699593    
 -0.391900063    
 -0.323699951    
 -0.182099342    
 -0.179200172    
 -0.140899658    
 -0.131899834    
 -0.125000000    
 -0.116899490    
 -0.112299919    
  -7.45000839E-02
  -6.57997131E-02
  -5.60998917E-02
  -5.60998917E-02
  -5.46998978E-02
  -4.95004654E-02
  -4.95004654E-02
  -4.89006042E-02
  -4.85992432E-02
  -4.85000610E-02
  -4.83999252E-02
  -3.74002457E-02
  -3.66001129E-02
  -3.61003876E-02
  -3.59992981E-02
  -3.48997116E-02
  -3.47995758E-02
  -3.29008102E-02
  -3.19004059E-02
  -3.03001404E-02
  -3.00998688E-02
  -2.91996002E-02
  -2.83002853E-02
  -2.48003006E-02
  -2.37998962E-02
  -2.16999054E-02
  -2.08997726E-02
  -2.05993652E-02
  -2.02999115E-02
  -2.00004578E-02
  -1.90000534E-02
  -1.87005997E-02
  -1.79004669E-02
  -1.69000626E-02
  -1.60999298E-02
  -1.58996582E-02
  -1.55000687E-02
  -1.50995255E-02
  -1.46007538E-02
  -1.41000748E-02
  -1.38998032E-02
  -1.33991241E-02
  -1.25007629E-02
  -1.17998123E-02
  -1.15003586E-02
  -1.14002228E-02
  -1.13000870E-02
  -1.11999512E-02
  -1.10998154E-02
  -1.10006332E-02
  -1.10006332E-02
  -1.02005005E-02
  -9.79995728E-03
  -9.69982147E-03
  -9.60063934E-03
  -9.60063934E-03
  -9.09996033E-03
  -8.20064545E-03
  -7.99942017E-03
  -7.59983063E-03
  -7.10010529E-03
  -6.89983368E-03
  -6.50024414E-03
  -6.40010834E-03
  -6.29997253E-03
  -6.19983673E-03
  -6.19983673E-03
  -5.59997559E-03
  -5.59997559E-03
  -5.59997559E-03
  -5.49983978E-03
  -4.89997864E-03
  -4.89997864E-03
  -4.89997864E-03
  -4.09984589E-03
  -3.80039215E-03
  -3.79943848E-03
  -3.70025635E-03
  -3.70025635E-03
  -3.60012054E-03
  -3.60012054E-03
  -3.60012054E-03
  -3.60012054E-03
  -3.59916687E-03
  -3.40080261E-03
  -3.39984894E-03
  -3.29971313E-03
  -3.29971313E-03
  -2.90012360E-03
  -2.89916992E-03
  -2.79998779E-03
  -2.59971619E-03
  -2.30026245E-03
  -2.20012665E-03
  -1.89971924E-03
  -1.79958344E-03
  -1.79958344E-03
  -8.00132751E-04
  -5.99861145E-04
  -5.99861145E-04
  -4.00543213E-04
  -2.99453735E-04
  -1.99317932E-04
  -1.00135803E-04
  -1.00135803E-04
  -1.00135803E-04
   0.00000000    
   4.99725342E-04
   5.00679016E-04
   7.00950623E-04
   8.99314880E-04
   9.00268555E-04
   1.09958649E-03
   1.10054016E-03
   1.39999390E-03
   1.49917603E-03
   1.50012970E-03
   1.50012970E-03
   1.90067291E-03
   1.99985504E-03
   2.20012665E-03
   2.20012665E-03
   2.29930878E-03
   2.39944458E-03
   2.60066986E-03
   2.69985199E-03
   2.79998779E-03
   3.29971313E-03
   3.39984894E-03
   3.60012054E-03
   3.80039215E-03
   4.09984589E-03
   4.09984589E-03
   4.09984589E-03
   4.19998169E-03
   4.39929962E-03
   4.49943542E-03
   4.80079651E-03
   4.89997864E-03
   4.99916077E-03
   5.10025024E-03
   5.10025024E-03
   5.39970398E-03
   5.39970398E-03
   5.39970398E-03
   6.09970093E-03
   6.19983673E-03
   6.20079041E-03
   6.49929047E-03
   6.70051575E-03
   6.89983368E-03
   7.10010529E-03
   7.20024109E-03
   7.39955902E-03
   7.69996643E-03
   7.69996643E-03
   7.80010223E-03
   8.20064545E-03
   9.20009613E-03
   9.69982147E-03
   9.69982147E-03
   9.70077515E-03
   1.03006363E-02
   1.04999542E-02
   1.08995438E-02
   1.10998154E-02
   1.11999512E-02
   1.17998123E-02
   1.20000839E-02
   1.20000839E-02
   1.32999420E-02
   1.32999420E-02
   1.34000778E-02
   1.39999390E-02
   1.46999359E-02
   1.52006149E-02
   1.57995224E-02
   1.62992477E-02
   1.67999268E-02
   1.80997849E-02
   1.83992386E-02
   1.85003281E-02
   1.91001892E-02
   1.95999146E-02
   2.01997757E-02
   2.08005905E-02
   2.11000443E-02
   2.11000443E-02
   2.13003159E-02
   2.16999054E-02
   2.23999023E-02
   2.26001740E-02
   2.28004456E-02
   2.41003036E-02
   2.43997574E-02
   2.47001648E-02
   2.47993469E-02
   2.49004364E-02
   2.65998840E-02
   2.70996094E-02
   2.81000137E-02
   3.06997299E-02
   3.09000015E-02
   3.20997238E-02
   3.27005386E-02
   3.51991653E-02
   3.53002548E-02
   3.54003906E-02
   3.56006622E-02
   3.64007950E-02
   3.93991470E-02
   4.29000854E-02
   4.29992676E-02
   4.57000732E-02
   4.64000702E-02
   4.88004684E-02
   4.99000549E-02
   4.99000549E-02
   5.06992340E-02
   5.23996353E-02
   5.41000366E-02
   5.41000366E-02
   6.02006912E-02
   6.22997284E-02
   6.52999878E-02
   7.59992599E-02
   8.85000229E-02
   9.13000107E-02
  0.122099876    
  0.145600319    
  0.164199829    
  0.165399551    
  0.192999840    
  0.212200165    
  0.309199333    
  0.317000389    
  0.356800079    
  0.468500137    
  0.528699875    
