#Npts     Radius    Mag      Completeness
#  226 2914.6868  -14.823200 0.969957
# Verr
  -3.66001129E-02
  -3.62997055E-02
  -2.99005508E-02
  -1.29003525E-02
  -1.27000809E-02
  -1.24998093E-02
  -1.15003586E-02
  -1.11999512E-02
  -1.09996796E-02
  -1.08995438E-02
  -1.06000900E-02
  -1.04999542E-02
  -1.03998184E-02
  -9.79995728E-03
  -9.59968567E-03
  -8.89968872E-03
  -8.50009918E-03
  -8.29982758E-03
  -8.00037384E-03
  -7.49969482E-03
  -7.30037689E-03
  -7.30037689E-03
  -7.10010529E-03
  -7.10010529E-03
  -6.99996948E-03
  -6.90078735E-03
  -6.89983368E-03
  -6.89983368E-03
  -6.70051575E-03
  -6.60037994E-03
  -6.59942627E-03
  -6.40010834E-03
  -6.20079041E-03
  -5.90038300E-03
  -5.59997559E-03
  -5.59997559E-03
  -5.49983978E-03
  -5.49983978E-03
  -5.20038605E-03
  -4.59957123E-03
  -4.40025330E-03
  -4.30011749E-03
  -4.09984589E-03
  -4.00066376E-03
  -3.90052795E-03
  -3.89957428E-03
  -3.80039215E-03
  -3.79943848E-03
  -3.70025635E-03
  -3.69930267E-03
  -3.60012054E-03
  -3.40080261E-03
  -3.30066681E-03
  -3.19957733E-03
  -3.10039520E-03
  -2.99930573E-03
  -2.89916992E-03
  -2.79998779E-03
  -2.79998779E-03
  -2.70080566E-03
  -2.69985199E-03
  -2.60066986E-03
  -2.60066986E-03
  -2.50053406E-03
  -2.50053406E-03
  -2.49958038E-03
  -2.49958038E-03
  -2.49958038E-03
  -2.30026245E-03
  -2.30026245E-03
  -2.29930878E-03
  -2.09999084E-03
  -1.99985504E-03
  -1.99985504E-03
  -1.99985504E-03
  -1.99985504E-03
  -1.89971924E-03
  -1.70040131E-03
  -1.60026550E-03
  -1.60026550E-03
  -1.59931183E-03
  -1.50012970E-03
  -1.50012970E-03
  -1.50012970E-03
  -1.39999390E-03
  -1.19972229E-03
  -1.19972229E-03
  -1.10054016E-03
  -1.09958649E-03
  -1.00040436E-03
  -9.00268555E-04
  -8.00132751E-04
  -5.99861145E-04
  -5.99861145E-04
  -5.99861145E-04
  -5.00679016E-04
  -4.99725342E-04
  -3.99589539E-04
  -3.00407410E-04
  -2.99453735E-04
  -1.00135803E-04
  -1.00135803E-04
  -1.00135803E-04
  -1.00135803E-04
   1.00135803E-04
   2.00271606E-04
   2.00271606E-04
   3.00407410E-04
   3.99589539E-04
   5.99861145E-04
   1.09958649E-03
   1.49917603E-03
   1.50012970E-03
   1.59931183E-03
   1.59931183E-03
   1.69944763E-03
   1.80053711E-03
   1.89971924E-03
   1.99985504E-03
   1.99985504E-03
   2.09999084E-03
   2.09999084E-03
   2.20012665E-03
   2.20012665E-03
   2.30026245E-03
   2.30026245E-03
   2.39944458E-03
   2.40039825E-03
   2.49958038E-03
   2.49958038E-03
   2.59971619E-03
   2.69985199E-03
   2.69985199E-03
   2.69985199E-03
   2.70080566E-03
   2.79998779E-03
   2.89916992E-03
   2.90012360E-03
   2.90012360E-03
   3.19957733E-03
   3.29971313E-03
   3.29971313E-03
   3.29971313E-03
   3.39984894E-03
   3.49998474E-03
   3.49998474E-03
   3.59916687E-03
   3.59916687E-03
   3.80039215E-03
   3.89957428E-03
   3.89957428E-03
   3.90052795E-03
   3.99971008E-03
   4.10079956E-03
   4.19998169E-03
   4.30011749E-03
   4.40025330E-03
   4.40025330E-03
   4.49943542E-03
   4.50038910E-03
   4.50038910E-03
   5.00011444E-03
   5.29956818E-03
   5.30052185E-03
   5.39970398E-03
   5.59997559E-03
   5.59997559E-03
   5.79929352E-03
   5.89942932E-03
   5.99956512E-03
   6.09970093E-03
   6.10065460E-03
   6.19983673E-03
   6.40010834E-03
   6.60037994E-03
   6.99996948E-03
   7.10010529E-03
   7.29942322E-03
   7.30037689E-03
   7.69996643E-03
   7.80010223E-03
   7.80010223E-03
   8.10050964E-03
   8.20064545E-03
   8.29982758E-03
   8.29982758E-03
   8.39996338E-03
   8.39996338E-03
   8.50009918E-03
   8.50009918E-03
   8.60023499E-03
   8.60023499E-03
   8.70037079E-03
   9.59968567E-03
   9.70077515E-03
   1.00994110E-02
   1.02996826E-02
   1.03998184E-02
   1.03998184E-02
   1.04007721E-02
   1.11999512E-02
   1.12991333E-02
   1.15995407E-02
   1.31998062E-02
   1.43995285E-02
   1.69000626E-02
   1.85003281E-02
   1.85995102E-02
   2.01005936E-02
   2.12001801E-02
   2.43005753E-02
   2.57997513E-02
   2.77996063E-02
   2.95000076E-02
   3.57999802E-02
   4.61997986E-02
   5.38997650E-02
   5.62000275E-02
   5.85002899E-02
   6.29005432E-02
   8.93001556E-02
  0.127099991    
  0.174600601    
  0.184899330    
  0.280600548    
  0.415899277    
