#Npts     Radius    Mag      Completeness
#  352  845.2592  -12.824250 0.983240
# Verr
  -6.92996979E-02
  -6.85005188E-02
  -6.25991821E-02
  -5.37996292E-02
  -4.23002243E-02
  -3.42998505E-02
  -2.67992020E-02
  -2.13003159E-02
  -1.78995132E-02
  -1.32999420E-02
  -1.32999420E-02
  -1.27992630E-02
  -1.21994019E-02
  -1.06992722E-02
  -1.01995468E-02
  -9.90009308E-03
  -9.89913940E-03
  -9.49954987E-03
  -8.60023499E-03
  -8.49914551E-03
  -8.29982758E-03
  -8.10050964E-03
  -8.00037384E-03
  -7.59983063E-03
  -6.99996948E-03
  -6.19983673E-03
  -5.99956512E-03
  -5.89942932E-03
  -5.80024719E-03
  -5.70011139E-03
  -5.60092926E-03
  -5.49983978E-03
  -5.20038605E-03
  -5.20038605E-03
  -5.10025024E-03
  -4.89997864E-03
  -4.89997864E-03
  -4.60052490E-03
  -4.59957123E-03
  -4.39929962E-03
  -4.39929962E-03
  -4.19998169E-03
  -4.09984589E-03
  -4.00066376E-03
  -3.99971008E-03
  -3.90052795E-03
  -3.89957428E-03
  -3.80039215E-03
  -3.70025635E-03
  -3.60012054E-03
  -3.49998474E-03
  -3.49998474E-03
  -3.40080261E-03
  -3.39984894E-03
  -3.39984894E-03
  -3.20053101E-03
  -3.19957733E-03
  -3.10039520E-03
  -3.10039520E-03
  -3.09944153E-03
  -3.00025940E-03
  -2.90012360E-03
  -2.89916992E-03
  -2.79998779E-03
  -2.70080566E-03
  -2.69985199E-03
  -2.69985199E-03
  -2.69985199E-03
  -2.69985199E-03
  -2.60066986E-03
  -2.60066986E-03
  -2.60066986E-03
  -2.59971619E-03
  -2.59971619E-03
  -2.59971619E-03
  -2.50053406E-03
  -2.49958038E-03
  -2.49958038E-03
  -2.49958038E-03
  -2.40039825E-03
  -2.39944458E-03
  -2.29930878E-03
  -2.09999084E-03
  -2.09999084E-03
  -2.09999084E-03
  -1.99985504E-03
  -1.99985504E-03
  -1.99985504E-03
  -1.90067291E-03
  -1.80053711E-03
  -1.79958344E-03
  -1.70040131E-03
  -1.69944763E-03
  -1.60026550E-03
  -1.60026550E-03
  -1.59931183E-03
  -1.50012970E-03
  -1.50012970E-03
  -1.39999390E-03
  -1.39999390E-03
  -1.29985809E-03
  -1.29985809E-03
  -1.19972229E-03
  -1.09958649E-03
  -1.09958649E-03
  -1.09958649E-03
  -1.09958649E-03
  -1.09958649E-03
  -1.09958649E-03
  -1.00040436E-03
  -1.00040436E-03
  -1.00040436E-03
  -9.99450684E-04
  -9.99450684E-04
  -9.00268555E-04
  -9.00268555E-04
  -9.00268555E-04
  -8.99314880E-04
  -8.00132751E-04
  -8.00132751E-04
  -8.00132751E-04
  -8.00132751E-04
  -7.99179077E-04
  -6.99996948E-04
  -6.99996948E-04
  -6.99996948E-04
  -6.99996948E-04
  -4.99725342E-04
  -4.99725342E-04
  -4.00543213E-04
  -4.00543213E-04
  -3.99589539E-04
  -3.00407410E-04
  -3.00407410E-04
  -3.00407410E-04
  -2.99453735E-04
  -2.99453735E-04
  -2.00271606E-04
  -2.00271606E-04
  -1.99317932E-04
  -1.99317932E-04
  -1.00135803E-04
  -1.00135803E-04
  -1.00135803E-04
  -1.00135803E-04
  -1.00135803E-04
   0.00000000    
   1.00135803E-04
   1.00135803E-04
   1.00135803E-04
   1.00135803E-04
   1.99317932E-04
   1.99317932E-04
   2.00271606E-04
   2.99453735E-04
   2.99453735E-04
   2.99453735E-04
   3.99589539E-04
   3.99589539E-04
   4.00543213E-04
   4.00543213E-04
   4.99725342E-04
   5.99861145E-04
   5.99861145E-04
   6.99996948E-04
   7.99179077E-04
   8.00132751E-04
   8.00132751E-04
   8.00132751E-04
   8.00132751E-04
   8.99314880E-04
   9.00268555E-04
   9.00268555E-04
   9.00268555E-04
   9.99450684E-04
   9.99450684E-04
   1.00040436E-03
   1.09958649E-03
   1.19972229E-03
   1.19972229E-03
   1.20067596E-03
   1.39999390E-03
   1.50012970E-03
   1.50012970E-03
   1.60026550E-03
   1.60026550E-03
   1.69944763E-03
   1.69944763E-03
   1.69944763E-03
   1.69944763E-03
   1.70040131E-03
   1.79958344E-03
   1.79958344E-03
   1.99985504E-03
   2.00080872E-03
   2.20012665E-03
   2.20012665E-03
   2.20012665E-03
   2.69985199E-03
   2.69985199E-03
   2.69985199E-03
   2.69985199E-03
   2.79998779E-03
   2.79998779E-03
   2.79998779E-03
   2.79998779E-03
   2.79998779E-03
   2.90012360E-03
   2.90012360E-03
   2.90012360E-03
   3.00025940E-03
   3.00025940E-03
   3.09944153E-03
   3.09944153E-03
   3.10039520E-03
   3.10039520E-03
   3.10039520E-03
   3.20053101E-03
   3.20053101E-03
   3.29971313E-03
   3.39984894E-03
   3.39984894E-03
   3.40080261E-03
   3.70025635E-03
   3.70025635E-03
   3.89957428E-03
   3.99971008E-03
   3.99971008E-03
   4.19998169E-03
   4.30011749E-03
   4.39929962E-03
   4.40025330E-03
   4.40025330E-03
   4.50038910E-03
   4.60052490E-03
   4.69970703E-03
   4.89997864E-03
   5.09929657E-03
   5.19943237E-03
   5.29956818E-03
   5.39970398E-03
   5.59997559E-03
   5.70011139E-03
   5.70011139E-03
   6.00051880E-03
   6.19983673E-03
   6.19983673E-03
   6.99996948E-03
   7.40051270E-03
   7.49969482E-03
   7.69996643E-03
   7.69996643E-03
   7.89928436E-03
   7.89928436E-03
   7.99942017E-03
   8.29982758E-03
   8.29982758E-03
   8.39996338E-03
   8.60023499E-03
   8.89968872E-03
   8.99982452E-03
   9.09996033E-03
   9.09996033E-03
   9.60063934E-03
   1.00002289E-02
   1.00002289E-02
   1.01003647E-02
   1.01003647E-02
   1.01995468E-02
   1.04999542E-02
   1.04999542E-02
   1.06000900E-02
   1.06000900E-02
   1.07002258E-02
   1.07002258E-02
   1.13992691E-02
   1.18999481E-02
   1.21994019E-02
   1.23996735E-02
   1.25999451E-02
   1.30004883E-02
   1.30996704E-02
   1.35993958E-02
   1.35993958E-02
   1.42002106E-02
   1.46999359E-02
   1.50003433E-02
   1.52997971E-02
   1.55000687E-02
   1.57995224E-02
   1.64003372E-02
   1.72996521E-02
   1.74999237E-02
   1.78003311E-02
   1.81999207E-02
   1.84001923E-02
   1.85003281E-02
   1.98001862E-02
   2.12001801E-02
   2.54001617E-02
   2.57997513E-02
   2.75001526E-02
   2.91996002E-02
   3.27997208E-02
   3.29999924E-02
   3.38001251E-02
   3.45001221E-02
   3.56998444E-02
   3.71999741E-02
   3.90996933E-02
   3.91998291E-02
   4.13999557E-02
   4.64000702E-02
   4.94003296E-02
   5.02004623E-02
   5.13000488E-02
   5.29003143E-02
   5.30004501E-02
   5.34000397E-02
   5.45005798E-02
   5.86004257E-02
   6.16998672E-02
   6.36997223E-02
   6.40001297E-02
   6.50005341E-02
   6.52999878E-02
   6.83002472E-02
   7.41996765E-02
   8.11996460E-02
   8.79001617E-02
   8.84008408E-02
   8.99000168E-02
   9.45997238E-02
   9.61999893E-02
  0.103300095    
  0.107399940    
  0.112400055    
  0.125000000    
  0.133299828    
  0.164700508    
  0.192499161    
  0.247300148    
  0.258299828    
  0.258299828    
  0.260699272    
  0.273200035    
  0.339399338    
  0.363200188    
  0.372599602    
  0.464699745    
  0.559599876    
  0.620499611    
