#Npts     Radius    Mag      Completeness
#  192 1049.2872  -15.066200 0.984615
# Verr
 -0.319600105    
 -0.133800507    
 -0.123999596    
  -1.17998123E-02
  -1.13000870E-02
  -1.11999512E-02
  -1.08003616E-02
  -1.07002258E-02
  -1.01995468E-02
  -9.79995728E-03
  -9.50050354E-03
  -9.40036774E-03
  -9.09996033E-03
  -8.99982452E-03
  -8.89968872E-03
  -8.60023499E-03
  -8.39996338E-03
  -8.29982758E-03
  -8.09955597E-03
  -7.69996643E-03
  -7.39955902E-03
  -7.30037689E-03
  -6.99996948E-03
  -6.89983368E-03
  -6.19983673E-03
  -5.90038300E-03
  -5.70011139E-03
  -5.70011139E-03
  -5.59997559E-03
  -5.10025024E-03
  -5.00011444E-03
  -4.99916077E-03
  -4.79984283E-03
  -4.79984283E-03
  -4.49943542E-03
  -4.19998169E-03
  -4.10079956E-03
  -4.10079956E-03
  -3.99971008E-03
  -3.90052795E-03
  -3.89957428E-03
  -3.79943848E-03
  -3.70025635E-03
  -3.70025635E-03
  -3.60012054E-03
  -3.60012054E-03
  -3.49998474E-03
  -3.39984894E-03
  -3.29971313E-03
  -2.99930573E-03
  -2.90012360E-03
  -2.90012360E-03
  -2.80094147E-03
  -2.79998779E-03
  -2.79998779E-03
  -2.69985199E-03
  -2.69985199E-03
  -2.59971619E-03
  -2.50053406E-03
  -2.49958038E-03
  -2.40039825E-03
  -2.40039825E-03
  -2.39944458E-03
  -2.09999084E-03
  -2.09999084E-03
  -1.80053711E-03
  -1.70040131E-03
  -1.70040131E-03
  -1.39999390E-03
  -1.29985809E-03
  -1.29985809E-03
  -1.00040436E-03
  -8.00132751E-04
  -5.99861145E-04
  -3.00407410E-04
  -2.00271606E-04
  -2.00271606E-04
   0.00000000    
   9.91821289E-05
   1.00135803E-04
   2.00271606E-04
   3.00407410E-04
   4.99725342E-04
   5.00679016E-04
   5.99861145E-04
   6.00814819E-04
   6.99996948E-04
   6.99996948E-04
   7.99179077E-04
   9.00268555E-04
   9.99450684E-04
   1.00040436E-03
   1.09958649E-03
   1.29985809E-03
   1.39999390E-03
   1.39999390E-03
   1.50012970E-03
   1.60026550E-03
   1.60026550E-03
   1.69944763E-03
   1.70040131E-03
   1.80053711E-03
   1.80053711E-03
   1.89971924E-03
   2.00080872E-03
   2.20012665E-03
   2.29930878E-03
   2.30026245E-03
   2.30026245E-03
   2.30026245E-03
   2.39944458E-03
   2.40039825E-03
   2.59971619E-03
   2.59971619E-03
   2.59971619E-03
   2.69985199E-03
   2.69985199E-03
   2.69985199E-03
   3.00025940E-03
   3.00025940E-03
   3.19957733E-03
   3.29971313E-03
   3.29971313E-03
   3.30066681E-03
   3.30066681E-03
   3.49998474E-03
   3.70025635E-03
   3.89957428E-03
   4.19998169E-03
   4.40025330E-03
   4.40025330E-03
   4.79984283E-03
   4.79984283E-03
   4.89997864E-03
   5.00011444E-03
   5.10025024E-03
   5.40065765E-03
   5.49983978E-03
   5.59997559E-03
   5.70011139E-03
   5.80024719E-03
   6.29997253E-03
   6.29997253E-03
   6.40010834E-03
   6.60037994E-03
   6.69956207E-03
   6.80065155E-03
   6.99996948E-03
   7.49969482E-03
   7.69996643E-03
   7.80010223E-03
   7.80010223E-03
   8.09955597E-03
   8.99982452E-03
   8.99982452E-03
   9.20009613E-03
   9.90009308E-03
   1.04999542E-02
   1.04999542E-02
   1.10006332E-02
   1.10006332E-02
   1.23996735E-02
   1.29003525E-02
   1.30004883E-02
   1.32999420E-02
   1.39999390E-02
   1.52997971E-02
   1.52997971E-02
   1.63993835E-02
   1.87997818E-02
   2.01005936E-02
   2.08997726E-02
   2.28996277E-02
   2.41003036E-02
   2.71997452E-02
   2.75993347E-02
   2.77996063E-02
   2.83002853E-02
   3.22999954E-02
   3.48005295E-02
   4.08000946E-02
   4.13007736E-02
   4.43000793E-02
   4.79993820E-02
   5.24005890E-02
   6.04000092E-02
   6.57005310E-02
   7.89003372E-02
   8.73003006E-02
  0.141700745    
  0.161299706    
  0.228500366    
