#Npts     Radius    Mag      Completeness
#  222  641.2311  -11.554300 0.913580
# Verr
 -0.741499901    
 -0.305300713    
 -0.280200005    
 -0.158100128    
  -7.05003738E-02
  -6.62002563E-02
  -6.22005463E-02
  -6.17008209E-02
  -6.09998703E-02
  -5.99002838E-02
  -5.93996048E-02
  -5.37996292E-02
  -5.29003143E-02
  -4.66003418E-02
  -4.46004868E-02
  -4.24003601E-02
  -4.13999557E-02
  -4.12998199E-02
  -3.85007858E-02
  -3.76005173E-02
  -3.75003815E-02
  -3.50999832E-02
  -3.39002609E-02
  -3.21998596E-02
  -3.21006775E-02
  -3.13997269E-02
  -3.13005447E-02
  -2.98004150E-02
  -2.97994614E-02
  -2.95000076E-02
  -2.82001495E-02
  -2.69994736E-02
  -2.67000198E-02
  -2.62002945E-02
  -2.48003006E-02
  -2.40001678E-02
  -2.21004486E-02
  -2.11992264E-02
  -2.07004547E-02
  -2.06995010E-02
  -1.94997787E-02
  -1.88999176E-02
  -1.88999176E-02
  -1.87005997E-02
  -1.84001923E-02
  -1.84001923E-02
  -1.76992416E-02
  -1.75008774E-02
  -1.73006058E-02
  -1.64003372E-02
  -1.58996582E-02
  -1.53007507E-02
  -1.52997971E-02
  -1.52006149E-02
  -1.49002075E-02
  -1.36003494E-02
  -1.31006241E-02
  -1.29995346E-02
  -1.25999451E-02
  -1.23004913E-02
  -1.20992661E-02
  -1.15995407E-02
  -1.14002228E-02
  -1.04999542E-02
  -1.01003647E-02
  -9.39941406E-03
  -9.30023193E-03
  -9.20009613E-03
  -8.99982452E-03
  -8.90064240E-03
  -8.70037079E-03
  -8.69941711E-03
  -8.29982758E-03
  -8.29982758E-03
  -8.09955597E-03
  -7.99942017E-03
  -7.60078430E-03
  -6.99996948E-03
  -6.79969788E-03
  -6.70051575E-03
  -6.29997253E-03
  -6.00051880E-03
  -5.90038300E-03
  -5.70011139E-03
  -5.49983978E-03
  -5.20038605E-03
  -4.89997864E-03
  -4.09984589E-03
  -3.99971008E-03
  -3.90052795E-03
  -3.79943848E-03
  -3.70025635E-03
  -3.49998474E-03
  -3.39984894E-03
  -3.29971313E-03
  -2.99930573E-03
  -2.69985199E-03
  -2.69985199E-03
  -2.59971619E-03
  -2.39944458E-03
  -1.99985504E-03
  -1.79958344E-03
  -1.60026550E-03
  -1.39999390E-03
  -1.29985809E-03
  -1.10054016E-03
  -1.09958649E-03
  -1.00040436E-03
  -9.00268555E-04
  -6.99996948E-04
  -4.99725342E-04
   9.91821289E-05
   3.00407410E-04
   6.99996948E-04
   8.00132751E-04
   9.00268555E-04
   1.29985809E-03
   1.39999390E-03
   1.49917603E-03
   1.50012970E-03
   1.60026550E-03
   1.79958344E-03
   1.89971924E-03
   1.99985504E-03
   2.09999084E-03
   2.30026245E-03
   2.40039825E-03
   2.69985199E-03
   3.10039520E-03
   3.19957733E-03
   3.19957733E-03
   3.79943848E-03
   4.40025330E-03
   4.89997864E-03
   5.70011139E-03
   6.19983673E-03
   6.29997253E-03
   6.50024414E-03
   6.89983368E-03
   7.39955902E-03
   7.40051270E-03
   7.69996643E-03
   7.99942017E-03
   8.50009918E-03
   8.70037079E-03
   8.79955292E-03
   8.80050659E-03
   9.29927826E-03
   9.30023193E-03
   9.59968567E-03
   1.02005005E-02
   1.06000900E-02
   1.06000900E-02
   1.07002258E-02
   1.09004974E-02
   1.15003586E-02
   1.22995377E-02
   1.22995377E-02
   1.34000778E-02
   1.34000778E-02
   1.38006210E-02
   1.47008896E-02
   1.48000717E-02
   1.50003433E-02
   1.52997971E-02
   1.56993866E-02
   1.78995132E-02
   1.97000504E-02
   2.01005936E-02
   2.06003189E-02
   2.08997726E-02
   2.09999084E-02
   2.14996338E-02
   2.15997696E-02
   2.19993591E-02
   2.41994858E-02
   2.55002975E-02
   2.60992050E-02
   2.62002945E-02
   2.63996124E-02
   2.63996124E-02
   2.65007019E-02
   2.85005569E-02
   2.91996002E-02
   2.92997360E-02
   2.97994614E-02
   3.06997299E-02
   3.36999893E-02
   3.39002609E-02
   3.65991592E-02
   3.70998383E-02
   3.87001038E-02
   3.95994186E-02
   4.33998108E-02
   4.33998108E-02
   4.45995331E-02
   4.83999252E-02
   5.32999039E-02
   5.62000275E-02
   5.65004349E-02
   5.99002838E-02
   6.69994354E-02
   7.15999603E-02
   7.33995438E-02
   8.11004639E-02
   8.90998840E-02
  0.101099968    
  0.105899811    
  0.107399940    
  0.111300468    
  0.115699768    
  0.119500160    
  0.124700546    
  0.130900383    
  0.151399612    
  0.184200287    
  0.189299583    
  0.201299667    
  0.361000061    
  0.516799927    
  0.546499252    
  0.685599327    
