#Npts     Radius    Mag      Completeness
#  408 1253.3153  -13.670883 0.992701
# Verr
 -0.114899635    
 -0.106699944    
  -8.10003281E-02
  -4.46996689E-02
  -4.06999588E-02
  -2.79998779E-02
  -1.87005997E-02
  -1.76992416E-02
  -1.43003464E-02
  -1.32007599E-02
  -1.29003525E-02
  -1.15995407E-02
  -9.20009613E-03
  -8.60023499E-03
  -8.29982758E-03
  -7.79914856E-03
  -7.29942322E-03
  -6.99996948E-03
  -6.89983368E-03
  -6.29997253E-03
  -5.99956512E-03
  -5.70011139E-03
  -5.39970398E-03
  -5.20038605E-03
  -5.20038605E-03
  -5.19943237E-03
  -5.00011444E-03
  -4.79984283E-03
  -4.50038910E-03
  -4.40025330E-03
  -4.09984589E-03
  -3.99971008E-03
  -3.89957428E-03
  -3.60012054E-03
  -3.60012054E-03
  -3.49998474E-03
  -3.39984894E-03
  -3.39984894E-03
  -3.29971313E-03
  -3.29971313E-03
  -3.20053101E-03
  -3.19957733E-03
  -3.09944153E-03
  -3.09944153E-03
  -3.09944153E-03
  -3.00025940E-03
  -2.90012360E-03
  -2.90012360E-03
  -2.90012360E-03
  -2.90012360E-03
  -2.90012360E-03
  -2.79998779E-03
  -2.79998779E-03
  -2.79998779E-03
  -2.69985199E-03
  -2.50053406E-03
  -2.49958038E-03
  -2.49958038E-03
  -2.40039825E-03
  -2.40039825E-03
  -2.39944458E-03
  -2.29930878E-03
  -2.29930878E-03
  -2.19917297E-03
  -2.19917297E-03
  -2.09999084E-03
  -2.09999084E-03
  -2.09999084E-03
  -1.99985504E-03
  -1.99985504E-03
  -1.99985504E-03
  -1.90067291E-03
  -1.90067291E-03
  -1.89971924E-03
  -1.89971924E-03
  -1.89971924E-03
  -1.79958344E-03
  -1.70040131E-03
  -1.70040131E-03
  -1.69944763E-03
  -1.69944763E-03
  -1.69944763E-03
  -1.69944763E-03
  -1.60026550E-03
  -1.60026550E-03
  -1.60026550E-03
  -1.50012970E-03
  -1.50012970E-03
  -1.49917603E-03
  -1.39999390E-03
  -1.39999390E-03
  -1.39999390E-03
  -1.39999390E-03
  -1.29985809E-03
  -1.29985809E-03
  -1.29985809E-03
  -1.20067596E-03
  -1.20067596E-03
  -1.19972229E-03
  -1.19972229E-03
  -1.10054016E-03
  -1.10054016E-03
  -1.09958649E-03
  -1.09958649E-03
  -9.99450684E-04
  -9.99450684E-04
  -9.99450684E-04
  -9.99450684E-04
  -9.99450684E-04
  -9.99450684E-04
  -9.99450684E-04
  -9.00268555E-04
  -8.99314880E-04
  -8.00132751E-04
  -8.00132751E-04
  -8.00132751E-04
  -8.00132751E-04
  -8.00132751E-04
  -8.00132751E-04
  -8.00132751E-04
  -8.00132751E-04
  -8.00132751E-04
  -8.00132751E-04
  -8.00132751E-04
  -8.00132751E-04
  -8.00132751E-04
  -8.00132751E-04
  -8.00132751E-04
  -7.99179077E-04
  -6.99996948E-04
  -6.99996948E-04
  -6.99996948E-04
  -6.99996948E-04
  -6.99996948E-04
  -6.99996948E-04
  -6.00814819E-04
  -5.99861145E-04
  -5.99861145E-04
  -5.99861145E-04
  -5.99861145E-04
  -5.99861145E-04
  -5.99861145E-04
  -5.00679016E-04
  -4.99725342E-04
  -4.99725342E-04
  -4.99725342E-04
  -4.00543213E-04
  -4.00543213E-04
  -4.00543213E-04
  -3.99589539E-04
  -3.99589539E-04
  -3.99589539E-04
  -3.99589539E-04
  -3.99589539E-04
  -3.99589539E-04
  -3.99589539E-04
  -3.99589539E-04
  -3.00407410E-04
  -3.00407410E-04
  -3.00407410E-04
  -3.00407410E-04
  -3.00407410E-04
  -3.00407410E-04
  -2.99453735E-04
  -2.99453735E-04
  -2.99453735E-04
  -2.99453735E-04
  -2.99453735E-04
  -2.99453735E-04
  -1.00135803E-04
  -1.00135803E-04
  -1.00135803E-04
  -1.00135803E-04
  -1.00135803E-04
   0.00000000    
   0.00000000    
   0.00000000    
   0.00000000    
   0.00000000    
   1.00135803E-04
   1.00135803E-04
   1.00135803E-04
   2.00271606E-04
   2.00271606E-04
   2.00271606E-04
   2.00271606E-04
   2.00271606E-04
   2.00271606E-04
   2.00271606E-04
   3.00407410E-04
   3.99589539E-04
   4.00543213E-04
   4.00543213E-04
   4.00543213E-04
   4.00543213E-04
   4.99725342E-04
   4.99725342E-04
   4.99725342E-04
   4.99725342E-04
   4.99725342E-04
   5.00679016E-04
   5.00679016E-04
   5.99861145E-04
   5.99861145E-04
   5.99861145E-04
   5.99861145E-04
   5.99861145E-04
   6.99996948E-04
   6.99996948E-04
   6.99996948E-04
   8.00132751E-04
   8.00132751E-04
   8.00132751E-04
   8.00132751E-04
   8.00132751E-04
   9.00268555E-04
   9.00268555E-04
   9.00268555E-04
   9.00268555E-04
   9.00268555E-04
   9.99450684E-04
   9.99450684E-04
   1.00040436E-03
   1.10054016E-03
   1.19972229E-03
   1.19972229E-03
   1.20067596E-03
   1.29985809E-03
   1.29985809E-03
   1.39999390E-03
   1.39999390E-03
   1.39999390E-03
   1.39999390E-03
   1.50012970E-03
   1.50012970E-03
   1.50012970E-03
   1.50012970E-03
   1.50012970E-03
   1.59931183E-03
   1.60026550E-03
   1.60026550E-03
   1.60026550E-03
   1.60026550E-03
   1.69944763E-03
   1.69944763E-03
   1.69944763E-03
   1.69944763E-03
   1.70040131E-03
   1.70040131E-03
   1.80053711E-03
   1.80053711E-03
   1.80053711E-03
   1.89971924E-03
   1.89971924E-03
   1.89971924E-03
   1.99985504E-03
   1.99985504E-03
   1.99985504E-03
   2.09999084E-03
   2.09999084E-03
   2.09999084E-03
   2.09999084E-03
   2.09999084E-03
   2.09999084E-03
   2.20012665E-03
   2.20012665E-03
   2.30026245E-03
   2.30026245E-03
   2.39944458E-03
   2.40039825E-03
   2.40039825E-03
   2.40039825E-03
   2.40039825E-03
   2.40039825E-03
   2.49958038E-03
   2.50053406E-03
   2.59971619E-03
   2.60066986E-03
   2.60066986E-03
   2.69985199E-03
   2.69985199E-03
   2.90012360E-03
   2.90012360E-03
   2.90012360E-03
   3.00025940E-03
   3.00025940E-03
   3.19957733E-03
   3.20053101E-03
   3.29971313E-03
   3.30066681E-03
   3.39984894E-03
   3.39984894E-03
   3.49998474E-03
   3.60012054E-03
   3.69930267E-03
   3.70025635E-03
   3.70025635E-03
   3.79943848E-03
   4.09984589E-03
   4.09984589E-03
   4.10079956E-03
   4.19998169E-03
   4.40025330E-03
   4.69970703E-03
   4.89997864E-03
   5.00011444E-03
   5.29956818E-03
   5.30052185E-03
   5.39970398E-03
   5.49983978E-03
   5.50079346E-03
   5.80024719E-03
   5.90038300E-03
   6.40010834E-03
   6.40010834E-03
   6.60037994E-03
   6.60037994E-03
   6.69956207E-03
   6.69956207E-03
   6.69956207E-03
   6.69956207E-03
   6.79969788E-03
   6.79969788E-03
   6.99996948E-03
   7.29942322E-03
   7.30037689E-03
   7.90023804E-03
   8.00037384E-03
   8.10050964E-03
   8.29982758E-03
   8.89968872E-03
   8.99982452E-03
   9.09996033E-03
   9.09996033E-03
   9.29927826E-03
   9.49954987E-03
   9.50050354E-03
   1.00002289E-02
   1.02996826E-02
   1.02996826E-02
   1.06000900E-02
   1.07002258E-02
   1.16996765E-02
   1.17998123E-02
   1.19991302E-02
   1.20000839E-02
   1.24998093E-02
   1.27000809E-02
   1.28002167E-02
   1.34000778E-02
   1.34000778E-02
   1.39999390E-02
   1.50003433E-02
   1.53999329E-02
   1.67007446E-02
   1.70993805E-02
   1.77001953E-02
   1.80997849E-02
   1.83000565E-02
   2.05001831E-02
   2.05001831E-02
   2.23999023E-02
   2.29997635E-02
   2.32000351E-02
   2.51007080E-02
   2.57997513E-02
   2.57997513E-02
   2.58007050E-02
   2.58007050E-02
   2.68001556E-02
   2.69002914E-02
   2.76994705E-02
   3.05995941E-02
   3.25002670E-02
   3.26004028E-02
   3.67002487E-02
   4.71000671E-02
   4.73003387E-02
   5.09996414E-02
   5.50003052E-02
   5.58004379E-02
   5.90000153E-02
   6.63003922E-02
   6.80999756E-02
   7.40995407E-02
   8.39004517E-02
   8.65993500E-02
   8.86001587E-02
   9.40999985E-02
   9.79003906E-02
  0.102499962    
  0.107399940    
  0.123100281    
  0.145199776    
  0.162199974    
  0.164799690    
  0.185099602    
  0.215999603    
  0.228300095    
  0.274600029    
  0.309800148    
  0.322599411    
  0.350900650    
  0.354199409    
  0.420599937    
  0.440600395    
  0.507899284    
  0.584300041    
