#Npts     Radius    Mag      Completeness
#  248  641.2311  -12.400933 0.935849
# Verr
 -0.471599579    
 -0.437500000    
 -0.208999634    
 -0.157599449    
  -8.69998932E-02
  -6.26001358E-02
  -5.08995056E-02
  -4.46004868E-02
  -4.04005051E-02
  -3.87001038E-02
  -3.47003937E-02
  -3.32002640E-02
  -3.14998627E-02
  -2.31008530E-02
  -2.25992203E-02
  -1.88999176E-02
  -1.81999207E-02
  -1.65004730E-02
  -1.64995193E-02
  -1.60999298E-02
  -1.46999359E-02
  -1.34000778E-02
  -1.29995346E-02
  -1.29003525E-02
  -1.25999451E-02
  -1.18999481E-02
  -1.16996765E-02
  -1.14002228E-02
  -1.13000870E-02
  -1.04999542E-02
  -1.02996826E-02
  -1.01995468E-02
  -9.50050354E-03
  -9.09996033E-03
  -8.89968872E-03
  -8.79955292E-03
  -8.70037079E-03
  -8.70037079E-03
  -8.50009918E-03
  -8.39996338E-03
  -8.09955597E-03
  -8.00037384E-03
  -7.99942017E-03
  -7.90023804E-03
  -7.80010223E-03
  -7.59983063E-03
  -7.49969482E-03
  -7.30037689E-03
  -7.20024109E-03
  -7.10010529E-03
  -6.80065155E-03
  -6.79969788E-03
  -6.60037994E-03
  -6.10065460E-03
  -6.09970093E-03
  -5.79929352E-03
  -5.69915771E-03
  -5.49983978E-03
  -5.29956818E-03
  -5.29956818E-03
  -5.10025024E-03
  -5.00011444E-03
  -4.89997864E-03
  -4.89997864E-03
  -4.79984283E-03
  -4.40025330E-03
  -4.19998169E-03
  -4.10079956E-03
  -3.99971008E-03
  -3.99971008E-03
  -3.90052795E-03
  -3.89957428E-03
  -3.70025635E-03
  -3.70025635E-03
  -3.69930267E-03
  -3.59916687E-03
  -3.49998474E-03
  -3.29971313E-03
  -3.20053101E-03
  -3.10039520E-03
  -3.10039520E-03
  -3.10039520E-03
  -3.00025940E-03
  -2.79998779E-03
  -2.59971619E-03
  -2.39944458E-03
  -2.20012665E-03
  -2.09999084E-03
  -1.99985504E-03
  -1.99985504E-03
  -1.89971924E-03
  -1.89971924E-03
  -1.80053711E-03
  -1.79958344E-03
  -8.99314880E-04
  -8.00132751E-04
  -6.99996948E-04
  -6.99996948E-04
  -5.99861145E-04
  -3.00407410E-04
  -2.99453735E-04
  -1.99317932E-04
  -1.00135803E-04
   9.91821289E-05
   1.00135803E-04
   1.00135803E-04
   1.00135803E-04
   1.00135803E-04
   3.99589539E-04
   4.99725342E-04
   6.99996948E-04
   7.99179077E-04
   8.00132751E-04
   8.99314880E-04
   9.00268555E-04
   1.39999390E-03
   1.79958344E-03
   1.80053711E-03
   1.90067291E-03
   1.99985504E-03
   2.09999084E-03
   2.09999084E-03
   2.09999084E-03
   2.20012665E-03
   2.29930878E-03
   2.30026245E-03
   2.30026245E-03
   2.40039825E-03
   2.90012360E-03
   3.19957733E-03
   3.19957733E-03
   3.29971313E-03
   3.39984894E-03
   3.49998474E-03
   3.59916687E-03
   3.79943848E-03
   3.80039215E-03
   4.19998169E-03
   4.50038910E-03
   4.59957123E-03
   4.60052490E-03
   4.70066071E-03
   5.70011139E-03
   5.80024719E-03
   5.89942932E-03
   6.29997253E-03
   6.80065155E-03
   6.99996948E-03
   7.10010529E-03
   7.20024109E-03
   7.80010223E-03
   7.90023804E-03
   8.29982758E-03
   8.39996338E-03
   8.50009918E-03
   9.40036774E-03
   9.90009308E-03
   1.00002289E-02
   1.03998184E-02
   1.04999542E-02
   1.06000900E-02
   1.11999512E-02
   1.11999512E-02
   1.16996765E-02
   1.17998123E-02
   1.21994019E-02
   1.25007629E-02
   1.27000809E-02
   1.29003525E-02
   1.30996704E-02
   1.31998062E-02
   1.34992599E-02
   1.35993958E-02
   1.37996674E-02
   1.48000717E-02
   1.51996613E-02
   1.53999329E-02
   1.55000687E-02
   1.60007477E-02
   1.62000656E-02
   1.65996552E-02
   1.80006027E-02
   1.80997849E-02
   1.81999207E-02
   1.85995102E-02
   2.02999115E-02
   2.05001831E-02
   2.06003189E-02
   2.06995010E-02
   2.07996368E-02
   2.14996338E-02
   2.27994919E-02
   2.30998993E-02
   2.34003067E-02
   2.35996246E-02
   2.47001648E-02
   2.52008438E-02
   2.72006989E-02
   2.74000168E-02
   2.96001434E-02
   2.96001434E-02
   3.06997299E-02
   3.21998596E-02
   3.22999954E-02
   3.25002670E-02
   3.40003967E-02
   3.46002579E-02
   3.64999771E-02
   3.67994308E-02
   3.85007858E-02
   3.88002396E-02
   4.26998138E-02
   4.27999496E-02
   4.46004868E-02
   4.74996567E-02
   5.02004623E-02
   5.07993698E-02
   5.67998886E-02
   6.59999847E-02
   6.66007996E-02
   7.08999634E-02
   7.30991364E-02
   8.36000443E-02
   8.57000351E-02
   9.36994553E-02
   9.62991714E-02
  0.103600502    
  0.126600266    
  0.141200066    
  0.143099785    
  0.149100304    
  0.161600113    
  0.171899796    
  0.176699638    
  0.219799995    
  0.230800629    
  0.253700256    
  0.267700195    
  0.298700333    
  0.327300072    
  0.337800026    
  0.383899689    
  0.395799637    
  0.399299622    
  0.484099388    
  0.534500122    
  0.617399216    
  0.716899872    
