#Npts     Radius    Mag      Completeness
#  131  437.2030  -14.337200 0.942446
# Verr
  -9.66997147E-02
  -7.11994171E-02
  -3.33995819E-02
  -3.15999985E-02
  -2.00004578E-02
  -2.00004578E-02
  -1.92995071E-02
  -1.91001892E-02
  -1.81999207E-02
  -1.77001953E-02
  -1.71995163E-02
  -1.69000626E-02
  -1.67999268E-02
  -1.59997940E-02
  -1.56002045E-02
  -1.50995255E-02
  -1.44996643E-02
  -1.42002106E-02
  -1.29995346E-02
  -1.23996735E-02
  -1.21002197E-02
  -1.16004944E-02
  -1.06000900E-02
  -1.04999542E-02
  -9.79995728E-03
  -9.79995728E-03
  -9.09996033E-03
  -9.09996033E-03
  -8.50009918E-03
  -8.39996338E-03
  -8.09955597E-03
  -7.80010223E-03
  -7.50064850E-03
  -7.49969482E-03
  -7.30037689E-03
  -7.20024109E-03
  -6.89983368E-03
  -6.69956207E-03
  -6.60037994E-03
  -6.29997253E-03
  -4.89997864E-03
  -4.89997864E-03
  -4.09984589E-03
  -4.09984589E-03
  -4.00066376E-03
  -3.80039215E-03
  -3.79943848E-03
  -3.70025635E-03
  -3.20053101E-03
  -3.20053101E-03
  -2.40039825E-03
  -2.00080872E-03
  -1.79958344E-03
  -1.29985809E-03
  -1.09958649E-03
  -5.99861145E-04
  -4.99725342E-04
  -3.00407410E-04
   6.99996948E-04
   8.00132751E-04
   1.00040436E-03
   1.20067596E-03
   3.60012054E-03
   3.70025635E-03
   3.70025635E-03
   4.30011749E-03
   4.40025330E-03
   4.79984283E-03
   5.20038605E-03
   5.89942932E-03
   7.49969482E-03
   8.79955292E-03
   9.20009613E-03
   1.14994049E-02
   1.18999481E-02
   1.31998062E-02
   1.35002136E-02
   1.41992569E-02
   1.42993927E-02
   1.44996643E-02
   1.48000717E-02
   1.53999329E-02
   1.96008682E-02
   2.23007202E-02
   2.51007080E-02
   2.72998810E-02
   2.88991928E-02
   2.97994614E-02
   3.02000046E-02
   3.19995880E-02
   3.39994431E-02
   3.45001221E-02
   3.64999771E-02
   3.69005203E-02
   4.02994156E-02
   4.44002151E-02
   4.62999344E-02
   4.76999283E-02
   5.48000336E-02
   6.92996979E-02
   7.13996887E-02
   7.49998093E-02
   7.83004761E-02
   8.00008774E-02
   8.05997849E-02
   9.26008224E-02
   9.36002731E-02
  0.101700783    
  0.111700058    
  0.112200737    
  0.113399506    
  0.115099907    
  0.116100311    
  0.129599571    
  0.139499664    
  0.161499977    
  0.163299561    
  0.195899963    
  0.249899864    
  0.257399559    
  0.308600426    
  0.326799393    
  0.338899612    
  0.345200539    
  0.376199722    
  0.383500099    
  0.398399353    
  0.434499741    
  0.477000237    
  0.492699623    
  0.692699432    
