#Npts     Radius    Mag      Completeness
#  195  437.2030  -12.824250 0.859031
# Verr
 -0.411999702    
 -0.171999931    
 -0.111100197    
  -9.46998596E-02
  -5.49993515E-02
  -3.79991531E-02
  -2.89001465E-02
  -2.81000137E-02
  -2.65007019E-02
  -2.01997757E-02
  -1.69000626E-02
  -1.69000626E-02
  -1.16996765E-02
  -9.50050354E-03
  -9.49954987E-03
  -9.40036774E-03
  -9.09996033E-03
  -8.99982452E-03
  -8.89968872E-03
  -8.79955292E-03
  -8.50009918E-03
  -6.79969788E-03
  -6.69956207E-03
  -6.60037994E-03
  -6.60037994E-03
  -6.50024414E-03
  -6.49929047E-03
  -5.80024719E-03
  -5.39970398E-03
  -5.09929657E-03
  -5.00011444E-03
  -5.00011444E-03
  -4.89997864E-03
  -4.89997864E-03
  -4.89997864E-03
  -4.69970703E-03
  -4.40025330E-03
  -4.19998169E-03
  -4.09984589E-03
  -4.00066376E-03
  -3.99971008E-03
  -3.70025635E-03
  -3.70025635E-03
  -3.60012054E-03
  -3.49998474E-03
  -3.39984894E-03
  -2.79998779E-03
  -2.69985199E-03
  -2.59971619E-03
  -2.39944458E-03
  -2.09999084E-03
  -2.09999084E-03
  -1.99985504E-03
  -1.90067291E-03
  -1.89971924E-03
  -1.79958344E-03
  -1.59931183E-03
  -1.30081177E-03
  -1.29985809E-03
  -1.19972229E-03
  -1.10054016E-03
  -1.09958649E-03
  -9.99450684E-04
  -8.00132751E-04
  -8.00132751E-04
  -6.99996948E-04
  -4.99725342E-04
  -3.00407410E-04
  -2.00271606E-04
  -1.99317932E-04
   0.00000000    
   0.00000000    
   1.99317932E-04
   3.00407410E-04
   3.99589539E-04
   5.00679016E-04
   8.00132751E-04
   8.00132751E-04
   1.09958649E-03
   1.10054016E-03
   1.19972229E-03
   1.79958344E-03
   2.09999084E-03
   2.09999084E-03
   2.30026245E-03
   2.50053406E-03
   2.50053406E-03
   2.59971619E-03
   2.69985199E-03
   3.00025940E-03
   3.39984894E-03
   3.49998474E-03
   3.60012054E-03
   3.70025635E-03
   4.09984589E-03
   4.09984589E-03
   4.19998169E-03
   4.19998169E-03
   4.40025330E-03
   5.30052185E-03
   5.80024719E-03
   5.80024719E-03
   6.40010834E-03
   6.50024414E-03
   6.89983368E-03
   6.89983368E-03
   7.30037689E-03
   8.09955597E-03
   9.49954987E-03
   9.60063934E-03
   1.04999542E-02
   1.06000900E-02
   1.07994080E-02
   1.22003555E-02
   1.24998093E-02
   1.24998093E-02
   1.31998062E-02
   1.32999420E-02
   1.42993927E-02
   1.45998001E-02
   1.46007538E-02
   1.49993896E-02
   1.77993774E-02
   1.90000534E-02
   1.90992355E-02
   1.98001862E-02
   2.01997757E-02
   2.07004547E-02
   2.08005905E-02
   2.13003159E-02
   2.26001740E-02
   2.28004456E-02
   2.29005814E-02
   2.39000320E-02
   2.48994827E-02
   2.55002975E-02
   2.67000198E-02
   2.75001526E-02
   2.75001526E-02
   2.79998779E-02
   3.06997299E-02
   3.13005447E-02
   3.15999985E-02
   3.39994431E-02
   3.66001129E-02
   3.66001129E-02
   3.85999680E-02
   3.91998291E-02
   4.18996811E-02
   4.18996811E-02
   4.45995331E-02
   4.50992584E-02
   4.68997955E-02
   4.71000671E-02
   4.76999283E-02
   4.97999191E-02
   5.08003235E-02
   5.74998856E-02
   5.75990677E-02
   5.85002899E-02
   5.97991943E-02
   6.04000092E-02
   6.19001389E-02
   7.05003738E-02
   7.25002289E-02
   7.31000900E-02
   7.34004974E-02
   7.52992630E-02
   8.18004608E-02
   8.47997665E-02
   8.76007080E-02
   8.86001587E-02
   9.22994614E-02
   9.46998596E-02
   9.96999741E-02
  0.114600182    
  0.117600441    
  0.121099472    
  0.137199402    
  0.140700340    
  0.142399788    
  0.146400452    
  0.163399696    
  0.190299988    
  0.206800461    
  0.214699745    
  0.246999741    
  0.283599854    
  0.296999931    
  0.316499710    
  0.328000069    
  0.416900635    
  0.451200485    
  0.490499496    
  0.742300034    
