#Npts     Radius    Mag      Completeness
#  195 1253.3153  -14.337200 0.975000
# Verr
  -1.72004700E-02
  -1.72004700E-02
  -1.62000656E-02
  -1.50003433E-02
  -1.42993927E-02
  -1.42002106E-02
  -1.41000748E-02
  -1.39999390E-02
  -1.37996674E-02
  -1.31006241E-02
  -1.28993988E-02
  -1.28002167E-02
  -1.18999481E-02
  -1.18999481E-02
  -1.17998123E-02
  -1.16996765E-02
  -1.11999512E-02
  -1.08003616E-02
  -1.07002258E-02
  -1.02996826E-02
  -9.30023193E-03
  -9.09996033E-03
  -8.60023499E-03
  -8.39996338E-03
  -8.10050964E-03
  -7.80010223E-03
  -7.79914856E-03
  -7.69996643E-03
  -7.50064850E-03
  -7.49969482E-03
  -7.40051270E-03
  -7.40051270E-03
  -7.39955902E-03
  -7.20024109E-03
  -6.29997253E-03
  -6.09970093E-03
  -5.99956512E-03
  -5.99956512E-03
  -5.70011139E-03
  -5.70011139E-03
  -5.70011139E-03
  -5.49983978E-03
  -5.30052185E-03
  -5.19943237E-03
  -5.10025024E-03
  -4.89997864E-03
  -4.89997864E-03
  -4.89997864E-03
  -4.80079651E-03
  -4.79984283E-03
  -4.79984283E-03
  -4.79984283E-03
  -4.79984283E-03
  -4.59957123E-03
  -4.40025330E-03
  -4.40025330E-03
  -4.19998169E-03
  -4.19998169E-03
  -3.90052795E-03
  -3.89957428E-03
  -3.79943848E-03
  -3.59916687E-03
  -3.49998474E-03
  -3.29971313E-03
  -3.10039520E-03
  -3.00025940E-03
  -3.00025940E-03
  -2.90012360E-03
  -2.79998779E-03
  -2.60066986E-03
  -2.60066986E-03
  -2.59971619E-03
  -2.29930878E-03
  -2.20012665E-03
  -2.20012665E-03
  -2.20012665E-03
  -2.09999084E-03
  -2.09999084E-03
  -1.50012970E-03
  -1.50012970E-03
  -1.39999390E-03
  -1.39999390E-03
  -1.19972229E-03
  -1.19972229E-03
  -1.09958649E-03
  -1.09958649E-03
  -1.09958649E-03
  -9.00268555E-04
  -8.00132751E-04
  -8.00132751E-04
  -6.99996948E-04
  -6.00814819E-04
  -4.00543213E-04
  -3.99589539E-04
  -2.99453735E-04
  -1.00135803E-04
   1.00135803E-04
   3.99589539E-04
   4.99725342E-04
   5.99861145E-04
   5.99861145E-04
   5.99861145E-04
   6.99996948E-04
   1.00040436E-03
   1.00040436E-03
   1.29985809E-03
   1.39999390E-03
   1.50012970E-03
   1.50012970E-03
   1.89971924E-03
   1.89971924E-03
   2.09999084E-03
   2.09999084E-03
   2.29930878E-03
   2.29930878E-03
   2.50053406E-03
   2.70080566E-03
   2.79998779E-03
   2.79998779E-03
   2.79998779E-03
   3.49998474E-03
   3.60012054E-03
   3.90052795E-03
   3.90052795E-03
   4.09984589E-03
   4.19998169E-03
   4.59957123E-03
   4.79984283E-03
   5.30052185E-03
   5.39970398E-03
   5.40065765E-03
   5.70011139E-03
   6.10065460E-03
   6.19983673E-03
   6.50024414E-03
   6.59942627E-03
   6.69956207E-03
   6.89983368E-03
   6.89983368E-03
   6.99996948E-03
   7.10010529E-03
   7.30037689E-03
   7.40051270E-03
   8.00037384E-03
   9.20009613E-03
   9.30023193E-03
   9.60063934E-03
   9.90009308E-03
   1.04999542E-02
   1.06000900E-02
   1.10006332E-02
   1.13000870E-02
   1.13000870E-02
   1.20000839E-02
   1.23996735E-02
   1.29995346E-02
   1.56002045E-02
   1.58996582E-02
   1.69000626E-02
   1.72004700E-02
   1.72996521E-02
   1.81999207E-02
   1.90992355E-02
   1.95007324E-02
   1.97000504E-02
   2.13994980E-02
   2.21004486E-02
   2.47001648E-02
   2.79998779E-02
   2.91004181E-02
   3.31001282E-02
   3.32994461E-02
   3.59001160E-02
   3.59001160E-02
   3.59001160E-02
   3.88002396E-02
   4.60996628E-02
   4.66003418E-02
   4.69999313E-02
   4.69999313E-02
   4.73003387E-02
   5.90000153E-02
   6.89992905E-02
   7.67002106E-02
   9.27000046E-02
  0.101299286    
  0.106300354    
  0.124399185    
  0.126999855    
  0.151299477    
  0.181599617    
  0.182299614    
  0.255000114    
  0.418800354    
  0.590999603    
