#Npts     Radius    Mag      Completeness
#  198  437.2030  -12.400933 0.891892
# Verr
 -0.511699677    
 -0.402299881    
 -0.398499489    
 -0.359999657    
 -0.214300156    
 -0.142399788    
 -0.124899864    
 -0.122099876    
  -9.07993317E-02
  -9.01994705E-02
  -7.61003494E-02
  -6.92996979E-02
  -6.04991913E-02
  -6.00996017E-02
  -5.73005676E-02
  -4.82006073E-02
  -4.13999557E-02
  -3.55997086E-02
  -3.11994553E-02
  -3.03001404E-02
  -2.93006897E-02
  -2.91996002E-02
  -2.86998749E-02
  -2.79998779E-02
  -2.57997513E-02
  -2.42996216E-02
  -2.37007141E-02
  -2.15997696E-02
  -2.09999084E-02
  -2.02007294E-02
  -2.00996399E-02
  -1.87997818E-02
  -1.87005997E-02
  -1.86996460E-02
  -1.77001953E-02
  -1.71003342E-02
  -1.62000656E-02
  -1.52997971E-02
  -1.51996613E-02
  -1.51996613E-02
  -1.51996613E-02
  -1.46999359E-02
  -1.43003464E-02
  -1.41000748E-02
  -1.39999390E-02
  -1.37996674E-02
  -1.36003494E-02
  -1.23004913E-02
  -1.11007690E-02
  -1.10998154E-02
  -1.09004974E-02
  -1.06992722E-02
  -9.59968567E-03
  -9.49954987E-03
  -9.20009613E-03
  -8.89968872E-03
  -8.89968872E-03
  -8.50009918E-03
  -8.39996338E-03
  -8.00037384E-03
  -7.79914856E-03
  -7.40051270E-03
  -7.39955902E-03
  -6.89983368E-03
  -6.79969788E-03
  -6.60037994E-03
  -6.60037994E-03
  -6.60037994E-03
  -6.09970093E-03
  -5.90038300E-03
  -5.79929352E-03
  -5.59997559E-03
  -5.49983978E-03
  -5.19943237E-03
  -5.00011444E-03
  -5.00011444E-03
  -4.89997864E-03
  -4.80079651E-03
  -4.40025330E-03
  -4.40025330E-03
  -4.30011749E-03
  -3.70025635E-03
  -3.49998474E-03
  -3.39984894E-03
  -3.29971313E-03
  -2.90012360E-03
  -2.20012665E-03
  -2.09999084E-03
  -1.60026550E-03
  -1.50012970E-03
  -1.39999390E-03
  -1.39999390E-03
  -1.39999390E-03
  -1.29985809E-03
  -1.19972229E-03
  -1.19972229E-03
  -1.10054016E-03
  -9.99450684E-04
  -9.00268555E-04
  -6.00814819E-04
  -5.00679016E-04
   0.00000000    
   0.00000000    
   1.09958649E-03
   1.29985809E-03
   1.39999390E-03
   1.39999390E-03
   1.70040131E-03
   1.89971924E-03
   2.20012665E-03
   2.69985199E-03
   3.29971313E-03
   3.30066681E-03
   3.80039215E-03
   4.19998169E-03
   4.30011749E-03
   4.70066071E-03
   4.79984283E-03
   4.89997864E-03
   5.39970398E-03
   5.49983978E-03
   6.09970093E-03
   6.29997253E-03
   6.69956207E-03
   6.79969788E-03
   6.99996948E-03
   7.20024109E-03
   7.39955902E-03
   7.90023804E-03
   8.09955597E-03
   8.10050964E-03
   8.50009918E-03
   8.89968872E-03
   9.40036774E-03
   9.79995728E-03
   1.13000870E-02
   1.15003586E-02
   1.20000839E-02
   1.32007599E-02
   1.39999390E-02
   1.71995163E-02
   1.71995163E-02
   1.73997879E-02
   1.88999176E-02
   1.88999176E-02
   2.04000473E-02
   2.21004486E-02
   2.29005814E-02
   2.32000351E-02
   2.37007141E-02
   2.37007141E-02
   2.37998962E-02
   2.43997574E-02
   2.61001587E-02
   2.62002945E-02
   2.69002914E-02
   2.74000168E-02
   2.89001465E-02
   2.91004181E-02
   2.96993256E-02
   3.22999954E-02
   3.36999893E-02
   3.40995789E-02
   3.52001190E-02
   3.57999802E-02
   3.67002487E-02
   3.70998383E-02
   4.45995331E-02
   4.88004684E-02
   5.55000305E-02
   5.97000122E-02
   6.77995682E-02
   8.20999146E-02
   9.23004150E-02
   9.80997086E-02
  0.100000381    
  0.108099937    
  0.108999252    
  0.118799210    
  0.123999596    
  0.136899948    
  0.142699242    
  0.142800331    
  0.157000542    
  0.180799484    
  0.187999725    
  0.191299438    
  0.233300209    
  0.239199638    
  0.242600441    
  0.275699615    
  0.342400551    
  0.377799988    
  0.388999939    
  0.489600182    
  0.493100166    
  0.508800507    
  0.599900246    
