#Npts     Radius    Mag      Completeness
#  186  845.2592  -14.094200 0.994652
# Verr
  -3.28998566E-02
  -3.15999985E-02
  -2.55002975E-02
  -2.51998901E-02
  -2.40001678E-02
  -2.33001709E-02
  -2.12001801E-02
  -1.90000534E-02
  -1.88999176E-02
  -1.84001923E-02
  -1.77001953E-02
  -1.56002045E-02
  -1.51996613E-02
  -1.50003433E-02
  -1.48000717E-02
  -1.44004822E-02
  -1.41000748E-02
  -1.36995316E-02
  -1.34000778E-02
  -1.20000839E-02
  -1.13000870E-02
  -1.04999542E-02
  -1.02005005E-02
  -1.01995468E-02
  -1.01003647E-02
  -9.90009308E-03
  -9.09996033E-03
  -9.09996033E-03
  -8.79955292E-03
  -8.70037079E-03
  -8.59928131E-03
  -8.50009918E-03
  -8.19969177E-03
  -6.89983368E-03
  -6.60037994E-03
  -6.49929047E-03
  -6.29997253E-03
  -5.70011139E-03
  -5.59997559E-03
  -5.39970398E-03
  -5.20038605E-03
  -5.19943237E-03
  -5.10025024E-03
  -4.89997864E-03
  -4.59957123E-03
  -4.50038910E-03
  -4.30011749E-03
  -4.29916382E-03
  -4.19998169E-03
  -4.09984589E-03
  -4.00066376E-03
  -3.99971008E-03
  -3.90052795E-03
  -3.90052795E-03
  -3.70025635E-03
  -3.60012054E-03
  -3.60012054E-03
  -2.99930573E-03
  -2.69985199E-03
  -2.59971619E-03
  -2.40039825E-03
  -2.40039825E-03
  -2.30026245E-03
  -2.30026245E-03
  -2.20012665E-03
  -2.20012665E-03
  -2.09999084E-03
  -1.70040131E-03
  -1.70040131E-03
  -1.70040131E-03
  -1.69944763E-03
  -1.69944763E-03
  -1.60026550E-03
  -1.60026550E-03
  -1.50012970E-03
  -1.39999390E-03
  -1.19972229E-03
  -1.19972229E-03
  -1.10054016E-03
  -9.00268555E-04
  -8.99314880E-04
  -6.99996948E-04
  -4.99725342E-04
  -2.00271606E-04
  -2.00271606E-04
   2.99453735E-04
   3.99589539E-04
   6.99996948E-04
   6.99996948E-04
   7.99179077E-04
   1.70040131E-03
   1.89971924E-03
   2.29930878E-03
   2.30026245E-03
   2.50053406E-03
   2.69985199E-03
   2.79998779E-03
   2.90012360E-03
   3.09944153E-03
   3.09944153E-03
   3.10039520E-03
   3.29971313E-03
   3.29971313E-03
   3.49998474E-03
   3.49998474E-03
   3.79943848E-03
   4.40025330E-03
   4.70066071E-03
   4.89997864E-03
   5.09929657E-03
   5.29956818E-03
   5.29956818E-03
   5.59997559E-03
   5.70011139E-03
   5.89942932E-03
   6.00051880E-03
   6.19983673E-03
   6.60037994E-03
   6.89983368E-03
   7.10010529E-03
   7.10010529E-03
   7.20024109E-03
   7.39955902E-03
   7.80010223E-03
   8.20064545E-03
   8.89968872E-03
   8.99982452E-03
   9.09996033E-03
   9.30023193E-03
   9.39941406E-03
   9.40036774E-03
   1.01995468E-02
   1.03998184E-02
   1.09996796E-02
   1.11999512E-02
   1.21002197E-02
   1.28993988E-02
   1.41000748E-02
   1.49993896E-02
   1.50995255E-02
   1.53999329E-02
   1.57003403E-02
   1.72004700E-02
   1.80997849E-02
   1.83000565E-02
   2.08997726E-02
   2.33001709E-02
   2.65998840E-02
   2.65998840E-02
   2.71997452E-02
   2.74000168E-02
   2.96993256E-02
   3.21998596E-02
   3.21998596E-02
   3.53002548E-02
   3.59001160E-02
   3.69005203E-02
   3.76005173E-02
   3.78999710E-02
   3.95994186E-02
   4.04005051E-02
   4.39996719E-02
   4.97999191E-02
   5.65996170E-02
   5.65996170E-02
   5.76000214E-02
   5.78002930E-02
   5.86996078E-02
   6.29005432E-02
   6.42004013E-02
   6.68992996E-02
   8.07008743E-02
   8.99000168E-02
  0.107600212    
  0.107999802    
  0.120800018    
  0.122699738    
  0.142099380    
  0.150099754    
  0.188699722    
  0.200900078    
  0.208000183    
  0.210300446    
  0.282599449    
  0.301199913    
  0.342700005    
