#Npts     Radius    Mag      Completeness
#  329 1457.3434  -12.400933 0.990964
# Verr
  -9.56001282E-02
  -6.05001450E-02
  -5.18999100E-02
  -3.75003815E-02
  -3.52001190E-02
  -3.06005478E-02
  -1.58004761E-02
  -1.17998123E-02
  -1.00002289E-02
  -9.20009613E-03
  -8.10050964E-03
  -7.80010223E-03
  -7.39955902E-03
  -6.99996948E-03
  -6.29997253E-03
  -6.29997253E-03
  -6.29997253E-03
  -6.09970093E-03
  -5.90038300E-03
  -5.70011139E-03
  -5.59997559E-03
  -5.49983978E-03
  -5.30052185E-03
  -5.00011444E-03
  -5.00011444E-03
  -4.79984283E-03
  -4.59957123E-03
  -4.40025330E-03
  -4.40025330E-03
  -4.40025330E-03
  -4.10079956E-03
  -4.09984589E-03
  -4.09984589E-03
  -3.89957428E-03
  -3.89957428E-03
  -3.89957428E-03
  -3.70025635E-03
  -3.60012054E-03
  -3.60012054E-03
  -3.49998474E-03
  -3.30066681E-03
  -3.29971313E-03
  -3.20053101E-03
  -3.19957733E-03
  -3.19957733E-03
  -3.19957733E-03
  -3.10039520E-03
  -3.09944153E-03
  -3.00025940E-03
  -3.00025940E-03
  -2.79998779E-03
  -2.79998779E-03
  -2.69985199E-03
  -2.69985199E-03
  -2.69985199E-03
  -2.59971619E-03
  -2.50053406E-03
  -2.50053406E-03
  -2.49958038E-03
  -2.39944458E-03
  -2.30026245E-03
  -2.29930878E-03
  -2.20012665E-03
  -2.09999084E-03
  -2.09999084E-03
  -1.99985504E-03
  -1.90067291E-03
  -1.89971924E-03
  -1.89971924E-03
  -1.89971924E-03
  -1.89971924E-03
  -1.89971924E-03
  -1.79958344E-03
  -1.70040131E-03
  -1.69944763E-03
  -1.60026550E-03
  -1.59931183E-03
  -1.50012970E-03
  -1.49917603E-03
  -1.39999390E-03
  -1.39999390E-03
  -1.39999390E-03
  -1.30081177E-03
  -1.29985809E-03
  -1.29985809E-03
  -1.29985809E-03
  -1.29985809E-03
  -1.20067596E-03
  -1.20067596E-03
  -1.19972229E-03
  -1.10054016E-03
  -1.10054016E-03
  -1.10054016E-03
  -1.00040436E-03
  -1.00040436E-03
  -1.00040436E-03
  -9.99450684E-04
  -9.99450684E-04
  -9.00268555E-04
  -8.99314880E-04
  -8.99314880E-04
  -8.99314880E-04
  -8.00132751E-04
  -8.00132751E-04
  -6.99996948E-04
  -6.99996948E-04
  -6.99996948E-04
  -6.99996948E-04
  -5.99861145E-04
  -5.99861145E-04
  -5.99861145E-04
  -5.99861145E-04
  -5.00679016E-04
  -4.99725342E-04
  -4.99725342E-04
  -4.99725342E-04
  -4.00543213E-04
  -4.00543213E-04
  -3.00407410E-04
  -3.00407410E-04
  -3.00407410E-04
  -3.00407410E-04
  -2.99453735E-04
  -2.99453735E-04
  -2.99453735E-04
  -2.00271606E-04
  -1.99317932E-04
  -1.99317932E-04
  -1.00135803E-04
  -1.00135803E-04
   0.00000000    
   0.00000000    
   0.00000000    
   1.00135803E-04
   1.00135803E-04
   1.99317932E-04
   2.00271606E-04
   2.00271606E-04
   2.00271606E-04
   2.00271606E-04
   2.00271606E-04
   2.00271606E-04
   2.00271606E-04
   2.99453735E-04
   3.00407410E-04
   3.99589539E-04
   3.99589539E-04
   4.00543213E-04
   4.00543213E-04
   4.99725342E-04
   4.99725342E-04
   5.00679016E-04
   5.99861145E-04
   6.99996948E-04
   6.99996948E-04
   6.99996948E-04
   7.99179077E-04
   8.00132751E-04
   8.00132751E-04
   8.00132751E-04
   8.00132751E-04
   9.99450684E-04
   9.99450684E-04
   9.99450684E-04
   9.99450684E-04
   1.00040436E-03
   1.00040436E-03
   1.00040436E-03
   1.09958649E-03
   1.09958649E-03
   1.19972229E-03
   1.19972229E-03
   1.19972229E-03
   1.29985809E-03
   1.29985809E-03
   1.29985809E-03
   1.39999390E-03
   1.49917603E-03
   1.50012970E-03
   1.50012970E-03
   1.50012970E-03
   1.60026550E-03
   1.60026550E-03
   1.69944763E-03
   1.69944763E-03
   1.69944763E-03
   1.69944763E-03
   1.70040131E-03
   1.70040131E-03
   1.70040131E-03
   1.79958344E-03
   1.79958344E-03
   1.80053711E-03
   1.89971924E-03
   1.89971924E-03
   1.89971924E-03
   1.89971924E-03
   1.99985504E-03
   1.99985504E-03
   2.09999084E-03
   2.09999084E-03
   2.30026245E-03
   2.39944458E-03
   2.39944458E-03
   2.50053406E-03
   2.50053406E-03
   2.50053406E-03
   2.50053406E-03
   2.50053406E-03
   2.59971619E-03
   2.79998779E-03
   2.90012360E-03
   2.90012360E-03
   3.10039520E-03
   3.10039520E-03
   3.19957733E-03
   3.29971313E-03
   3.40080261E-03
   3.49998474E-03
   3.49998474E-03
   3.60012054E-03
   3.60012054E-03
   3.79943848E-03
   3.80039215E-03
   3.80039215E-03
   3.89957428E-03
   3.90052795E-03
   3.99971008E-03
   4.00066376E-03
   4.09984589E-03
   4.10079956E-03
   4.19998169E-03
   4.19998169E-03
   4.30011749E-03
   4.40025330E-03
   4.60052490E-03
   4.70066071E-03
   4.79984283E-03
   5.00011444E-03
   5.00011444E-03
   5.00011444E-03
   5.29956818E-03
   5.29956818E-03
   5.39970398E-03
   5.40065765E-03
   5.59997559E-03
   5.70011139E-03
   5.80024719E-03
   5.90038300E-03
   5.90038300E-03
   5.99956512E-03
   5.99956512E-03
   6.00051880E-03
   6.19983673E-03
   6.19983673E-03
   6.29997253E-03
   6.29997253E-03
   6.40010834E-03
   6.60037994E-03
   6.89983368E-03
   6.99996948E-03
   7.19928741E-03
   7.20024109E-03
   7.29942322E-03
   7.40051270E-03
   7.50064850E-03
   7.69996643E-03
   8.19969177E-03
   8.30078125E-03
   8.79955292E-03
   8.89968872E-03
   8.99982452E-03
   9.20009613E-03
   9.20009613E-03
   9.20009613E-03
   9.49954987E-03
   9.79995728E-03
   1.01995468E-02
   1.02996826E-02
   1.04999542E-02
   1.10998154E-02
   1.11007690E-02
   1.11999512E-02
   1.11999512E-02
   1.11999512E-02
   1.16996765E-02
   1.17998123E-02
   1.27000809E-02
   1.37004852E-02
   1.39999390E-02
   1.45998001E-02
   1.46999359E-02
   1.52997971E-02
   1.63993835E-02
   1.74007416E-02
   1.91001892E-02
   1.94997787E-02
   2.09007263E-02
   2.16999054E-02
   2.51998901E-02
   2.68993378E-02
   2.70004272E-02
   2.77996063E-02
   2.90994644E-02
   2.93998718E-02
   3.13005447E-02
   3.31001282E-02
   3.35998535E-02
   3.41997147E-02
   3.53994370E-02
   4.32004929E-02
   4.41007614E-02
   4.93001938E-02
   5.18999100E-02
   5.25999069E-02
   5.55000305E-02
   8.44001770E-02
   9.86003876E-02
  0.109699249    
  0.136199951    
  0.137200356    
  0.164199829    
  0.169800758    
  0.197000504    
  0.216300011    
  0.232499123    
  0.347299576    
  0.493700027    
  0.675399780    
