#Npts     Radius    Mag      Completeness
#  330  845.2592  -13.247567 0.979228
# Verr
 -0.163199425    
  -6.56003952E-02
  -5.85994720E-02
  -4.98991013E-02
  -2.48003006E-02
  -1.49993896E-02
  -9.90009308E-03
  -9.30023193E-03
  -7.80010223E-03
  -7.49969482E-03
  -7.30037689E-03
  -7.20024109E-03
  -6.99996948E-03
  -6.50024414E-03
  -6.50024414E-03
  -6.40010834E-03
  -5.69915771E-03
  -5.29956818E-03
  -4.99916077E-03
  -4.89997864E-03
  -4.40025330E-03
  -4.19998169E-03
  -3.99971008E-03
  -3.80039215E-03
  -3.60012054E-03
  -3.49998474E-03
  -3.49998474E-03
  -3.49998474E-03
  -3.49998474E-03
  -3.39984894E-03
  -3.20053101E-03
  -3.19957733E-03
  -3.19957733E-03
  -3.10039520E-03
  -3.10039520E-03
  -3.09944153E-03
  -2.99930573E-03
  -2.90012360E-03
  -2.79998779E-03
  -2.69985199E-03
  -2.59971619E-03
  -2.59971619E-03
  -2.59971619E-03
  -2.59971619E-03
  -2.50053406E-03
  -2.40039825E-03
  -2.39944458E-03
  -2.30026245E-03
  -2.20012665E-03
  -2.20012665E-03
  -2.20012665E-03
  -2.09999084E-03
  -2.00080872E-03
  -1.99985504E-03
  -1.90067291E-03
  -1.89971924E-03
  -1.89971924E-03
  -1.89971924E-03
  -1.80053711E-03
  -1.80053711E-03
  -1.79958344E-03
  -1.69944763E-03
  -1.60026550E-03
  -1.60026550E-03
  -1.60026550E-03
  -1.60026550E-03
  -1.60026550E-03
  -1.50012970E-03
  -1.50012970E-03
  -1.50012970E-03
  -1.49917603E-03
  -1.39999390E-03
  -1.39999390E-03
  -1.29985809E-03
  -1.29985809E-03
  -1.29985809E-03
  -1.20067596E-03
  -1.20067596E-03
  -1.19972229E-03
  -1.19972229E-03
  -1.19972229E-03
  -1.19972229E-03
  -1.19972229E-03
  -1.19972229E-03
  -1.10054016E-03
  -1.09958649E-03
  -1.00040436E-03
  -1.00040436E-03
  -1.00040436E-03
  -1.00040436E-03
  -1.00040436E-03
  -1.00040436E-03
  -9.99450684E-04
  -9.00268555E-04
  -9.00268555E-04
  -8.99314880E-04
  -8.00132751E-04
  -8.00132751E-04
  -8.00132751E-04
  -7.99179077E-04
  -7.99179077E-04
  -6.99996948E-04
  -6.99996948E-04
  -6.99996948E-04
  -6.00814819E-04
  -5.99861145E-04
  -5.99861145E-04
  -5.99861145E-04
  -5.99861145E-04
  -5.99861145E-04
  -4.99725342E-04
  -4.99725342E-04
  -4.00543213E-04
  -3.99589539E-04
  -3.00407410E-04
  -3.00407410E-04
  -2.99453735E-04
  -2.99453735E-04
  -2.99453735E-04
  -2.00271606E-04
  -2.00271606E-04
  -2.00271606E-04
  -2.00271606E-04
  -1.99317932E-04
  -1.99317932E-04
  -1.99317932E-04
  -1.99317932E-04
  -1.99317932E-04
  -1.00135803E-04
  -1.00135803E-04
   0.00000000    
   0.00000000    
   0.00000000    
   0.00000000    
   0.00000000    
   9.91821289E-05
   9.91821289E-05
   1.00135803E-04
   1.99317932E-04
   2.00271606E-04
   2.00271606E-04
   2.00271606E-04
   2.99453735E-04
   2.99453735E-04
   3.99589539E-04
   4.00543213E-04
   4.00543213E-04
   4.99725342E-04
   4.99725342E-04
   5.00679016E-04
   5.99861145E-04
   6.00814819E-04
   6.99996948E-04
   6.99996948E-04
   6.99996948E-04
   6.99996948E-04
   6.99996948E-04
   8.00132751E-04
   8.00132751E-04
   8.00132751E-04
   8.99314880E-04
   9.00268555E-04
   9.00268555E-04
   9.99450684E-04
   1.00040436E-03
   1.00040436E-03
   1.10054016E-03
   1.10054016E-03
   1.19972229E-03
   1.19972229E-03
   1.19972229E-03
   1.19972229E-03
   1.29985809E-03
   1.29985809E-03
   1.39999390E-03
   1.39999390E-03
   1.39999390E-03
   1.49917603E-03
   1.50012970E-03
   1.50012970E-03
   1.60026550E-03
   1.60026550E-03
   1.60026550E-03
   1.60026550E-03
   1.69944763E-03
   1.79958344E-03
   1.79958344E-03
   1.80053711E-03
   1.89971924E-03
   1.89971924E-03
   1.89971924E-03
   1.90067291E-03
   1.90067291E-03
   1.99985504E-03
   1.99985504E-03
   2.09999084E-03
   2.09999084E-03
   2.20012665E-03
   2.29930878E-03
   2.30026245E-03
   2.40039825E-03
   2.49958038E-03
   2.50053406E-03
   2.59971619E-03
   2.69985199E-03
   2.79998779E-03
   2.79998779E-03
   2.89916992E-03
   2.90012360E-03
   2.90012360E-03
   3.00025940E-03
   3.00025940E-03
   3.10039520E-03
   3.19957733E-03
   3.20053101E-03
   3.30066681E-03
   3.49998474E-03
   3.69930267E-03
   3.70025635E-03
   3.80039215E-03
   3.99971008E-03
   4.09984589E-03
   4.09984589E-03
   4.09984589E-03
   4.19998169E-03
   4.19998169E-03
   4.40025330E-03
   4.49943542E-03
   4.49943542E-03
   4.49943542E-03
   4.60052490E-03
   4.60052490E-03
   4.69970703E-03
   4.79984283E-03
   5.00011444E-03
   5.20038605E-03
   5.29956818E-03
   5.30052185E-03
   5.49983978E-03
   5.50079346E-03
   6.29997253E-03
   6.40010834E-03
   6.59942627E-03
   6.79969788E-03
   6.89983368E-03
   6.99996948E-03
   7.10010529E-03
   7.19928741E-03
   7.20024109E-03
   7.20024109E-03
   7.40051270E-03
   7.59983063E-03
   7.80010223E-03
   7.99942017E-03
   8.09955597E-03
   8.20064545E-03
   8.29982758E-03
   8.79955292E-03
   9.29927826E-03
   9.30023193E-03
   9.59968567E-03
   9.79995728E-03
   9.90009308E-03
   9.90009308E-03
   1.02996826E-02
   1.07994080E-02
   1.09996796E-02
   1.09996796E-02
   1.10006332E-02
   1.14994049E-02
   1.16004944E-02
   1.20992661E-02
   1.23996735E-02
   1.31998062E-02
   1.32999420E-02
   1.34000778E-02
   1.39007568E-02
   1.42002106E-02
   1.56002045E-02
   1.56002045E-02
   1.59997940E-02
   1.62000656E-02
   1.71003342E-02
   1.81999207E-02
   1.85003281E-02
   1.86004639E-02
   2.14996338E-02
   2.17008591E-02
   2.18000412E-02
   2.26993561E-02
   2.49996185E-02
   2.56996155E-02
   2.65998840E-02
   2.77996063E-02
   2.85005569E-02
   2.96001434E-02
   3.38001251E-02
   3.80992889E-02
   4.06999588E-02
   4.15000916E-02
   4.15992737E-02
   4.15992737E-02
   5.71002960E-02
   6.00004196E-02
   6.66999817E-02
   6.70995712E-02
   6.83002472E-02
   7.46002197E-02
   7.77997971E-02
   7.96995163E-02
   8.86001587E-02
   9.01994705E-02
   9.11998749E-02
   9.82999802E-02
  0.113199234    
  0.116900444    
  0.122099876    
  0.144700050    
  0.145000458    
  0.166600227    
  0.174200058    
  0.180099487    
  0.186399460    
  0.262399673    
  0.279099464    
  0.291800499    
  0.402800560    
  0.420899391    
  0.506700516    
  0.578599930    
