#Npts     Radius    Mag      Completeness
#  125  641.2311  -14.094200 0.992063
# Verr
  -2.51998901E-02
  -2.47001648E-02
  -2.33993530E-02
  -2.09999084E-02
  -1.73997879E-02
  -1.63002014E-02
  -1.46999359E-02
  -1.17998123E-02
  -1.17006302E-02
  -1.17006302E-02
  -1.14994049E-02
  -1.13992691E-02
  -1.08003616E-02
  -8.29982758E-03
  -8.09955597E-03
  -7.79914856E-03
  -7.59983063E-03
  -7.39955902E-03
  -6.79969788E-03
  -6.60037994E-03
  -6.59942627E-03
  -6.40010834E-03
  -5.70011139E-03
  -5.59997559E-03
  -5.29956818E-03
  -5.19943237E-03
  -4.89997864E-03
  -4.50038910E-03
  -4.09984589E-03
  -4.09984589E-03
  -4.09984589E-03
  -3.80039215E-03
  -3.40080261E-03
  -3.29971313E-03
  -3.19957733E-03
  -3.00025940E-03
  -2.90012360E-03
  -2.90012360E-03
  -2.79998779E-03
  -2.59971619E-03
  -2.30026245E-03
  -1.89971924E-03
  -1.09958649E-03
  -1.00040436E-03
  -8.00132751E-04
  -8.00132751E-04
  -4.99725342E-04
  -4.99725342E-04
  -4.99725342E-04
  -2.00271606E-04
   0.00000000    
   1.00135803E-04
   2.99453735E-04
   6.00814819E-04
   8.00132751E-04
   9.00268555E-04
   9.99450684E-04
   2.09999084E-03
   2.09999084E-03
   2.49958038E-03
   2.69985199E-03
   2.70080566E-03
   2.90012360E-03
   3.80039215E-03
   3.89957428E-03
   4.49943542E-03
   4.59957123E-03
   4.79984283E-03
   5.89942932E-03
   6.29997253E-03
   6.60037994E-03
   6.79969788E-03
   7.10010529E-03
   7.20024109E-03
   7.20024109E-03
   7.39955902E-03
   8.19969177E-03
   8.39996338E-03
   8.89968872E-03
   8.99982452E-03
   9.00077820E-03
   9.90009308E-03
   1.02996826E-02
   1.06000900E-02
   1.08003616E-02
   1.20000839E-02
   1.29995346E-02
   1.34992599E-02
   1.42002106E-02
   1.51996613E-02
   1.55000687E-02
   1.64003372E-02
   1.67999268E-02
   1.73997879E-02
   1.91993713E-02
   1.97000504E-02
   1.99995041E-02
   2.00004578E-02
   2.00004578E-02
   2.26001740E-02
   2.37998962E-02
   2.60000229E-02
   2.99005508E-02
   3.28998566E-02
   3.35998535E-02
   3.69997025E-02
   3.95002365E-02
   3.99999619E-02
   4.82997894E-02
   4.88996506E-02
   4.98991013E-02
   4.99000549E-02
   5.37996292E-02
   5.52997589E-02
   6.98995590E-02
  0.116799355    
  0.125499725    
  0.139300346    
  0.144599915    
  0.149299622    
  0.255400658    
  0.279399872    
  0.330800056    
  0.465899467    
  0.519100189    
