#Npts     Radius    Mag      Completeness
#  315 2128.2458  -11.568000 1.000000
# Ierr
  -3.27777863E-02
  -2.74162292E-02
  -2.70624161E-02
  -2.19249725E-02
  -2.08377838E-02
  -1.66521072E-02
  -1.52521133E-02
  -1.37805939E-02
  -1.31816864E-02
  -1.29156113E-02
  -1.28679276E-02
  -1.25627518E-02
  -1.23271942E-02
  -1.01261139E-02
  -1.00822449E-02
  -9.93824005E-03
  -9.74273682E-03
  -9.65309143E-03
  -9.53292847E-03
  -9.50336456E-03
  -8.82911682E-03
  -8.26644897E-03
  -7.45582581E-03
  -7.40051270E-03
  -7.26318359E-03
  -7.12203979E-03
  -7.02285767E-03
  -6.85787201E-03
  -6.73675537E-03
  -6.55364990E-03
  -6.39820099E-03
  -6.30950928E-03
  -5.95760345E-03
  -5.75542450E-03
  -5.64289093E-03
  -5.59902191E-03
  -5.25283813E-03
  -5.12313843E-03
  -4.80365753E-03
  -4.77504730E-03
  -4.76932526E-03
  -4.76837158E-03
  -4.67872620E-03
  -4.61673737E-03
  -4.55951691E-03
  -4.39357758E-03
  -4.35733795E-03
  -4.33540344E-03
  -4.31060791E-03
  -4.22191620E-03
  -4.21810150E-03
  -3.80420685E-03
  -3.79180908E-03
  -3.71360779E-03
  -3.46088409E-03
  -3.21578979E-03
  -3.14521790E-03
  -3.08227539E-03
  -2.92682648E-03
  -2.90870667E-03
  -2.82573700E-03
  -2.68840790E-03
  -2.28309631E-03
  -2.22492218E-03
  -2.21443176E-03
  -2.20870972E-03
  -2.01129913E-03
  -1.93691254E-03
  -1.81961060E-03
  -1.81484222E-03
  -1.67369843E-03
  -1.63459778E-03
  -1.61552429E-03
  -1.32751465E-03
  -1.19876862E-03
  -1.19686127E-03
  -1.17492676E-03
  -1.08337402E-03
  -1.04808807E-03
  -9.08851624E-04
  -8.87870789E-04
  -8.84056091E-04
  -7.66754150E-04
  -7.59124756E-04
  -6.61849976E-04
  -6.53266907E-04
  -6.51359558E-04
  -6.40869141E-04
  -5.67436218E-04
  -4.94956970E-04
  -4.52995300E-04
  -4.36782837E-04
  -3.62396240E-04
  -3.04222107E-04
  -1.74522400E-04
  -1.73568726E-04
  -1.58309937E-04
  -1.43051147E-04
  -1.34468079E-04
  -9.82284546E-05
   5.72204590E-05
   1.58309937E-04
   1.73568726E-04
   1.75476074E-04
   2.07901001E-04
   2.07901001E-04
   2.12669373E-04
   2.23159790E-04
   2.31742859E-04
   2.37464905E-04
   2.49862671E-04
   3.02314758E-04
   3.23295593E-04
   3.57627869E-04
   3.59535217E-04
   3.91960144E-04
   4.32014465E-04
   4.47273254E-04
   5.14984131E-04
   6.28471375E-04
   6.35147095E-04
   6.61849976E-04
   7.38143921E-04
   7.41004944E-04
   7.67707825E-04
   8.21113586E-04
   8.42094421E-04
   9.56535339E-04
   1.08814240E-03
   1.10721588E-03
   1.12628937E-03
   1.22928619E-03
   1.42002106E-03
   1.46961212E-03
   1.48296356E-03
   1.50966644E-03
   1.58119202E-03
   1.63555145E-03
   1.64890289E-03
   1.67751312E-03
   1.72901154E-03
   1.73664093E-03
   1.78623199E-03
   1.80053711E-03
   1.80625916E-03
   1.87492371E-03
   1.98841095E-03
   2.04849243E-03
   2.05230713E-03
   2.13813782E-03
   2.28786469E-03
   2.29549408E-03
   2.30979919E-03
   2.34508514E-03
   2.41756439E-03
   2.42233276E-03
   2.45380402E-03
   2.48432159E-03
   2.52628326E-03
   2.55775452E-03
   2.67028809E-03
   2.70843506E-03
   2.71320343E-03
   2.74753571E-03
   2.76184082E-03
   2.78854370E-03
   2.90298462E-03
   2.96878815E-03
   2.99167633E-03
   3.06510925E-03
   3.07083130E-03
   3.08990479E-03
   3.16715240E-03
   3.19671631E-03
   3.22055817E-03
   3.24535370E-03
   3.25202942E-03
   3.27968597E-03
   3.28350067E-03
   3.29208374E-03
   3.36647034E-03
   3.45325470E-03
   3.51524353E-03
   3.54957581E-03
   3.55434418E-03
   3.56864929E-03
   3.60965729E-03
   3.65829468E-03
   3.66020203E-03
   3.70597839E-03
   3.76224518E-03
   3.76892090E-03
   3.77845764E-03
   3.80325317E-03
   3.84521484E-03
   3.84521484E-03
   3.93104553E-03
   3.98445129E-03
   3.99494171E-03
   4.02832031E-03
   4.10747528E-03
   4.12464142E-03
   4.25148010E-03
   4.25529480E-03
   4.27436829E-03
   4.29439545E-03
   4.42790985E-03
   4.42886353E-03
   4.44221497E-03
   4.45365906E-03
   4.46414948E-03
   4.50134277E-03
   4.64439392E-03
   4.65488434E-03
   4.65869904E-03
   4.67872620E-03
   4.70733643E-03
   4.71115112E-03
   4.87136841E-03
   4.88090515E-03
   4.93335724E-03
   4.94003296E-03
   4.98104095E-03
   4.98294830E-03
   5.00583649E-03
   5.11264801E-03
   5.21087646E-03
   5.21850586E-03
   5.25283813E-03
   5.26237488E-03
   5.40637970E-03
   5.51700592E-03
   5.64479828E-03
   5.66291809E-03
   5.74302673E-03
   5.83267212E-03
   5.86986542E-03
   5.88035583E-03
   5.97953796E-03
   5.99670410E-03
   6.01577759E-03
   6.04915619E-03
   6.07299805E-03
   6.15882874E-03
   6.19411469E-03
   6.19506836E-03
   6.20746613E-03
   6.26754761E-03
   6.33430481E-03
   6.34098053E-03
   6.34193420E-03
   6.42108917E-03
   6.46495819E-03
   6.51645660E-03
   6.54125214E-03
   6.56318665E-03
   6.60037994E-03
   6.62612915E-03
   6.74247742E-03
   6.74915314E-03
   6.75392151E-03
   6.75964355E-03
   6.82544708E-03
   6.83498383E-03
   6.86359406E-03
   7.06100464E-03
   7.12776184E-03
   7.17353821E-03
   7.19070435E-03
   7.22599030E-03
   7.24792480E-03
   7.41386414E-03
   7.42340088E-03
   7.46154785E-03
   7.51018524E-03
   7.52067566E-03
   7.53116608E-03
   7.53116608E-03
   7.67993927E-03
   7.70378113E-03
   7.74097443E-03
   7.78102875E-03
   7.86590576E-03
   7.92884827E-03
   7.92980194E-03
   8.03279877E-03
   8.31413269E-03
   8.32557678E-03
   8.51058960E-03
   8.60118866E-03
   8.71181488E-03
   8.73470306E-03
   8.79859924E-03
   8.93115997E-03
   9.16004181E-03
   9.18960571E-03
   9.23824310E-03
   9.42039490E-03
   9.43470001E-03
   9.50431824E-03
   9.61112976E-03
   9.66835022E-03
   9.74845886E-03
   1.00030899E-02
   1.00545883E-02
   1.03921890E-02
   1.05085373E-02
   1.14269257E-02
   1.20334625E-02
   1.20363235E-02
   1.23453140E-02
   1.23558044E-02
   1.28488541E-02
   1.35173798E-02
   1.81512833E-02
