#Npts     Radius    Mag      Completeness
#  111  659.4565  -12.211000 1.000000
# Ierr
  -3.25660706E-02
  -3.10001373E-02
  -2.44131088E-02
  -1.46369934E-02
  -1.30243301E-02
  -5.83744049E-03
  -5.68103790E-03
  -4.00543213E-03
  -3.93199921E-03
  -3.57913971E-03
  -3.36170197E-03
  -2.93350220E-03
  -2.66742706E-03
  -2.37464905E-03
  -2.15816498E-03
  -1.94454193E-03
  -1.63269043E-03
  -1.44672394E-03
  -1.22737885E-03
  -1.08146667E-03
  -9.98497009E-04
  -4.03404236E-04
  -6.48498535E-05
   3.58581543E-04
   6.42776489E-04
   7.20977783E-04
   7.32421875E-04
   8.97407532E-04
   1.00135803E-03
   1.06239319E-03
   1.16252899E-03
   1.35803223E-03
   1.37901306E-03
   1.48200989E-03
   1.76334381E-03
   1.77478790E-03
   1.86634064E-03
   1.91688538E-03
   1.94072723E-03
   2.02846527E-03
   2.10666656E-03
   2.22873688E-03
   2.36606598E-03
   2.42710114E-03
   2.45952606E-03
   2.71606445E-03
   2.95352936E-03
   2.99358368E-03
   2.99549103E-03
   3.00979614E-03
   3.05271149E-03
   3.09276581E-03
   3.22055817E-03
   3.33118439E-03
   3.35597992E-03
   3.45516205E-03
   3.49044800E-03
   3.62491608E-03
   3.75843048E-03
   3.76415253E-03
   3.86238098E-03
   4.21142578E-03
   4.34684753E-03
   4.38022614E-03
   4.46128845E-03
   4.54044342E-03
   4.54044342E-03
   4.76837158E-03
   4.77027893E-03
   4.77218628E-03
   4.87804413E-03
   4.91333008E-03
   5.00297546E-03
   5.00869751E-03
   5.01251221E-03
   5.06591797E-03
   5.12313843E-03
   5.34152985E-03
   5.40828705E-03
   5.42163849E-03
   5.43117523E-03
   5.60474396E-03
   5.80883026E-03
   5.83648682E-03
   5.88035583E-03
   6.01005554E-03
   6.03485107E-03
   6.43348694E-03
   6.51836395E-03
   6.58512115E-03
   6.67476654E-03
   6.98947906E-03
   7.53402710E-03
   8.10337067E-03
   8.23020935E-03
   8.35609436E-03
   8.82720947E-03
   8.87870789E-03
   9.01412964E-03
   9.02557373E-03
   9.04560089E-03
   9.05990601E-03
   9.15622711E-03
   9.34123993E-03
   9.49096680E-03
   1.12085342E-02
   1.16071701E-02
   1.16920471E-02
   1.24216080E-02
   1.31711960E-02
   1.41086578E-02
