#Npts     Radius    Mag      Completeness
#  142  869.2836  -12.211000 1.000000
# Ierr
  -3.00273895E-02
  -2.74400711E-02
  -2.54144669E-02
  -2.11238861E-02
  -1.94635391E-02
  -1.89485550E-02
  -1.87549591E-02
  -1.65967941E-02
  -1.07326508E-02
  -8.33320618E-03
  -8.29696655E-03
  -7.61318207E-03
  -7.28511810E-03
  -5.52177429E-03
  -4.35829163E-03
  -4.30011749E-03
  -3.99684906E-03
  -3.81851196E-03
  -3.62586975E-03
  -3.39698792E-03
  -3.04031372E-03
  -2.76851654E-03
  -2.62928009E-03
  -2.53772736E-03
  -2.14385986E-03
  -1.96743011E-03
  -1.91020966E-03
  -1.81961060E-03
  -1.32942200E-03
  -1.23023987E-03
  -1.15203857E-03
  -8.21113586E-04
  -6.50405884E-04
  -6.41822815E-04
  -5.99861145E-04
  -4.63485718E-04
  -3.73840332E-04
  -2.28881836E-04
  -2.25067139E-04
  -1.56402588E-04
  -7.05718994E-05
   1.67846680E-04
   2.14576721E-04
   2.98500061E-04
   5.72204590E-04
   6.97135925E-04
   1.10721588E-03
   1.25980377E-03
   1.29318237E-03
   1.33323669E-03
   1.34277344E-03
   1.37710571E-03
   1.38282776E-03
   1.49536133E-03
   1.52397156E-03
   1.79481506E-03
   2.08187103E-03
   2.08187103E-03
   2.14004517E-03
   2.15721130E-03
   2.36511230E-03
   2.39276886E-03
   2.42710114E-03
   2.42710114E-03
   2.46047974E-03
   2.55298615E-03
   2.56156921E-03
   2.56729126E-03
   2.65979767E-03
   2.80666351E-03
   2.83718109E-03
   2.84004211E-03
   2.85434723E-03
   2.91919708E-03
   3.08418274E-03
   3.13568115E-03
   3.25202942E-03
   3.32069397E-03
   3.33499908E-03
   3.37409973E-03
   3.43227386E-03
   3.43608856E-03
   3.62300873E-03
   3.67641449E-03
   3.68976593E-03
   3.76224518E-03
   3.78227234E-03
   3.85570526E-03
   3.91483307E-03
   3.95202637E-03
   4.12940979E-03
   4.18090820E-03
   4.23049927E-03
   4.48894501E-03
   4.54044342E-03
   4.59480286E-03
   4.60529327E-03
   4.81033325E-03
   4.86373901E-03
   4.91809845E-03
   4.96578217E-03
   4.99820709E-03
   5.24806976E-03
   5.28240204E-03
   5.43975830E-03
   5.45406342E-03
   5.97953796E-03
   6.02722168E-03
   6.35433197E-03
   6.45065308E-03
   6.47068024E-03
   6.59751892E-03
   6.65760040E-03
   7.08580017E-03
   7.50541687E-03
   7.81726837E-03
   7.84111023E-03
   8.19587708E-03
   8.44669342E-03
   8.68415833E-03
   8.80336761E-03
   8.86154175E-03
   9.07897949E-03
   9.14669037E-03
   9.47952271E-03
   9.61208344E-03
   9.69409943E-03
   1.01375580E-02
   1.02090836E-02
   1.03759766E-02
   1.07431412E-02
   1.09090805E-02
   1.14412308E-02
   1.19485855E-02
   1.20477676E-02
   1.21231079E-02
   1.24349594E-02
   1.28049850E-02
   1.55668259E-02
   1.73463821E-02
   2.60057449E-02
   2.70547867E-02
