#Npts     Radius    Mag      Completeness
#  159 1498.7648  -15.002143 1.000000
# Ierr
  -1.00421906E-02
  -7.97080994E-03
  -7.47108459E-03
  -6.62517548E-03
  -6.25419617E-03
  -5.88321686E-03
  -5.62286377E-03
  -5.32531738E-03
  -5.22804260E-03
  -5.04112244E-03
  -4.80175018E-03
  -4.41932678E-03
  -4.38880920E-03
  -4.29344177E-03
  -4.11701202E-03
  -4.06265259E-03
  -4.03881073E-03
  -3.99589539E-03
  -3.92341614E-03
  -3.79943848E-03
  -3.79848480E-03
  -3.77368927E-03
  -3.72505188E-03
  -3.63349915E-03
  -3.41701508E-03
  -3.33595276E-03
  -3.28636169E-03
  -3.18145752E-03
  -3.00025940E-03
  -2.96306610E-03
  -2.91061401E-03
  -2.87914276E-03
  -2.86865234E-03
  -2.79712677E-03
  -2.73990631E-03
  -2.69412994E-03
  -2.50339508E-03
  -2.39181519E-03
  -2.02751160E-03
  -1.95884705E-03
  -1.82056427E-03
  -1.76620483E-03
  -1.75666809E-03
  -1.35231018E-03
  -1.32560730E-03
  -1.30271912E-03
  -1.26552582E-03
  -1.20925903E-03
  -1.17588043E-03
  -1.16825104E-03
  -1.10721588E-03
  -1.02138519E-03
  -9.49859619E-04
  -7.95364380E-04
  -7.66754150E-04
  -6.07490540E-04
  -5.45501709E-04
  -5.01632690E-04
  -4.85420227E-04
  -2.54631042E-04
  -2.26020813E-04
  -2.24113464E-04
  -1.07765198E-04
  -1.81198120E-05
  -1.52587891E-05
   4.10079956E-05
   4.76837158E-05
   1.56402588E-04
   1.91688538E-04
   2.08854675E-04
   2.88963318E-04
   3.49044800E-04
   3.77655029E-04
   4.00543213E-04
   4.35829163E-04
   5.05447388E-04
   5.20706177E-04
   6.25610352E-04
   6.44683838E-04
   8.66889954E-04
   8.70704651E-04
   1.04427338E-03
   1.05857849E-03
   1.10435486E-03
   1.12819672E-03
   1.18541718E-03
   1.18637085E-03
   1.29795074E-03
   1.40380859E-03
   1.46198273E-03
   1.46484375E-03
   1.49440765E-03
   1.53255463E-03
   1.73377991E-03
   1.93405151E-03
   1.96647644E-03
   2.01511383E-03
   2.26879120E-03
   2.28977203E-03
   2.44903564E-03
   2.45380402E-03
   2.48241425E-03
   2.66075134E-03
   2.93254852E-03
   2.96974182E-03
   3.06797028E-03
   3.10707092E-03
   3.21102142E-03
   3.28540802E-03
   3.43704224E-03
   3.43990326E-03
   3.49521637E-03
   3.65734100E-03
   3.90243530E-03
   4.34494019E-03
   4.39262390E-03
   4.40788269E-03
   4.45270538E-03
   4.61673737E-03
   4.62532043E-03
   4.62913513E-03
   4.65106964E-03
   4.73499298E-03
   4.77218628E-03
   4.80842590E-03
   5.12123108E-03
   5.12409210E-03
   5.22804260E-03
   5.37109375E-03
   5.54370880E-03
   5.77926636E-03
   5.84888458E-03
   6.11019135E-03
   6.14833832E-03
   6.29901886E-03
   6.43730164E-03
   7.15255737E-03
   7.80105591E-03
   7.92407990E-03
   8.13007355E-03
   8.36849213E-03
   8.41617584E-03
   8.46576691E-03
   8.93688202E-03
   9.33361053E-03
   9.55867767E-03
   9.70172882E-03
   1.00469589E-02
   1.00498199E-02
   1.02796555E-02
   1.06372833E-02
   1.12237930E-02
   1.23453140E-02
   1.28784180E-02
   1.31340027E-02
   1.32722855E-02
   1.43136978E-02
   1.47228241E-02
   1.94292068E-02
