#Npts     Radius    Mag      Completeness
#   58 2997.5295  -15.369572 1.000000
# Ierr
  -1.64871216E-02
  -1.54981613E-02
  -1.32999420E-02
  -1.30195618E-02
  -1.24607086E-02
  -1.20763779E-02
  -1.19495392E-02
  -1.14717484E-02
  -1.12733841E-02
  -1.03130341E-02
  -1.01728439E-02
  -9.94014740E-03
  -9.18388367E-03
  -9.05704498E-03
  -8.73184204E-03
  -8.53443146E-03
  -8.31508636E-03
  -7.71903992E-03
  -7.52067566E-03
  -7.04193115E-03
  -6.95610046E-03
  -6.89697266E-03
  -6.57653809E-03
  -6.50501251E-03
  -6.47163391E-03
  -6.31809235E-03
  -5.98621368E-03
  -5.95474243E-03
  -5.82218170E-03
  -5.72967529E-03
  -5.19371033E-03
  -5.09166718E-03
  -5.00011444E-03
  -4.75215912E-03
  -4.22382355E-03
  -4.07695770E-03
  -3.82137299E-03
  -3.81946564E-03
  -3.48567963E-03
  -2.99739838E-03
  -1.97601318E-03
  -1.74999237E-03
  -1.35135651E-03
  -1.10626221E-03
  -9.26017761E-04
  -7.94410706E-04
  -4.63485718E-04
  -3.35693359E-04
  -1.47819519E-04
   2.76565552E-05
   4.45365906E-04
   6.34193420E-04
   2.01129913E-03
   3.36647034E-03
   3.45325470E-03
   3.64303589E-03
   6.04248047E-03
   9.35363770E-03
