#Npts     Radius    Mag      Completeness
#   93 1288.9376  -12.854000 1.000000
# Ierr
  -1.98488235E-02
  -1.72777176E-02
  -1.11713409E-02
  -1.09214783E-02
  -8.10146332E-03
  -5.86700439E-03
  -4.97055054E-03
  -4.83322144E-03
  -4.80937958E-03
  -4.73880768E-03
  -4.63008881E-03
  -4.58240509E-03
  -4.31823730E-03
  -4.27722931E-03
  -4.26578522E-03
  -4.26101685E-03
  -4.13513184E-03
  -3.98159027E-03
  -3.88908386E-03
  -3.82518768E-03
  -3.64112854E-03
  -3.62968445E-03
  -3.45993042E-03
  -3.23963165E-03
  -3.21006775E-03
  -3.02505493E-03
  -2.88581848E-03
  -2.84385681E-03
  -2.78472900E-03
  -2.63214111E-03
  -2.60734558E-03
  -2.59494781E-03
  -2.43186951E-03
  -2.30789185E-03
  -1.99031830E-03
  -1.95312500E-03
  -1.89304352E-03
  -1.73759460E-03
  -1.69849396E-03
  -1.66130066E-03
  -1.36184692E-03
  -1.20544434E-03
  -8.12530518E-04
  -6.09397888E-04
  -4.95910645E-04
  -3.91960144E-04
  -1.89781189E-04
   1.99317932E-04
   2.77519226E-04
   5.79833984E-04
   7.36236572E-04
   8.85963440E-04
   1.22165680E-03
   1.36375427E-03
   1.44672394E-03
   1.78623199E-03
   1.80721283E-03
   1.86729431E-03
   2.17819214E-03
   2.36225128E-03
   2.37560272E-03
   2.43568420E-03
   2.79521942E-03
   2.86769867E-03
   2.92015076E-03
   3.52096558E-03
   3.60774994E-03
   3.88431549E-03
   3.89766693E-03
   4.02069092E-03
   4.10938263E-03
   4.16278839E-03
   4.40502167E-03
   4.48036194E-03
   4.71019745E-03
   4.83036041E-03
   4.97055054E-03
   5.01537323E-03
   5.11837006E-03
   5.18226624E-03
   5.42831421E-03
   5.77449799E-03
   6.22749329E-03
   6.33049011E-03
   7.66563416E-03
   8.14819336E-03
   8.89492035E-03
   8.96358490E-03
   9.37938690E-03
   1.04494095E-02
   1.07650757E-02
   1.27029419E-02
   3.55844498E-02
