#Npts     Radius    Mag      Completeness
#  422 2997.5295  -14.267286 1.000000
# Ierr
  -2.86426544E-02
  -2.74171829E-02
  -2.13470459E-02
  -2.11410522E-02
  -1.95894241E-02
  -1.81579590E-02
  -1.80892944E-02
  -1.62029266E-02
  -1.55525208E-02
  -1.49078369E-02
  -1.42936707E-02
  -1.40628815E-02
  -1.40438080E-02
  -1.38292313E-02
  -1.33895874E-02
  -1.30414963E-02
  -1.20859146E-02
  -1.16701126E-02
  -1.16596222E-02
  -1.14192963E-02
  -1.04293823E-02
  -9.83619690E-03
  -9.56439972E-03
  -8.51345062E-03
  -7.58361816E-03
  -7.56645203E-03
  -7.12585449E-03
  -6.99901581E-03
  -6.78157806E-03
  -6.16359711E-03
  -5.99575043E-03
  -5.63144684E-03
  -5.58471680E-03
  -5.56755066E-03
  -5.50842285E-03
  -5.38825989E-03
  -5.08880615E-03
  -5.01060486E-03
  -4.96006012E-03
  -4.94766235E-03
  -4.61769104E-03
  -4.59671021E-03
  -4.51564789E-03
  -4.45270538E-03
  -4.35352325E-03
  -4.28199768E-03
  -4.13990021E-03
  -4.13036346E-03
  -4.12082672E-03
  -4.08554077E-03
  -4.06169891E-03
  -3.93390656E-03
  -3.90720367E-03
  -3.87191772E-03
  -3.64303589E-03
  -3.61347198E-03
  -3.55243683E-03
  -3.51047516E-03
  -3.50570679E-03
  -3.38935852E-03
  -3.10420990E-03
  -3.01551819E-03
  -2.99549103E-03
  -2.93159485E-03
  -2.92587280E-03
  -2.80094147E-03
  -2.76565552E-03
  -2.61306763E-03
  -2.60829926E-03
  -2.59208679E-03
  -2.58636475E-03
  -2.54535675E-03
  -2.52532959E-03
  -2.50816345E-03
  -2.49767303E-03
  -2.47573853E-03
  -2.44998932E-03
  -2.43377686E-03
  -2.42137909E-03
  -2.28404999E-03
  -2.13336945E-03
  -2.09617615E-03
  -2.08187103E-03
  -2.07233429E-03
  -2.03800201E-03
  -2.01034546E-03
  -2.00462341E-03
  -1.96647644E-03
  -1.95598602E-03
  -1.94454193E-03
  -1.92642212E-03
  -1.85108185E-03
  -1.74808502E-03
  -1.69467926E-03
  -1.64127350E-03
  -1.60503387E-03
  -1.58309937E-03
  -1.57260895E-03
  -1.56593323E-03
  -1.54304504E-03
  -1.53446198E-03
  -1.51920319E-03
  -1.51634216E-03
  -1.49917603E-03
  -1.44386292E-03
  -1.41334534E-03
  -1.37424469E-03
  -1.35898590E-03
  -1.32083893E-03
  -1.31893158E-03
  -1.13677979E-03
  -1.12056732E-03
  -1.09195709E-03
  -1.09004974E-03
  -1.01661682E-03
  -1.01375580E-03
  -1.00231171E-03
  -1.00040436E-03
  -9.99450684E-04
  -9.78469849E-04
  -9.46044922E-04
  -9.33647156E-04
  -9.09805298E-04
  -8.19206238E-04
  -7.13348389E-04
  -7.03811646E-04
  -6.95228577E-04
  -6.61849976E-04
  -6.39915466E-04
  -6.31332397E-04
  -5.95092773E-04
  -5.91278076E-04
  -5.72204590E-04
  -5.62667847E-04
  -5.60760498E-04
  -5.59806824E-04
  -5.41687012E-04
  -5.30242920E-04
  -5.19752502E-04
  -5.15937805E-04
  -4.90188599E-04
  -4.81605530E-04
  -4.75883484E-04
  -4.38690186E-04
  -2.30789185E-04
  -2.30789185E-04
  -2.13623047E-04
  -1.42097473E-04
  -1.24931335E-04
  -9.63211060E-05
  -3.71932983E-05
  -2.86102295E-05
  -2.28881836E-05
   1.14440918E-05
   1.08718872E-04
   1.48773193E-04
   2.87055969E-04
   3.57627869E-04
   3.66210938E-04
   3.67164612E-04
   4.33921814E-04
   4.59671021E-04
   5.14984131E-04
   5.18798828E-04
   5.25474548E-04
   5.44548035E-04
   6.79016113E-04
   6.90460205E-04
   7.15255737E-04
   8.73565674E-04
   8.75473022E-04
   9.28878784E-04
   9.28878784E-04
   9.38415527E-04
   1.00040436E-03
   1.00326538E-03
   1.01470947E-03
   1.02233887E-03
   1.12533569E-03
   1.17874146E-03
   1.23214722E-03
   1.33895874E-03
   1.34563446E-03
   1.35707855E-03
   1.42955780E-03
   1.44004822E-03
   1.44672394E-03
   1.46389008E-03
   1.48010254E-03
   1.48963928E-03
   1.58882141E-03
   1.71375275E-03
   1.73377991E-03
   1.74331665E-03
   1.75380707E-03
   1.88541412E-03
   1.90544128E-03
   1.92356110E-03
   1.92832947E-03
   1.93214417E-03
   1.95312500E-03
   1.96361542E-03
   1.96361542E-03
   1.97219849E-03
   1.98078156E-03
   1.99508667E-03
   1.99794769E-03
   2.00462341E-03
   2.01606750E-03
   2.03037262E-03
   2.08854675E-03
   2.10666656E-03
   2.17819214E-03
   2.26688385E-03
   2.29549408E-03
   2.32124329E-03
   2.33840942E-03
   2.34603882E-03
   2.34603882E-03
   2.37464905E-03
   2.38132477E-03
   2.39944458E-03
   2.40039825E-03
   2.40707397E-03
   2.41851807E-03
   2.41947174E-03
   2.44331360E-03
   2.47478485E-03
   2.48241425E-03
   2.53200531E-03
   2.53486633E-03
   2.60829926E-03
   2.67982483E-03
   2.75230408E-03
   2.88867950E-03
   2.92205811E-03
   2.92205811E-03
   2.93159485E-03
   2.94589996E-03
   2.95257568E-03
   2.96306610E-03
   2.99549103E-03
   3.01551819E-03
   3.01551819E-03
   3.01551819E-03
   3.06129456E-03
   3.08418274E-03
   3.15856934E-03
   3.19576263E-03
   3.21292877E-03
   3.21292877E-03
   3.27396393E-03
   3.28254700E-03
   3.32069397E-03
   3.33786011E-03
   3.38363647E-03
   3.40652466E-03
   3.44276428E-03
   3.45134735E-03
   3.45516205E-03
   3.47423553E-03
   3.53813171E-03
   3.54290009E-03
   3.56674194E-03
   3.57055664E-03
   3.60584259E-03
   3.62300873E-03
   3.64017487E-03
   3.64112854E-03
   3.69548798E-03
   3.73077393E-03
   3.79467010E-03
   3.84712219E-03
   3.85570526E-03
   3.88431549E-03
   3.89766693E-03
   3.89766693E-03
   3.94535065E-03
   3.95202637E-03
   3.99971008E-03
   4.01306152E-03
   4.03213501E-03
   4.03404236E-03
   4.10461426E-03
   4.12273407E-03
   4.24861908E-03
   4.27436829E-03
   4.29344177E-03
   4.30202484E-03
   4.34970856E-03
   4.35543060E-03
   4.36782837E-03
   4.38404083E-03
   4.40216064E-03
   4.40597534E-03
   4.42790985E-03
   4.44507599E-03
   4.44793701E-03
   4.54139709E-03
   4.56714630E-03
   4.58526611E-03
   4.58717346E-03
   4.60529327E-03
   4.62245941E-03
   4.71210480E-03
   4.74739075E-03
   4.85515594E-03
   4.85610962E-03
   4.88853455E-03
   4.90856171E-03
   4.91142273E-03
   4.91809845E-03
   4.92286682E-03
   4.93335724E-03
   4.95243073E-03
   4.95815277E-03
   4.96101379E-03
   4.96196747E-03
   4.98008728E-03
   4.99820709E-03
   5.00392914E-03
   5.01155853E-03
   5.01251221E-03
   5.01441956E-03
   5.02300262E-03
   5.05161285E-03
   5.06687164E-03
   5.06687164E-03
   5.06973267E-03
   5.08785248E-03
   5.21183014E-03
   5.22041321E-03
   5.36727905E-03
   5.37109375E-03
   5.39970398E-03
   5.40351868E-03
   5.40637970E-03
   5.45215607E-03
   5.45310974E-03
   5.57041168E-03
   5.64956665E-03
   5.71155548E-03
   5.76496124E-03
   5.84125519E-03
   5.86414337E-03
   5.90705872E-03
   5.94711304E-03
   5.99765778E-03
   6.00147247E-03
   6.01196289E-03
   6.08634949E-03
   6.12163544E-03
   6.22177124E-03
   6.37340546E-03
   6.37531281E-03
   6.37912750E-03
   6.39057159E-03
   6.39343262E-03
   6.40678406E-03
   6.40773773E-03
   6.42299652E-03
   6.47449493E-03
   6.50405884E-03
   6.54125214E-03
   6.54125214E-03
   6.54315948E-03
   6.56795502E-03
   6.63661957E-03
   6.72912598E-03
   6.87313080E-03
   6.92749023E-03
   7.35282898E-03
   7.39383698E-03
   7.46059418E-03
   7.49969482E-03
   7.87162781E-03
   7.88688660E-03
   7.93743134E-03
   7.96031952E-03
   7.99179077E-03
   8.01277161E-03
   8.02612305E-03
   8.03089142E-03
   8.04138184E-03
   8.04901123E-03
   8.04996490E-03
   8.13484192E-03
   8.24546814E-03
   8.26072693E-03
   8.39328766E-03
   8.47053528E-03
   8.56685638E-03
   8.79955292E-03
   8.87870789E-03
   8.95881653E-03
   8.97789001E-03
   9.03034210E-03
   9.11521912E-03
   9.33456421E-03
   9.38796997E-03
   9.88960266E-03
   9.98115540E-03
   1.00011826E-02
   1.00307465E-02
   1.02443695E-02
   1.04227066E-02
   1.04351044E-02
   1.05237961E-02
   1.06878281E-02
   1.09758377E-02
   1.09815598E-02
   1.13325119E-02
   1.14469528E-02
   1.18036270E-02
   1.18513107E-02
   1.23701096E-02
   1.29928589E-02
   1.31959915E-02
   1.66330338E-02
   2.29978561E-02
   3.40013504E-02
   3.89776230E-02
