#Npts     Radius    Mag      Completeness
#  301 1708.5917  -11.568000 1.000000
# Ierr
  -3.61309052E-02
  -3.46660614E-02
  -3.43570709E-02
  -2.79245377E-02
  -2.62165070E-02
  -2.58617401E-02
  -2.49786377E-02
  -2.22492218E-02
  -2.04563141E-02
  -1.97544098E-02
  -1.44720078E-02
  -1.28173828E-02
  -1.06945038E-02
  -1.02729797E-02
  -9.49573517E-03
  -9.30118561E-03
  -9.00363922E-03
  -8.84437561E-03
  -7.43389130E-03
  -7.38334656E-03
  -6.94370270E-03
  -6.89315796E-03
  -6.83593750E-03
  -6.80732727E-03
  -6.77776337E-03
  -6.69860840E-03
  -6.37340546E-03
  -6.28471375E-03
  -6.14166260E-03
  -6.03103638E-03
  -5.88607788E-03
  -5.82599640E-03
  -5.70201874E-03
  -5.69534302E-03
  -5.61618805E-03
  -5.44166565E-03
  -5.29575348E-03
  -5.27667999E-03
  -5.15556335E-03
  -5.13935089E-03
  -5.03158569E-03
  -4.89902496E-03
  -4.85897064E-03
  -4.68063354E-03
  -4.65679169E-03
  -4.51755524E-03
  -4.36306000E-03
  -4.30393219E-03
  -4.30202484E-03
  -4.30011749E-03
  -4.28104401E-03
  -4.25910950E-03
  -4.21524048E-03
  -4.03690338E-03
  -4.03213501E-03
  -3.91101837E-03
  -3.68881226E-03
  -3.43894958E-03
  -3.32450867E-03
  -3.32069397E-03
  -3.25489044E-03
  -3.22151184E-03
  -3.20053101E-03
  -3.18622589E-03
  -3.09467316E-03
  -3.04317474E-03
  -2.94494629E-03
  -2.80284882E-03
  -2.77614594E-03
  -2.75325775E-03
  -2.71320343E-03
  -2.62165070E-03
  -2.60353088E-03
  -2.58159637E-03
  -2.57968903E-03
  -2.53677368E-03
  -2.39467621E-03
  -2.36892700E-03
  -2.34222412E-03
  -2.34222412E-03
  -2.31075287E-03
  -2.26593018E-03
  -2.11811066E-03
  -1.90448761E-03
  -1.90162659E-03
  -1.89781189E-03
  -1.88922882E-03
  -1.86824799E-03
  -1.69277191E-03
  -1.56402588E-03
  -1.55162811E-03
  -1.53732300E-03
  -1.52301788E-03
  -1.52015686E-03
  -1.49536133E-03
  -1.49154663E-03
  -1.19209290E-03
  -1.17588043E-03
  -1.07192993E-03
  -1.05190277E-03
  -9.09805298E-04
  -8.23020935E-04
  -7.45773315E-04
  -7.36236572E-04
  -7.34329224E-04
  -6.54220581E-04
  -6.53266907E-04
  -6.38961792E-04
  -6.25610352E-04
  -6.23703003E-04
  -6.11305237E-04
  -5.72204590E-04
  -4.73022461E-04
  -4.42504883E-04
  -3.18527222E-04
  -2.94685364E-04
  -2.61306763E-04
  -2.23159790E-04
  -2.21252441E-04
  -1.16348267E-04
  -4.95910645E-05
   5.72204590E-06
   1.72615051E-04
   1.76429749E-04
   2.85148621E-04
   3.08990479E-04
   3.26156616E-04
   3.63349915E-04
   3.70979309E-04
   3.76701355E-04
   3.94821167E-04
   4.16755676E-04
   5.54084778E-04
   8.55445862E-04
   8.59260559E-04
   8.61167908E-04
   9.63211060E-04
   1.01566315E-03
   1.11103058E-03
   1.14345551E-03
   1.22165680E-03
   1.32083893E-03
   1.32274628E-03
   1.35993958E-03
   1.42288208E-03
   1.42288208E-03
   1.42860413E-03
   1.44290924E-03
   1.48105621E-03
   1.49822235E-03
   1.64890289E-03
   1.66702271E-03
   1.67751312E-03
   1.70516968E-03
   1.78432465E-03
   1.80625916E-03
   1.87206268E-03
   1.94168091E-03
   2.05230713E-03
   2.10857391E-03
   2.11238861E-03
   2.12669373E-03
   2.14004517E-03
   2.14862823E-03
   2.27546692E-03
   2.29263306E-03
   2.44712830E-03
   2.54917145E-03
   2.61592865E-03
   2.62165070E-03
   2.62165070E-03
   2.64167786E-03
   2.65121460E-03
   2.65789032E-03
   2.65789032E-03
   2.73704529E-03
   2.81810760E-03
   2.85816193E-03
   2.91347504E-03
   2.91442871E-03
   2.94399261E-03
   3.03840637E-03
   3.15666199E-03
   3.19957733E-03
   3.21292877E-03
   3.51047516E-03
   3.68785858E-03
   3.98254395E-03
   4.04167175E-03
   4.10366058E-03
   4.40502167E-03
   4.45652008E-03
   4.66823578E-03
   4.87804413E-03
   4.90856171E-03
   5.00011444E-03
   5.02490997E-03
   5.09643555E-03
   5.10406494E-03
   5.10787964E-03
   5.14602661E-03
   5.16223907E-03
   5.16510010E-03
   5.28621674E-03
   5.36632538E-03
   5.39875031E-03
   5.47599792E-03
   5.54561615E-03
   5.61237335E-03
   5.65147400E-03
   5.66482544E-03
   5.68866730E-03
   5.70392609E-03
   5.70487976E-03
   5.75733185E-03
   5.90991974E-03
   5.94997406E-03
   6.12068176E-03
   6.16645813E-03
   6.20651245E-03
   6.21223450E-03
   6.22272491E-03
   6.23416901E-03
   6.23798370E-03
   6.31904602E-03
   6.37626648E-03
   6.43062592E-03
   6.44016266E-03
   6.47735596E-03
   6.61945343E-03
   6.62231445E-03
   6.65092468E-03
   6.92749023E-03
   7.08007812E-03
   7.10964203E-03
   7.20691681E-03
   7.37190247E-03
   7.44247437E-03
   7.44915009E-03
   7.55691528E-03
   7.59410858E-03
   7.62462616E-03
   7.63607025E-03
   7.65228271E-03
   7.68184662E-03
   7.77339935E-03
   7.92312622E-03
   8.07762146E-03
   8.26168060E-03
   8.29219818E-03
   8.32939148E-03
   8.51154327E-03
   8.51440430E-03
   8.53729248E-03
   8.64410400E-03
   8.80146027E-03
   8.80146027E-03
   8.81195068E-03
   8.87966156E-03
   9.07802582E-03
   9.19055939E-03
   9.32216644E-03
   9.34219360E-03
   9.37938690E-03
   9.38892365E-03
   9.42420959E-03
   9.46044922E-03
   9.56535339E-03
   9.90486145E-03
   9.91344452E-03
   9.96303558E-03
   1.02357864E-02
   1.04312897E-02
   1.04503632E-02
   1.05037689E-02
   1.05304718E-02
   1.05447769E-02
   1.06678009E-02
   1.08375549E-02
   1.08509064E-02
   1.09148026E-02
   1.09167099E-02
   1.13554001E-02
   1.13744736E-02
   1.14564896E-02
   1.16634369E-02
   1.17797852E-02
   1.19314194E-02
   1.19705200E-02
   1.20382309E-02
   1.25465393E-02
   1.27449036E-02
   1.33914948E-02
   1.35860443E-02
   1.39398575E-02
   1.41181946E-02
   1.46360397E-02
   1.47695541E-02
   1.48954391E-02
   1.67217255E-02
   1.83601379E-02
