#Npts     Radius    Mag      Completeness
#  256 2997.5295  -14.634714 1.000000
# Ierr
  -2.61631012E-02
  -1.18970871E-02
  -1.11589432E-02
  -1.09128952E-02
  -9.86957550E-03
  -9.40990448E-03
  -9.34600830E-03
  -8.40473175E-03
  -8.35418701E-03
  -7.80963898E-03
  -7.54356384E-03
  -7.21931458E-03
  -6.51931763E-03
  -6.23703003E-03
  -5.94520569E-03
  -5.93471527E-03
  -5.72967529E-03
  -5.58185577E-03
  -5.20610809E-03
  -4.94670868E-03
  -4.78744507E-03
  -4.72640991E-03
  -4.48513031E-03
  -4.37355042E-03
  -4.35066223E-03
  -4.22668457E-03
  -4.18376923E-03
  -4.11033630E-03
  -4.06551361E-03
  -3.96919250E-03
  -3.86524200E-03
  -3.83567810E-03
  -3.77559662E-03
  -3.73649597E-03
  -3.72695923E-03
  -3.65447998E-03
  -3.64017487E-03
  -3.46660614E-03
  -3.45802307E-03
  -3.28826904E-03
  -3.17668915E-03
  -3.17001343E-03
  -2.99930573E-03
  -2.83813477E-03
  -2.78854370E-03
  -2.76565552E-03
  -2.73227692E-03
  -2.72655487E-03
  -2.63309479E-03
  -2.61688232E-03
  -2.55107880E-03
  -2.53582001E-03
  -2.36415863E-03
  -2.34413147E-03
  -2.17151642E-03
  -1.85108185E-03
  -1.81961060E-03
  -1.76525116E-03
  -1.69944763E-03
  -1.67655945E-03
  -1.66797638E-03
  -1.55353546E-03
  -1.48010254E-03
  -1.42192841E-03
  -1.37519836E-03
  -1.26171112E-03
  -1.24740601E-03
  -1.18541718E-03
  -1.06334686E-03
  -1.03378296E-03
  -9.61303711E-04
  -9.44137573E-04
  -8.55445862E-04
  -8.18252563E-04
  -5.13076782E-04
  -4.66346741E-04
  -4.33921814E-04
  -4.27246094E-04
  -4.11033630E-04
  -2.93731689E-04
  -1.97410583E-04
  -8.58306885E-05
  -2.95639038E-05
   4.10079956E-05
   1.10626221E-04
   1.13487244E-04
   1.21116638E-04
   2.22206116E-04
   3.01361084E-04
   3.30924988E-04
   4.07218933E-04
   4.11033630E-04
   4.45365906E-04
   4.75883484E-04
   5.16891479E-04
   5.49316406E-04
   6.58035278E-04
   6.65664673E-04
   7.13348389E-04
   7.17163086E-04
   7.25746155E-04
   7.44819641E-04
   8.46862793E-04
   8.66889954E-04
   9.42230225E-04
   9.80377197E-04
   1.00994110E-03
   1.04331970E-03
   1.04999542E-03
   1.08432770E-03
   1.09004974E-03
   1.11007690E-03
   1.11007690E-03
   1.11579895E-03
   1.11579895E-03
   1.11675262E-03
   1.12342834E-03
   1.14154816E-03
   1.16920471E-03
   1.16920471E-03
   1.18541718E-03
   1.21974945E-03
   1.36184692E-03
   1.40094757E-03
   1.43814087E-03
   1.45435333E-03
   1.46579742E-03
   1.51348114E-03
   1.54209137E-03
   1.59358978E-03
   1.67655945E-03
   1.67942047E-03
   1.73091888E-03
   1.81388855E-03
   1.87873840E-03
   1.94358826E-03
   1.95312500E-03
   1.95789337E-03
   2.02655792E-03
   2.03704834E-03
   2.09808350E-03
   2.10762024E-03
   2.12383270E-03
   2.19535828E-03
   2.23731995E-03
   2.36797333E-03
   2.45189667E-03
   2.46429443E-03
   2.46524811E-03
   2.46524811E-03
   2.51007080E-03
   2.58159637E-03
   2.63214111E-03
   2.63214111E-03
   2.73227692E-03
   2.73704529E-03
   2.76565552E-03
   2.76660919E-03
   2.91633606E-03
   2.94208527E-03
   3.00502777E-03
   3.08418274E-03
   3.21197510E-03
   3.28922272E-03
   3.33404541E-03
   3.37505341E-03
   3.44467163E-03
   3.46183777E-03
   3.56101990E-03
   3.58200073E-03
   3.60679626E-03
   3.61347198E-03
   3.61728668E-03
   3.65257263E-03
   3.68022919E-03
   3.82614136E-03
   3.84616852E-03
   3.86142731E-03
   3.87573242E-03
   4.01115417E-03
   4.07791138E-03
   4.11224365E-03
   4.21047211E-03
   4.37164307E-03
   4.39548492E-03
   4.42123413E-03
   4.42314148E-03
   4.46319580E-03
   4.47463989E-03
   4.56142426E-03
   4.63294983E-03
   4.69875336E-03
   4.81987000E-03
   4.82559204E-03
   4.85324860E-03
   4.88758087E-03
   4.99153137E-03
   5.11550903E-03
   5.12695312E-03
   5.14698029E-03
   5.18894196E-03
   5.19371033E-03
   5.29861450E-03
   5.44738770E-03
   5.44929504E-03
   5.54847717E-03
   5.55038452E-03
   5.58757782E-03
   5.62095642E-03
   5.63430786E-03
   5.72872162E-03
   5.88607788E-03
   5.89942932E-03
   5.91850281E-03
   6.06536865E-03
   6.08921051E-03
   6.15406036E-03
   6.16359711E-03
   6.27708435E-03
   6.31999969E-03
   6.32476807E-03
   6.52790070E-03
   6.87026978E-03
   7.12490082E-03
   7.16686249E-03
   7.16781616E-03
   7.23743439E-03
   7.46345520E-03
   7.49492645E-03
   7.58361816E-03
   7.78865814E-03
   7.83252716E-03
   8.10432434E-03
   8.20922852E-03
   8.21876526E-03
   8.22830200E-03
   8.23020935E-03
   8.23593140E-03
   8.58783722E-03
   8.68415833E-03
   8.76808167E-03
   8.78143311E-03
   9.10758972E-03
   9.24682617E-03
   9.52911377E-03
   9.68265533E-03
   1.02500916E-02
   1.02672577E-02
   1.08394623E-02
   1.11322403E-02
   1.12648010E-02
   1.19743347E-02
   1.51271820E-02
   1.65510178E-02
   2.04668045E-02
   2.18639374E-02
