#Npts     Radius    Mag      Completeness
#  326 1918.4187  -11.568000 1.000000
# Ierr
  -3.68690491E-02
  -3.42683792E-02
  -3.35912704E-02
  -3.29084396E-02
  -2.81238556E-02
  -2.74438858E-02
  -2.63624191E-02
  -2.58207321E-02
  -2.26221085E-02
  -2.11915970E-02
  -1.53388977E-02
  -1.49068832E-02
  -1.29146576E-02
  -1.21030807E-02
  -1.13506317E-02
  -1.00650787E-02
  -9.60636139E-03
  -9.53102112E-03
  -9.01031494E-03
  -8.48770142E-03
  -8.34751129E-03
  -7.74192810E-03
  -7.04765320E-03
  -6.57081604E-03
  -6.24465942E-03
  -6.20174408E-03
  -5.99861145E-03
  -5.74302673E-03
  -5.71918488E-03
  -5.67626953E-03
  -5.59234619E-03
  -5.53321838E-03
  -5.30052185E-03
  -5.29384613E-03
  -5.28526306E-03
  -5.21564484E-03
  -5.16414642E-03
  -5.15460968E-03
  -5.12695312E-03
  -4.86183167E-03
  -4.85420227E-03
  -4.82940674E-03
  -4.82273102E-03
  -4.80937958E-03
  -4.69684601E-03
  -4.40120697E-03
  -4.29916382E-03
  -4.25338745E-03
  -4.12464142E-03
  -3.70407104E-03
  -3.67069244E-03
  -3.66973877E-03
  -3.48567963E-03
  -3.42464447E-03
  -3.34739685E-03
  -3.32069397E-03
  -3.31306458E-03
  -3.26824188E-03
  -3.22246552E-03
  -3.09848785E-03
  -3.01170349E-03
  -2.85339355E-03
  -2.76851654E-03
  -2.62355804E-03
  -2.58255005E-03
  -2.44140625E-03
  -2.40707397E-03
  -2.35939026E-03
  -2.29740143E-03
  -2.10857391E-03
  -2.02846527E-03
  -1.99699402E-03
  -1.89399719E-03
  -1.84249878E-03
  -1.83582306E-03
  -1.78527832E-03
  -1.76715851E-03
  -1.69277191E-03
  -1.69277191E-03
  -1.67369843E-03
  -1.66225433E-03
  -1.64985657E-03
  -1.63459778E-03
  -1.63078308E-03
  -1.56974792E-03
  -1.53636932E-03
  -1.44195557E-03
  -1.42002106E-03
  -1.37329102E-03
  -1.36280060E-03
  -1.29032135E-03
  -1.27601624E-03
  -1.24645233E-03
  -1.23500824E-03
  -1.20067596E-03
  -1.17683411E-03
  -1.13868713E-03
  -1.06239319E-03
  -1.03759766E-03
  -1.02901459E-03
  -1.01852417E-03
  -9.97543335E-04
  -9.79423523E-04
  -9.72747803E-04
  -9.19342041E-04
  -8.96453857E-04
  -8.74519348E-04
  -8.66889954E-04
  -8.49723816E-04
  -7.77244568E-04
  -7.54356384E-04
  -7.05718994E-04
  -6.02722168E-04
  -5.49316406E-04
  -5.43594360E-04
  -4.98771667E-04
  -4.54902649E-04
  -4.30107117E-04
  -2.20298767E-04
  -1.06811523E-04
  -7.24792480E-05
  -4.86373901E-05
  -4.86373901E-05
  -4.38690186E-05
   1.71661377E-05
   1.07765198E-04
   1.11579895E-04
   1.34468079E-04
   2.53677368E-04
   2.76565552E-04
   3.42369080E-04
   4.29153442E-04
   4.57763672E-04
   4.81605530E-04
   4.94003296E-04
   5.84602356E-04
   5.88417053E-04
   6.90460205E-04
   7.12394714E-04
   8.15391541E-04
   8.21113586E-04
   8.81195068E-04
   8.85009766E-04
   8.95500183E-04
   9.05036926E-04
   9.97543335E-04
   1.03664398E-03
   1.03950500E-03
   1.04427338E-03
   1.04618073E-03
   1.06143951E-03
   1.12247467E-03
   1.17588043E-03
   1.20449066E-03
   1.21688843E-03
   1.21688843E-03
   1.22356415E-03
   1.27410889E-03
   1.34086609E-03
   1.37233734E-03
   1.40857697E-03
   1.45721436E-03
   1.61075592E-03
   1.66606903E-03
   1.69658661E-03
   1.80625916E-03
   1.97696686E-03
   2.15816498E-03
   2.17819214E-03
   2.34985352E-03
   2.39658356E-03
   2.43949890E-03
   2.45475769E-03
   2.48432159E-03
   2.53200531E-03
   2.53200531E-03
   2.55680084E-03
   2.57778168E-03
   2.61306763E-03
   2.61497498E-03
   2.61878967E-03
   2.66933441E-03
   2.69794464E-03
   2.70462036E-03
   2.83718109E-03
   2.89249420E-03
   2.89440155E-03
   2.93922424E-03
   2.95066833E-03
   2.97641754E-03
   3.00407410E-03
   3.03077698E-03
   3.03363800E-03
   3.10134888E-03
   3.11088562E-03
   3.16429138E-03
   3.16524506E-03
   3.24726105E-03
   3.26824188E-03
   3.28826904E-03
   3.29113007E-03
   3.39221954E-03
   3.39603424E-03
   3.47137451E-03
   3.48567963E-03
   3.49044800E-03
   3.49330902E-03
   3.52478027E-03
   3.53813171E-03
   3.57246399E-03
   3.62682343E-03
   3.72314453E-03
   3.72695923E-03
   3.84044647E-03
   3.84807587E-03
   3.84807587E-03
   4.03022766E-03
   4.14657593E-03
   4.16183472E-03
   4.17232513E-03
   4.20188904E-03
   4.27341461E-03
   4.28009033E-03
   4.36306000E-03
   4.39643860E-03
   4.42409515E-03
   4.48703766E-03
   4.51660156E-03
   4.64534760E-03
   4.64820862E-03
   4.68254089E-03
   4.72450256E-03
   4.76169586E-03
   4.77123260E-03
   4.93907928E-03
   4.94480133E-03
   5.01060486E-03
   5.02300262E-03
   5.07926941E-03
   5.27667999E-03
   5.28812408E-03
   5.36632538E-03
   5.42926788E-03
   5.45024872E-03
   5.50079346E-03
   5.50746918E-03
   5.51128387E-03
   5.57041168E-03
   5.58376312E-03
   5.60569763E-03
   5.67245483E-03
   5.69725037E-03
   5.70201874E-03
   5.77068329E-03
   5.79261780E-03
   5.80883026E-03
   5.86223602E-03
   5.88703156E-03
   5.94043732E-03
   5.96141815E-03
   6.03485107E-03
   6.06346130E-03
   6.08062744E-03
   6.08062744E-03
   6.08825684E-03
   6.09493256E-03
   6.13880157E-03
   6.23226166E-03
   6.23321533E-03
   6.25705719E-03
   6.26945496E-03
   6.27231598E-03
   6.28185272E-03
   6.35528564E-03
   6.50596619E-03
   6.59084320E-03
   6.60228729E-03
   6.63661957E-03
   6.67476654E-03
   6.80160522E-03
   6.88743591E-03
   6.90269470E-03
   6.91032410E-03
   6.97612762E-03
   7.03334808E-03
   7.18498230E-03
   7.57408142E-03
   7.57789612E-03
   7.58552551E-03
   7.59887695E-03
   7.63225555E-03
   7.68470764E-03
   7.80296326E-03
   7.86018372E-03
   7.92217255E-03
   8.12053680E-03
   8.21018219E-03
   8.27980042E-03
   8.55731964E-03
   8.77952576E-03
   8.84056091E-03
   8.87012482E-03
   8.91113281E-03
   8.96644592E-03
   9.11045074E-03
   9.13906097E-03
   9.16290283E-03
   9.32502747E-03
   9.47952271E-03
   9.56249237E-03
   9.61399078E-03
   9.64450836E-03
   9.76657867E-03
   9.81044769E-03
   9.93442535E-03
   1.02682114E-02
   1.03635788E-02
   1.05905533E-02
   1.08098984E-02
   1.10597610E-02
   1.15423203E-02
   1.18036270E-02
   1.19028091E-02
   1.31244659E-02
   1.45139694E-02
   1.92308426E-02
