#Npts     Radius    Mag      Completeness
#  106 1918.4187  -12.854000 1.000000
# Ierr
  -2.33583450E-02
  -1.37748718E-02
  -1.04436874E-02
  -8.93306732E-03
  -8.59832764E-03
  -6.77394867E-03
  -6.51836395E-03
  -6.26277924E-03
  -6.01768494E-03
  -5.65624237E-03
  -5.51414490E-03
  -5.41877747E-03
  -5.26905060E-03
  -5.01346588E-03
  -4.89425659E-03
  -4.80747223E-03
  -4.80461121E-03
  -4.70447540E-03
  -4.67014313E-03
  -4.62436676E-03
  -4.52709198E-03
  -4.34494019E-03
  -4.34303284E-03
  -4.14085388E-03
  -4.12368774E-03
  -3.97205353E-03
  -3.89099121E-03
  -3.88336182E-03
  -3.69358063E-03
  -3.66401672E-03
  -3.66115570E-03
  -3.45897675E-03
  -3.45706940E-03
  -3.31687927E-03
  -3.29113007E-03
  -3.25775146E-03
  -3.17001343E-03
  -3.03936005E-03
  -3.01265717E-03
  -2.78472900E-03
  -2.74848938E-03
  -2.61211395E-03
  -2.52723694E-03
  -2.39276886E-03
  -2.38990784E-03
  -2.06089020E-03
  -1.93214417E-03
  -1.91497803E-03
  -1.83105469E-03
  -1.78909302E-03
  -1.69372559E-03
  -1.68418884E-03
  -1.52111053E-03
  -1.31988525E-03
  -1.15203857E-03
  -1.12152100E-03
  -1.06430054E-03
  -9.00268555E-04
  -8.66889954E-04
  -7.94410706E-04
  -6.34193420E-04
  -4.95910645E-04
  -4.24385071E-04
  -3.40461731E-04
  -3.06129456E-04
  -2.60353088E-04
   1.23023987E-04
   4.43458557E-04
   4.52041626E-04
   5.25474548E-04
   8.20159912E-04
   8.30650330E-04
   8.47816467E-04
   8.69750977E-04
   8.72612000E-04
   1.09577179E-03
   1.13964081E-03
   1.23500824E-03
   1.37615204E-03
   1.70326233E-03
   1.86443329E-03
   2.30026245E-03
   2.37560272E-03
   2.74658203E-03
   2.77614594E-03
   2.84957886E-03
   2.98309326E-03
   3.04508209E-03
   3.11565399E-03
   3.17287445E-03
   3.38268280E-03
   3.38459015E-03
   3.58104706E-03
   3.82709503E-03
   3.95202637E-03
   4.23336029E-03
   4.27627563E-03
   4.48703766E-03
   4.76837158E-03
   4.88281250E-03
   5.69438934E-03
   5.71250916E-03
   5.79452515E-03
   5.84888458E-03
   8.67748260E-03
   9.16099548E-03
