#Npts     Radius    Mag      Completeness
#  122 1708.5917  -12.854000 1.000000
# Ierr
  -1.03940964E-02
  -7.47871399E-03
  -6.50691986E-03
  -6.48689270E-03
  -6.34288788E-03
  -6.33621216E-03
  -6.15596771E-03
  -6.03103638E-03
  -5.95092773E-03
  -5.83648682E-03
  -5.81645966E-03
  -5.79833984E-03
  -5.72776794E-03
  -5.46264648E-03
  -5.44357300E-03
  -5.39875031E-03
  -5.35297394E-03
  -5.06877899E-03
  -4.91714478E-03
  -4.84752655E-03
  -4.79507446E-03
  -4.48989868E-03
  -4.35638428E-03
  -4.32300568E-03
  -3.97777557E-03
  -3.94630432E-03
  -3.92532349E-03
  -3.74126434E-03
  -3.62777710E-03
  -3.43132019E-03
  -3.40557098E-03
  -3.39984894E-03
  -3.25202942E-03
  -3.22818756E-03
  -3.11374664E-03
  -3.06415558E-03
  -2.99835205E-03
  -2.94780731E-03
  -2.83718109E-03
  -2.76756287E-03
  -2.74753571E-03
  -2.61020660E-03
  -2.54154205E-03
  -2.27165222E-03
  -2.10571289E-03
  -2.09331512E-03
  -2.01511383E-03
  -1.91497803E-03
  -1.71470642E-03
  -1.51729584E-03
  -1.22833252E-03
  -1.20925903E-03
  -1.16729736E-03
  -1.08337402E-03
  -1.04808807E-03
  -9.93728638E-04
  -6.74247742E-04
  -5.57899475E-04
  -3.99589539E-04
  -3.74794006E-04
  -3.39508057E-04
  -2.78472900E-04
  -2.38418579E-04
  -9.44137573E-05
  -8.67843628E-05
  -2.09808350E-05
  -4.76837158E-06
   8.39233398E-05
   2.76565552E-04
   3.32832336E-04
   3.36647034E-04
   4.93049622E-04
   6.59942627E-04
   6.59942627E-04
   7.07626343E-04
   8.26835632E-04
   9.43183899E-04
   9.69886780E-04
   1.06811523E-03
   1.50012970E-03
   1.65176392E-03
   1.67274475E-03
   1.71756744E-03
   1.97315216E-03
   1.99222565E-03
   1.99508667E-03
   2.10475922E-03
   2.15625763E-03
   2.28118896E-03
   2.40325928E-03
   2.69889832E-03
   2.88772583E-03
   3.17096710E-03
   3.23486328E-03
   3.27491760E-03
   3.28350067E-03
   3.33595276E-03
   3.34548950E-03
   3.49712372E-03
   3.73458862E-03
   3.77273560E-03
   4.15611267E-03
   4.17709351E-03
   5.20801544E-03
   5.36727905E-03
   5.72967529E-03
   5.78022003E-03
   6.15024567E-03
   6.15215302E-03
   6.19125366E-03
   6.26754761E-03
   6.83784485E-03
   7.03334808E-03
   7.46726990E-03
   8.14151764E-03
   8.31222534E-03
   8.61358643E-03
   1.01518631E-02
   1.02109909E-02
   1.36013031E-02
   1.84640884E-02
   1.92823410E-02
