#Npts     Radius    Mag      Completeness
#  268 1288.9376  -11.568000 1.000000
# Ierr
  -3.60202789E-02
  -2.77156830E-02
  -1.67760849E-02
  -1.46722794E-02
  -1.35097504E-02
  -1.33619308E-02
  -1.32970810E-02
  -1.28269196E-02
  -9.57679749E-03
  -9.13524628E-03
  -9.09233093E-03
  -9.05513763E-03
  -8.23402405E-03
  -7.23838806E-03
  -7.01141357E-03
  -6.84165955E-03
  -6.56223297E-03
  -6.43062592E-03
  -6.35814667E-03
  -6.15787506E-03
  -6.12449646E-03
  -6.11114502E-03
  -5.96141815E-03
  -5.94902039E-03
  -5.78117371E-03
  -5.55610657E-03
  -5.35964966E-03
  -5.03826141E-03
  -4.75597382E-03
  -4.61769104E-03
  -4.59098816E-03
  -4.40216064E-03
  -4.38690186E-03
  -4.36592102E-03
  -4.29534912E-03
  -4.22191620E-03
  -4.17995453E-03
  -3.85665894E-03
  -3.75652313E-03
  -3.61919403E-03
  -3.54671478E-03
  -3.45802307E-03
  -3.26347351E-03
  -3.20911407E-03
  -3.13091278E-03
  -3.11756134E-03
  -3.04508209E-03
  -2.90107727E-03
  -2.76851654E-03
  -2.76374817E-03
  -2.75039673E-03
  -2.66742706E-03
  -2.60066986E-03
  -2.54344940E-03
  -2.49099731E-03
  -2.47192383E-03
  -2.46429443E-03
  -2.38513947E-03
  -2.34127045E-03
  -2.28214264E-03
  -2.27165222E-03
  -2.22396851E-03
  -2.10571289E-03
  -2.07901001E-03
  -2.06756592E-03
  -2.04181671E-03
  -2.03227997E-03
  -1.93881989E-03
  -1.91593170E-03
  -1.82628632E-03
  -1.71661377E-03
  -1.70326233E-03
  -1.64985657E-03
  -1.63078308E-03
  -1.56116486E-03
  -1.55162811E-03
  -1.53827667E-03
  -1.49250031E-03
  -1.43432617E-03
  -1.37805939E-03
  -1.37233734E-03
  -1.36852264E-03
  -1.36280060E-03
  -1.35898590E-03
  -1.27887726E-03
  -1.20162964E-03
  -1.13296509E-03
  -1.06239319E-03
  -9.98497009E-04
  -9.93728638E-04
  -9.13619995E-04
  -8.96453857E-04
  -7.90596008E-04
  -7.59124756E-04
  -7.42912292E-04
  -6.96182251E-04
  -6.85691833E-04
  -6.40869141E-04
  -6.25610352E-04
  -4.36782837E-04
  -4.34875488E-04
  -4.33921814E-04
  -3.13758850E-04
  -2.89916992E-04
  -2.62260437E-04
  -2.02178955E-04
  -1.89781189E-04
  -1.21116638E-04
  -9.44137573E-05
  -8.01086426E-05
  -1.62124634E-05
   0.00000000    
   1.71661377E-05
   6.10351562E-05
   9.72747803E-05
   1.04904175E-04
   1.21116638E-04
   2.19345093E-04
   3.03268433E-04
   3.17573547E-04
   4.11987305E-04
   4.26292419E-04
   4.65393066E-04
   4.76837158E-04
   4.97817993E-04
   5.02586365E-04
   5.41687012E-04
   5.44548035E-04
   6.14166260E-04
   6.16073608E-04
   6.53266907E-04
   7.17163086E-04
   7.76290894E-04
   8.59260559E-04
   9.06944275E-04
   9.15527344E-04
   9.52720642E-04
   9.90867615E-04
   1.04331970E-03
   1.08337402E-03
   1.14059448E-03
   1.14345551E-03
   1.19686127E-03
   1.40857697E-03
   1.46293640E-03
   1.48677826E-03
   1.57451630E-03
   1.60312653E-03
   1.65462494E-03
   1.66511536E-03
   1.90258026E-03
   1.94931030E-03
   1.96552277E-03
   1.97124481E-03
   1.99413300E-03
   2.01606750E-03
   2.28500366E-03
   2.29263306E-03
   2.30216980E-03
   2.40516663E-03
   2.41565704E-03
   2.46620178E-03
   2.47192383E-03
   2.47573853E-03
   2.53868103E-03
   2.58922577E-03
   2.72655487E-03
   2.73036957E-03
   2.82001495E-03
   2.84194946E-03
   2.89821625E-03
   2.91538239E-03
   3.02219391E-03
   3.02219391E-03
   3.08513641E-03
   3.08704376E-03
   3.17382812E-03
   3.18908691E-03
   3.33881378E-03
   3.35407257E-03
   3.41892242E-03
   3.53240967E-03
   3.56864929E-03
   3.58200073E-03
   3.68976593E-03
   3.72219086E-03
   3.80611420E-03
   3.81278992E-03
   3.86810303E-03
   3.95584106E-03
   4.08840179E-03
   4.09030914E-03
   4.18663025E-03
   4.25243378E-03
   4.27436829E-03
   4.29058075E-03
   4.33921814E-03
   4.44030762E-03
   4.57763672E-03
   4.75025177E-03
   4.75978851E-03
   4.76169586E-03
   4.76551056E-03
   4.87327576E-03
   4.88567352E-03
   4.89044189E-03
   5.02490997E-03
   5.06687164E-03
   5.11646271E-03
   5.21564484E-03
   5.45692444E-03
   5.52940369E-03
   5.55515289E-03
   5.56278229E-03
   5.57136536E-03
   5.60283661E-03
   5.61809540E-03
   5.62000275E-03
   5.74684143E-03
   5.75637817E-03
   5.76114655E-03
   5.86605072E-03
   5.88798523E-03
   6.09302521E-03
   6.12735748E-03
   6.19220734E-03
   6.36672974E-03
   6.43539429E-03
   6.54220581E-03
   6.62136078E-03
   6.64138794E-03
   6.73866272E-03
   7.07530975E-03
   7.15732574E-03
   7.18784332E-03
   7.67135620E-03
   7.94410706E-03
   8.03947449E-03
   8.13102722E-03
   8.30841064E-03
   8.37802887E-03
   8.55445862E-03
   8.58497620E-03
   8.62312317E-03
   9.31167603E-03
   9.46521759E-03
   9.60254669E-03
   9.66835022E-03
   9.97829437E-03
   1.04827881E-02
   1.08032227E-02
   1.08613968E-02
   1.11799240E-02
   1.13105774E-02
   1.16949081E-02
   1.18846893E-02
   1.19466782E-02
   1.20859146E-02
   1.21049881E-02
   1.22156143E-02
   1.25408173E-02
   1.25913620E-02
   1.29680634E-02
   1.39226913E-02
   1.55935287E-02
   1.70297623E-02
   1.82895660E-02
   2.28891373E-02
