#Npts     Radius    Mag      Completeness
#  205 1498.7646  -12.211000 1.000000
# Ierr
  -3.17583084E-02
  -2.74171829E-02
  -2.70166397E-02
  -2.51226425E-02
  -2.26011276E-02
  -1.84707642E-02
  -1.80606842E-02
  -1.78670883E-02
  -1.32284164E-02
  -1.11017227E-02
  -1.08585358E-02
  -1.05257034E-02
  -9.92298126E-03
  -8.84246826E-03
  -8.77094269E-03
  -8.13198090E-03
  -8.03565979E-03
  -8.01658630E-03
  -7.78770447E-03
  -7.33184814E-03
  -7.25364685E-03
  -7.00664520E-03
  -6.95514679E-03
  -6.49833679E-03
  -6.42299652E-03
  -6.39343262E-03
  -6.29138947E-03
  -6.26945496E-03
  -6.17790222E-03
  -5.88703156E-03
  -5.80406189E-03
  -5.35774231E-03
  -5.35678864E-03
  -5.34534454E-03
  -5.32913208E-03
  -5.19180298E-03
  -5.14602661E-03
  -5.04302979E-03
  -4.97913361E-03
  -4.86946106E-03
  -4.79316711E-03
  -4.74929810E-03
  -4.64916229E-03
  -4.45938110E-03
  -4.27341461E-03
  -4.12368774E-03
  -4.07981873E-03
  -4.03213501E-03
  -4.01115417E-03
  -3.98921967E-03
  -3.75843048E-03
  -3.56578827E-03
  -3.53813171E-03
  -3.31687927E-03
  -3.29971313E-03
  -3.22437286E-03
  -3.21483612E-03
  -3.20720673E-03
  -3.14426422E-03
  -3.01361084E-03
  -2.92396545E-03
  -2.92301178E-03
  -2.79426575E-03
  -2.79045105E-03
  -2.78663635E-03
  -2.77137756E-03
  -2.72464752E-03
  -2.70557404E-03
  -2.56729126E-03
  -2.46334076E-03
  -2.44808197E-03
  -2.37655640E-03
  -2.18772888E-03
  -2.12669373E-03
  -2.12574005E-03
  -2.08950043E-03
  -2.08473206E-03
  -1.78337097E-03
  -1.77192688E-03
  -1.55162811E-03
  -1.51634216E-03
  -1.42288208E-03
  -1.39236450E-03
  -1.34372711E-03
  -1.34372711E-03
  -1.31607056E-03
  -1.29890442E-03
  -1.28650665E-03
  -1.11675262E-03
  -1.07765198E-03
  -9.32693481E-04
  -9.23156738E-04
  -8.96453857E-04
  -8.17298889E-04
  -7.87734985E-04
  -7.32421875E-04
  -4.66346741E-04
  -3.26156616E-04
  -3.00407410E-04
  -2.09808350E-04
  -1.15394592E-04
  -7.43865967E-05
   3.09944153E-04
   3.82423401E-04
   4.49180603E-04
   5.53131104E-04
   6.06536865E-04
   6.97135925E-04
   7.27653503E-04
   7.98225403E-04
   8.64982605E-04
   9.24110413E-04
   9.64164734E-04
   9.78469849E-04
   1.06430054E-03
   1.11675262E-03
   1.23023987E-03
   1.29890442E-03
   1.73664093E-03
   1.76429749E-03
   1.77288055E-03
   1.82533264E-03
   1.90544128E-03
   1.92260742E-03
   1.93405151E-03
   1.93881989E-03
   1.97696686E-03
   2.03132629E-03
   2.07233429E-03
   2.10571289E-03
   2.11524963E-03
   2.19440460E-03
   2.24304199E-03
   2.32791901E-03
   2.46429443E-03
   2.51865387E-03
   2.79045105E-03
   2.80666351E-03
   2.80857086E-03
   2.84481049E-03
   2.90393829E-03
   2.92968750E-03
   3.15761566E-03
   3.15952301E-03
   3.39984894E-03
   3.47328186E-03
   3.52668762E-03
   3.54194641E-03
   3.61251831E-03
   3.63731384E-03
   3.83472443E-03
   3.83472443E-03
   3.87763977E-03
   3.94439697E-03
   3.97872925E-03
   4.16564941E-03
   4.16851044E-03
   4.19712067E-03
   4.19902802E-03
   4.31251526E-03
   4.32872772E-03
   4.45461273E-03
   4.47082520E-03
   4.79698181E-03
   5.02777100E-03
   5.12886047E-03
   5.35583496E-03
   5.38825989E-03
   5.80120087E-03
   5.82313538E-03
   5.93280792E-03
   6.09207153E-03
   6.10923767E-03
   6.28757477E-03
   6.31618500E-03
   6.48403168E-03
   6.52694702E-03
   6.74247742E-03
   6.88552856E-03
   6.96659088E-03
   7.07721710E-03
   7.14874268E-03
   7.18784332E-03
   7.46440887E-03
   8.01658630E-03
   8.02040100E-03
   8.40950012E-03
   8.81099701E-03
   9.08184052E-03
   9.26876068E-03
   9.43088531E-03
   9.57584381E-03
   9.93251801E-03
   1.03693008E-02
   1.07488632E-02
   1.09138489E-02
   1.13468170E-02
   1.25427246E-02
   1.36375427E-02
   1.49478912E-02
   1.60617828E-02
   1.70164108E-02
   2.32639313E-02
   3.32012177E-02
   3.95565033E-02
