#Npts     Radius    Mag      Completeness
#   67 1498.7648  -15.369572 1.000000
# Ierr
  -3.25565338E-02
  -1.58214569E-02
  -1.56173706E-02
  -1.44376755E-02
  -1.36356354E-02
  -1.03778839E-02
  -9.76848602E-03
  -9.41658020E-03
  -9.07897949E-03
  -8.93974304E-03
  -7.99751282E-03
  -7.98130035E-03
  -7.80391693E-03
  -7.50732422E-03
  -7.35855103E-03
  -7.25936890E-03
  -7.10868835E-03
  -6.75773621E-03
  -6.66999817E-03
  -6.21986389E-03
  -6.15310669E-03
  -6.14643097E-03
  -6.12735748E-03
  -6.11209869E-03
  -5.88893890E-03
  -5.88798523E-03
  -5.78022003E-03
  -5.77640533E-03
  -5.71632385E-03
  -5.38444519E-03
  -5.33676147E-03
  -5.16510010E-03
  -5.07831573E-03
  -5.03730774E-03
  -4.39643860E-03
  -4.32968140E-03
  -4.26387787E-03
  -4.12368774E-03
  -3.85761261E-03
  -3.33786011E-03
  -3.18241119E-03
  -2.97641754E-03
  -2.91633606E-03
  -2.78949738E-03
  -2.26020813E-03
  -1.14440918E-03
  -7.22885132E-04
  -2.04086304E-04
   1.77383423E-04
   4.00543213E-04
   6.19888306E-04
   7.10487366E-04
   8.03947449E-04
   1.46770477E-03
   1.47342682E-03
   1.95884705E-03
   3.60965729E-03
   3.65161896E-03
   4.11510468E-03
   5.02204895E-03
   6.27517700E-03
   6.42108917E-03
   1.09519958E-02
   1.18188858E-02
   1.61409378E-02
   2.63195038E-02
   2.79102325E-02
