#Npts     Radius    Mag      Completeness
#   70  449.6295  -12.854000 1.000000
# Ierr
  -1.65100098E-02
  -1.44710541E-02
  -8.46004486E-03
  -8.44669342E-03
  -4.50325012E-03
  -3.60202789E-03
  -2.17151642E-03
  -1.77192688E-03
  -1.58882141E-03
  -1.29604340E-03
  -1.28746033E-03
  -1.42097473E-04
  -2.28881836E-05
  -1.04904175E-05
   4.84466553E-04
   5.04493713E-04
   8.64982605E-04
   1.35135651E-03
   1.36375427E-03
   1.51634216E-03
   1.88827515E-03
   1.92928314E-03
   1.95312500E-03
   1.97696686E-03
   2.09522247E-03
   2.38895416E-03
   2.40325928E-03
   2.45285034E-03
   2.48622894E-03
   2.48813629E-03
   2.98976898E-03
   3.07846069E-03
   3.35597992E-03
   3.37219238E-03
   3.40366364E-03
   3.45706940E-03
   3.60679626E-03
   3.66783142E-03
   3.81278992E-03
   4.35447693E-03
   4.39834595E-03
   4.42790985E-03
   4.42981720E-03
   4.56142426E-03
   4.74548340E-03
   4.92286682E-03
   4.96673584E-03
   4.98390198E-03
   5.03826141E-03
   5.40256500E-03
   5.42926788E-03
   5.61904907E-03
   5.62667847E-03
   6.05106354E-03
   6.81877136E-03
   6.86454773E-03
   6.87026978E-03
   6.96468353E-03
   7.33470917E-03
   7.74002075E-03
   7.88402557E-03
   8.45241547E-03
   9.26971436E-03
   9.49001312E-03
   1.06334686E-02
   1.59368515E-02
   1.65309906E-02
   2.05459595E-02
   2.34985352E-02
   3.45687866E-02
