#Npts     Radius    Mag      Completeness
#  126 2997.5295  -15.737000 1.000000
# Ierr
  -3.00760269E-02
  -2.18935013E-02
  -2.03723907E-02
  -1.92556381E-02
  -1.77488327E-02
  -1.68981552E-02
  -1.66053772E-02
  -1.55115128E-02
  -1.46560669E-02
  -1.32951736E-02
  -1.22079849E-02
  -1.19838715E-02
  -1.16262436E-02
  -1.15690231E-02
  -1.11293793E-02
  -1.09863281E-02
  -1.01747513E-02
  -9.55390930E-03
  -9.45281982E-03
  -9.18006897E-03
  -8.91780853E-03
  -8.74996185E-03
  -8.71086121E-03
  -7.51495361E-03
  -7.37285614E-03
  -7.35855103E-03
  -7.33375549E-03
  -7.19833374E-03
  -6.64520264E-03
  -6.57653809E-03
  -6.56223297E-03
  -6.47449493E-03
  -6.00624084E-03
  -5.71918488E-03
  -5.58757782E-03
  -5.48076630E-03
  -5.25665283E-03
  -5.19466400E-03
  -4.95147705E-03
  -4.82845306E-03
  -4.22191620E-03
  -4.11605835E-03
  -4.07028198E-03
  -4.05693054E-03
  -3.96251678E-03
  -3.96060944E-03
  -3.76224518E-03
  -3.74412537E-03
  -3.30257416E-03
  -2.95734406E-03
  -2.91538239E-03
  -2.72846222E-03
  -2.38037109E-03
  -1.99604034E-03
  -1.88350677E-03
  -1.57737732E-03
  -1.52587891E-03
  -1.16825104E-03
  -1.05762482E-03
  -9.35554504E-04
  -7.73429871E-04
  -6.67572021E-04
  -2.78472900E-04
  -2.28881836E-04
  -1.64031982E-04
  -8.01086426E-05
  -2.00271606E-05
   1.01089478E-04
   6.66618347E-04
   6.73294067E-04
   7.52449036E-04
   9.49859619E-04
   9.93728638E-04
   1.24263763E-03
   1.76334381E-03
   1.91402435E-03
   1.91688538E-03
   1.93786621E-03
   2.15816498E-03
   2.16197968E-03
   2.28691101E-03
   2.39086151E-03
   2.39181519E-03
   2.48241425E-03
   2.52628326E-03
   2.54917145E-03
   2.90489197E-03
   2.98118591E-03
   2.99358368E-03
   3.17287445E-03
   3.19480896E-03
   3.33023071E-03
   3.51238251E-03
   3.61061096E-03
   3.67736816E-03
   3.68213654E-03
   3.76224518E-03
   3.78704071E-03
   4.05025482E-03
   4.10461426E-03
   4.12845612E-03
   4.24289703E-03
   4.25052643E-03
   4.32968140E-03
   4.81319427E-03
   5.09452820E-03
   5.17368317E-03
   5.24330139E-03
   5.28526306E-03
   5.61332703E-03
   5.63430786E-03
   5.63621521E-03
   5.99479675E-03
   6.67667389E-03
   6.79206848E-03
   6.85024261E-03
   6.98280334E-03
   7.23838806E-03
   9.41085815E-03
   1.02882385E-02
   1.14698410E-02
   1.26895905E-02
   1.27696991E-02
   1.82390213E-02
   2.81381607E-02
   3.76415253E-02
