#Npts     Radius    Mag      Completeness
#  136 1498.7648  -15.737000 1.000000
# Ierr
  -2.79731750E-02
  -2.38208771E-02
  -2.15902328E-02
  -2.13165283E-02
  -2.08292007E-02
  -2.01292038E-02
  -1.92155838E-02
  -1.91516876E-02
  -1.73149109E-02
  -1.71108246E-02
  -1.68313980E-02
  -1.65758133E-02
  -1.61323547E-02
  -1.57918930E-02
  -1.57165527E-02
  -1.54771805E-02
  -1.25007629E-02
  -1.23052597E-02
  -1.13315582E-02
  -1.12953186E-02
  -1.12333298E-02
  -1.12285614E-02
  -1.10864639E-02
  -1.10025406E-02
  -1.09214783E-02
  -1.07564926E-02
  -1.07507706E-02
  -1.04188919E-02
  -1.01642609E-02
  -9.97066498E-03
  -9.88388062E-03
  -9.84954834E-03
  -9.77325439E-03
  -9.75227356E-03
  -9.57393646E-03
  -9.45472717E-03
  -9.43565369E-03
  -9.40418243E-03
  -9.35363770E-03
  -9.13524628E-03
  -9.02748108E-03
  -8.76712799E-03
  -8.41999054E-03
  -8.41045380E-03
  -8.08429718E-03
  -7.89546967E-03
  -7.45010376E-03
  -7.43389130E-03
  -7.37762451E-03
  -7.00664520E-03
  -6.99424744E-03
  -6.74247742E-03
  -6.71577454E-03
  -6.53171539E-03
  -6.38580322E-03
  -6.33621216E-03
  -6.28852844E-03
  -6.17694855E-03
  -5.87844849E-03
  -5.75447083E-03
  -5.69152832E-03
  -5.66291809E-03
  -5.61809540E-03
  -5.35011292E-03
  -5.30338287E-03
  -5.08689880E-03
  -4.83322144E-03
  -4.81510162E-03
  -4.62436676E-03
  -4.62150574E-03
  -4.46033478E-03
  -4.43744659E-03
  -4.41551208E-03
  -4.01687622E-03
  -3.87096405E-03
  -3.85761261E-03
  -3.67927551E-03
  -3.59249115E-03
  -3.47614288E-03
  -3.37886810E-03
  -3.26728821E-03
  -3.19194794E-03
  -3.15856934E-03
  -3.10230255E-03
  -2.79235840E-03
  -2.71511078E-03
  -2.29930878E-03
  -2.23636627E-03
  -2.16007233E-03
  -2.05421448E-03
  -2.04753876E-03
  -2.03514099E-03
  -2.01034546E-03
  -1.99031830E-03
  -1.74999237E-03
  -1.47438049E-03
  -1.25217438E-03
  -1.13964081E-03
  -1.04808807E-03
  -9.69886780E-04
  -7.45773315E-04
  -5.77926636E-04
  -2.76565552E-04
  -8.10623169E-05
   4.87327576E-04
   6.77108765E-04
   6.79016113E-04
   6.94274902E-04
   7.44819641E-04
   8.44001770E-04
   1.05571747E-03
   1.45626068E-03
   1.59072876E-03
   1.66702271E-03
   1.81484222E-03
   1.98459625E-03
   2.59208679E-03
   3.08990479E-03
   3.68022919E-03
   4.15229797E-03
   4.29344177E-03
   4.35161591E-03
   4.37164307E-03
   4.53281403E-03
   4.53758240E-03
   5.63907623E-03
   6.36768341E-03
   6.42013550E-03
   7.10105896E-03
   7.80296326E-03
   7.99942017E-03
   1.31320953E-02
   1.39179230E-02
   2.01549530E-02
   2.06880569E-02
   2.19669342E-02
