#Npts     Radius    Mag      Completeness
#  557 2997.5295  -13.899858 1.000000
# Ierr
  -3.70235443E-02
  -3.21998596E-02
  -3.03373337E-02
  -2.81095505E-02
  -2.71778107E-02
  -2.63462067E-02
  -2.63452530E-02
  -2.56299973E-02
  -2.50482559E-02
  -2.46896744E-02
  -2.42328644E-02
  -2.37836838E-02
  -2.27165222E-02
  -2.24914551E-02
  -2.19936371E-02
  -2.06212997E-02
  -2.02245712E-02
  -1.89561844E-02
  -1.84555054E-02
  -1.66320801E-02
  -1.57098770E-02
  -1.50690079E-02
  -1.34496689E-02
  -1.28822327E-02
  -1.27372742E-02
  -1.20096207E-02
  -1.20096207E-02
  -1.13410950E-02
  -1.09624863E-02
  -1.09272003E-02
  -1.07450485E-02
  -1.06277466E-02
  -9.81426239E-03
  -9.61780548E-03
  -8.88729095E-03
  -8.68320465E-03
  -8.17966461E-03
  -7.90119171E-03
  -7.12585449E-03
  -6.77967072E-03
  -6.65378571E-03
  -6.57749176E-03
  -6.41155243E-03
  -6.35528564E-03
  -6.30855560E-03
  -6.18934631E-03
  -6.02149963E-03
  -5.83457947E-03
  -5.82218170E-03
  -5.69343567E-03
  -5.66768646E-03
  -5.64956665E-03
  -5.57804108E-03
  -5.55992126E-03
  -5.52749634E-03
  -5.48362732E-03
  -5.45597076E-03
  -5.37300110E-03
  -5.32341003E-03
  -5.31578064E-03
  -5.28717041E-03
  -5.13172150E-03
  -5.11074066E-03
  -5.07831573E-03
  -5.02490997E-03
  -4.66918945E-03
  -4.60624695E-03
  -4.60624695E-03
  -4.59194183E-03
  -4.57859039E-03
  -4.52232361E-03
  -4.47750092E-03
  -4.47750092E-03
  -4.39643860E-03
  -4.35924530E-03
  -4.33540344E-03
  -4.32491302E-03
  -4.31823730E-03
  -4.28867340E-03
  -4.26578522E-03
  -4.18758392E-03
  -4.17613983E-03
  -4.12559509E-03
  -4.09126282E-03
  -3.99589539E-03
  -3.99303436E-03
  -3.95965576E-03
  -3.83663177E-03
  -3.82423401E-03
  -3.80134583E-03
  -3.77845764E-03
  -3.76033783E-03
  -3.75938416E-03
  -3.75938416E-03
  -3.74412537E-03
  -3.72791290E-03
  -3.70597839E-03
  -3.63826752E-03
  -3.63636017E-03
  -3.60298157E-03
  -3.53717804E-03
  -3.51810455E-03
  -3.48949432E-03
  -3.46660614E-03
  -3.38745117E-03
  -3.37600708E-03
  -3.37409973E-03
  -3.35597992E-03
  -3.32736969E-03
  -3.29685211E-03
  -3.25107574E-03
  -3.22532654E-03
  -3.17001343E-03
  -3.17001343E-03
  -3.13282013E-03
  -3.12614441E-03
  -3.09753418E-03
  -3.06129456E-03
  -3.00121307E-03
  -3.00121307E-03
  -2.98023224E-03
  -2.96115875E-03
  -2.84290314E-03
  -2.83718109E-03
  -2.82001495E-03
  -2.80189514E-03
  -2.79140472E-03
  -2.76184082E-03
  -2.74658203E-03
  -2.72560120E-03
  -2.72369385E-03
  -2.71797180E-03
  -2.71129608E-03
  -2.62165070E-03
  -2.57682800E-03
  -2.50720978E-03
  -2.48527527E-03
  -2.44522095E-03
  -2.33650208E-03
  -2.32696533E-03
  -2.24590302E-03
  -2.18677521E-03
  -2.17247009E-03
  -2.06279755E-03
  -2.06279755E-03
  -2.06184387E-03
  -1.91020966E-03
  -1.89685822E-03
  -1.86634064E-03
  -1.86347961E-03
  -1.83677673E-03
  -1.83677673E-03
  -1.77574158E-03
  -1.73091888E-03
  -1.69658661E-03
  -1.68704987E-03
  -1.66320801E-03
  -1.63364410E-03
  -1.62696838E-03
  -1.54113770E-03
  -1.49631500E-03
  -1.48773193E-03
  -1.46484375E-03
  -1.43337250E-03
  -1.43051147E-03
  -1.33228302E-03
  -1.32846832E-03
  -1.25885010E-03
  -1.18637085E-03
  -1.17874146E-03
  -1.09863281E-03
  -1.08814240E-03
  -1.07765198E-03
  -1.07669830E-03
  -1.04904175E-03
  -1.00994110E-03
  -9.75608826E-04
  -8.23020935E-04
  -8.15391541E-04
  -7.69615173E-04
  -7.61985779E-04
  -7.48634338E-04
  -7.33375549E-04
  -7.03811646E-04
  -6.83784485E-04
  -6.83784485E-04
  -5.84602356E-04
  -5.80787659E-04
  -3.80516052E-04
  -3.57627869E-04
  -3.46183777E-04
  -3.01361084E-04
  -2.89916992E-04
  -2.81333923E-04
  -2.62260437E-04
  -2.44140625E-04
  -1.64985657E-04
  -1.47819519E-04
  -1.19209290E-04
  -1.02043152E-04
  -9.91821289E-05
  -9.63211060E-05
  -8.10623169E-05
  -6.67572021E-05
  -2.57492065E-05
  -2.19345093E-05
  -9.53674316E-07
   4.57763672E-05
   6.58035278E-05
   9.82284546E-05
   1.02043152E-04
   1.37329102E-04
   1.58309937E-04
   1.64985657E-04
   2.47001648E-04
   2.64167786E-04
   2.88963318E-04
   2.98500061E-04
   3.97682190E-04
   3.98635864E-04
   4.86373901E-04
   5.10215759E-04
   5.28335571E-04
   5.53131104E-04
   5.61714172E-04
   5.94139099E-04
   5.97953796E-04
   6.22749329E-04
   6.31332397E-04
   7.32421875E-04
   7.34329224E-04
   7.40051270E-04
   7.70568848E-04
   8.32557678E-04
   8.46862793E-04
   8.61167908E-04
   9.63211060E-04
   9.87052917E-04
   9.87052917E-04
   9.93728638E-04
   1.03187561E-03
   1.04713440E-03
   1.10340118E-03
   1.10530853E-03
   1.11007690E-03
   1.11198425E-03
   1.12438202E-03
   1.13105774E-03
   1.16348267E-03
   1.19686127E-03
   1.19686127E-03
   1.21784210E-03
   1.29604340E-03
   1.38473511E-03
   1.42288208E-03
   1.42860413E-03
   1.49059296E-03
   1.53732300E-03
   1.59358978E-03
   1.62792206E-03
   1.63364410E-03
   1.64985657E-03
   1.65748596E-03
   1.67655945E-03
   1.67942047E-03
   1.68514252E-03
   1.70707703E-03
   1.71756744E-03
   1.76143646E-03
   1.77097321E-03
   1.77383423E-03
   1.79767609E-03
   1.80625916E-03
   1.81484222E-03
   1.82914734E-03
   1.84249878E-03
   1.86252594E-03
   1.86634064E-03
   1.87778473E-03
   1.88255310E-03
   1.88255310E-03
   1.88827515E-03
   1.89781189E-03
   1.89971924E-03
   1.99604034E-03
   2.01320648E-03
   2.05898285E-03
   2.06661224E-03
   2.06851959E-03
   2.12669373E-03
   2.15530396E-03
   2.16102600E-03
   2.17723846E-03
   2.17723846E-03
   2.20680237E-03
   2.21729279E-03
   2.23159790E-03
   2.23922729E-03
   2.24590302E-03
   2.25734711E-03
   2.26116180E-03
   2.28118896E-03
   2.28500366E-03
   2.28786469E-03
   2.28977203E-03
   2.29072571E-03
   2.34603882E-03
   2.35843658E-03
   2.36511230E-03
   2.38227844E-03
   2.39372253E-03
   2.41756439E-03
   2.42710114E-03
   2.44522095E-03
   2.49004364E-03
   2.49576569E-03
   2.51388550E-03
   2.51865387E-03
   2.56061554E-03
   2.56347656E-03
   2.57492065E-03
   2.57492065E-03
   2.59399414E-03
   2.63881683E-03
   2.68268585E-03
   2.68363953E-03
   2.69412994E-03
   2.72369385E-03
   2.74562836E-03
   2.82478333E-03
   2.85339355E-03
   2.86197662E-03
   2.86483765E-03
   2.86579132E-03
   2.87532806E-03
   2.88677216E-03
   2.90966034E-03
   2.91728973E-03
   2.92015076E-03
   2.92205811E-03
   2.98976898E-03
   2.99263000E-03
   3.02696228E-03
   3.08036804E-03
   3.10325623E-03
   3.14044952E-03
   3.14807892E-03
   3.14807892E-03
   3.19385529E-03
   3.19957733E-03
   3.21292877E-03
   3.22532654E-03
   3.23104858E-03
   3.23295593E-03
   3.24058533E-03
   3.28445435E-03
   3.29685211E-03
   3.30543518E-03
   3.32641602E-03
   3.33118439E-03
   3.34644318E-03
   3.34644318E-03
   3.36551666E-03
   3.41510773E-03
   3.43799591E-03
   3.45706940E-03
   3.45993042E-03
   3.49998474E-03
   3.53240967E-03
   3.55911255E-03
   3.56864929E-03
   3.60870361E-03
   3.60870361E-03
   3.63636017E-03
   3.69071960E-03
   3.71170044E-03
   3.73268127E-03
   3.74507904E-03
   3.78894806E-03
   3.79562378E-03
   3.80516052E-03
   3.84712219E-03
   3.87477875E-03
   3.89099121E-03
   3.91674042E-03
   3.92055511E-03
   3.95584106E-03
   3.95965576E-03
   3.99017334E-03
   4.05788422E-03
   4.06932831E-03
   4.07886505E-03
   4.12368774E-03
   4.15992737E-03
   4.17137146E-03
   4.19330597E-03
   4.23812866E-03
   4.27150726E-03
   4.32395935E-03
   4.39071655E-03
   4.39548492E-03
   4.42218781E-03
   4.45556641E-03
   4.51564789E-03
   4.52041626E-03
   4.53567505E-03
   4.62341309E-03
   4.66442108E-03
   4.67491150E-03
   4.67777252E-03
   4.68921661E-03
   4.69875336E-03
   4.78839874E-03
   4.79888916E-03
   4.82273102E-03
   4.83989716E-03
   4.88948822E-03
   4.89807129E-03
   4.97055054E-03
   5.06210327E-03
   5.06210327E-03
   5.06782532E-03
   5.09643555E-03
   5.15270233E-03
   5.18894196E-03
   5.20229340E-03
   5.20515442E-03
   5.24425507E-03
   5.28335571E-03
   5.29003143E-03
   5.30052185E-03
   5.31768799E-03
   5.32341003E-03
   5.42068481E-03
   5.43975830E-03
   5.47599792E-03
   5.49125671E-03
   5.52082062E-03
   5.52463531E-03
   5.53989410E-03
   5.58662415E-03
   5.60379028E-03
   5.67913055E-03
   5.68771362E-03
   5.72013855E-03
   5.79261780E-03
   5.79261780E-03
   5.85174561E-03
   5.90801239E-03
   5.98812103E-03
   6.03008270E-03
   6.04343414E-03
   6.04438782E-03
   6.05392456E-03
   6.11305237E-03
   6.12926483E-03
   6.16073608E-03
   6.16931915E-03
   6.18648529E-03
   6.19506836E-03
   6.22940063E-03
   6.34098053E-03
   6.36005402E-03
   6.41727448E-03
   6.43920898E-03
   6.46686554E-03
   6.56700134E-03
   6.58416748E-03
   6.61468506E-03
   6.63948059E-03
   6.68525696E-03
   6.69193268E-03
   6.71005249E-03
   6.71768188E-03
   6.85119629E-03
   6.94942474E-03
   6.99234009E-03
   7.08198547E-03
   7.08484650E-03
   7.15923309E-03
   7.17353821E-03
   7.18021393E-03
   7.18021393E-03
   7.19833374E-03
   7.20405579E-03
   7.22599030E-03
   7.25078583E-03
   7.32326508E-03
   7.34996796E-03
   7.35282898E-03
   7.41291046E-03
   7.55596161E-03
   7.58361816E-03
   7.64942169E-03
   7.68375397E-03
   7.78865814E-03
   7.81536102E-03
   7.89928436E-03
   7.93552399E-03
   7.94887543E-03
   8.01658630E-03
   8.10623169E-03
   8.14914703E-03
   8.16917419E-03
   8.18157196E-03
   8.21495056E-03
   8.26549530E-03
   8.32271576E-03
   8.34274292E-03
   8.41808319E-03
   8.45241547E-03
   8.54396820E-03
   8.58020782E-03
   8.58879089E-03
   8.84819031E-03
   8.92353058E-03
   8.96739960E-03
   8.96930695E-03
   8.98075104E-03
   9.04178619E-03
   9.17339325E-03
   9.24873352E-03
   9.28020477E-03
   9.32121277E-03
   9.44519043E-03
   9.45377350E-03
   9.57584381E-03
   9.57584381E-03
   9.97352600E-03
   1.00469589E-02
   1.01737976E-02
   1.03206635E-02
   1.04618073E-02
   1.05800629E-02
   1.10435486E-02
   1.10902786E-02
   1.12972260E-02
   1.13096237E-02
   1.15327835E-02
   1.19667053E-02
   1.26905441E-02
   1.28479004E-02
   1.38416290E-02
   1.50241852E-02
   1.50966644E-02
   1.72910690E-02
   1.78642273E-02
   1.90382004E-02
   2.10132599E-02
   2.19964981E-02
   2.22902298E-02
   2.35023499E-02
   3.21998596E-02
   3.22456360E-02
   3.40490341E-02
   3.55710983E-02
   3.67698669E-02
