#Npts     Radius    Mag      Completeness
#  701 2997.5295  -13.532429 1.000000
# Ierr
  -3.66506577E-02
  -3.61309052E-02
  -3.42683792E-02
  -3.26976776E-02
  -3.11803818E-02
  -3.02410126E-02
  -2.90231705E-02
  -2.77481079E-02
  -2.74162292E-02
  -2.62165070E-02
  -2.58207321E-02
  -2.57339478E-02
  -2.49786377E-02
  -2.46276855E-02
  -2.43787766E-02
  -2.31533051E-02
  -2.26221085E-02
  -2.20317841E-02
  -2.19249725E-02
  -2.16836929E-02
  -2.11915970E-02
  -2.04563141E-02
  -1.97544098E-02
  -1.62849426E-02
  -1.52521133E-02
  -1.44720078E-02
  -1.40819550E-02
  -1.35202408E-02
  -1.34792328E-02
  -1.33914948E-02
  -1.29146576E-02
  -1.28173828E-02
  -1.09748840E-02
  -1.08423233E-02
  -1.06019974E-02
  -1.02729797E-02
  -1.00650787E-02
  -9.93824005E-03
  -9.60636139E-03
  -9.41276550E-03
  -9.34982300E-03
  -9.05513763E-03
  -9.01031494E-03
  -8.82911682E-03
  -8.75568390E-03
  -8.62312317E-03
  -8.49151611E-03
  -8.48770142E-03
  -8.44669342E-03
  -8.29982758E-03
  -8.21781158E-03
  -7.45582581E-03
  -7.43579865E-03
  -7.41004944E-03
  -7.38048553E-03
  -7.22885132E-03
  -7.19833374E-03
  -7.02285767E-03
  -7.01618195E-03
  -6.97231293E-03
  -6.89315796E-03
  -6.83593750E-03
  -6.78348541E-03
  -6.77776337E-03
  -6.69860840E-03
  -6.56604767E-03
  -6.55364990E-03
  -6.39820099E-03
  -6.35910034E-03
  -6.33716583E-03
  -6.29043579E-03
  -6.28471375E-03
  -6.20174408E-03
  -6.14166260E-03
  -6.03103638E-03
  -5.95760345E-03
  -5.95569611E-03
  -5.92994690E-03
  -5.90610504E-03
  -5.89752197E-03
  -5.88607788E-03
  -5.75542450E-03
  -5.69725037E-03
  -5.69534302E-03
  -5.67626953E-03
  -5.64289093E-03
  -5.62953949E-03
  -5.61809540E-03
  -5.47981262E-03
  -5.45883179E-03
  -5.44166565E-03
  -5.30147552E-03
  -5.30052185E-03
  -5.25283813E-03
  -5.17940521E-03
  -5.16414642E-03
  -5.15556335E-03
  -5.13935089E-03
  -5.12313843E-03
  -5.10883331E-03
  -5.06591797E-03
  -5.05638123E-03
  -4.93431091E-03
  -4.89902496E-03
  -4.89425659E-03
  -4.85897064E-03
  -4.82749939E-03
  -4.80365753E-03
  -4.77886200E-03
  -4.69684601E-03
  -4.67872620E-03
  -4.65965271E-03
  -4.59098816E-03
  -4.55951691E-03
  -4.44030762E-03
  -4.40120697E-03
  -4.30393219E-03
  -4.30202484E-03
  -4.29344177E-03
  -4.28104401E-03
  -4.28009033E-03
  -4.26197052E-03
  -4.25910950E-03
  -4.22191620E-03
  -4.21524048E-03
  -4.20570374E-03
  -3.89194489E-03
  -3.83949280E-03
  -3.80420685E-03
  -3.71360779E-03
  -3.66973877E-03
  -3.57246399E-03
  -3.48663330E-03
  -3.48567963E-03
  -3.48281860E-03
  -3.47137451E-03
  -3.46088409E-03
  -3.43894958E-03
  -3.34739685E-03
  -3.34262848E-03
  -3.29971313E-03
  -3.27301025E-03
  -3.25489044E-03
  -3.22246552E-03
  -3.21578979E-03
  -3.14712524E-03
  -3.11660767E-03
  -3.08418274E-03
  -3.04317474E-03
  -2.96878815E-03
  -2.94494629E-03
  -2.92682648E-03
  -2.90870667E-03
  -2.89726257E-03
  -2.89058685E-03
  -2.85339355E-03
  -2.82573700E-03
  -2.80284882E-03
  -2.76851654E-03
  -2.71320343E-03
  -2.62165070E-03
  -2.59971619E-03
  -2.59113312E-03
  -2.58255005E-03
  -2.58159637E-03
  -2.57396698E-03
  -2.53677368E-03
  -2.40707397E-03
  -2.39849091E-03
  -2.39467621E-03
  -2.35939026E-03
  -2.34222412E-03
  -2.34222412E-03
  -2.25257874E-03
  -2.22492218E-03
  -2.21824646E-03
  -2.18296051E-03
  -2.13623047E-03
  -2.07710266E-03
  -2.07138062E-03
  -2.03037262E-03
  -2.02941895E-03
  -2.01129913E-03
  -2.00748444E-03
  -1.96933746E-03
  -1.95121765E-03
  -1.94263458E-03
  -1.91593170E-03
  -1.90639496E-03
  -1.90162659E-03
  -1.89781189E-03
  -1.89399719E-03
  -1.88922882E-03
  -1.88732147E-03
  -1.84249878E-03
  -1.83582306E-03
  -1.81484222E-03
  -1.76715851E-03
  -1.71661377E-03
  -1.70898438E-03
  -1.69277191E-03
  -1.69277191E-03
  -1.67369843E-03
  -1.63078308E-03
  -1.56402588E-03
  -1.55830383E-03
  -1.55162811E-03
  -1.53636932E-03
  -1.51157379E-03
  -1.43241882E-03
  -1.42478943E-03
  -1.37901306E-03
  -1.36280060E-03
  -1.35040283E-03
  -1.29032135E-03
  -1.27601624E-03
  -1.24645233E-03
  -1.23500824E-03
  -1.21402740E-03
  -1.19972229E-03
  -1.19209290E-03
  -1.18827820E-03
  -1.17588043E-03
  -1.17492676E-03
  -1.08337402E-03
  -1.04808807E-03
  -1.03759766E-03
  -9.97543335E-04
  -9.33647156E-04
  -9.08851624E-04
  -8.96453857E-04
  -8.62121582E-04
  -7.66754150E-04
  -7.34329224E-04
  -7.05718994E-04
  -6.38961792E-04
  -5.53131104E-04
  -5.02586365E-04
  -4.94956970E-04
  -4.93049622E-04
  -4.73022461E-04
  -4.30107117E-04
  -4.03404236E-04
  -4.00543213E-04
  -3.98635864E-04
  -3.62396240E-04
  -3.58581543E-04
  -3.18527222E-04
  -2.23159790E-04
  -2.12669373E-04
  -1.82151794E-04
  -1.74522400E-04
  -1.67846680E-04
  -1.21116638E-04
  -1.02043152E-04
  -9.82284546E-05
  -9.05990601E-05
  -7.24792480E-05
  -4.95910645E-05
  -4.38690186E-05
  -3.52859497E-05
  -2.86102295E-06
   5.72204590E-06
   1.81198120E-05
   1.07765198E-04
   1.34468079E-04
   1.58309937E-04
   1.75476074E-04
   1.93595886E-04
   2.23159790E-04
   2.76565552E-04
   3.08990479E-04
   3.23295593E-04
   3.57627869E-04
   3.63349915E-04
   3.88145447E-04
   4.47273254E-04
   4.57763672E-04
   4.57763672E-04
   5.46455383E-04
   5.84602356E-04
   5.88417053E-04
   5.95092773E-04
   6.66618347E-04
   6.90460205E-04
   7.12394714E-04
   7.25746155E-04
   7.42912292E-04
   7.93457031E-04
   7.96318054E-04
   8.07762146E-04
   8.07762146E-04
   8.55445862E-04
   8.59260559E-04
   8.61167908E-04
   9.43183899E-04
   9.56535339E-04
   9.77516174E-04
   9.97543335E-04
   1.01566315E-03
   1.02901459E-03
   1.03664398E-03
   1.03950500E-03
   1.04618073E-03
   1.06143951E-03
   1.06239319E-03
   1.08718872E-03
   1.08814240E-03
   1.08814240E-03
   1.11579895E-03
   1.16062164E-03
   1.17588043E-03
   1.21688843E-03
   1.25694275E-03
   1.26743317E-03
   1.30653381E-03
   1.32274628E-03
   1.34372711E-03
   1.35803223E-03
   1.40857697E-03
   1.42288208E-03
   1.42288208E-03
   1.44290924E-03
   1.46293640E-03
   1.49822235E-03
   1.54209137E-03
   1.56021118E-03
   1.59358978E-03
   1.63459778E-03
   1.63555145E-03
   1.66130066E-03
   1.67655945E-03
   1.67751312E-03
   1.67751312E-03
   1.69658661E-03
   1.71184540E-03
   1.80625916E-03
   1.80625916E-03
   1.85585022E-03
   1.85871124E-03
   1.85966492E-03
   1.88732147E-03
   1.90639496E-03
   1.90734863E-03
   1.94168091E-03
   1.98841095E-03
   2.03132629E-03
   2.05230713E-03
   2.07042694E-03
   2.11238861E-03
   2.12669373E-03
   2.13623047E-03
   2.13813782E-03
   2.14862823E-03
   2.17819214E-03
   2.27546692E-03
   2.28786469E-03
   2.31170654E-03
   2.34985352E-03
   2.38704681E-03
   2.40421295E-03
   2.40516663E-03
   2.42233276E-03
   2.44045258E-03
   2.44712830E-03
   2.48432159E-03
   2.55680084E-03
   2.55966187E-03
   2.57778168E-03
   2.58064270E-03
   2.59876251E-03
   2.61878967E-03
   2.62165070E-03
   2.62546539E-03
   2.65789032E-03
   2.65789032E-03
   2.65979767E-03
   2.67028809E-03
   2.67219543E-03
   2.72464752E-03
   2.73704529E-03
   2.75325775E-03
   2.76184082E-03
   2.77137756E-03
   2.81047821E-03
   2.83908844E-03
   2.85625458E-03
   2.85816193E-03
   2.89249420E-03
   2.89821625E-03
   2.90298462E-03
   2.91442871E-03
   2.93922424E-03
   2.94399261E-03
   2.95066833E-03
   2.95829773E-03
   2.99167633E-03
   3.03840637E-03
   3.05080414E-03
   3.10134888E-03
   3.15666199E-03
   3.16524506E-03
   3.16715240E-03
   3.22055817E-03
   3.24535370E-03
   3.25202942E-03
   3.30162048E-03
   3.36742401E-03
   3.39221954E-03
   3.39603424E-03
   3.40366364E-03
   3.44657898E-03
   3.45325470E-03
   3.47137451E-03
   3.48567963E-03
   3.49044800E-03
   3.49330902E-03
   3.51524353E-03
   3.52478027E-03
   3.52954865E-03
   3.53813171E-03
   3.55434418E-03
   3.56864929E-03
   3.57246399E-03
   3.57627869E-03
   3.60870361E-03
   3.62682343E-03
   3.63731384E-03
   3.68785858E-03
   3.72314453E-03
   3.72600555E-03
   3.75175476E-03
   3.76224518E-03
   3.78417969E-03
   3.80325317E-03
   3.80706787E-03
   3.81278992E-03
   3.81946564E-03
   3.82232666E-03
   3.82900238E-03
   3.84044647E-03
   3.84807587E-03
   3.86810303E-03
   3.91101837E-03
   3.91292572E-03
   3.94058228E-03
   3.95774841E-03
   3.98254395E-03
   3.98445129E-03
   3.99494171E-03
   4.02832031E-03
   4.03022766E-03
   4.07505035E-03
   4.12082672E-03
   4.12845612E-03
   4.14657593E-03
   4.17232513E-03
   4.20379639E-03
   4.20951843E-03
   4.22668457E-03
   4.25148010E-03
   4.25338745E-03
   4.25529480E-03
   4.27341461E-03
   4.28867340E-03
   4.30870056E-03
   4.40502167E-03
   4.42790985E-03
   4.44793701E-03
   4.45652008E-03
   4.56809998E-03
   4.57763672E-03
   4.59480286E-03
   4.61483002E-03
   4.64439392E-03
   4.64534760E-03
   4.65869904E-03
   4.71401215E-03
   4.77123260E-03
   4.78172302E-03
   4.80651855E-03
   4.88567352E-03
   4.90856171E-03
   4.93335724E-03
   4.93907928E-03
   4.94003296E-03
   4.94480133E-03
   4.98104095E-03
   5.00011444E-03
   5.00583649E-03
   5.01155853E-03
   5.02300262E-03
   5.02872467E-03
   5.02967834E-03
   5.08785248E-03
   5.08975983E-03
   5.10406494E-03
   5.10501862E-03
   5.10787964E-03
   5.11074066E-03
   5.11264801E-03
   5.15937805E-03
   5.16223907E-03
   5.16510010E-03
   5.20896912E-03
   5.22041321E-03
   5.22041321E-03
   5.25283813E-03
   5.28621674E-03
   5.28621674E-03
   5.28812408E-03
   5.36346436E-03
   5.36632538E-03
   5.42736053E-03
   5.43498993E-03
   5.48839569E-03
   5.50079346E-03
   5.51700592E-03
   5.51986694E-03
   5.53035736E-03
   5.54561615E-03
   5.57041168E-03
   5.58376312E-03
   5.60569763E-03
   5.62191010E-03
   5.64193726E-03
   5.66291809E-03
   5.70392609E-03
   5.71918488E-03
   5.79261780E-03
   5.79452515E-03
   5.79643250E-03
   5.80883026E-03
   5.86223602E-03
   5.90419769E-03
   5.90896606E-03
   5.90991974E-03
   5.97953796E-03
   6.04915619E-03
   6.08539581E-03
   6.08825684E-03
   6.12163544E-03
   6.15310669E-03
   6.16645813E-03
   6.18457794E-03
   6.20651245E-03
   6.21223450E-03
   6.22081757E-03
   6.22272491E-03
   6.24179840E-03
   6.25705719E-03
   6.28185272E-03
   6.29711151E-03
   6.33430481E-03
   6.34098053E-03
   6.34193420E-03
   6.42585754E-03
   6.43062592E-03
   6.46495819E-03
   6.47735596E-03
   6.56223297E-03
   6.56604767E-03
   6.62040710E-03
   6.62612915E-03
   6.64615631E-03
   6.74915314E-03
   6.80160522E-03
   6.86359406E-03
   6.88743591E-03
   6.90269470E-03
   6.92749023E-03
   6.95133209E-03
   7.03620911E-03
   7.04956055E-03
   7.06100464E-03
   7.08007812E-03
   7.09342957E-03
   7.10964203E-03
   7.14969635E-03
   7.17639923E-03
   7.18212128E-03
   7.18498230E-03
   7.19070435E-03
   7.19547272E-03
   7.19833374E-03
   7.22217560E-03
   7.23934174E-03
   7.24124908E-03
   7.24506378E-03
   7.25364685E-03
   7.26413727E-03
   7.31658936E-03
   7.38048553E-03
   7.43675232E-03
   7.51018524E-03
   7.51495361E-03
   7.51495361E-03
   7.51590729E-03
   7.55691528E-03
   7.57408142E-03
   7.57789612E-03
   7.58552551E-03
   7.64846802E-03
   7.65228271E-03
   7.70378113E-03
   7.74097443E-03
   7.76481628E-03
   7.78102875E-03
   7.78102875E-03
   7.83157349E-03
   7.86018372E-03
   7.92217255E-03
   7.92884827E-03
   7.92980194E-03
   7.94410706E-03
   7.98130035E-03
   8.01467896E-03
   8.03756714E-03
   8.19873810E-03
   8.26168060E-03
   8.27980042E-03
   8.51154327E-03
   8.51440430E-03
   8.51535797E-03
   8.55731964E-03
   8.73470306E-03
   8.77952576E-03
   8.82434845E-03
   8.87966156E-03
   8.93115997E-03
   8.94260406E-03
   8.96644592E-03
   9.07802582E-03
   9.11045074E-03
   9.15718079E-03
   9.18960571E-03
   9.18960571E-03
   9.19342041E-03
   9.32216644E-03
   9.32502747E-03
   9.32979584E-03
   9.37938690E-03
   9.38892365E-03
   9.42420959E-03
   9.43470001E-03
   9.46044922E-03
   9.61399078E-03
   9.76657867E-03
   9.86099243E-03
   9.91344452E-03
   9.93442535E-03
   9.96303558E-03
   9.97734070E-03
   1.00545883E-02
   1.01480484E-02
   1.02100372E-02
   1.03921890E-02
   1.03998184E-02
   1.04503632E-02
   1.05085373E-02
   1.05304718E-02
   1.05905533E-02
   1.07584000E-02
   1.08909607E-02
   1.09167099E-02
   1.09624863E-02
   1.10063553E-02
   1.11360550E-02
   1.12552643E-02
   1.12791061E-02
   1.13506317E-02
   1.13744736E-02
   1.14479065E-02
   1.14564896E-02
   1.17101669E-02
   1.19066238E-02
   1.19495392E-02
   1.20420456E-02
   1.20468140E-02
   1.21049881E-02
   1.21717453E-02
   1.22566223E-02
   1.23558044E-02
   1.25141144E-02
   1.25465393E-02
   1.27449036E-02
   1.28488541E-02
   1.28641129E-02
   1.32036209E-02
   1.34944916E-02
   1.38711929E-02
   1.39408112E-02
   1.46198273E-02
   1.47657394E-02
   1.48954391E-02
   1.54285431E-02
   1.61695480E-02
   1.89094543E-02
   2.22263336E-02
   2.87599564E-02
   3.46822739E-02
