#Npts     Radius    Mag      Completeness
#  467 2997.5295  -11.568000 1.000000
# Ierr
  -3.85093689E-02
  -3.69520187E-02
  -3.44333649E-02
  -3.23877335E-02
  -3.08609009E-02
  -2.98910141E-02
  -2.89669037E-02
  -2.65846252E-02
  -2.64253616E-02
  -2.63290405E-02
  -2.59237289E-02
  -2.49099731E-02
  -2.44798660E-02
  -2.38780975E-02
  -2.33488083E-02
  -1.60198212E-02
  -1.59788132E-02
  -1.55401230E-02
  -1.55143738E-02
  -1.54657364E-02
  -1.53017044E-02
  -1.50871277E-02
  -1.49135590E-02
  -1.48763657E-02
  -1.47905350E-02
  -1.46598816E-02
  -1.35526657E-02
  -1.33905411E-02
  -1.29442215E-02
  -1.26514435E-02
  -1.21393204E-02
  -1.20601654E-02
  -1.16872787E-02
  -1.13687515E-02
  -1.09319687E-02
  -1.09167099E-02
  -1.07030869E-02
  -1.05705261E-02
  -1.04627609E-02
  -1.02872849E-02
  -1.01184845E-02
  -9.36508179E-03
  -9.33933258E-03
  -9.33647156E-03
  -9.23252106E-03
  -9.05704498E-03
  -9.04846191E-03
  -8.96739960E-03
  -8.87966156E-03
  -8.79669189E-03
  -8.60595703E-03
  -8.60595703E-03
  -8.50009918E-03
  -8.49533081E-03
  -8.37802887E-03
  -8.35132599E-03
  -8.34560394E-03
  -8.34465027E-03
  -8.24928284E-03
  -7.86209106E-03
  -7.77816772E-03
  -7.75718689E-03
  -7.72762299E-03
  -7.65228271E-03
  -7.62271881E-03
  -7.52353668E-03
  -7.50541687E-03
  -7.50350952E-03
  -7.42244720E-03
  -7.40242004E-03
  -7.36713409E-03
  -7.35855103E-03
  -7.24411011E-03
  -7.24315643E-03
  -7.19547272E-03
  -7.09724426E-03
  -7.05337524E-03
  -7.00569153E-03
  -6.99520111E-03
  -6.95228577E-03
  -6.85501099E-03
  -6.82353973E-03
  -6.80065155E-03
  -6.77585602E-03
  -6.75010681E-03
  -6.73484802E-03
  -6.58893585E-03
  -6.51454926E-03
  -6.49166107E-03
  -6.38771057E-03
  -6.37435913E-03
  -6.34002686E-03
  -6.33239746E-03
  -6.22844696E-03
  -6.21223450E-03
  -6.15024567E-03
  -6.06441498E-03
  -5.98812103E-03
  -5.72299957E-03
  -5.70487976E-03
  -5.62095642E-03
  -5.58185577E-03
  -5.55229187E-03
  -5.48744202E-03
  -5.31291962E-03
  -5.30242920E-03
  -5.27858734E-03
  -5.24425507E-03
  -5.18894196E-03
  -5.17463684E-03
  -5.16128540E-03
  -5.15937805E-03
  -5.13362885E-03
  -4.93907928E-03
  -4.93049622E-03
  -4.86278534E-03
  -4.80461121E-03
  -4.79030609E-03
  -4.77123260E-03
  -4.60624695E-03
  -4.59384918E-03
  -4.58812714E-03
  -4.54521179E-03
  -4.48703766E-03
  -4.29153442E-03
  -4.23908234E-03
  -4.21047211E-03
  -4.17804718E-03
  -4.17423248E-03
  -4.12368774E-03
  -4.10461426E-03
  -4.10270691E-03
  -4.08554077E-03
  -4.06455994E-03
  -4.04644012E-03
  -4.03499603E-03
  -3.91674042E-03
  -3.87287140E-03
  -3.84712219E-03
  -3.81469727E-03
  -3.77082825E-03
  -3.76415253E-03
  -3.74221802E-03
  -3.56483459E-03
  -3.55339050E-03
  -3.49140167E-03
  -3.40270996E-03
  -3.38268280E-03
  -3.27682495E-03
  -3.18622589E-03
  -3.16619873E-03
  -3.04126740E-03
  -3.00884247E-03
  -3.00025940E-03
  -2.99263000E-03
  -2.97164917E-03
  -2.88772583E-03
  -2.81620026E-03
  -2.69603729E-03
  -2.60353088E-03
  -2.59304047E-03
  -2.51007080E-03
  -2.49385834E-03
  -2.44522095E-03
  -2.42328644E-03
  -2.41374969E-03
  -2.33364105E-03
  -2.31838226E-03
  -2.29263306E-03
  -2.27642059E-03
  -2.24399567E-03
  -2.24399567E-03
  -2.21157074E-03
  -2.20489502E-03
  -2.18582153E-03
  -2.16865540E-03
  -2.15625763E-03
  -2.07519531E-03
  -2.06851959E-03
  -2.04658508E-03
  -2.03704834E-03
  -1.99031830E-03
  -1.94358826E-03
  -1.87683105E-03
  -1.81961060E-03
  -1.70898438E-03
  -1.69944763E-03
  -1.69467926E-03
  -1.53827667E-03
  -1.48773193E-03
  -1.47724152E-03
  -1.47056580E-03
  -1.42955780E-03
  -1.36756897E-03
  -1.27601624E-03
  -1.18827820E-03
  -1.11675262E-03
  -1.07383728E-03
  -1.01375580E-03
  -9.68933105E-04
  -9.65118408E-04
  -8.60214233E-04
  -8.53538513E-04
  -7.98225403E-04
  -7.72476196E-04
  -7.64846802E-04
  -7.43865967E-04
  -7.34329224E-04
  -7.08580017E-04
  -6.99996948E-04
  -6.38961792E-04
  -6.35147095E-04
  -6.19888306E-04
  -6.18934631E-04
  -6.15119934E-04
  -5.25474548E-04
  -5.04493713E-04
  -4.79698181E-04
  -4.03404236E-04
  -4.00543213E-04
  -3.94821167E-04
  -3.81469727E-04
  -3.80516052E-04
  -3.64303589E-04
  -3.63349915E-04
  -3.49998474E-04
  -3.01361084E-04
  -2.88963318E-04
  -2.43186951E-04
  -2.42233276E-04
  -2.24113464E-04
  -1.31607056E-04
  -9.53674316E-05
  -6.67572021E-06
  -2.86102295E-06
   2.67028809E-05
   6.96182251E-05
   1.08718872E-04
   1.40190125E-04
   2.10762024E-04
   2.44140625E-04
   2.60353088E-04
   2.91824341E-04
   3.38554382E-04
   4.56809998E-04
   4.99725342E-04
   5.07354736E-04
   5.34057617E-04
   5.35964966E-04
   5.52177429E-04
   6.01768494E-04
   6.15119934E-04
   6.99043274E-04
   7.30514526E-04
   7.38143921E-04
   7.78198242E-04
   7.92503357E-04
   8.00132751E-04
   8.13484192E-04
   8.49723816E-04
   8.97407532E-04
   9.55581665E-04
   9.72747803E-04
   1.01757050E-03
   1.06048584E-03
   1.06525421E-03
   1.08146667E-03
   1.11293793E-03
   1.20067596E-03
   1.21021271E-03
   1.27410889E-03
   1.28459930E-03
   1.31511688E-03
   1.34181976E-03
   1.34563446E-03
   1.44958496E-03
   1.48010254E-03
   1.48391724E-03
   1.48963928E-03
   1.51824951E-03
   1.52778625E-03
   1.55735016E-03
   1.63555145E-03
   1.65653229E-03
   1.66320801E-03
   1.66606903E-03
   1.82151794E-03
   1.82819366E-03
   1.86252594E-03
   1.87015533E-03
   1.87206268E-03
   1.88446045E-03
   1.89971924E-03
   1.90830231E-03
   1.92642212E-03
   1.94644928E-03
   1.95789337E-03
   2.01034546E-03
   2.01797485E-03
   2.04944611E-03
   2.05993652E-03
   2.06661224E-03
   2.08663940E-03
   2.10571289E-03
   2.11715698E-03
   2.15053558E-03
   2.16960907E-03
   2.19249725E-03
   2.19631195E-03
   2.21347809E-03
   2.21729279E-03
   2.24113464E-03
   2.26402283E-03
   2.30216980E-03
   2.32028961E-03
   2.43186951E-03
   2.46238708E-03
   2.50911713E-03
   2.51483917E-03
   2.59780884E-03
   2.76470184E-03
   2.78472900E-03
   2.79235840E-03
   2.82001495E-03
   2.85530090E-03
   2.86102295E-03
   2.86102295E-03
   2.86960602E-03
   2.97164917E-03
   3.02696228E-03
   3.06224823E-03
   3.10039520E-03
   3.10134888E-03
   3.11279297E-03
   3.21102142E-03
   3.25012207E-03
   3.28063965E-03
   3.28540802E-03
   3.34739685E-03
   3.56578827E-03
   3.58104706E-03
   3.71360779E-03
   3.74698639E-03
   3.76319885E-03
   3.77273560E-03
   3.84807587E-03
   3.85284424E-03
   3.89862061E-03
   4.00733948E-03
   4.01878357E-03
   4.06169891E-03
   4.09317017E-03
   4.14371490E-03
   4.14848328E-03
   4.14943695E-03
   4.15897369E-03
   4.27436829E-03
   4.27627563E-03
   4.31156158E-03
   4.33349609E-03
   4.39548492E-03
   4.46796417E-03
   4.52804565E-03
   4.53567505E-03
   4.55379486E-03
   4.61673737E-03
   4.62436676E-03
   4.63294983E-03
   4.65965271E-03
   4.66537476E-03
   4.69303131E-03
   4.85038757E-03
   4.89425659E-03
   5.00774384E-03
   5.02777100E-03
   5.02967834E-03
   5.03921509E-03
   5.08975983E-03
   5.08975983E-03
   5.16414642E-03
   5.16796112E-03
   5.17654419E-03
   5.17845154E-03
   5.18703461E-03
   5.19466400E-03
   5.20515442E-03
   5.25093079E-03
   5.28144836E-03
   5.30338287E-03
   5.35106659E-03
   5.41591644E-03
   5.44261932E-03
   5.48744202E-03
   5.50174713E-03
   5.54370880E-03
   5.57994843E-03
   5.59139252E-03
   5.80596924E-03
   5.83744049E-03
   5.84411621E-03
   5.84983826E-03
   5.85842133E-03
   5.88989258E-03
   5.90419769E-03
   5.94997406E-03
   5.97000122E-03
   6.14356995E-03
   6.15978241E-03
   6.17504120E-03
   6.21795654E-03
   6.30092621E-03
   6.68621063E-03
   6.77585602E-03
   6.80255890E-03
   7.09819794E-03
   7.12966919E-03
   7.14111328E-03
   7.23361969E-03
   7.27844238E-03
   7.31086731E-03
   7.34615326E-03
   7.43865967E-03
   7.50446320E-03
   7.70378113E-03
   7.91263580E-03
   8.09192657E-03
   8.15010071E-03
   8.25214386E-03
   8.43715668E-03
   8.54873657E-03
   8.54969025E-03
   8.69560242E-03
   8.82625580E-03
   8.84723663E-03
   8.90064240E-03
   9.08184052E-03
   9.19246674E-03
   9.22298431E-03
   9.30404663E-03
   9.36412811E-03
   9.38606262E-03
   9.75990295E-03
   9.87434387E-03
   9.87529755E-03
   9.94491577E-03
   9.99641418E-03
   1.00393295E-02
   1.01213455E-02
   1.01642609E-02
   1.02682114E-02
   1.03588104E-02
   1.08871460E-02
   1.10712051E-02
   1.17759705E-02
   1.19628906E-02
   1.20182037E-02
   1.24244690E-02
   1.25932693E-02
   1.36232376E-02
   1.44014359E-02
   1.44767761E-02
   1.70192719E-02
   1.92756653E-02
   2.00405121E-02
   2.67896652E-02
   2.94246674E-02
   3.25717926E-02
