#Npts     Radius    Mag      Completeness
#   39 1708.5917  -13.497000 1.000000
# Ierr
  -8.81385803E-03
  -8.65554810E-03
  -6.81591034E-03
  -6.56414032E-03
  -6.22463226E-03
  -5.88893890E-03
  -5.70297241E-03
  -5.49125671E-03
  -4.98294830E-03
  -4.77027893E-03
  -3.69358063E-03
  -3.45802307E-03
  -3.19766998E-03
  -2.85720825E-03
  -2.70462036E-03
  -2.52532959E-03
  -2.49290466E-03
  -2.46143341E-03
  -1.96456909E-03
  -1.15871429E-03
  -1.14536285E-03
  -9.84191895E-04
  -6.85691833E-04
  -4.85420227E-04
  -4.00543213E-04
   1.54495239E-03
   2.38037109E-03
   2.44140625E-03
   2.49004364E-03
   3.27301025E-03
   3.52096558E-03
   3.73744965E-03
   3.85570526E-03
   4.03976440E-03
   5.04970551E-03
   5.52177429E-03
   6.80637360E-03
   8.50009918E-03
   2.73857117E-02
