#Npts     Radius    Mag      Completeness
#   32  659.4565  -13.497000 1.000000
# Ierr
  -1.24483109E-02
  -6.25991821E-03
  -5.84697723E-03
  -4.67395782E-03
  -4.36019897E-03
  -4.24194336E-03
  -3.27491760E-03
  -3.01551819E-03
  -2.92110443E-03
  -2.42614746E-03
  -2.26020813E-03
  -1.85298920E-03
  -1.58977509E-03
  -8.08715820E-04
  -5.35964966E-04
   3.06129456E-04
   6.68525696E-04
   2.24876404E-03
   2.44808197E-03
   2.92682648E-03
   3.31020355E-03
   3.47709656E-03
   3.69930267E-03
   4.00257111E-03
   4.18663025E-03
   4.27627563E-03
   4.75883484E-03
   5.23948669E-03
   7.12680817E-03
   8.14723969E-03
   9.29832458E-03
   1.18980408E-02
