#Npts     Radius    Mag      Completeness
#  159 2997.5295  -15.002143 1.000000
# Ierr
  -1.82294846E-02
  -1.79929733E-02
  -1.14660263E-02
  -1.05752945E-02
  -8.98361206E-03
  -8.72230530E-03
  -8.43811035E-03
  -7.45296478E-03
  -7.15351105E-03
  -6.77299500E-03
  -6.50882721E-03
  -6.46114349E-03
  -6.13880157E-03
  -5.84506989E-03
  -5.74398041E-03
  -5.50460815E-03
  -5.10025024E-03
  -4.89425659E-03
  -4.65965271E-03
  -4.35829163E-03
  -4.26673889E-03
  -4.21905518E-03
  -4.18090820E-03
  -4.15039062E-03
  -4.13799286E-03
  -4.13513184E-03
  -4.10556793E-03
  -4.07695770E-03
  -4.05883789E-03
  -3.66306305E-03
  -3.38077545E-03
  -3.19957733E-03
  -3.13472748E-03
  -3.05843353E-03
  -3.01074982E-03
  -3.00407410E-03
  -2.89440155E-03
  -2.83050537E-03
  -2.82573700E-03
  -2.81047821E-03
  -2.59304047E-03
  -2.51007080E-03
  -2.48908997E-03
  -2.25830078E-03
  -2.00176239E-03
  -1.91879272E-03
  -1.83677673E-03
  -1.80721283E-03
  -1.52111053E-03
  -1.51443481E-03
  -1.34658813E-03
  -1.18064880E-03
  -1.11103058E-03
  -1.09672546E-03
  -1.07002258E-03
  -9.92774963E-04
  -8.90731812E-04
  -8.88824463E-04
  -8.55445862E-04
  -8.07762146E-04
  -6.65664673E-04
  -5.89370728E-04
  -5.29289246E-04
  -4.91142273E-04
  -4.19616699E-04
  -4.08172607E-04
  -2.62260437E-04
  -1.61170959E-04
  -7.91549683E-05
   7.24792480E-05
   8.39233398E-05
   2.53677368E-04
   3.17573547E-04
   3.56674194E-04
   3.90052795E-04
   3.99589539E-04
   4.09126282E-04
   4.69207764E-04
   6.37054443E-04
   6.39915466E-04
   7.15255737E-04
   7.15255737E-04
   7.26699829E-04
   7.47680664E-04
   7.62939453E-04
   7.89642334E-04
   9.00268555E-04
   9.14573669E-04
   1.20925903E-03
   1.22451782E-03
   1.22451782E-03
   1.44100189E-03
   1.57928467E-03
   1.65176392E-03
   1.94358826E-03
   1.99413300E-03
   2.25639343E-03
   2.28786469E-03
   2.31933594E-03
   2.36511230E-03
   2.48146057E-03
   2.56347656E-03
   2.64835358E-03
   2.67124176E-03
   2.99644470E-03
   3.00884247E-03
   3.08799744E-03
   3.11565399E-03
   3.27205658E-03
   3.62682343E-03
   3.65734100E-03
   3.69358063E-03
   3.86619568E-03
   3.97109985E-03
   4.04071808E-03
   4.22763824E-03
   4.29153442E-03
   4.30583954E-03
   4.35066223E-03
   4.50038910E-03
   4.66060638E-03
   4.68921661E-03
   4.96006012E-03
   4.99439240E-03
   5.01537323E-03
   5.02872467E-03
   5.09452820E-03
   5.09929657E-03
   5.18226624E-03
   5.32817841E-03
   5.34915924E-03
   5.38539886E-03
   5.39684296E-03
   5.41782379E-03
   5.42831421E-03
   5.49888611E-03
   5.57994843E-03
   5.61428070E-03
   5.74684143E-03
   5.84888458E-03
   6.01387024E-03
   6.38008118E-03
   6.40201569E-03
   6.58226013E-03
   6.79016113E-03
   6.90269470E-03
   6.92272186E-03
   6.93702698E-03
   7.53879547E-03
   7.72476196E-03
   7.87734985E-03
   8.76808167E-03
   9.06276703E-03
   9.12284851E-03
   9.84096527E-03
   1.02577209E-02
   1.09891891E-02
   1.89666748E-02
   2.98566818E-02
