#Npts     Radius    Mag      Completeness
#   37 1918.4187  -13.497000 1.000000
# Ierr
  -1.28297806E-02
  -8.49151611E-03
  -7.33661652E-03
  -6.63566589E-03
  -6.30950928E-03
  -6.13880157E-03
  -6.11877441E-03
  -5.82122803E-03
  -5.37300110E-03
  -4.66918945E-03
  -4.35543060E-03
  -4.24098969E-03
  -4.06646729E-03
  -3.45230103E-03
  -3.38745117E-03
  -3.29303741E-03
  -3.01837921E-03
  -3.00693512E-03
  -2.72941589E-03
  -2.30598450E-03
  -1.96456909E-03
  -1.75380707E-03
  -1.02138519E-03
  -9.96589661E-04
  -6.09397888E-04
   4.03404236E-04
   1.04331970E-03
   1.09100342E-03
   1.11865997E-03
   1.91307068E-03
   2.45571136E-03
   2.63404846E-03
   2.96401978E-03
   3.37982178E-03
   4.43077087E-03
   6.06822968E-03
   6.26468658E-03
