#Npts     Radius    Mag      Completeness
#  208  869.2836  -11.568000 1.000000
# Ierr
  -3.73525620E-02
  -3.69815826E-02
  -3.31420898E-02
  -3.22389603E-02
  -3.21283340E-02
  -3.16286087E-02
  -1.80139542E-02
  -1.03616714E-02
  -9.34410095E-03
  -8.48293304E-03
  -8.40091705E-03
  -8.00132751E-03
  -6.74819946E-03
  -6.73198700E-03
  -6.64997101E-03
  -5.78308105E-03
  -5.31101227E-03
  -4.78267670E-03
  -4.65869904E-03
  -3.97014618E-03
  -3.54671478E-03
  -3.50856781E-03
  -3.50284576E-03
  -3.21960449E-03
  -2.91156769E-03
  -2.85434723E-03
  -2.60829926E-03
  -2.49958038E-03
  -2.33745575E-03
  -2.27928162E-03
  -2.24399567E-03
  -2.21824646E-03
  -2.12192535E-03
  -1.76715851E-03
  -1.62124634E-03
  -1.61552429E-03
  -1.59740448E-03
  -1.58214569E-03
  -1.45149231E-03
  -1.43146515E-03
  -1.34754181E-03
  -1.33323669E-03
  -1.27601624E-03
  -1.26934052E-03
  -1.19209290E-03
  -9.41276550E-04
  -9.33647156E-04
  -9.26017761E-04
  -8.09669495E-04
  -7.37190247E-04
  -7.29560852E-04
  -6.53266907E-04
  -5.81741333E-04
  -5.06401062E-04
  -3.89099121E-04
  -2.30789185E-04
  -1.95503235E-04
  -1.81198120E-04
  -1.02996826E-04
   4.57763672E-05
   5.62667847E-05
   5.72204590E-05
   9.15527344E-05
   1.07765198E-04
   2.16484070E-04
   3.06129456E-04
   3.14712524E-04
   4.35829163E-04
   4.77790833E-04
   5.95092773E-04
   8.37326050E-04
   9.01222229E-04
   9.82284546E-04
   1.22737885E-03
   1.24168396E-03
   1.30081177E-03
   1.43909454E-03
   1.52969360E-03
   1.53827667E-03
   1.57070160E-03
   1.77288055E-03
   1.77955627E-03
   1.78909302E-03
   1.80625916E-03
   1.83296204E-03
   1.87110901E-03
   1.93595886E-03
   1.97124481E-03
   1.97410583E-03
   2.03323364E-03
   2.09903717E-03
   2.20680237E-03
   2.21157074E-03
   2.23255157E-03
   2.44235992E-03
   2.46620178E-03
   2.49862671E-03
   2.60448456E-03
   2.71415710E-03
   2.73036957E-03
   2.83432007E-03
   2.85243988E-03
   2.86102295E-03
   2.91538239E-03
   2.96783447E-03
   2.96878815E-03
   3.05080414E-03
   3.07941437E-03
   3.13568115E-03
   3.20911407E-03
   3.21388245E-03
   3.31211090E-03
   3.39889526E-03
   3.43322754E-03
   3.45897675E-03
   3.62586975E-03
   3.69453430E-03
   3.71742249E-03
   3.75080109E-03
   3.77368927E-03
   3.77464294E-03
   3.83377075E-03
   3.89671326E-03
   4.02450562E-03
   4.08649445E-03
   4.12654877E-03
   4.28676605E-03
   4.52899933E-03
   4.58049774E-03
   4.58526611E-03
   4.66442108E-03
   4.77409363E-03
   4.79888916E-03
   4.89234924E-03
   4.93717194E-03
   5.02014160E-03
   5.11360168E-03
   5.14984131E-03
   5.41019440E-03
   5.58376312E-03
   5.61237335E-03
   5.68008423E-03
   5.75160980E-03
   5.81836700E-03
   5.83744049E-03
   5.88417053E-03
   6.07776642E-03
   6.11686707E-03
   6.19411469E-03
   6.23226166E-03
   6.23893738E-03
   6.44016266E-03
   6.45256042E-03
   6.46400452E-03
   6.53743744E-03
   6.54506683E-03
   6.56700134E-03
   6.66809082E-03
   6.69860840E-03
   6.81304932E-03
   7.12585449E-03
   7.28702545E-03
   7.54261017E-03
   7.68566132E-03
   7.77721405E-03
   7.83920288E-03
   7.85350800E-03
   7.92121887E-03
   8.18538666E-03
   8.21304321E-03
   8.24069977E-03
   8.24260712E-03
   8.50009918E-03
   8.79573822E-03
   8.88538361E-03
   9.02080536E-03
   9.15145874E-03
   9.19437408E-03
   9.26494598E-03
   9.54818726E-03
   9.77802277E-03
   9.91725922E-03
   9.92202759E-03
   1.00955963E-02
   1.01642609E-02
   1.02472305E-02
   1.04618073E-02
   1.04751587E-02
   1.04837418E-02
   1.05152130E-02
   1.09233856E-02
   1.11398697E-02
   1.12400055E-02
   1.12457275E-02
   1.16758347E-02
   1.18045807E-02
   1.23376846E-02
   1.25856400E-02
   1.26132965E-02
   1.38769150E-02
   1.41525269E-02
   1.43089294E-02
   1.43775940E-02
   1.45244598E-02
   1.46331787E-02
   1.54247284E-02
   1.73444748E-02
   1.84278488E-02
