#Npts     Radius    Mag      Completeness
#   29  869.2836  -13.497000 1.000000
# Ierr
  -1.44376755E-02
  -9.41658020E-03
  -7.99751282E-03
  -6.14643097E-03
  -6.12735748E-03
  -6.01196289E-03
  -5.71632385E-03
  -5.33676147E-03
  -4.97817993E-03
  -4.26387787E-03
  -4.12368774E-03
  -1.31511688E-03
  -8.69750977E-04
  -8.56399536E-04
   6.19888306E-04
   8.03947449E-04
   2.25543976E-03
   2.33364105E-03
   2.90489197E-03
   4.22763824E-03
   4.30583954E-03
   5.42831421E-03
   6.36768341E-03
   9.75799561E-03
   1.09519958E-02
   1.12657547E-02
   1.15709305E-02
   1.61409378E-02
   2.63195038E-02
