#Npts     Radius    Mag      Completeness
#  104  449.6295  -12.211000 1.000000
# Ierr
  -3.18412781E-02
  -3.11765671E-02
  -2.83041000E-02
  -2.49013901E-02
  -2.39858627E-02
  -2.25954056E-02
  -2.01377869E-02
  -2.00099945E-02
  -1.51987076E-02
  -1.07069016E-02
  -9.92870331E-03
  -9.09233093E-03
  -8.65840912E-03
  -8.07476044E-03
  -7.16209412E-03
  -6.59275055E-03
  -6.53266907E-03
  -5.61046600E-03
  -5.55610657E-03
  -5.32341003E-03
  -5.30815125E-03
  -4.80842590E-03
  -4.25148010E-03
  -3.80229950E-03
  -3.65638733E-03
  -2.35080719E-03
  -2.17342377E-03
  -1.86347961E-03
  -1.62887573E-03
  -1.46198273E-03
  -1.38092041E-03
  -1.33800507E-03
  -1.13105774E-03
  -1.09672546E-03
  -8.80241394E-04
  -8.40187073E-04
  -7.89642334E-04
  -6.40869141E-04
  -5.31196594E-04
  -5.30242920E-04
  -5.30242920E-04
  -3.42369080E-04
  -1.56402588E-04
  -1.00135803E-04
  -7.62939453E-05
  -5.91278076E-05
  -1.23977661E-05
   5.91278076E-05
   2.15530396E-04
   2.47001648E-04
   2.99453735E-04
   4.07218933E-04
   4.15802002E-04
   5.55992126E-04
   6.20841980E-04
   9.92774963E-04
   9.95635986E-04
   1.00517273E-03
   1.15108490E-03
   1.26361847E-03
   1.45816803E-03
   1.48773193E-03
   1.51920319E-03
   1.76620483E-03
   1.99127197E-03
   2.13432312E-03
   2.13432312E-03
   2.30884552E-03
   2.60734558E-03
   2.61211395E-03
   2.65693665E-03
   2.83908844E-03
   2.87532806E-03
   3.08990479E-03
   3.10230255E-03
   3.20434570E-03
   3.28922272E-03
   3.41224670E-03
   3.68309021E-03
   4.00257111E-03
   4.00447845E-03
   4.02927399E-03
   4.09126282E-03
   4.12940979E-03
   4.45938110E-03
   4.50706482E-03
   5.06782532E-03
   5.18226624E-03
   5.25665283E-03
   5.35106659E-03
   5.39875031E-03
   6.51931763E-03
   6.59179688E-03
   6.61849976E-03
   6.67667389E-03
   6.80541992E-03
   6.95896149E-03
   7.25746155E-03
   7.53116608E-03
   8.10623169E-03
   1.14927292E-02
   1.77221298E-02
   3.33003998E-02
   3.53384018E-02
