#Npts     Radius    Mag      Completeness
#  122 2128.2458  -12.854000 1.000000
# Ierr
  -2.61631012E-02
  -1.81579590E-02
  -1.80892944E-02
  -1.79929733E-02
  -1.49078369E-02
  -1.40628815E-02
  -1.30414963E-02
  -1.20859146E-02
  -1.14192963E-02
  -1.04293823E-02
  -9.86957550E-03
  -9.34600830E-03
  -8.35418701E-03
  -7.54356384E-03
  -7.21931458E-03
  -5.93471527E-03
  -5.10025024E-03
  -4.94766235E-03
  -4.94670868E-03
  -4.72640991E-03
  -4.61769104E-03
  -4.12082672E-03
  -4.08554077E-03
  -4.07695770E-03
  -3.65447998E-03
  -3.61347198E-03
  -2.93159485E-03
  -2.47573853E-03
  -2.42137909E-03
  -2.13336945E-03
  -1.76525116E-03
  -1.24740601E-03
  -1.11103058E-03
  -1.03378296E-03
  -6.65664673E-04
  -5.72204590E-04
  -5.59806824E-04
  -4.81605530E-04
  -4.38690186E-04
  -1.42097473E-04
  -2.95639038E-05
   1.14440918E-05
   1.21116638E-04
   2.22206116E-04
   3.30924988E-04
   4.59671021E-04
   5.16891479E-04
   5.25474548E-04
   6.58035278E-04
   6.65664673E-04
   7.26699829E-04
   1.00994110E-03
   1.01470947E-03
   1.08432770E-03
   1.18541718E-03
   1.21974945E-03
   1.36184692E-03
   1.42955780E-03
   1.45435333E-03
   1.46389008E-03
   1.87873840E-03
   1.90544128E-03
   1.92356110E-03
   1.94358826E-03
   1.95312500E-03
   1.95789337E-03
   1.97219849E-03
   2.12383270E-03
   2.19535828E-03
   2.38132477E-03
   2.40039825E-03
   2.41851807E-03
   2.48146057E-03
   2.73227692E-03
   3.11565399E-03
   3.46183777E-03
   3.53813171E-03
   3.56101990E-03
   3.56674194E-03
   3.58200073E-03
   3.61347198E-03
   3.89766693E-03
   4.01115417E-03
   4.04071808E-03
   4.21047211E-03
   4.35543060E-03
   4.38404083E-03
   4.40216064E-03
   4.46319580E-03
   4.47463989E-03
   4.56142426E-03
   4.56714630E-03
   4.91809845E-03
   4.95243073E-03
   5.01441956E-03
   5.06687164E-03
   5.11550903E-03
   5.18894196E-03
   5.29861450E-03
   5.32817841E-03
   5.40351868E-03
   5.54847717E-03
   5.61428070E-03
   5.94711304E-03
   5.99765778E-03
   6.08921051E-03
   6.15406036E-03
   6.27708435E-03
   6.37340546E-03
   6.39057159E-03
   6.52790070E-03
   6.87313080E-03
   6.92272186E-03
   6.93702698E-03
   8.02612305E-03
   8.23593140E-03
   8.78143311E-03
   9.24682617E-03
   1.02577209E-02
   1.09815598E-02
   2.29978561E-02
   3.89776230E-02
