#Npts     Radius    Mag      Completeness
#   83  449.6295  -12.889999 1.000000
# Verr
  -3.60994339E-02
  -3.45182419E-02
  -1.91822052E-02
  -1.68809891E-02
  -1.58843994E-02
  -9.54437256E-03
  -9.46617126E-03
  -8.42571259E-03
  -8.29696655E-03
  -7.92980194E-03
  -7.90405273E-03
  -7.86399841E-03
  -7.31086731E-03
  -7.11059570E-03
  -6.95991516E-03
  -6.92749023E-03
  -6.90364838E-03
  -6.84833527E-03
  -6.80637360E-03
  -5.65910339E-03
  -5.51605225E-03
  -5.50460815E-03
  -5.49221039E-03
  -5.41210175E-03
  -5.40065765E-03
  -5.10597229E-03
  -5.08689880E-03
  -4.96864319E-03
  -4.90760803E-03
  -4.68540192E-03
  -4.66918945E-03
  -4.45270538E-03
  -4.44126129E-03
  -4.42981720E-03
  -4.42886353E-03
  -4.42409515E-03
  -4.41551208E-03
  -3.89385223E-03
  -3.74603271E-03
  -3.62777710E-03
  -3.44562531E-03
  -3.42369080E-03
  -3.37505341E-03
  -3.09658051E-03
  -2.98023224E-03
  -2.66456604E-03
  -2.53391266E-03
  -2.46715546E-03
  -2.39562988E-03
  -2.24685669E-03
  -2.10285187E-03
  -1.96933746E-03
  -1.94644928E-03
  -1.92356110E-03
  -1.88159943E-03
  -1.86252594E-03
  -1.78813934E-03
  -1.76811218E-03
  -1.52397156E-03
  -1.38092041E-03
  -1.37233734E-03
  -8.84056091E-04
  -5.75065613E-04
  -4.87327576E-04
  -4.81605530E-04
   1.04904175E-05
   2.57492065E-05
   1.52587891E-04
   1.32369995E-03
   1.37901306E-03
   1.70421600E-03
   1.80912018E-03
   2.30789185E-03
   2.32791901E-03
   3.58963013E-03
   4.41265106E-03
   6.92558289E-03
   7.88497925E-03
   8.63933563E-03
   9.05609131E-03
   1.41763687E-02
   1.66044235E-02
   1.78403854E-02
