#Npts     Radius    Mag      Completeness
#  173  869.2836  -11.700000 1.000000
# Verr
  -1.51691437E-02
  -1.43861771E-02
  -1.21374130E-02
  -1.16424561E-02
  -1.14269257E-02
  -1.13277435E-02
  -1.12924576E-02
  -1.12552643E-02
  -1.11904144E-02
  -1.01747513E-02
  -9.59110260E-03
  -9.29069519E-03
  -9.05132294E-03
  -8.86631012E-03
  -8.80432129E-03
  -8.50868225E-03
  -8.33988190E-03
  -8.25309753E-03
  -8.15677643E-03
  -7.98606873E-03
  -7.98320770E-03
  -7.93838501E-03
  -7.82299042E-03
  -7.70854950E-03
  -7.43770599E-03
  -7.40146637E-03
  -7.07244873E-03
  -6.94847107E-03
  -6.85787201E-03
  -6.68621063E-03
  -6.62803650E-03
  -6.47258759E-03
  -6.24847412E-03
  -6.14261627E-03
  -5.92708588E-03
  -5.90896606E-03
  -5.79357147E-03
  -5.76782227E-03
  -5.67817688E-03
  -5.67340851E-03
  -5.51223755E-03
  -5.49507141E-03
  -5.34534454E-03
  -5.04684448E-03
  -4.91237640E-03
  -4.50325012E-03
  -4.37927246E-03
  -4.37164307E-03
  -4.36401367E-03
  -4.28676605E-03
  -4.27436829E-03
  -4.27246094E-03
  -4.18472290E-03
  -4.12940979E-03
  -4.12368774E-03
  -4.03976440E-03
  -3.91578674E-03
  -3.89194489E-03
  -3.77082825E-03
  -3.40938568E-03
  -3.35597992E-03
  -2.93064117E-03
  -2.92110443E-03
  -2.80570984E-03
  -2.70557404E-03
  -2.61783600E-03
  -2.39658356E-03
  -2.28977203E-03
  -2.25925446E-03
  -2.04944611E-03
  -2.04467773E-03
  -2.01988220E-03
  -1.98841095E-03
  -1.83963776E-03
  -1.74617767E-03
  -1.69754028E-03
  -1.63936615E-03
  -1.60884857E-03
  -1.55353546E-03
  -1.51634216E-03
  -1.51062012E-03
  -1.47056580E-03
  -1.44386292E-03
  -1.28555298E-03
  -1.16729736E-03
  -1.10912323E-03
  -1.02806091E-03
  -1.01757050E-03
  -9.88960266E-04
  -9.72747803E-04
  -8.12530518E-04
  -6.88552856E-04
  -5.56945801E-04
  -5.44548035E-04
  -4.56809998E-04
  -3.83377075E-04
  -3.74794006E-04
  -3.63349915E-04
  -1.81198120E-04
  -8.67843628E-05
  -5.62667847E-05
   1.52587891E-05
   3.91006470E-05
   4.86373901E-05
   7.43865967E-05
   2.05993652E-04
   2.29835510E-04
   2.34603882E-04
   4.60624695E-04
   4.79698181E-04
   5.26428223E-04
   7.61985779E-04
   8.23974609E-04
   9.94682312E-04
   1.02996826E-03
   1.12915039E-03
   1.14059448E-03
   1.17683411E-03
   1.38759613E-03
   1.43909454E-03
   1.58214569E-03
   1.62887573E-03
   1.66606903E-03
   1.70326233E-03
   1.79862976E-03
   1.90925598E-03
   1.97696686E-03
   2.07042694E-03
   2.15625763E-03
   2.17342377E-03
   2.36606598E-03
   2.45761871E-03
   2.48432159E-03
   2.61878967E-03
   2.62451172E-03
   2.72369385E-03
   2.78663635E-03
   2.98309326E-03
   3.03936005E-03
   3.08990479E-03
   3.14617157E-03
   3.21102142E-03
   3.23581696E-03
   3.35884094E-03
   3.45325470E-03
   3.49044800E-03
   3.59630585E-03
   3.69358063E-03
   3.96728516E-03
   4.01306152E-03
   4.09507751E-03
   4.37736511E-03
   4.61101532E-03
   4.87327576E-03
   4.92477417E-03
   5.13172150E-03
   5.96523285E-03
   6.44493103E-03
   6.95991516E-03
   7.74860382E-03
   8.06331635E-03
   8.79573822E-03
   9.35363770E-03
   9.58156586E-03
   1.03712082E-02
   1.15089417E-02
   1.77669525E-02
   3.00931931E-02
   3.10277939E-02
   3.15828323E-02
   3.23162079E-02
   3.54433060E-02
   3.62920761E-02
