#Npts     Radius    Mag      Completeness
#   73 2997.5295  -13.485000 1.000000
# Verr
  -2.30073929E-02
  -1.24616623E-02
  -1.13477707E-02
  -1.02052689E-02
  -8.35418701E-03
  -8.03375244E-03
  -7.32994080E-03
  -6.68907166E-03
  -6.58893585E-03
  -6.54220581E-03
  -6.49356842E-03
  -6.26754761E-03
  -6.22653961E-03
  -5.93471527E-03
  -5.83744049E-03
  -5.15651703E-03
  -4.99439240E-03
  -4.62245941E-03
  -4.48131561E-03
  -4.41932678E-03
  -4.30488586E-03
  -3.73840332E-03
  -3.55148315E-03
  -3.16524506E-03
  -3.08322906E-03
  -2.74753571E-03
  -2.71129608E-03
  -2.00366974E-03
  -1.87206268E-03
  -1.45053864E-03
  -1.17588043E-03
  -1.08432770E-03
  -1.06716156E-03
  -9.19342041E-04
  -8.70704651E-04
  -7.41004944E-04
  -5.39779663E-04
  -1.01089478E-04
  -8.39233398E-05
   5.08308411E-04
   1.05667114E-03
   1.12342834E-03
   1.27696991E-03
   2.94971466E-03
   3.04412842E-03
   3.05938721E-03
   3.17764282E-03
   3.50475311E-03
   3.72505188E-03
   4.30107117E-03
   4.32682037E-03
   4.60147858E-03
   5.11741638E-03
   6.06536865E-03
   6.65569305E-03
   6.80351257E-03
   7.06291199E-03
   7.22217560E-03
   7.27558136E-03
   7.71427155E-03
   8.43620300E-03
   8.67462158E-03
   1.00870132E-02
   1.02348328E-02
   1.03530884E-02
   1.28288269E-02
   1.44958496E-02
   1.49784088E-02
   1.51176453E-02
   1.57928467E-02
   1.88026428E-02
   1.99985504E-02
   2.21138000E-02
