#Npts     Radius    Mag      Completeness
#  214 1079.1106  -11.700000 1.000000
# Verr
  -1.23777390E-02
  -1.16119385E-02
  -1.12724304E-02
  -1.09462738E-02
  -9.71317291E-03
  -9.65023041E-03
  -9.28020477E-03
  -8.83102417E-03
  -8.66699219E-03
  -8.48388672E-03
  -8.34941864E-03
  -7.99083710E-03
  -7.97653198E-03
  -7.53879547E-03
  -7.46345520E-03
  -7.32421875E-03
  -7.20787048E-03
  -6.75964355E-03
  -6.72149658E-03
  -6.44969940E-03
  -6.27040863E-03
  -6.22558594E-03
  -6.14833832E-03
  -6.04057312E-03
  -5.82504272E-03
  -5.81169128E-03
  -5.78212738E-03
  -5.69820404E-03
  -5.67054749E-03
  -5.62667847E-03
  -5.30719757E-03
  -5.18989563E-03
  -5.10978699E-03
  -5.09452820E-03
  -5.08594513E-03
  -4.98390198E-03
  -4.83226776E-03
  -4.65965271E-03
  -4.65869904E-03
  -4.61673737E-03
  -4.59766388E-03
  -4.58145142E-03
  -4.37355042E-03
  -4.35543060E-03
  -4.27150726E-03
  -4.26864624E-03
  -4.16278839E-03
  -4.16278839E-03
  -4.11319733E-03
  -4.03213501E-03
  -3.96156311E-03
  -3.95965576E-03
  -3.95870209E-03
  -3.82900238E-03
  -3.80611420E-03
  -3.71360779E-03
  -3.70025635E-03
  -3.65257263E-03
  -3.65161896E-03
  -3.63731384E-03
  -3.53527069E-03
  -3.49807739E-03
  -3.47328186E-03
  -3.46088409E-03
  -3.29875946E-03
  -3.29875946E-03
  -3.05557251E-03
  -2.94208527E-03
  -2.91538239E-03
  -2.87914276E-03
  -2.83336639E-03
  -2.80189514E-03
  -2.79617310E-03
  -2.57873535E-03
  -2.45857239E-03
  -2.43949890E-03
  -2.43759155E-03
  -2.42805481E-03
  -2.40421295E-03
  -2.33173370E-03
  -2.28023529E-03
  -2.22015381E-03
  -2.08091736E-03
  -2.06947327E-03
  -2.04944611E-03
  -2.03990936E-03
  -1.94454193E-03
  -1.92737579E-03
  -1.88255310E-03
  -1.82437897E-03
  -1.77288055E-03
  -1.68895721E-03
  -1.66702271E-03
  -1.64318085E-03
  -1.60694122E-03
  -1.58405304E-03
  -1.57165527E-03
  -1.44481659E-03
  -1.38473511E-03
  -1.32465363E-03
  -1.30653381E-03
  -1.26266479E-03
  -1.23977661E-03
  -1.19304657E-03
  -9.44137573E-04
  -9.38415527E-04
  -9.33647156E-04
  -9.24110413E-04
  -9.01222229E-04
  -8.83102417E-04
  -8.61167908E-04
  -8.18252563E-04
  -7.28607178E-04
  -6.81877136E-04
  -6.04629517E-04
  -6.00814819E-04
  -5.85556030E-04
  -4.29153442E-04
  -3.93867493E-04
  -3.82423401E-04
  -3.29971313E-04
  -2.88009644E-04
  -2.65121460E-04
  -1.78337097E-04
  -1.34468079E-04
  -1.00135803E-04
  -6.00814819E-05
  -4.38690186E-05
   1.90734863E-06
   3.05175781E-05
   1.72615051E-04
   3.93867493E-04
   4.32968140E-04
   4.61578369E-04
   5.38825989E-04
   6.86645508E-04
   6.96182251E-04
   7.23838806E-04
   7.60078430E-04
   8.93592834E-04
   9.32693481E-04
   1.11675262E-03
   1.15489960E-03
   1.15776062E-03
   1.27506256E-03
   1.34468079E-03
   1.35040283E-03
   1.43337250E-03
   1.44767761E-03
   1.47342682E-03
   1.47342682E-03
   1.48296356E-03
   1.54018402E-03
   1.55353546E-03
   1.55544281E-03
   1.58786774E-03
   1.60026550E-03
   1.62982941E-03
   1.65748596E-03
   1.67560577E-03
   1.76429749E-03
   1.97315216E-03
   2.02655792E-03
   2.05516815E-03
   2.36129761E-03
   2.45571136E-03
   2.45761871E-03
   2.57301331E-03
   2.68745422E-03
   2.69508362E-03
   2.77042389E-03
   3.08513641E-03
   3.23867798E-03
   3.39126587E-03
   3.54480743E-03
   3.54766846E-03
   3.67069244E-03
   3.74603271E-03
   3.79276276E-03
   3.80325317E-03
   4.04357910E-03
   4.05883789E-03
   4.16183472E-03
   4.29153442E-03
   4.55570221E-03
   4.56905365E-03
   4.63581085E-03
   4.70638275E-03
   4.94384766E-03
   4.94956970E-03
   5.19180298E-03
   5.27381897E-03
   5.69057465E-03
   5.99765778E-03
   6.04057312E-03
   6.32762909E-03
   6.41632080E-03
   7.07626343E-03
   8.20732117E-03
   9.60826874E-03
   9.83238220E-03
   1.01528168E-02
   1.18446350E-02
   1.19342804E-02
   1.28402710E-02
   1.40123367E-02
   1.76401138E-02
   2.10323334E-02
   2.22978592E-02
   2.46276855E-02
   3.42922211E-02
   3.55653763E-02
   3.56607437E-02
   3.63950729E-02
