#Npts     Radius    Mag      Completeness
#  265 1498.7646  -11.700000 1.000000
# Verr
  -2.81782150E-02
  -2.68487930E-02
  -2.30932236E-02
  -1.96447372E-02
  -1.90410614E-02
  -1.69792175E-02
  -1.62496567E-02
  -1.57079697E-02
  -1.52196884E-02
  -1.48620605E-02
  -1.45492554E-02
  -1.41286850E-02
  -1.18703842E-02
  -1.07984543E-02
  -1.04141235E-02
  -1.03960037E-02
  -1.02968216E-02
  -1.02157593E-02
  -1.00908279E-02
  -1.00774765E-02
  -9.79518890E-03
  -9.75131989E-03
  -9.51480865E-03
  -9.29164886E-03
  -9.16004181E-03
  -9.07421112E-03
  -8.97979736E-03
  -8.64410400E-03
  -8.62598419E-03
  -8.46576691E-03
  -8.13579559E-03
  -8.06808472E-03
  -7.99560547E-03
  -7.99369812E-03
  -7.84873962E-03
  -7.80105591E-03
  -7.77435303E-03
  -7.69329071E-03
  -7.42626190E-03
  -7.37762451E-03
  -7.30419159E-03
  -7.16590881E-03
  -7.10487366E-03
  -6.93321228E-03
  -6.90364838E-03
  -6.87503815E-03
  -6.79683685E-03
  -6.76536560E-03
  -6.67667389E-03
  -6.65760040E-03
  -6.53648376E-03
  -6.43730164E-03
  -6.38389587E-03
  -5.91087341E-03
  -5.86795807E-03
  -5.85269928E-03
  -5.84697723E-03
  -5.69725037E-03
  -5.68294525E-03
  -5.64670563E-03
  -5.47027588E-03
  -5.40828705E-03
  -5.25856018E-03
  -5.13935089E-03
  -5.11169434E-03
  -4.98294830E-03
  -4.94861603E-03
  -4.81700897E-03
  -4.75978851E-03
  -4.70542908E-03
  -4.58717346E-03
  -4.28390503E-03
  -4.21905518E-03
  -4.14085388E-03
  -4.09317017E-03
  -4.08744812E-03
  -4.02641296E-03
  -4.01878357E-03
  -4.01306152E-03
  -3.99684906E-03
  -3.93104553E-03
  -3.88813019E-03
  -3.85665894E-03
  -3.76319885E-03
  -3.69739532E-03
  -3.62873077E-03
  -3.60774994E-03
  -3.56960297E-03
  -3.56006622E-03
  -3.52478027E-03
  -3.51428986E-03
  -3.51142883E-03
  -3.37791443E-03
  -3.29017639E-03
  -3.27873230E-03
  -3.24153900E-03
  -3.23867798E-03
  -3.18717957E-03
  -3.13663483E-03
  -2.91061401E-03
  -2.90679932E-03
  -2.89058685E-03
  -2.71511078E-03
  -2.69985199E-03
  -2.56919861E-03
  -2.56347656E-03
  -2.42137909E-03
  -2.41947174E-03
  -2.39658356E-03
  -2.32315063E-03
  -2.28214264E-03
  -2.27451324E-03
  -2.20489502E-03
  -2.18200684E-03
  -2.09426880E-03
  -2.00271606E-03
  -1.99604034E-03
  -1.95980072E-03
  -1.86538696E-03
  -1.82628632E-03
  -1.82437897E-03
  -1.77478790E-03
  -1.77097321E-03
  -1.57833099E-03
  -1.48200989E-03
  -1.41334534E-03
  -1.39999390E-03
  -1.33609772E-03
  -1.33514404E-03
  -1.31988525E-03
  -1.30939484E-03
  -1.21116638E-03
  -1.21021271E-03
  -1.13487244E-03
  -1.06620789E-03
  -1.05381012E-03
  -9.78469849E-04
  -9.59396362E-04
  -9.50813293E-04
  -8.99314880E-04
  -8.72612000E-04
  -8.46862793E-04
  -7.90596008E-04
  -7.13348389E-04
  -6.94274902E-04
  -6.89506531E-04
  -6.49452209E-04
  -6.44683838E-04
  -6.15119934E-04
  -5.35011292E-04
  -4.94003296E-04
  -4.72068787E-04
  -2.60353088E-04
  -2.51770020E-04
  -1.78337097E-04
  -1.69754028E-04
  -1.25885010E-04
  -8.96453857E-05
  -3.24249268E-05
   4.19616699E-05
   7.91549683E-05
   8.39233398E-05
   1.04904175E-04
   1.24931335E-04
   3.29017639E-04
   3.46183777E-04
   4.14848328E-04
   4.66346741E-04
   5.00679016E-04
   5.62667847E-04
   5.92231750E-04
   7.19070435E-04
   7.38143921E-04
   7.73429871E-04
   7.84873962E-04
   9.47952271E-04
   1.05094910E-03
   1.05762482E-03
   1.11865997E-03
   1.15871429E-03
   1.16348267E-03
   1.20544434E-03
   1.22642517E-03
   1.30462646E-03
   1.47914886E-03
   1.54590607E-03
   1.56307220E-03
   1.60980225E-03
   1.73568726E-03
   1.83486938E-03
   1.91307068E-03
   1.91879272E-03
   2.10475922E-03
   2.12001801E-03
   2.12192535E-03
   2.14767456E-03
   2.21538544E-03
   2.31266022E-03
   2.39658356E-03
   2.40325928E-03
   2.40421295E-03
   2.49099731E-03
   2.49958038E-03
   2.51674652E-03
   2.58350372E-03
   2.59113312E-03
   2.67791748E-03
   2.71797180E-03
   2.73895264E-03
   2.87532806E-03
   2.92491913E-03
   2.92778015E-03
   2.97069550E-03
   2.98500061E-03
   3.04126740E-03
   3.20816040E-03
   3.36647034E-03
   3.46469879E-03
   3.48949432E-03
   3.68404388E-03
   3.69644165E-03
   3.86905670E-03
   4.20379639E-03
   4.20856476E-03
   4.24289703E-03
   4.26959991E-03
   4.27913666E-03
   4.31728363E-03
   4.32014465E-03
   4.34303284E-03
   4.36210632E-03
   4.63008881E-03
   4.63294983E-03
   4.74166870E-03
   4.93144989E-03
   5.06019592E-03
   5.06877899E-03
   5.10120392E-03
   5.12695312E-03
   5.13648987E-03
   5.16605377E-03
   5.64289093E-03
   5.70678711E-03
   5.87654114E-03
   5.99670410E-03
   6.05869293E-03
   6.60133362E-03
   8.17871094E-03
   8.33892822E-03
   8.67462158E-03
   9.98783112E-03
   1.00212097E-02
   1.02109909E-02
   1.06601715E-02
   1.07040405E-02
   1.08728409E-02
   1.11579895E-02
   1.39598846E-02
   1.46589279E-02
   1.74551010E-02
   1.91087723E-02
   2.36616135E-02
   2.48422623E-02
   2.76622772E-02
   3.29875946E-02
