#Npts     Radius    Mag      Completeness
#   27  449.6295  -13.485000 1.000000
# Verr
  -3.66382599E-02
  -2.40240097E-02
  -2.00691223E-02
  -8.88538361E-03
  -8.00609589E-03
  -7.18021393E-03
  -3.82804871E-03
  -3.57627869E-03
  -3.02505493E-03
  -2.54726410E-03
  -1.22356415E-03
  -5.57899475E-04
  -4.37736511E-04
   1.12533569E-04
   2.38418579E-04
   2.78472900E-04
   3.58581543E-04
   3.87191772E-04
   8.91685486E-04
   1.53064728E-03
   1.69754028E-03
   2.00366974E-03
   2.69794464E-03
   2.75897980E-03
   4.32109833E-03
   5.13839722E-03
   7.61508942E-03
