#Npts     Radius    Mag      Completeness
#  338 2997.5295  -14.663000 1.000000
# Verr
  -3.69291306E-02
  -3.19156647E-02
  -2.06613541E-02
  -1.44681931E-02
  -1.42126083E-02
  -9.97352600E-03
  -9.03511047E-03
  -8.97121429E-03
  -8.47053528E-03
  -8.42761993E-03
  -8.40282440E-03
  -8.09097290E-03
  -8.08620453E-03
  -7.86304474E-03
  -7.80296326E-03
  -7.50637054E-03
  -7.47394562E-03
  -7.33661652E-03
  -7.06195831E-03
  -6.72149658E-03
  -6.47640228E-03
  -6.28757477E-03
  -5.98716736E-03
  -5.97381592E-03
  -5.95474243E-03
  -5.90896606E-03
  -5.85460663E-03
  -5.81264496E-03
  -5.80024719E-03
  -5.76019287E-03
  -5.66101074E-03
  -5.64193726E-03
  -5.63907623E-03
  -5.44834137E-03
  -5.24139404E-03
  -4.97722626E-03
  -4.91046906E-03
  -4.63962555E-03
  -4.47559357E-03
  -4.44698334E-03
  -4.35543060E-03
  -4.27150726E-03
  -4.11701202E-03
  -4.11701202E-03
  -4.10652161E-03
  -4.09317017E-03
  -4.08935547E-03
  -4.03499603E-03
  -4.02164459E-03
  -3.97777557E-03
  -3.97682190E-03
  -3.97682190E-03
  -3.97491455E-03
  -3.97396088E-03
  -3.86142731E-03
  -3.53622437E-03
  -3.50666046E-03
  -3.47614288E-03
  -3.47614288E-03
  -3.47614288E-03
  -3.47232819E-03
  -3.40843201E-03
  -3.34262848E-03
  -3.31497192E-03
  -3.31115723E-03
  -3.28922272E-03
  -3.24249268E-03
  -3.20816040E-03
  -3.17573547E-03
  -3.04698944E-03
  -3.04508209E-03
  -3.03459167E-03
  -3.02505493E-03
  -3.02314758E-03
  -2.97737122E-03
  -2.97641754E-03
  -2.97546387E-03
  -2.97260284E-03
  -2.95829773E-03
  -2.92015076E-03
  -2.89630890E-03
  -2.86674500E-03
  -2.84385681E-03
  -2.81524658E-03
  -2.80666351E-03
  -2.78568268E-03
  -2.73132324E-03
  -2.66170502E-03
  -2.64453888E-03
  -2.64263153E-03
  -2.61020660E-03
  -2.59304047E-03
  -2.57015228E-03
  -2.53868103E-03
  -2.53582001E-03
  -2.52151489E-03
  -2.50816345E-03
  -2.48908997E-03
  -2.47573853E-03
  -2.47192383E-03
  -2.47097015E-03
  -2.45571136E-03
  -2.29263306E-03
  -2.12669373E-03
  -2.12001801E-03
  -2.08759308E-03
  -2.05802917E-03
  -2.04086304E-03
  -1.97601318E-03
  -1.97601318E-03
  -1.97601318E-03
  -1.97505951E-03
  -1.97315216E-03
  -1.91020966E-03
  -1.83963776E-03
  -1.76429749E-03
  -1.72042847E-03
  -1.57833099E-03
  -1.55830383E-03
  -1.53541565E-03
  -1.53541565E-03
  -1.47438049E-03
  -1.45626068E-03
  -1.30653381E-03
  -1.23691559E-03
  -1.20735168E-03
  -1.19686127E-03
  -1.17588043E-03
  -1.13964081E-03
  -1.07002258E-03
  -1.06620789E-03
  -1.02615356E-03
  -1.02615356E-03
  -1.02615356E-03
  -9.95635986E-04
  -9.88960266E-04
  -8.97407532E-04
  -7.87734985E-04
  -7.37190247E-04
  -7.13348389E-04
  -6.76155090E-04
  -6.62803650E-04
  -6.49452209E-04
  -6.17027283E-04
  -6.12258911E-04
  -6.08444214E-04
  -4.73976135E-04
  -4.73976135E-04
  -4.71115112E-04
  -4.56809998E-04
  -4.56809998E-04
  -4.52995300E-04
  -4.29153442E-04
  -3.17573547E-04
  -2.93731689E-04
  -2.44140625E-04
  -2.08854675E-04
  -5.81741333E-05
  -4.76837158E-05
   2.19345093E-05
   2.47955322E-05
   2.57492065E-05
   6.10351562E-05
   7.91549683E-05
   1.53541565E-04
   2.35557556E-04
   2.50816345E-04
   3.02314758E-04
   3.54766846E-04
   3.55720520E-04
   4.17709351E-04
   4.77790833E-04
   4.87327576E-04
   5.14984131E-04
   5.26428223E-04
   5.27381897E-04
   5.45501709E-04
   5.66482544E-04
   5.76019287E-04
   6.25610352E-04
   6.62803650E-04
   7.02857971E-04
   7.05718994E-04
   7.65800476E-04
   7.65800476E-04
   7.85827637E-04
   7.91549683E-04
   8.25881958E-04
   9.44137573E-04
   1.01184845E-03
   1.01280212E-03
   1.02329254E-03
   1.02806091E-03
   1.03664398E-03
   1.27220154E-03
   1.28650665E-03
   1.29127502E-03
   1.32560730E-03
   1.35326385E-03
   1.45435333E-03
   1.48963928E-03
   1.52397156E-03
   1.52587891E-03
   1.59263611E-03
   1.64127350E-03
   1.71089172E-03
   1.80339813E-03
   1.83963776E-03
   1.94358826E-03
   1.96266174E-03
   1.98459625E-03
   1.98650360E-03
   2.02274323E-03
   2.02846527E-03
   2.12192535E-03
   2.14672089E-03
   2.16484070E-03
   2.17151642E-03
   2.19345093E-03
   2.20775604E-03
   2.27165222E-03
   2.28786469E-03
   2.31838226E-03
   2.40135193E-03
   2.44331360E-03
   2.52246857E-03
   2.60734558E-03
   2.61783600E-03
   2.66456604E-03
   2.70557404E-03
   2.76756287E-03
   2.77996063E-03
   2.87723541E-03
   2.88963318E-03
   2.93350220E-03
   2.99263000E-03
   3.00216675E-03
   3.01456451E-03
   3.02219391E-03
   3.02314758E-03
   3.02505493E-03
   3.02886963E-03
   3.04126740E-03
   3.04412842E-03
   3.06987762E-03
   3.08895111E-03
   3.15761566E-03
   3.36551666E-03
   3.42559814E-03
   3.47328186E-03
   3.47614288E-03
   3.52191925E-03
   3.52191925E-03
   3.54385376E-03
   3.61061096E-03
   3.61633301E-03
   3.65447998E-03
   3.69834900E-03
   3.70407104E-03
   3.77941132E-03
   3.83663177E-03
   3.93867493E-03
   4.02259827E-03
   4.02545929E-03
   4.21333313E-03
   4.52232361E-03
   4.52423096E-03
   4.52518463E-03
   4.52518463E-03
   4.52613831E-03
   4.52709198E-03
   4.62436676E-03
   4.68635559E-03
   4.69303131E-03
   4.77123260E-03
   4.83894348E-03
   4.91237640E-03
   4.92954254E-03
   4.94766235E-03
   4.99248505E-03
   5.01823425E-03
   5.02395630E-03
   5.05828857E-03
   5.20610809E-03
   5.45215607E-03
   5.47313690E-03
   5.50174713E-03
   5.52368164E-03
   5.71346283E-03
   5.75065613E-03
   5.90133667E-03
   5.91754913E-03
   6.02245331E-03
   6.02531433E-03
   6.12545013E-03
   6.17694855E-03
   6.18362427E-03
   6.31427765E-03
   6.44111633E-03
   6.44969940E-03
   6.51073456E-03
   6.52217865E-03
   6.52313232E-03
   6.52503967E-03
   6.58798218E-03
   6.68334961E-03
   6.69765472E-03
   6.82258606E-03
   6.84833527E-03
   6.92367554E-03
   6.94656372E-03
   6.97231293E-03
   7.19070435E-03
   7.43389130E-03
   7.45296478E-03
   7.52162933E-03
   7.95841217E-03
   8.16535950E-03
   8.52680206E-03
   9.09900665E-03
   9.42420959E-03
   9.65118408E-03
   9.88578796E-03
   1.02481842E-02
   1.09815598E-02
   1.17387772E-02
   1.19915009E-02
   1.23958588E-02
   1.35211945E-02
   1.43003464E-02
   1.45225525E-02
   1.55239105E-02
   1.61237717E-02
   1.80225372E-02
   2.05202103E-02
   2.05211639E-02
   2.33135223E-02
   2.91872025E-02
