#Npts     Radius    Mag      Completeness
#   51 1288.9376  -13.485000 1.000000
# Verr
  -3.77025604E-02
  -2.30894089E-02
  -1.18045807E-02
  -1.03406906E-02
  -8.66699219E-03
  -7.73811340E-03
  -7.35664368E-03
  -5.36251068E-03
  -5.08975983E-03
  -4.62818146E-03
  -4.59384918E-03
  -4.51946259E-03
  -4.47845459E-03
  -3.17001343E-03
  -2.88009644E-03
  -2.85625458E-03
  -2.71224976E-03
  -2.67696381E-03
  -2.66075134E-03
  -2.14672089E-03
  -1.49917603E-03
  -1.09577179E-03
  -7.86781311E-04
  -5.57899475E-04
  -3.22341919E-04
  -1.55448914E-04
   1.69754028E-04
   2.72750854E-04
   1.06143951E-03
   1.22928619E-03
   1.31797791E-03
   1.56021118E-03
   1.95217133E-03
   2.07710266E-03
   2.27737427E-03
   2.66742706E-03
   2.78949738E-03
   3.08227539E-03
   3.18241119E-03
   4.15039062E-03
   4.59003448E-03
   4.67300415E-03
   4.93240356E-03
   5.40637970E-03
   5.56278229E-03
   5.57899475E-03
   6.03771210E-03
   6.66141510E-03
   6.84738159E-03
   7.30419159E-03
   1.22861862E-02
