#Npts     Radius    Mag      Completeness
#  155 1079.1106  -12.295000 1.000000
# Verr
  -1.35126114E-02
  -1.00317001E-02
  -9.43374634E-03
  -9.08851624E-03
  -9.01222229E-03
  -8.60500336E-03
  -8.30459595E-03
  -7.82394409E-03
  -7.71236420E-03
  -7.27272034E-03
  -6.77490234E-03
  -6.40964508E-03
  -6.33907318E-03
  -6.27899170E-03
  -6.16741180E-03
  -6.12068176E-03
  -6.07299805E-03
  -6.01100922E-03
  -5.88417053E-03
  -5.64575195E-03
  -5.56564331E-03
  -5.48171997E-03
  -5.38825989E-03
  -5.28621674E-03
  -5.27667999E-03
  -5.24234772E-03
  -5.18321991E-03
  -5.18226624E-03
  -5.15556335E-03
  -5.14507294E-03
  -5.03635406E-03
  -4.72450256E-03
  -4.70924377E-03
  -4.59289551E-03
  -4.45747375E-03
  -4.23145294E-03
  -4.22954559E-03
  -4.16755676E-03
  -4.04930115E-03
  -3.91674042E-03
  -3.70121002E-03
  -3.64971161E-03
  -3.63922119E-03
  -3.56388092E-03
  -3.47709656E-03
  -3.34453583E-03
  -3.22246552E-03
  -3.17382812E-03
  -3.02600861E-03
  -2.99358368E-03
  -2.86865234E-03
  -2.83813477E-03
  -2.77709961E-03
  -2.64739990E-03
  -2.56729126E-03
  -2.47001648E-03
  -2.45666504E-03
  -2.31647491E-03
  -2.28023529E-03
  -2.28023529E-03
  -2.25830078E-03
  -2.23445892E-03
  -2.19058990E-03
  -2.19058990E-03
  -2.15053558E-03
  -2.07424164E-03
  -2.00557709E-03
  -2.00271606E-03
  -1.99508667E-03
  -1.97696686E-03
  -1.91116333E-03
  -1.91116333E-03
  -1.89304352E-03
  -1.79672241E-03
  -1.75189972E-03
  -1.68991089E-03
  -1.65176392E-03
  -1.62124634E-03
  -1.59263611E-03
  -1.57165527E-03
  -1.45244598E-03
  -1.34468079E-03
  -1.14154816E-03
  -9.01222229E-04
  -8.79287720E-04
  -8.34465027E-04
  -7.23838806E-04
  -6.24656677E-04
  -6.22749329E-04
  -5.58853149E-04
  -5.07354736E-04
  -4.59671021E-04
  -4.16755676E-04
   1.21116638E-04
   5.28335571E-04
   6.02722168E-04
   6.12258911E-04
   6.50405884E-04
   6.92367554E-04
   7.00950623E-04
   7.24792480E-04
   9.17434692E-04
   9.46998596E-04
   1.13773346E-03
   1.18064880E-03
   1.20544434E-03
   1.34181976E-03
   1.36852264E-03
   1.45244598E-03
   1.58596039E-03
   1.64794922E-03
   1.76239014E-03
   1.84631348E-03
   1.85585022E-03
   2.05802917E-03
   2.06661224E-03
   2.09522247E-03
   2.18963623E-03
   2.20298767E-03
   2.48908997E-03
   2.53677368E-03
   2.56633759E-03
   2.57682800E-03
   2.65216827E-03
   2.68650055E-03
   2.79617310E-03
   2.86769867E-03
   2.90393829E-03
   2.92587280E-03
   3.73649597E-03
   3.91960144E-03
   4.12940979E-03
   4.13703918E-03
   4.26101685E-03
   4.44412231E-03
   4.53567505E-03
   4.65106964E-03
   4.66823578E-03
   4.71401215E-03
   4.82559204E-03
   4.90856171E-03
   5.26237488E-03
   5.63144684E-03
   6.04915619E-03
   6.50501251E-03
   6.72531128E-03
   7.36045837E-03
   9.34982300E-03
   1.39760971E-02
   1.70249939E-02
   1.82151794E-02
   2.58398056E-02
   2.75688171E-02
   3.16028595E-02
   3.18145752E-02
