#Npts     Radius    Mag      Completeness
#  218 1498.7648  -15.002999 1.000000
# Verr
  -4.02355194E-02
  -3.04269791E-02
  -2.73513794E-02
  -2.29988098E-02
  -1.98688507E-02
  -1.79357529E-02
  -1.71871185E-02
  -1.69715881E-02
  -1.57556534E-02
  -1.43384933E-02
  -1.42478943E-02
  -1.37367249E-02
  -1.34134293E-02
  -1.33523941E-02
  -1.31616592E-02
  -1.24254227E-02
  -1.23767853E-02
  -1.19466782E-02
  -1.15184784E-02
  -1.14946365E-02
  -1.12428665E-02
  -1.09863281E-02
  -1.03044510E-02
  -9.08660889E-03
  -8.98933411E-03
  -8.89205933E-03
  -8.78334045E-03
  -8.69846344E-03
  -8.60595703E-03
  -8.56494904E-03
  -8.52489471E-03
  -8.49533081E-03
  -8.48674774E-03
  -8.33320618E-03
  -8.18729401E-03
  -8.02612305E-03
  -8.00323486E-03
  -7.95269012E-03
  -7.91168213E-03
  -7.86399841E-03
  -7.57122040E-03
  -7.55977631E-03
  -7.54642487E-03
  -7.51113892E-03
  -7.14015961E-03
  -7.06863403E-03
  -6.95991516E-03
  -6.92272186E-03
  -6.85310364E-03
  -6.77394867E-03
  -6.76441193E-03
  -6.50691986E-03
  -6.46972656E-03
  -6.45542145E-03
  -6.45256042E-03
  -6.43348694E-03
  -6.35147095E-03
  -6.30855560E-03
  -6.25896454E-03
  -6.07681274E-03
  -6.06250763E-03
  -5.95855713E-03
  -5.95855713E-03
  -5.86223602E-03
  -5.83171844E-03
  -5.78022003E-03
  -5.63907623E-03
  -5.62477112E-03
  -5.58662415E-03
  -5.46360016E-03
  -5.40065765E-03
  -5.32150269E-03
  -5.27000427E-03
  -5.25379181E-03
  -5.15365601E-03
  -5.10597229E-03
  -5.10215759E-03
  -5.08689880E-03
  -5.01060486E-03
  -4.71782684E-03
  -4.70447540E-03
  -4.57382202E-03
  -4.44602966E-03
  -4.39453125E-03
  -4.37068939E-03
  -4.36306000E-03
  -4.29725647E-03
  -4.28009033E-03
  -4.20856476E-03
  -4.11987305E-03
  -4.02450562E-03
  -4.00829315E-03
  -3.93676758E-03
  -3.92532349E-03
  -3.86047363E-03
  -3.85284424E-03
  -3.84521484E-03
  -3.82804871E-03
  -3.71551514E-03
  -3.65829468E-03
  -3.32641602E-03
  -3.31115723E-03
  -3.26061249E-03
  -3.25775146E-03
  -3.23677063E-03
  -3.23581696E-03
  -3.16333771E-03
  -3.13091278E-03
  -3.07369232E-03
  -2.99263000E-03
  -2.89630890E-03
  -2.85625458E-03
  -2.76565552E-03
  -2.73704529E-03
  -2.70938873E-03
  -2.67314911E-03
  -2.67314911E-03
  -2.66456604E-03
  -2.64549255E-03
  -2.44045258E-03
  -2.41851807E-03
  -2.39372253E-03
  -2.23255157E-03
  -2.07233429E-03
  -2.06947327E-03
  -1.88922882E-03
  -1.81007385E-03
  -1.79386139E-03
  -1.60503387E-03
  -1.58596039E-03
  -1.46961212E-03
  -1.43241882E-03
  -1.42097473E-03
  -1.40571594E-03
  -1.30176544E-03
  -1.15871429E-03
  -1.09672546E-03
  -1.00421906E-03
  -9.84191895E-04
  -9.19342041E-04
  -6.64710999E-04
  -6.10351562E-04
  -6.04629517E-04
  -5.88417053E-04
  -5.86509705E-04
  -4.75883484E-04
  -4.40597534E-04
  -3.89099121E-04
  -3.35693359E-04
  -3.06129456E-04
  -3.00407410E-04
  -3.00407410E-04
  -2.46047974E-04
   2.57492065E-05
   1.36375427E-04
   1.52587891E-04
   1.59263611E-04
   3.77655029E-04
   4.11987305E-04
   4.85420227E-04
   8.49723816E-04
   9.67025757E-04
   1.01470947E-03
   1.05857849E-03
   1.10149384E-03
   1.11579895E-03
   1.11865997E-03
   1.14250183E-03
   1.16348267E-03
   1.32560730E-03
   1.33991241E-03
   1.47438049E-03
   1.50585175E-03
   1.59740448E-03
   1.61266327E-03
   1.76811218E-03
   1.83391571E-03
   1.83582306E-03
   1.88732147E-03
   1.92642212E-03
   1.94931030E-03
   2.03037262E-03
   2.04467773E-03
   2.07233429E-03
   2.08759308E-03
   2.25067139E-03
   2.29263306E-03
   2.29644775E-03
   2.32791901E-03
   2.41756439E-03
   2.55203247E-03
   2.60639191E-03
   2.65121460E-03
   3.11183929E-03
   3.19671631E-03
   3.29494476E-03
   3.33499908E-03
   3.34930420E-03
   3.38554382E-03
   3.40747833E-03
   3.75747681E-03
   4.08935547E-03
   4.10461426E-03
   4.51183319E-03
   4.85992432E-03
   5.26714325E-03
   5.33580780E-03
   5.45978546E-03
   5.49602509E-03
   5.66959381E-03
   6.99806213E-03
   7.07435608E-03
   7.16686249E-03
   9.52529907E-03
   9.62829590E-03
   9.66548920E-03
   9.84954834E-03
   1.04160309E-02
