#Npts     Radius    Mag      Completeness
#  275 2128.2458  -11.700000 1.000000
# Verr
  -1.50403976E-02
  -1.06649399E-02
  -1.04188919E-02
  -9.72652435E-03
  -9.62734222E-03
  -9.41467285E-03
  -9.03320312E-03
  -8.69941711E-03
  -7.75718689E-03
  -7.69424438E-03
  -7.61795044E-03
  -7.57217407E-03
  -7.35569000E-03
  -7.29942322E-03
  -7.16304779E-03
  -7.15923309E-03
  -6.89888000E-03
  -6.76155090E-03
  -6.64901733E-03
  -6.59179688E-03
  -6.57749176E-03
  -6.30664825E-03
  -6.24275208E-03
  -6.22367859E-03
  -6.13307953E-03
  -5.98335266E-03
  -5.85651398E-03
  -5.74874878E-03
  -5.58853149E-03
  -5.53894043E-03
  -5.39302826E-03
  -5.39302826E-03
  -5.35869598E-03
  -5.34725189E-03
  -5.29575348E-03
  -5.28049469E-03
  -5.23948669E-03
  -5.01346588E-03
  -4.96578217E-03
  -4.94670868E-03
  -4.92286682E-03
  -4.86755371E-03
  -4.85706329E-03
  -4.81605530E-03
  -4.75883484E-03
  -4.67491150E-03
  -4.61196899E-03
  -4.54711914E-03
  -4.54521179E-03
  -4.45938110E-03
  -4.44030762E-03
  -4.42790985E-03
  -4.38976288E-03
  -4.37355042E-03
  -4.28199768E-03
  -4.15515900E-03
  -4.11891937E-03
  -4.09603119E-03
  -4.08744812E-03
  -3.96633148E-03
  -3.96251678E-03
  -3.92150879E-03
  -3.89480591E-03
  -3.81469727E-03
  -3.80992889E-03
  -3.80325317E-03
  -3.77082825E-03
  -3.62014771E-03
  -3.61728668E-03
  -3.54862213E-03
  -3.52382660E-03
  -3.49617004E-03
  -3.37409973E-03
  -3.35597992E-03
  -3.17287445E-03
  -3.04317474E-03
  -2.88391113E-03
  -2.82096863E-03
  -2.78759003E-03
  -2.78377533E-03
  -2.77614594E-03
  -2.75611877E-03
  -2.75421143E-03
  -2.73132324E-03
  -2.67982483E-03
  -2.67410278E-03
  -2.67124176E-03
  -2.59494781E-03
  -2.55489349E-03
  -2.54821777E-03
  -2.51197815E-03
  -2.49767303E-03
  -2.47287750E-03
  -2.42519379E-03
  -2.40039825E-03
  -2.36225128E-03
  -2.31170654E-03
  -2.29072571E-03
  -2.14576721E-03
  -2.06661224E-03
  -2.05135345E-03
  -2.05135345E-03
  -2.02751160E-03
  -1.97601318E-03
  -1.94168091E-03
  -1.89208984E-03
  -1.83582306E-03
  -1.83200836E-03
  -1.80625916E-03
  -1.74713135E-03
  -1.69563293E-03
  -1.67560577E-03
  -1.64318085E-03
  -1.57546997E-03
  -1.50108337E-03
  -1.46007538E-03
  -1.40476227E-03
  -1.40380859E-03
  -1.38473511E-03
  -1.37233734E-03
  -1.37138367E-03
  -1.33323669E-03
  -1.30844116E-03
  -1.30558014E-03
  -1.28269196E-03
  -1.27792358E-03
  -1.12056732E-03
  -1.09195709E-03
  -1.08528137E-03
  -1.03950500E-03
  -9.98497009E-04
  -9.94682312E-04
  -9.88960266E-04
  -8.61167908E-04
  -8.23020935E-04
  -7.53402710E-04
  -7.36236572E-04
  -6.10351562E-04
  -5.88417053E-04
  -5.34057617E-04
  -5.27381897E-04
  -3.13758850E-04
  -2.99453735E-04
  -2.05993652E-04
  -7.24792480E-05
  -3.62396240E-05
  -1.71661377E-05
   5.53131104E-05
   6.48498535E-05
   1.04904175E-04
   1.10626221E-04
   1.11579895E-04
   2.23159790E-04
   3.70979309E-04
   4.11033630E-04
   5.12123108E-04
   6.07490540E-04
   6.60896301E-04
   6.61849976E-04
   7.14302063E-04
   7.84873962E-04
   8.27789307E-04
   9.26971436E-04
   1.02615356E-03
   1.06430054E-03
   1.09195709E-03
   1.12915039E-03
   1.13105774E-03
   1.13677979E-03
   1.23023987E-03
   1.23119354E-03
   1.32369995E-03
   1.32369995E-03
   1.38759613E-03
   1.43051147E-03
   1.51062012E-03
   1.54018402E-03
   1.55067444E-03
   1.61933899E-03
   1.62315369E-03
   1.62792206E-03
   1.64794922E-03
   1.67560577E-03
   1.69086456E-03
   1.69467926E-03
   1.69944763E-03
   1.70230865E-03
   1.84154510E-03
   1.88922882E-03
   1.89208984E-03
   1.92832947E-03
   1.93023682E-03
   2.07614899E-03
   2.08854675E-03
   2.14385986E-03
   2.24208832E-03
   2.25162506E-03
   2.26593018E-03
   2.32601166E-03
   2.33650208E-03
   2.40039825E-03
   2.42233276E-03
   2.42614746E-03
   2.46429443E-03
   2.48622894E-03
   2.54344940E-03
   2.67791748E-03
   2.72941589E-03
   2.73609161E-03
   2.92491913E-03
   3.08990479E-03
   3.10325623E-03
   3.38363647E-03
   3.42559814E-03
   3.48091125E-03
   3.49807739E-03
   3.57055664E-03
   3.67927551E-03
   3.78704071E-03
   4.00066376E-03
   4.35352325E-03
   4.45175171E-03
   4.52995300E-03
   4.54044342E-03
   4.59671021E-03
   4.67681885E-03
   4.79793549E-03
   5.15270233E-03
   5.25951385E-03
   5.33485413E-03
   5.50556183E-03
   5.57708740E-03
   5.64193726E-03
   5.65719604E-03
   5.75160980E-03
   5.78022003E-03
   5.81073761E-03
   5.82885742E-03
   5.94615936E-03
   6.05106354E-03
   6.14261627E-03
   6.25991821E-03
   6.34384155E-03
   6.39247894E-03
   6.46686554E-03
   6.62994385E-03
   6.98375702E-03
   7.25650787E-03
   7.38811493E-03
   7.61985779E-03
   7.62081146E-03
   7.65514374E-03
   7.98034668E-03
   8.20255280E-03
   8.33415985E-03
   8.41426849E-03
   8.60023499E-03
   9.03987885E-03
   9.93537903E-03
   1.03549957E-02
   1.06115341E-02
   1.06573105E-02
   1.07259750E-02
   1.29318237E-02
   1.29947662E-02
   1.31883621E-02
   1.36089325E-02
   1.43785477E-02
   1.56183243E-02
   1.64785385E-02
   2.06918716E-02
   2.20394135E-02
   2.62937546E-02
   2.70643234E-02
   3.14922333E-02
