#Npts     Radius    Mag      Completeness
#   76  659.4565  -12.889999 1.000000
# Verr
  -2.90327072E-02
  -1.29766464E-02
  -1.19943619E-02
  -1.08919144E-02
  -9.90009308E-03
  -9.32598114E-03
  -8.54778290E-03
  -8.06236267E-03
  -7.93075562E-03
  -7.90691376E-03
  -7.82299042E-03
  -6.58321381E-03
  -6.50691986E-03
  -6.43062592E-03
  -6.07681274E-03
  -5.93948364E-03
  -5.50460815E-03
  -5.42736053E-03
  -5.41019440E-03
  -5.35297394E-03
  -5.22136688E-03
  -4.95719910E-03
  -4.77886200E-03
  -4.57382202E-03
  -4.44602966E-03
  -4.39453125E-03
  -4.38117981E-03
  -3.68785858E-03
  -3.63636017E-03
  -3.59821320E-03
  -3.56769562E-03
  -3.03268433E-03
  -3.00407410E-03
  -2.72178650E-03
  -2.58445740E-03
  -2.37464905E-03
  -2.03418732E-03
  -1.90162659E-03
  -1.90067291E-03
  -1.82819366E-03
  -1.73854828E-03
  -1.49536133E-03
  -1.33037567E-03
  -9.81330872E-04
  -8.62121582E-04
  -7.18116760E-04
  -7.06672668E-04
  -6.20841980E-04
  -4.02450562E-04
  -3.53813171E-04
  -3.81469727E-05
   1.00135803E-04
   1.59263611E-04
   3.19480896E-04
   3.71932983E-04
   3.94821167E-04
   5.12123108E-04
   5.84602356E-04
   6.07490540E-04
   1.49631500E-03
   1.54495239E-03
   1.58500671E-03
   1.60026550E-03
   2.04181671E-03
   2.08377838E-03
   2.19249725E-03
   2.74562836E-03
   3.00216675E-03
   3.39221954E-03
   3.50666046E-03
   4.59289551E-03
   4.59957123E-03
   5.03063202E-03
   5.50270081E-03
   1.29642487E-02
   3.03697586E-02
