#Npts     Radius    Mag      Completeness
#  389 2997.5295  -11.700000 1.000000
# Verr
  -3.17993164E-02
  -2.82373428E-02
  -2.03790665E-02
  -1.89914703E-02
  -1.48258209E-02
  -1.46694183E-02
  -1.35402679E-02
  -1.31816864E-02
  -1.27935410E-02
  -1.27820969E-02
  -1.17940903E-02
  -1.13935471E-02
  -1.12113953E-02
  -1.11570358E-02
  -1.10683441E-02
  -1.10454559E-02
  -1.10416412E-02
  -1.09176636E-02
  -1.07250214E-02
  -1.06372833E-02
  -1.05123520E-02
  -1.04312897E-02
  -1.02109909E-02
  -1.01404190E-02
  -1.00917816E-02
  -1.00879669E-02
  -1.00526810E-02
  -9.72843170E-03
  -9.63592529E-03
  -9.48715210E-03
  -9.45949554E-03
  -9.17148590E-03
  -9.14192200E-03
  -9.06467438E-03
  -8.93878937E-03
  -8.85963440E-03
  -8.48102570E-03
  -8.47625732E-03
  -8.42571259E-03
  -8.37898254E-03
  -8.19396973E-03
  -8.18443298E-03
  -8.08334351E-03
  -7.97748566E-03
  -7.76863098E-03
  -7.56168365E-03
  -7.36331940E-03
  -7.18021393E-03
  -7.10773468E-03
  -7.09915161E-03
  -7.05528259E-03
  -7.05242157E-03
  -7.01618195E-03
  -6.99806213E-03
  -6.94942474E-03
  -6.93988800E-03
  -6.91318512E-03
  -6.88934326E-03
  -6.79683685E-03
  -6.73770905E-03
  -6.72912598E-03
  -6.71482086E-03
  -6.70337677E-03
  -6.65760040E-03
  -6.65569305E-03
  -6.64329529E-03
  -6.64043427E-03
  -6.63757324E-03
  -6.59942627E-03
  -6.59751892E-03
  -6.55364990E-03
  -6.51264191E-03
  -6.34956360E-03
  -6.27326965E-03
  -6.21414185E-03
  -6.20269775E-03
  -6.15692139E-03
  -6.15406036E-03
  -6.08253479E-03
  -6.07967377E-03
  -6.05678558E-03
  -6.05106354E-03
  -6.01673126E-03
  -5.95664978E-03
  -5.93090057E-03
  -5.89656830E-03
  -5.78117371E-03
  -5.77545166E-03
  -5.73539734E-03
  -5.73348999E-03
  -5.55896759E-03
  -5.53989410E-03
  -5.47218323E-03
  -5.45501709E-03
  -5.44548035E-03
  -5.44261932E-03
  -5.43022156E-03
  -5.42449951E-03
  -5.39016724E-03
  -5.31291962E-03
  -5.22518158E-03
  -5.20420074E-03
  -5.14125824E-03
  -5.12313843E-03
  -5.07068634E-03
  -4.98390198E-03
  -4.88281250E-03
  -4.81891632E-03
  -4.80842590E-03
  -4.73022461E-03
  -4.71401215E-03
  -4.70542908E-03
  -4.68730927E-03
  -4.68063354E-03
  -4.62913513E-03
  -4.62436676E-03
  -4.61101532E-03
  -4.49180603E-03
  -4.47940826E-03
  -4.36592102E-03
  -4.31823730E-03
  -4.29630280E-03
  -4.29630280E-03
  -4.28581238E-03
  -4.19712067E-03
  -4.18853760E-03
  -3.99112701E-03
  -3.96060944E-03
  -3.93295288E-03
  -3.92532349E-03
  -3.85951996E-03
  -3.82423401E-03
  -3.77845764E-03
  -3.70979309E-03
  -3.70788574E-03
  -3.67832184E-03
  -3.67832184E-03
  -3.65447998E-03
  -3.63731384E-03
  -3.62396240E-03
  -3.62300873E-03
  -3.61251831E-03
  -3.57913971E-03
  -3.57532501E-03
  -3.54576111E-03
  -3.49140167E-03
  -3.47328186E-03
  -3.46851349E-03
  -3.44371796E-03
  -3.44276428E-03
  -3.40938568E-03
  -3.37600708E-03
  -3.36933136E-03
  -3.35693359E-03
  -3.31211090E-03
  -3.28540802E-03
  -3.28350067E-03
  -3.27873230E-03
  -3.23581696E-03
  -3.23104858E-03
  -3.17573547E-03
  -3.10039520E-03
  -3.09276581E-03
  -3.04794312E-03
  -3.02410126E-03
  -2.97069550E-03
  -2.94876099E-03
  -2.86483765E-03
  -2.83145905E-03
  -2.81906128E-03
  -2.78377533E-03
  -2.70366669E-03
  -2.65789032E-03
  -2.63595581E-03
  -2.62928009E-03
  -2.61878967E-03
  -2.61211395E-03
  -2.57587433E-03
  -2.47478485E-03
  -2.47192383E-03
  -2.42233276E-03
  -2.41470337E-03
  -2.34317780E-03
  -2.25067139E-03
  -2.22492218E-03
  -2.22110748E-03
  -2.20394135E-03
  -2.18200684E-03
  -2.14481354E-03
  -2.12669373E-03
  -2.11906433E-03
  -1.99508667E-03
  -1.96361542E-03
  -1.92260742E-03
  -1.91402435E-03
  -1.91116333E-03
  -1.76906586E-03
  -1.75571442E-03
  -1.70421600E-03
  -1.69277191E-03
  -1.58691406E-03
  -1.55830383E-03
  -1.53732300E-03
  -1.49822235E-03
  -1.44577026E-03
  -1.37329102E-03
  -1.35517120E-03
  -1.35231018E-03
  -1.31607056E-03
  -1.29890442E-03
  -1.24835968E-03
  -1.24549866E-03
  -1.24454498E-03
  -1.21688843E-03
  -1.19495392E-03
  -1.18637085E-03
  -1.16443634E-03
  -1.16252899E-03
  -1.14440918E-03
  -1.13487244E-03
  -1.08814240E-03
  -1.03569031E-03
  -9.96589661E-04
  -9.70840454E-04
  -9.26971436E-04
  -9.15527344E-04
  -9.06944275E-04
  -8.96453857E-04
  -7.46726990E-04
  -7.31468201E-04
  -6.71386719E-04
  -5.56945801E-04
  -5.00679016E-04
  -4.72068787E-04
  -4.41551208E-04
  -4.24385071E-04
  -3.96728516E-04
  -3.46183777E-04
  -2.93731689E-04
  -2.48908997E-04
  -2.35557556E-04
  -4.86373901E-05
   2.86102295E-06
   8.39233398E-05
   1.65939331E-04
   2.41279602E-04
   2.65121460E-04
   3.31878662E-04
   3.63349915E-04
   3.77655029E-04
   3.98635864E-04
   4.00543213E-04
   4.60624695E-04
   4.61578369E-04
   4.62532043E-04
   5.10215759E-04
   5.69343567E-04
   5.75065613E-04
   5.92231750E-04
   6.13212585E-04
   7.70568848E-04
   8.17298889E-04
   1.00421906E-03
   1.05476379E-03
   1.12342834E-03
   1.17492676E-03
   1.20067596E-03
   1.23214722E-03
   1.25503540E-03
   1.27696991E-03
   1.30462646E-03
   1.49726868E-03
   1.59168243E-03
   1.69563293E-03
   1.76239014E-03
   1.77383423E-03
   1.78909302E-03
   1.79862976E-03
   1.82437897E-03
   1.88064575E-03
   1.90162659E-03
   1.90448761E-03
   1.92451477E-03
   1.93405151E-03
   2.02465057E-03
   2.11811066E-03
   2.16293335E-03
   2.19917297E-03
   2.27165222E-03
   2.28500366E-03
   2.38037109E-03
   2.39944458E-03
   2.51007080E-03
   2.59494781E-03
   2.64072418E-03
   2.65598297E-03
   2.70748138E-03
   2.82764435E-03
   2.91442871E-03
   2.91824341E-03
   2.92396545E-03
   3.15475464E-03
   3.20625305E-03
   3.22628021E-03
   3.25202942E-03
   3.26728821E-03
   3.29685211E-03
   3.37982178E-03
   3.43704224E-03
   3.54194641E-03
   3.56864929E-03
   3.81374359E-03
   3.83281708E-03
   3.89480591E-03
   3.90720367E-03
   3.95107269E-03
   4.02259827E-03
   4.07123566E-03
   4.12845612E-03
   4.18567657E-03
   4.27246094E-03
   4.30107117E-03
   4.31442261E-03
   4.47082520E-03
   4.48799133E-03
   4.52423096E-03
   4.52995300E-03
   4.58431244E-03
   4.60624695E-03
   4.64534760E-03
   4.64820862E-03
   4.73690033E-03
   4.77409363E-03
   4.86087799E-03
   4.92572784E-03
   4.94480133E-03
   5.02395630E-03
   5.05638123E-03
   5.10120392E-03
   5.14984131E-03
   5.21087646E-03
   5.27667999E-03
   5.31291962E-03
   5.43594360E-03
   5.44643402E-03
   5.82599640E-03
   5.88893890E-03
   5.98621368E-03
   6.01959229E-03
   6.10351562E-03
   6.30092621E-03
   6.30474091E-03
   6.35433197E-03
   6.39724731E-03
   6.49833679E-03
   6.59942627E-03
   6.69479370E-03
   6.76822662E-03
   7.44628906E-03
   7.51399994E-03
   7.82299042E-03
   8.11481476E-03
   8.27693939E-03
   8.30173492E-03
   8.66031647E-03
   9.21535492E-03
   9.63497162E-03
   1.00708008E-02
   1.02624893E-02
   1.09090805E-02
   1.15575790E-02
   1.18207932E-02
   1.22051239E-02
   1.24034882E-02
   1.24845505E-02
   1.26276016E-02
   1.29032135E-02
   1.29117966E-02
   1.98812485E-02
   2.02035904E-02
   2.06403732E-02
   2.16913223E-02
   2.28099823E-02
   2.57005692E-02
   2.66113281E-02
   2.80084610E-02
   2.94675827E-02
   3.23352814E-02
   3.30438614E-02
