#Npts     Radius    Mag      Completeness
#   42  869.2836  -13.485000 1.000000
# Verr
  -3.62510681E-02
  -1.70984268E-02
  -1.68056488E-02
  -1.22480392E-02
  -1.04389191E-02
  -1.01051331E-02
  -7.35473633E-03
  -5.86700439E-03
  -5.55896759E-03
  -4.64725494E-03
  -4.25815582E-03
  -3.51142883E-03
  -3.49712372E-03
  -3.16047668E-03
  -2.06089020E-03
  -1.89399719E-03
  -1.80149078E-03
  -9.88960266E-04
  -2.96592712E-04
   1.15394592E-04
   2.57492065E-04
   5.87463379E-04
   1.01757050E-03
   1.03569031E-03
   1.08051300E-03
   1.13582611E-03
   1.35612488E-03
   2.00557709E-03
   2.75135040E-03
   3.01170349E-03
   3.45706940E-03
   3.46088409E-03
   3.72600555E-03
   3.82328033E-03
   3.91387939E-03
   4.30393219E-03
   4.32586670E-03
   5.70583344E-03
   6.58988953E-03
   8.10813904E-03
   1.03988647E-02
   1.34611130E-02
