#Npts     Radius    Mag      Completeness
#  201 1918.4187  -12.295000 1.000000
# Verr
  -3.54528427E-02
  -3.28283310E-02
  -1.44853592E-02
  -1.15385056E-02
  -1.02005005E-02
  -9.30786133E-03
  -9.15050507E-03
  -8.91876221E-03
  -8.71753693E-03
  -8.70037079E-03
  -8.67366791E-03
  -8.63552094E-03
  -8.53443146E-03
  -8.28742981E-03
  -8.12721252E-03
  -8.04805756E-03
  -8.04424286E-03
  -7.99179077E-03
  -7.75718689E-03
  -7.70092010E-03
  -7.20405579E-03
  -7.14969635E-03
  -7.09915161E-03
  -7.09629059E-03
  -6.94370270E-03
  -6.93225861E-03
  -6.82830811E-03
  -6.79779053E-03
  -6.60800934E-03
  -6.51645660E-03
  -6.37245178E-03
  -6.35623932E-03
  -6.11400604E-03
  -5.96523285E-03
  -5.92708588E-03
  -5.89370728E-03
  -5.87654114E-03
  -5.71346283E-03
  -5.44166565E-03
  -5.23185730E-03
  -5.22804260E-03
  -5.19657135E-03
  -5.15365601E-03
  -5.11646271E-03
  -5.02777100E-03
  -4.98294830E-03
  -4.89425659E-03
  -4.89425659E-03
  -4.86469269E-03
  -4.80842590E-03
  -4.76932526E-03
  -4.72164154E-03
  -4.68730927E-03
  -4.58431244E-03
  -4.51087952E-03
  -4.39643860E-03
  -4.36306000E-03
  -4.31537628E-03
  -4.23908234E-03
  -4.02069092E-03
  -4.00257111E-03
  -3.85951996E-03
  -3.66878510E-03
  -3.64780426E-03
  -3.62205505E-03
  -3.60679626E-03
  -3.59058380E-03
  -3.38840485E-03
  -3.34644318E-03
  -3.25965881E-03
  -3.22246552E-03
  -3.18717957E-03
  -3.16715240E-03
  -3.11946869E-03
  -3.09371948E-03
  -2.97355652E-03
  -2.91919708E-03
  -2.91442871E-03
  -2.91252136E-03
  -2.81333923E-03
  -2.77423859E-03
  -2.75325775E-03
  -2.63404846E-03
  -2.59780884E-03
  -2.44140625E-03
  -2.42328644E-03
  -2.40039825E-03
  -2.38323212E-03
  -2.32696533E-03
  -2.31361389E-03
  -2.28023529E-03
  -2.16484070E-03
  -2.14385986E-03
  -2.08854675E-03
  -2.08377838E-03
  -1.99127197E-03
  -1.94072723E-03
  -1.82056427E-03
  -1.82056427E-03
  -1.78813934E-03
  -1.74617767E-03
  -1.71566010E-03
  -1.69277191E-03
  -1.61743164E-03
  -1.60789490E-03
  -1.59835815E-03
  -1.55735016E-03
  -1.37615204E-03
  -1.21498108E-03
  -1.17778778E-03
  -1.08432770E-03
  -1.07383728E-03
  -1.06811523E-03
  -1.06716156E-03
  -1.06048584E-03
  -1.05190277E-03
  -8.30650330E-04
  -7.58171082E-04
  -6.68525696E-04
  -6.46591187E-04
  -6.01768494E-04
  -5.52177429E-04
  -5.31196594E-04
  -4.82559204E-04
  -2.79426575E-04
  -2.39372253E-04
  -1.55448914E-04
  -6.10351562E-05
  -4.19616699E-05
   9.63211060E-05
   9.63211060E-05
   1.15394592E-04
   3.28063965E-04
   3.45230103E-04
   3.74794006E-04
   5.53131104E-04
   6.60896301E-04
   6.61849976E-04
   7.34329224E-04
   8.09669495E-04
   1.03855133E-03
   1.03950500E-03
   1.12438202E-03
   1.17111206E-03
   1.25694275E-03
   1.38092041E-03
   1.44672394E-03
   1.59168243E-03
   1.62220001E-03
   1.62696838E-03
   1.73091888E-03
   1.77001953E-03
   1.77574158E-03
   1.80435181E-03
   1.82437897E-03
   1.86061859E-03
   1.94644928E-03
   2.05039978E-03
   2.25925446E-03
   2.41756439E-03
   2.44235992E-03
   2.57682800E-03
   2.59399414E-03
   2.62832642E-03
   2.68363953E-03
   2.84004211E-03
   2.87055969E-03
   2.90298462E-03
   2.92778015E-03
   2.93159485E-03
   3.32927704E-03
   3.35407257E-03
   3.51810455E-03
   3.52478027E-03
   3.73840332E-03
   4.03690338E-03
   4.05788422E-03
   4.08649445E-03
   4.37355042E-03
   5.00297546E-03
   5.11455536E-03
   5.20229340E-03
   5.50460815E-03
   5.62667847E-03
   5.95188141E-03
   5.96904755E-03
   6.06632233E-03
   8.09955597E-03
   9.95731354E-03
   1.06010437E-02
   1.22814178E-02
   1.26991272E-02
   1.30062103E-02
   1.38015747E-02
   1.56450272E-02
   1.88875198E-02
   2.05821991E-02
   2.12059021E-02
   2.33650208E-02
   2.41699219E-02
   3.06339264E-02
