#Npts     Radius    Mag      Completeness
#  251 1708.5917  -11.700000 1.000000
# Verr
  -1.64947510E-02
  -1.53102875E-02
  -1.36575699E-02
  -1.35917664E-02
  -1.30043030E-02
  -1.29261017E-02
  -1.28278732E-02
  -1.20706558E-02
  -1.18980408E-02
  -1.18036270E-02
  -1.16195679E-02
  -1.10149384E-02
  -1.09243393E-02
  -1.09100342E-02
  -1.06964111E-02
  -1.05047226E-02
  -1.04780197E-02
  -1.03979111E-02
  -1.00088120E-02
  -9.76657867E-03
  -9.76562500E-03
  -9.75227356E-03
  -9.73606110E-03
  -9.69696045E-03
  -9.67979431E-03
  -9.64069366E-03
  -9.55009460E-03
  -9.43660736E-03
  -9.41944122E-03
  -9.17339325E-03
  -9.08946991E-03
  -8.80146027E-03
  -8.79669189E-03
  -8.73470306E-03
  -8.67366791E-03
  -8.64028931E-03
  -8.55350494E-03
  -8.41522217E-03
  -8.40854645E-03
  -8.14151764E-03
  -7.95459747E-03
  -7.90786743E-03
  -7.90786743E-03
  -7.88593292E-03
  -7.81631470E-03
  -7.80487061E-03
  -7.71522522E-03
  -7.65228271E-03
  -7.63130188E-03
  -7.39574432E-03
  -7.29084015E-03
  -7.16972351E-03
  -7.11727142E-03
  -7.06863403E-03
  -7.01618195E-03
  -6.99901581E-03
  -6.99138641E-03
  -6.95323944E-03
  -6.84928894E-03
  -6.82830811E-03
  -6.82067871E-03
  -6.63089752E-03
  -6.55746460E-03
  -6.35147095E-03
  -6.12068176E-03
  -6.09016418E-03
  -6.06346130E-03
  -5.93948364E-03
  -5.89561462E-03
  -5.82981110E-03
  -5.81550598E-03
  -5.78594208E-03
  -5.72776794E-03
  -5.71155548E-03
  -5.71060181E-03
  -5.70678711E-03
  -5.63240051E-03
  -5.47409058E-03
  -5.33199310E-03
  -5.28621674E-03
  -5.28240204E-03
  -5.21373749E-03
  -5.20038605E-03
  -5.13839722E-03
  -5.11074066E-03
  -5.06877899E-03
  -4.93812561E-03
  -4.91905212E-03
  -4.83703613E-03
  -4.73499298E-03
  -4.72640991E-03
  -4.71115112E-03
  -4.57859039E-03
  -4.54711914E-03
  -4.46605682E-03
  -4.29725647E-03
  -4.17613983E-03
  -3.75747681E-03
  -3.71932983E-03
  -3.65161896E-03
  -3.41606140E-03
  -3.21388245E-03
  -2.92873383E-03
  -2.92396545E-03
  -2.85530090E-03
  -2.78568268E-03
  -2.69985199E-03
  -2.66742706E-03
  -2.61974335E-03
  -2.53200531E-03
  -2.46238708E-03
  -2.46238708E-03
  -2.43091583E-03
  -2.41184235E-03
  -2.40421295E-03
  -2.39562988E-03
  -2.35557556E-03
  -2.28977203E-03
  -2.24399567E-03
  -2.10762024E-03
  -1.96933746E-03
  -1.95693970E-03
  -1.95026398E-03
  -1.93023682E-03
  -1.84345245E-03
  -1.68132782E-03
  -1.62315369E-03
  -1.58500671E-03
  -1.56879425E-03
  -1.50966644E-03
  -1.49822235E-03
  -1.37424469E-03
  -1.31797791E-03
  -1.31797791E-03
  -1.31607056E-03
  -1.31511688E-03
  -1.18637085E-03
  -1.11770630E-03
  -1.04713440E-03
  -8.64982605E-04
  -7.95364380E-04
  -7.89642334E-04
  -7.83920288E-04
  -3.81469727E-04
  -3.61442566E-04
  -3.46183777E-04
  -3.32832336E-04
  -2.93731689E-04
  -2.55584717E-04
  -1.63078308E-04
  -1.53541565E-04
  -5.72204590E-06
   1.04904175E-04
   2.04086304E-04
   2.42233276E-04
   2.64167786E-04
   4.05311584E-04
   4.38690186E-04
   5.08308411E-04
   5.59806824E-04
   5.59806824E-04
   5.98907471E-04
   6.01768494E-04
   6.78062439E-04
   6.79969788E-04
   6.83784485E-04
   7.30514526E-04
   8.37326050E-04
   9.45091248E-04
   9.52720642E-04
   1.10435486E-03
   1.34468079E-03
   1.39427185E-03
   1.39904022E-03
   1.40762329E-03
   1.46484375E-03
   1.58596039E-03
   1.74045563E-03
   1.74331665E-03
   1.74331665E-03
   1.74999237E-03
   2.03514099E-03
   2.05230713E-03
   2.12860107E-03
   2.19535828E-03
   2.32601166E-03
   2.36225128E-03
   2.39562988E-03
   2.40325928E-03
   2.48813629E-03
   2.53295898E-03
   2.57015228E-03
   2.59685516E-03
   2.69985199E-03
   2.83336639E-03
   2.87532806E-03
   2.89344788E-03
   2.91728973E-03
   2.98500061E-03
   3.04031372E-03
   3.04317474E-03
   3.15284729E-03
   3.39508057E-03
   3.58104706E-03
   3.70979309E-03
   3.82137299E-03
   3.86428833E-03
   3.87668610E-03
   3.94439697E-03
   3.94535065E-03
   3.94535065E-03
   4.05883789E-03
   4.28581238E-03
   4.28581238E-03
   4.50038910E-03
   4.63008881E-03
   4.70542908E-03
   4.72831726E-03
   5.03921509E-03
   5.16796112E-03
   5.24806976E-03
   5.33580780E-03
   5.36060333E-03
   5.39779663E-03
   5.68866730E-03
   5.86509705E-03
   5.88798523E-03
   6.14166260E-03
   6.23226166E-03
   6.23893738E-03
   6.26850128E-03
   6.27708435E-03
   6.38484955E-03
   6.76059723E-03
   6.83975220E-03
   8.13961029E-03
   8.51535797E-03
   8.73851776E-03
   9.41944122E-03
   9.50241089E-03
   1.17511749E-02
   1.34048462E-02
   1.91650391E-02
   2.04744339E-02
   2.31246948E-02
   2.32343674E-02
   2.42815018E-02
   2.50873566E-02
   3.16162109E-02
   3.19004059E-02
   3.31277847E-02
