#Npts     Radius    Mag      Completeness
#  637 2997.5295  -13.643000 1.000000
# Verr
  -3.01084518E-02
  -1.84268951E-02
  -1.59015656E-02
  -1.49126053E-02
  -1.33504868E-02
  -1.27019882E-02
  -1.18608475E-02
  -1.15318298E-02
  -1.13172531E-02
  -1.11808777E-02
  -1.09395981E-02
  -1.07994080E-02
  -1.04045868E-02
  -1.02443695E-02
  -9.80758667E-03
  -9.68170166E-03
  -9.61589813E-03
  -9.37461853E-03
  -9.34219360E-03
  -9.23538208E-03
  -9.20009613E-03
  -9.09042358E-03
  -9.06753540E-03
  -9.05799866E-03
  -9.03892517E-03
  -8.92925262E-03
  -8.78047943E-03
  -8.75282288E-03
  -8.53919983E-03
  -8.50391388E-03
  -8.49342346E-03
  -8.42380524E-03
  -8.35037231E-03
  -8.17680359E-03
  -8.08238983E-03
  -8.02993774E-03
  -7.98034668E-03
  -7.91072845E-03
  -7.77816772E-03
  -7.77435303E-03
  -7.73143768E-03
  -7.70187378E-03
  -7.62176514E-03
  -7.55023956E-03
  -7.54833221E-03
  -7.52639771E-03
  -7.38334656E-03
  -7.35664368E-03
  -7.31849670E-03
  -7.19261169E-03
  -7.18498230E-03
  -7.12299347E-03
  -7.11250305E-03
  -7.07435608E-03
  -6.95323944E-03
  -6.81114197E-03
  -6.75868988E-03
  -6.65569305E-03
  -6.64901733E-03
  -6.64615631E-03
  -6.58702850E-03
  -6.53934479E-03
  -6.53934479E-03
  -6.53457642E-03
  -6.47258759E-03
  -6.47068024E-03
  -6.39533997E-03
  -6.34956360E-03
  -6.28566742E-03
  -6.18457794E-03
  -6.14833832E-03
  -6.12258911E-03
  -6.08253479E-03
  -6.04152679E-03
  -6.03771210E-03
  -6.02531433E-03
  -5.98907471E-03
  -5.94711304E-03
  -5.90229034E-03
  -5.78212738E-03
  -5.72109222E-03
  -5.71441650E-03
  -5.62667847E-03
  -5.62477112E-03
  -5.56564331E-03
  -5.49793243E-03
  -5.45310974E-03
  -5.42736053E-03
  -5.39493561E-03
  -5.35106659E-03
  -5.32150269E-03
  -5.28717041E-03
  -5.28430939E-03
  -5.24806976E-03
  -5.24520874E-03
  -5.24520874E-03
  -5.24234772E-03
  -5.20706177E-03
  -5.13839722E-03
  -5.07164001E-03
  -5.05733490E-03
  -5.02681732E-03
  -4.98485565E-03
  -4.96101379E-03
  -4.95052338E-03
  -4.92763519E-03
  -4.91809845E-03
  -4.87995148E-03
  -4.84466553E-03
  -4.82845306E-03
  -4.82559204E-03
  -4.82463837E-03
  -4.79602814E-03
  -4.75883484E-03
  -4.74929810E-03
  -4.72831726E-03
  -4.70733643E-03
  -4.67872620E-03
  -4.64916229E-03
  -4.63008881E-03
  -4.62818146E-03
  -4.62627411E-03
  -4.59480286E-03
  -4.59384918E-03
  -4.59098816E-03
  -4.58812714E-03
  -4.53472137E-03
  -4.52995300E-03
  -4.50325012E-03
  -4.49943542E-03
  -4.44793701E-03
  -4.40311432E-03
  -4.36496735E-03
  -4.36019897E-03
  -4.35256958E-03
  -4.26006317E-03
  -4.24957275E-03
  -4.22096252E-03
  -4.17613983E-03
  -4.13227081E-03
  -4.12559509E-03
  -4.11033630E-03
  -4.08554077E-03
  -4.07123566E-03
  -4.06265259E-03
  -4.06169891E-03
  -4.05693054E-03
  -4.05216217E-03
  -4.03594971E-03
  -3.95107269E-03
  -3.87382507E-03
  -3.84140015E-03
  -3.83281708E-03
  -3.82137299E-03
  -3.78894806E-03
  -3.75938416E-03
  -3.75843048E-03
  -3.71170044E-03
  -3.68881226E-03
  -3.65257263E-03
  -3.55243683E-03
  -3.53145599E-03
  -3.51333618E-03
  -3.50189209E-03
  -3.49617004E-03
  -3.47709656E-03
  -3.46755981E-03
  -3.45516205E-03
  -3.45230103E-03
  -3.44085693E-03
  -3.43799591E-03
  -3.37982178E-03
  -3.36265564E-03
  -3.33499908E-03
  -3.31974030E-03
  -3.31211090E-03
  -3.26061249E-03
  -3.25870514E-03
  -3.23867798E-03
  -3.23009491E-03
  -3.21674347E-03
  -3.05747986E-03
  -3.04031372E-03
  -3.03840637E-03
  -3.02505493E-03
  -2.99739838E-03
  -2.92968750E-03
  -2.90775299E-03
  -2.86579132E-03
  -2.86006927E-03
  -2.85625458E-03
  -2.82192230E-03
  -2.80761719E-03
  -2.77709961E-03
  -2.71511078E-03
  -2.71415710E-03
  -2.70843506E-03
  -2.68363953E-03
  -2.67601013E-03
  -2.67314911E-03
  -2.66075134E-03
  -2.62451172E-03
  -2.58922577E-03
  -2.57873535E-03
  -2.56347656E-03
  -2.53009796E-03
  -2.52819061E-03
  -2.52056122E-03
  -2.50530243E-03
  -2.47955322E-03
  -2.47001648E-03
  -2.40802765E-03
  -2.40421295E-03
  -2.32791901E-03
  -2.32124329E-03
  -2.31933594E-03
  -2.30979919E-03
  -2.26879120E-03
  -2.22873688E-03
  -2.22873688E-03
  -2.21347809E-03
  -2.17533112E-03
  -2.05612183E-03
  -2.04181671E-03
  -2.02846527E-03
  -1.97887421E-03
  -1.97124481E-03
  -1.96361542E-03
  -1.95026398E-03
  -1.94644928E-03
  -1.90734863E-03
  -1.89018250E-03
  -1.88064575E-03
  -1.87301636E-03
  -1.85394287E-03
  -1.85108185E-03
  -1.82628632E-03
  -1.82342529E-03
  -1.81674957E-03
  -1.79195404E-03
  -1.77955627E-03
  -1.77383423E-03
  -1.75285339E-03
  -1.73664093E-03
  -1.69658661E-03
  -1.68514252E-03
  -1.67846680E-03
  -1.65939331E-03
  -1.64794922E-03
  -1.64413452E-03
  -1.63459778E-03
  -1.62410736E-03
  -1.56497955E-03
  -1.55925751E-03
  -1.52873993E-03
  -1.52206421E-03
  -1.50775909E-03
  -1.45816803E-03
  -1.43527985E-03
  -1.43337250E-03
  -1.40762329E-03
  -1.39999390E-03
  -1.38187408E-03
  -1.37233734E-03
  -1.33323669E-03
  -1.33132935E-03
  -1.32369995E-03
  -1.31225586E-03
  -1.29699707E-03
  -1.29508972E-03
  -1.26743317E-03
  -1.26075745E-03
  -1.25980377E-03
  -1.22261047E-03
  -1.21784210E-03
  -1.17588043E-03
  -1.16825104E-03
  -1.15299225E-03
  -1.14440918E-03
  -1.13677979E-03
  -1.10149384E-03
  -1.06620789E-03
  -1.04904175E-03
  -1.04522705E-03
  -1.04427338E-03
  -1.03092194E-03
  -1.01280212E-03
  -9.97543335E-04
  -9.67025757E-04
  -9.35554504E-04
  -9.12666321E-04
  -8.94546509E-04
  -8.56399536E-04
  -8.41140747E-04
  -8.28742981E-04
  -8.02040100E-04
  -7.68661499E-04
  -7.24792480E-04
  -6.88552856E-04
  -6.47544861E-04
  -6.38008118E-04
  -6.38008118E-04
  -6.03675842E-04
  -5.94139099E-04
  -5.57899475E-04
  -5.56945801E-04
  -5.46455383E-04
  -5.11169434E-04
  -4.90188599E-04
  -4.71115112E-04
  -4.52041626E-04
  -4.52041626E-04
  -4.26292419E-04
  -4.24385071E-04
  -4.13894653E-04
  -4.10079956E-04
  -3.95774841E-04
  -3.78608704E-04
  -3.77655029E-04
  -2.63214111E-04
  -2.04086304E-04
  -1.94549561E-04
  -1.50680542E-04
  -1.42097473E-04
  -1.38282776E-04
  -7.43865967E-05
  -5.81741333E-05
  -3.52859497E-05
  -3.33786011E-05
  -3.24249268E-05
  -1.90734863E-06
   5.72204590E-06
   1.04904175E-05
   3.62396240E-05
   4.57763672E-05
   8.86917114E-05
   9.72747803E-05
   9.72747803E-05
   1.68800354E-04
   1.71661377E-04
   1.99317932E-04
   1.99317932E-04
   2.50816345E-04
   2.72750854E-04
   3.30924988E-04
   3.43322754E-04
   3.86238098E-04
   4.59671021E-04
   4.72068787E-04
   5.35011292E-04
   5.41687012E-04
   5.49316406E-04
   5.91278076E-04
   6.12258911E-04
   6.23703003E-04
   6.59942627E-04
   6.91413879E-04
   6.97135925E-04
   6.99043274E-04
   6.99043274E-04
   7.01904297E-04
   7.03811646E-04
   7.03811646E-04
   7.24792480E-04
   7.45773315E-04
   7.75337219E-04
   7.86781311E-04
   8.00132751E-04
   8.28742981E-04
   8.44001770E-04
   8.59260559E-04
   8.95500183E-04
   9.15527344E-04
   9.99450684E-04
   1.00231171E-03
   1.01757050E-03
   1.02806091E-03
   1.02806091E-03
   1.07002258E-03
   1.09672546E-03
   1.12533569E-03
   1.14917755E-03
   1.18350983E-03
   1.22642517E-03
   1.23405457E-03
   1.23786926E-03
   1.25980377E-03
   1.27696991E-03
   1.37615204E-03
   1.46007538E-03
   1.46007538E-03
   1.46770477E-03
   1.48868561E-03
   1.49440765E-03
   1.49440765E-03
   1.58500671E-03
   1.62029266E-03
   1.62601471E-03
   1.65176392E-03
   1.69181824E-03
   1.69658661E-03
   1.71756744E-03
   1.72424316E-03
   1.77192688E-03
   1.77478790E-03
   1.79767609E-03
   1.81961060E-03
   1.89304352E-03
   1.93309784E-03
   1.95789337E-03
   1.97315216E-03
   1.99317932E-03
   2.02465057E-03
   2.03895569E-03
   2.04563141E-03
   2.05230713E-03
   2.06184387E-03
   2.07805634E-03
   2.09522247E-03
   2.18009949E-03
   2.19345093E-03
   2.24018097E-03
   2.29644775E-03
   2.32315063E-03
   2.36892700E-03
   2.40612030E-03
   2.41851807E-03
   2.42042542E-03
   2.42424011E-03
   2.43186951E-03
   2.45666504E-03
   2.46524811E-03
   2.46524811E-03
   2.58255005E-03
   2.64930725E-03
   2.72178650E-03
   2.72941589E-03
   2.80761719E-03
   2.82287598E-03
   2.83145905E-03
   2.83432007E-03
   2.88581848E-03
   2.89058685E-03
   2.96020508E-03
   2.99167633E-03
   3.02028656E-03
   3.07083130E-03
   3.07655334E-03
   3.09467316E-03
   3.17478180E-03
   3.17478180E-03
   3.18813324E-03
   3.22437286E-03
   3.29303741E-03
   3.33023071E-03
   3.38459015E-03
   3.39508057E-03
   3.44085693E-03
   3.47900391E-03
   3.50952148E-03
   3.52478027E-03
   3.54862213E-03
   3.55339050E-03
   3.55529785E-03
   3.56388092E-03
   3.57437134E-03
   3.61537933E-03
   3.61633301E-03
   3.62777710E-03
   3.62968445E-03
   3.72314453E-03
   3.79562378E-03
   3.80039215E-03
   3.80611420E-03
   3.83377075E-03
   3.83663177E-03
   3.88908386E-03
   3.92818451E-03
   3.92818451E-03
   4.01878357E-03
   4.07123566E-03
   4.08840179E-03
   4.18853760E-03
   4.21810150E-03
   4.21810150E-03
   4.22000885E-03
   4.22382355E-03
   4.24575806E-03
   4.27055359E-03
   4.29821014E-03
   4.31442261E-03
   4.35924530E-03
   4.41741943E-03
   4.48036194E-03
   4.59194183E-03
   4.60624695E-03
   4.60910797E-03
   4.61387634E-03
   4.63390350E-03
   4.64153290E-03
   4.65679169E-03
   4.68158722E-03
   4.78935242E-03
   4.79316711E-03
   4.82082367E-03
   4.85420227E-03
   4.85706329E-03
   4.87136841E-03
   4.92191315E-03
   4.99153137E-03
   5.01632690E-03
   5.16986847E-03
   5.22041321E-03
   5.22041321E-03
   5.22232056E-03
   5.25951385E-03
   5.31578064E-03
   5.32531738E-03
   5.33676147E-03
   5.34629822E-03
   5.38921356E-03
   5.52940369E-03
   5.65814972E-03
   5.78498840E-03
   5.80883026E-03
   5.85079193E-03
   5.87654114E-03
   5.90896606E-03
   5.91278076E-03
   5.94997406E-03
   5.95188141E-03
   5.97858429E-03
   6.06346130E-03
   6.07681274E-03
   6.07681274E-03
   6.20555878E-03
   6.21795654E-03
   6.29329681E-03
   6.29329681E-03
   6.29711151E-03
   6.33239746E-03
   6.34098053E-03
   6.36291504E-03
   6.36482239E-03
   6.41155243E-03
   6.41345978E-03
   6.48498535E-03
   6.49166107E-03
   6.52694702E-03
   6.55364990E-03
   6.55460358E-03
   6.58130646E-03
   6.61754608E-03
   6.72245026E-03
   6.86550140E-03
   6.86550140E-03
   6.87313080E-03
   6.92176819E-03
   6.97898865E-03
   7.00473785E-03
   7.01904297E-03
   7.07721710E-03
   7.12108612E-03
   7.14778900E-03
   7.22408295E-03
   7.22980499E-03
   7.24983215E-03
   7.25269318E-03
   7.30991364E-03
   7.32994080E-03
   7.35664368E-03
   7.45391846E-03
   7.47871399E-03
   7.50923157E-03
   7.53498077E-03
   7.76576996E-03
   7.80200958E-03
   7.82585144E-03
   7.91263580E-03
   7.91740417E-03
   7.91835785E-03
   8.05664062E-03
   8.13961029E-03
   8.17966461E-03
   8.28266144E-03
   8.36277008E-03
   8.43238831E-03
   8.43620300E-03
   8.48197937E-03
   8.61549377E-03
   8.69560242E-03
   8.71086121E-03
   8.71181488E-03
   9.54055786E-03
   9.57775116E-03
   9.78946686E-03
   9.82189178E-03
   9.98592377E-03
   1.01699829E-02
   1.02529526E-02
   1.05495453E-02
   1.07154846E-02
   1.08518600E-02
   1.10731125E-02
   1.11055374E-02
   1.12733841E-02
   1.17864609E-02
   1.20038986E-02
   1.37968063E-02
   1.39198303E-02
   1.43089294E-02
   1.43814087E-02
   1.48830414E-02
   1.53360367E-02
   1.56621933E-02
   1.71184540E-02
   2.02541351E-02
   2.06499100E-02
   2.14595795E-02
   2.16875076E-02
   2.20661163E-02
   2.22301483E-02
   2.29310989E-02
   2.31781006E-02
   2.45790482E-02
   2.51169205E-02
   2.57310867E-02
   2.59752274E-02
   2.61831284E-02
   2.71568298E-02
   2.76441574E-02
   2.86226273E-02
   2.99425125E-02
   3.23610306E-02
   3.36608887E-02
   3.51400375E-02
   3.62348557E-02
