#Npts     Radius    Mag      Completeness
#  109  659.4565  -12.295000 1.000000
# Verr
  -1.32503510E-02
  -1.23472214E-02
  -1.12724304E-02
  -1.08823776E-02
  -1.05266571E-02
  -1.05161667E-02
  -8.98075104E-03
  -8.82816315E-03
  -8.77380371E-03
  -8.76045227E-03
  -8.58592987E-03
  -8.54015350E-03
  -8.52966309E-03
  -8.48102570E-03
  -8.35323334E-03
  -8.08143616E-03
  -7.90691376E-03
  -7.67326355E-03
  -7.34329224E-03
  -7.29656219E-03
  -7.28416443E-03
  -6.75296783E-03
  -6.61373138E-03
  -6.43539429E-03
  -6.20365143E-03
  -6.17408752E-03
  -6.11114502E-03
  -5.83553314E-03
  -5.66959381E-03
  -5.64479828E-03
  -5.63526154E-03
  -5.49697876E-03
  -5.26237488E-03
  -5.14984131E-03
  -5.10120392E-03
  -5.08308411E-03
  -4.94575500E-03
  -4.83226776E-03
  -4.82940674E-03
  -4.79412079E-03
  -4.73403931E-03
  -4.64916229E-03
  -4.61483002E-03
  -4.48036194E-03
  -4.47750092E-03
  -4.30870056E-03
  -4.26483154E-03
  -4.26483154E-03
  -4.20379639E-03
  -4.11319733E-03
  -4.07218933E-03
  -3.72409821E-03
  -3.52287292E-03
  -3.39794159E-03
  -3.34167480E-03
  -3.32069397E-03
  -3.27301025E-03
  -3.23963165E-03
  -3.22151184E-03
  -3.02410126E-03
  -2.95162201E-03
  -2.90203094E-03
  -2.89916992E-03
  -2.89535522E-03
  -2.88677216E-03
  -2.77423859E-03
  -2.69985199E-03
  -2.61878967E-03
  -2.35366821E-03
  -2.30598450E-03
  -2.29740143E-03
  -2.28691101E-03
  -2.08854675E-03
  -1.90258026E-03
  -1.80053711E-03
  -1.66893005E-03
  -1.39236450E-03
  -1.30367279E-03
  -1.08909607E-03
  -9.96589661E-04
  -9.30786133E-04
  -8.41140747E-04
  -7.07626343E-04
  -3.63349915E-04
  -3.36647034E-04
   2.00271606E-05
   6.29425049E-05
   9.64164734E-04
   1.04236603E-03
   1.18255615E-03
   1.36947632E-03
   1.87683105E-03
   2.28881836E-03
   2.28881836E-03
   2.52342224E-03
   2.54535675E-03
   2.67219543E-03
   2.83718109E-03
   2.86388397E-03
   3.12423706E-03
   3.15093994E-03
   3.72028351E-03
   3.86142731E-03
   5.48267365E-03
   5.49316406E-03
   1.25951767E-02
   1.37233734E-02
   2.35385895E-02
   3.05852890E-02
