#Npts     Radius    Mag      Completeness
#  416 2997.5295  -14.323000 1.000000
# Verr
  -3.34110260E-02
  -3.07779312E-02
  -2.90498734E-02
  -1.93748474E-02
  -1.84412003E-02
  -1.41544342E-02
  -1.24864578E-02
  -1.10673904E-02
  -1.07145309E-02
  -1.05772018E-02
  -9.62162018E-03
  -9.55390930E-03
  -9.51194763E-03
  -9.07802582E-03
  -8.97979736E-03
  -8.68701935E-03
  -8.62312317E-03
  -8.51345062E-03
  -8.23116302E-03
  -8.16631317E-03
  -8.01086426E-03
  -8.00037384E-03
  -7.82394409E-03
  -7.76004791E-03
  -7.71427155E-03
  -7.36522675E-03
  -7.36522675E-03
  -7.23171234E-03
  -7.12585449E-03
  -7.11345673E-03
  -6.96563721E-03
  -6.91413879E-03
  -6.86359406E-03
  -6.74533844E-03
  -6.73103333E-03
  -6.70623779E-03
  -6.69097900E-03
  -6.63852692E-03
  -6.36005402E-03
  -6.34384155E-03
  -6.33430481E-03
  -6.16741180E-03
  -6.16264343E-03
  -6.12449646E-03
  -6.11686707E-03
  -6.06918335E-03
  -6.05010986E-03
  -5.89275360E-03
  -5.88321686E-03
  -5.83457947E-03
  -5.83457947E-03
  -5.62667847E-03
  -5.61428070E-03
  -5.47027588E-03
  -5.34915924E-03
  -5.14030457E-03
  -5.11455536E-03
  -5.10406494E-03
  -5.10406494E-03
  -5.08785248E-03
  -5.02872467E-03
  -4.89711761E-03
  -4.89521027E-03
  -4.77886200E-03
  -4.76264954E-03
  -4.69207764E-03
  -4.55284119E-03
  -4.44221497E-03
  -4.39643860E-03
  -4.35924530E-03
  -4.33826447E-03
  -4.33349609E-03
  -4.17995453E-03
  -4.16469574E-03
  -4.15134430E-03
  -4.09984589E-03
  -4.08363342E-03
  -4.08267975E-03
  -4.06169891E-03
  -3.99684906E-03
  -3.99494171E-03
  -3.97586823E-03
  -3.95298004E-03
  -3.89671326E-03
  -3.81088257E-03
  -3.80420685E-03
  -3.65924835E-03
  -3.59344482E-03
  -3.54194641E-03
  -3.41224670E-03
  -3.39698792E-03
  -3.36360931E-03
  -3.34167480E-03
  -3.32069397E-03
  -3.21865082E-03
  -3.18717957E-03
  -3.08418274E-03
  -3.04126740E-03
  -3.04126740E-03
  -3.02219391E-03
  -3.01551819E-03
  -2.99739838E-03
  -2.95448303E-03
  -2.93922424E-03
  -2.91919708E-03
  -2.88009644E-03
  -2.85053253E-03
  -2.79998779E-03
  -2.78282166E-03
  -2.77709961E-03
  -2.76279449E-03
  -2.73418427E-03
  -2.69126892E-03
  -2.68936157E-03
  -2.68650055E-03
  -2.67410278E-03
  -2.67124176E-03
  -2.54154205E-03
  -2.54058838E-03
  -2.51388550E-03
  -2.49862671E-03
  -2.45857239E-03
  -2.43568420E-03
  -2.35080719E-03
  -2.29835510E-03
  -2.28214264E-03
  -2.26211548E-03
  -2.23922729E-03
  -2.23350525E-03
  -2.22682953E-03
  -2.18009949E-03
  -2.15625763E-03
  -2.01416016E-03
  -2.01320648E-03
  -2.01320648E-03
  -1.96743011E-03
  -1.95693970E-03
  -1.86634064E-03
  -1.84917450E-03
  -1.81579590E-03
  -1.76811218E-03
  -1.74236298E-03
  -1.73759460E-03
  -1.71566010E-03
  -1.68991089E-03
  -1.63555145E-03
  -1.62792206E-03
  -1.62315369E-03
  -1.61838531E-03
  -1.55735016E-03
  -1.52778625E-03
  -1.51348114E-03
  -1.50489807E-03
  -1.47724152E-03
  -1.43909454E-03
  -1.42288208E-03
  -1.35135651E-03
  -1.31225586E-03
  -1.30176544E-03
  -1.29985809E-03
  -1.26552582E-03
  -1.25789642E-03
  -1.21879578E-03
  -1.17969513E-03
  -1.16443634E-03
  -1.15299225E-03
  -1.11579895E-03
  -1.10816956E-03
  -1.10149384E-03
  -1.09004974E-03
  -1.06811523E-03
  -9.93728638E-04
  -9.84191895E-04
  -9.54627991E-04
  -9.35554504E-04
  -8.97407532E-04
  -8.92639160E-04
  -8.74519348E-04
  -8.63075256E-04
  -8.43048096E-04
  -8.01086426E-04
  -7.87734985E-04
  -7.72476196E-04
  -7.21931458E-04
  -7.00950623E-04
  -6.50405884E-04
  -6.31332397E-04
  -6.13212585E-04
  -5.29289246E-04
  -5.16891479E-04
  -4.84466553E-04
  -4.71115112E-04
  -4.58717346E-04
  -4.39643860E-04
  -4.25338745E-04
  -4.12940979E-04
  -4.10079956E-04
  -4.10079956E-04
  -3.92913818E-04
  -3.92913818E-04
  -3.81469727E-04
  -3.80516052E-04
  -3.66210938E-04
  -3.08036804E-04
  -2.96592712E-04
  -2.89916992E-04
  -2.84194946E-04
  -2.50816345E-04
  -2.45094299E-04
  -2.43186951E-04
  -1.93595886E-04
  -1.89781189E-04
  -1.87873840E-04
  -1.70707703E-04
  -1.43051147E-04
  -1.16348267E-04
  -9.25064087E-05
  -8.67843628E-05
  -7.15255737E-05
  -7.15255737E-05
  -5.72204590E-05
  -1.43051147E-05
  -5.72204590E-06
   3.81469727E-06
   4.48226929E-05
   6.19888306E-05
   8.96453857E-05
   1.13487244E-04
   1.86920166E-04
   1.91688538E-04
   1.98364258E-04
   2.13623047E-04
   2.31742859E-04
   2.38418579E-04
   2.42233276E-04
   2.51770020E-04
   2.94685364E-04
   3.11851501E-04
   3.29971313E-04
   3.39508057E-04
   3.68118286E-04
   4.05311584E-04
   4.13894653E-04
   4.31060791E-04
   4.85420227E-04
   5.64575195E-04
   6.33239746E-04
   6.37054443E-04
   6.99996948E-04
   7.14302063E-04
   8.23974609E-04
   8.43048096E-04
   8.53538513E-04
   8.69750977E-04
   8.85009766E-04
   9.06944275E-04
   1.01566315E-03
   1.02996826E-03
   1.04427338E-03
   1.05953217E-03
   1.08146667E-03
   1.18637085E-03
   1.19018555E-03
   1.19590759E-03
   1.23691559E-03
   1.26552582E-03
   1.30558014E-03
   1.31130219E-03
   1.32274628E-03
   1.42383575E-03
   1.42574310E-03
   1.43432617E-03
   1.51538849E-03
   1.51538849E-03
   1.60312653E-03
   1.63459778E-03
   1.66225433E-03
   1.73282623E-03
   1.76048279E-03
   1.77288055E-03
   1.79767609E-03
   1.98078156E-03
   2.04944611E-03
   2.07424164E-03
   2.08759308E-03
   2.13432312E-03
   2.16197968E-03
   2.21252441E-03
   2.21347809E-03
   2.23255157E-03
   2.25067139E-03
   2.36892700E-03
   2.39753723E-03
   2.40516663E-03
   2.55870819E-03
   2.56443024E-03
   2.60639191E-03
   2.64453888E-03
   2.71129608E-03
   2.71224976E-03
   2.79426575E-03
   2.88867950E-03
   2.92396545E-03
   2.92873383E-03
   2.94113159E-03
   3.00025940E-03
   3.04031372E-03
   3.10325623E-03
   3.10611725E-03
   3.19957733E-03
   3.27968597E-03
   3.28731537E-03
   3.31020355E-03
   3.32260132E-03
   3.33023071E-03
   3.34739685E-03
   3.41224670E-03
   3.43322754E-03
   3.44085693E-03
   3.46374512E-03
   3.48186493E-03
   3.49235535E-03
   3.57818604E-03
   3.58772278E-03
   3.59630585E-03
   3.60298157E-03
   3.63159180E-03
   3.72409821E-03
   3.74412537E-03
   3.74984741E-03
   3.75652313E-03
   3.82709503E-03
   3.87191772E-03
   3.88908386E-03
   3.90529633E-03
   4.07600403E-03
   4.21905518E-03
   4.29344177E-03
   4.31823730E-03
   4.32300568E-03
   4.36592102E-03
   4.46987152E-03
   4.48036194E-03
   4.63581085E-03
   4.66346741E-03
   4.69398499E-03
   4.71878052E-03
   4.81796265E-03
   4.82177734E-03
   4.82463837E-03
   4.89521027E-03
   4.92477417E-03
   5.01918793E-03
   5.05733490E-03
   5.05733490E-03
   5.11550903E-03
   5.13172150E-03
   5.24997711E-03
   5.27000427E-03
   5.29193878E-03
   5.34343719E-03
   5.36346436E-03
   5.42926788E-03
   5.63144684E-03
   5.70583344E-03
   5.71155548E-03
   5.74779510E-03
   5.77163696E-03
   5.80406189E-03
   6.03771210E-03
   6.08634949E-03
   6.14547729E-03
   6.30855560E-03
   6.49929047E-03
   6.65760040E-03
   6.88076019E-03
   6.93988800E-03
   6.95037842E-03
   7.21836090E-03
   7.38048553E-03
   7.38716125E-03
   7.40909576E-03
   7.43961334E-03
   7.45964050E-03
   7.63320923E-03
   7.89070129E-03
   8.55731964E-03
   8.86535645E-03
   9.30595398E-03
   9.32025909E-03
   1.02882385E-02
   1.05333328E-02
   1.12457275E-02
   1.15098953E-02
   1.21717453E-02
   1.22241974E-02
   1.31425858E-02
   1.32741928E-02
   1.33905411E-02
   1.42612457E-02
   1.49393082E-02
   1.53465271E-02
   1.54504776E-02
   1.58023834E-02
   1.65643692E-02
   1.76696777E-02
   2.02569962E-02
   2.09188461E-02
   2.18305588E-02
   2.26287842E-02
   2.32696533E-02
   2.36568451E-02
   2.39562988E-02
   2.54220963E-02
   2.84881592E-02
   2.96688080E-02
