#Npts     Radius    Mag      Completeness
#   84  869.2836  -12.889999 1.000000
# Verr
  -2.69651413E-02
  -1.34000778E-02
  -1.29203796E-02
  -1.26562119E-02
  -1.20077133E-02
  -1.07374191E-02
  -1.01737976E-02
  -9.85717773E-03
  -9.42325592E-03
  -9.36222076E-03
  -8.53538513E-03
  -8.52203369E-03
  -8.12149048E-03
  -8.05854797E-03
  -8.01849365E-03
  -7.92312622E-03
  -7.41863251E-03
  -6.95991516E-03
  -6.93130493E-03
  -6.85310364E-03
  -6.45160675E-03
  -6.22558594E-03
  -5.91182709E-03
  -5.77354431E-03
  -5.46360016E-03
  -5.33008575E-03
  -5.17559052E-03
  -4.97627258E-03
  -4.94289398E-03
  -4.43649292E-03
  -4.08458710E-03
  -4.04548645E-03
  -3.97491455E-03
  -3.93486023E-03
  -3.85284424E-03
  -3.74317169E-03
  -3.72219086E-03
  -3.70979309E-03
  -3.70597839E-03
  -3.68499756E-03
  -3.63636017E-03
  -3.50761414E-03
  -3.46755981E-03
  -3.20625305E-03
  -3.07846069E-03
  -3.02124023E-03
  -2.86960602E-03
  -2.80666351E-03
  -2.77900696E-03
  -2.64739990E-03
  -2.09617615E-03
  -2.01511383E-03
  -1.98554993E-03
  -1.92737579E-03
  -1.59645081E-03
  -1.49250031E-03
  -1.34849548E-03
  -1.13010406E-03
  -9.14573669E-04
  -6.44683838E-04
  -4.75883484E-04
  -4.70161438E-04
  -4.52995300E-04
  -3.00407410E-04
  -7.62939453E-05
   6.77108765E-05
   9.34600830E-05
   1.09577179E-03
   1.18827820E-03
   1.47438049E-03
   1.63745880E-03
   1.76811218E-03
   2.43282318E-03
   2.55203247E-03
   2.68936157E-03
   2.82287598E-03
   3.85951996E-03
   6.52694702E-03
   7.11917877E-03
   8.12911987E-03
   9.52529907E-03
   9.95254517E-03
   1.05142593E-02
   1.75542831E-02
