#Npts     Radius    Mag      Completeness
#  183 1288.9376  -12.295000 1.000000
# Verr
  -3.20434570E-02
  -2.02083588E-02
  -1.97143555E-02
  -1.15041733E-02
  -1.04665756E-02
  -1.00517273E-02
  -9.74655151E-03
  -9.60254669E-03
  -8.48293304E-03
  -7.99846649E-03
  -7.98225403E-03
  -7.66658783E-03
  -7.46822357E-03
  -7.14492798E-03
  -7.03334808E-03
  -6.98947906E-03
  -6.88362122E-03
  -6.66141510E-03
  -6.58416748E-03
  -6.29520416E-03
  -6.25801086E-03
  -6.05201721E-03
  -5.88130951E-03
  -5.74874878E-03
  -5.64384460E-03
  -5.51128387E-03
  -5.49983978E-03
  -5.28812408E-03
  -5.05924225E-03
  -4.89139557E-03
  -4.87041473E-03
  -4.77886200E-03
  -4.70066071E-03
  -4.53281403E-03
  -4.37641144E-03
  -4.24671173E-03
  -4.17995453E-03
  -4.15992737E-03
  -3.98921967E-03
  -3.74794006E-03
  -3.57055664E-03
  -3.52382660E-03
  -3.42369080E-03
  -3.14235687E-03
  -3.13949585E-03
  -3.08990479E-03
  -3.04031372E-03
  -2.89154053E-03
  -2.87723541E-03
  -2.86865234E-03
  -2.82478333E-03
  -2.76660919E-03
  -2.66933441E-03
  -2.63690948E-03
  -2.63500214E-03
  -2.61592865E-03
  -2.42710114E-03
  -2.31266022E-03
  -2.28786469E-03
  -2.23541260E-03
  -2.05612183E-03
  -1.78241730E-03
  -1.73282623E-03
  -1.70612335E-03
  -1.69277191E-03
  -1.59931183E-03
  -1.48773193E-03
  -1.14631653E-03
  -1.14631653E-03
  -1.11293793E-03
  -9.40322876E-04
  -9.29832458E-04
  -8.36372375E-04
  -8.20159912E-04
  -7.90596008E-04
  -7.68661499E-04
  -6.33239746E-04
  -4.15802002E-04
  -3.90052795E-04
  -3.43322754E-04
  -3.16619873E-04
  -3.10897827E-04
  -2.69889832E-04
  -1.65939331E-04
  -1.59263611E-04
  -1.56402588E-04
  -1.24931335E-04
  -4.00543213E-05
   6.96182251E-05
   3.17573547E-04
   4.29153442E-04
   4.65393066E-04
   6.54220581E-04
   8.09669495E-04
   8.96453857E-04
   8.98361206E-04
   1.01089478E-03
   1.04236603E-03
   1.11103058E-03
   1.15966797E-03
   1.21784210E-03
   1.23500824E-03
   1.27124786E-03
   1.27887726E-03
   1.51252747E-03
   1.52587891E-03
   1.53064728E-03
   1.65271759E-03
   1.71756744E-03
   1.72138214E-03
   1.72328949E-03
   1.76715851E-03
   1.81484222E-03
   1.86634064E-03
   1.90258026E-03
   1.93691254E-03
   2.01320648E-03
   2.06661224E-03
   2.06947327E-03
   2.07424164E-03
   2.11524963E-03
   2.41661072E-03
   2.53200531E-03
   2.55489349E-03
   2.56061554E-03
   2.78091431E-03
   2.90966034E-03
   2.96115875E-03
   2.96211243E-03
   3.00121307E-03
   3.02505493E-03
   3.07369232E-03
   3.24058533E-03
   3.26251984E-03
   3.29971313E-03
   3.51428986E-03
   3.56483459E-03
   3.80134583E-03
   3.91960144E-03
   3.98063660E-03
   4.05216217E-03
   4.18090820E-03
   4.20188904E-03
   4.33635712E-03
   4.37927246E-03
   4.42504883E-03
   4.49466705E-03
   4.66918945E-03
   4.77600098E-03
   4.86183167E-03
   4.89616394E-03
   4.92382050E-03
   4.92382050E-03
   4.93049622E-03
   4.98867035E-03
   5.25665283E-03
   5.42259216E-03
   5.44357300E-03
   5.72109222E-03
   5.74207306E-03
   6.05869293E-03
   6.51264191E-03
   6.63852692E-03
   6.74819946E-03
   7.28034973E-03
   7.36141205E-03
   7.54833221E-03
   8.35418701E-03
   8.51058960E-03
   9.27639008E-03
   9.37557220E-03
   9.45758820E-03
   9.77230072E-03
   1.01890564E-02
   1.10120773E-02
   1.26934052E-02
   1.35974884E-02
   1.40876770E-02
   1.64327621E-02
   2.02913284E-02
   2.49586105E-02
   2.73971558E-02
   3.03058624E-02
