#Npts     Radius    Mag      Completeness
#  708 2997.5295  -13.302999 1.000000
# Verr
  -2.82373428E-02
  -1.89914703E-02
  -1.70860291E-02
  -1.64947510E-02
  -1.53102875E-02
  -1.46694183E-02
  -1.35917664E-02
  -1.32894516E-02
  -1.30043030E-02
  -1.29261017E-02
  -1.28278732E-02
  -1.23758316E-02
  -1.20706558E-02
  -1.18980408E-02
  -1.17912292E-02
  -1.13935471E-02
  -1.13601685E-02
  -1.11570358E-02
  -1.10731125E-02
  -1.10149384E-02
  -1.09243393E-02
  -1.08976364E-02
  -1.08623505E-02
  -1.06964111E-02
  -1.06945038E-02
  -1.06372833E-02
  -1.04780197E-02
  -1.04618073E-02
  -1.04312897E-02
  -1.03979111E-02
  -1.03693008E-02
  -1.01776123E-02
  -1.01404190E-02
  -9.76657867E-03
  -9.73606110E-03
  -9.72843170E-03
  -9.69696045E-03
  -9.64069366E-03
  -9.62162018E-03
  -9.55009460E-03
  -9.48715210E-03
  -9.45949554E-03
  -9.43660736E-03
  -9.41944122E-03
  -9.40132141E-03
  -9.20486450E-03
  -9.17148590E-03
  -9.14192200E-03
  -9.06467438E-03
  -9.02748108E-03
  -8.93878937E-03
  -8.92639160E-03
  -8.85963440E-03
  -8.84437561E-03
  -8.80146027E-03
  -8.74710083E-03
  -8.68701935E-03
  -8.66508484E-03
  -8.63838196E-03
  -8.62503052E-03
  -8.59069824E-03
  -8.55350494E-03
  -8.51631165E-03
  -8.47625732E-03
  -8.41522217E-03
  -8.41045380E-03
  -8.37898254E-03
  -8.22925568E-03
  -8.20732117E-03
  -8.19396973E-03
  -8.18443298E-03
  -8.08334351E-03
  -8.05568695E-03
  -7.96890259E-03
  -7.94219971E-03
  -7.90786743E-03
  -7.90786743E-03
  -7.87448883E-03
  -7.81631470E-03
  -7.76863098E-03
  -7.63130188E-03
  -7.56168365E-03
  -7.47966766E-03
  -7.46822357E-03
  -7.39574432E-03
  -7.29084015E-03
  -7.21645355E-03
  -7.21454620E-03
  -7.20119476E-03
  -7.11727142E-03
  -7.10773468E-03
  -7.09915161E-03
  -7.06863403E-03
  -7.05242157E-03
  -6.99806213E-03
  -6.99138641E-03
  -6.99138641E-03
  -6.95323944E-03
  -6.94942474E-03
  -6.93988800E-03
  -6.93321228E-03
  -6.93130493E-03
  -6.93130493E-03
  -6.91318512E-03
  -6.89983368E-03
  -6.84928894E-03
  -6.82830811E-03
  -6.82067871E-03
  -6.75678253E-03
  -6.71482086E-03
  -6.70337677E-03
  -6.70337677E-03
  -6.66904449E-03
  -6.66141510E-03
  -6.65760040E-03
  -6.65569305E-03
  -6.63089752E-03
  -6.61659241E-03
  -6.47258759E-03
  -6.44016266E-03
  -6.33239746E-03
  -6.28948212E-03
  -6.27326965E-03
  -6.21414185E-03
  -6.18934631E-03
  -6.15406036E-03
  -6.09016418E-03
  -6.08253479E-03
  -6.07967377E-03
  -6.07585907E-03
  -6.07490540E-03
  -6.06346130E-03
  -6.05773926E-03
  -6.05678558E-03
  -6.05106354E-03
  -6.04438782E-03
  -6.03485107E-03
  -5.99670410E-03
  -5.96618652E-03
  -5.95664978E-03
  -5.93090057E-03
  -5.89656830E-03
  -5.87940216E-03
  -5.84506989E-03
  -5.83076477E-03
  -5.81550598E-03
  -5.78594208E-03
  -5.77545166E-03
  -5.74016571E-03
  -5.73539734E-03
  -5.73348999E-03
  -5.72776794E-03
  -5.71155548E-03
  -5.71155548E-03
  -5.70869446E-03
  -5.70678711E-03
  -5.63526154E-03
  -5.63240051E-03
  -5.59997559E-03
  -5.59520721E-03
  -5.57994843E-03
  -5.56564331E-03
  -5.55896759E-03
  -5.53989410E-03
  -5.53417206E-03
  -5.51795959E-03
  -5.51414490E-03
  -5.50460815E-03
  -5.47504425E-03
  -5.47218323E-03
  -5.45883179E-03
  -5.45501709E-03
  -5.44548035E-03
  -5.43975830E-03
  -5.42449951E-03
  -5.42163849E-03
  -5.39493561E-03
  -5.39016724E-03
  -5.39016724E-03
  -5.38444519E-03
  -5.37490845E-03
  -5.34534454E-03
  -5.28621674E-03
  -5.25856018E-03
  -5.21373749E-03
  -5.20420074E-03
  -5.20038605E-03
  -5.19275665E-03
  -5.13839722E-03
  -5.12313843E-03
  -5.11074066E-03
  -5.07164001E-03
  -5.06877899E-03
  -5.06687164E-03
  -4.99629974E-03
  -4.98962402E-03
  -4.97436523E-03
  -4.93812561E-03
  -4.91905212E-03
  -4.89711761E-03
  -4.89234924E-03
  -4.88281250E-03
  -4.85610962E-03
  -4.81891632E-03
  -4.80842590E-03
  -4.79507446E-03
  -4.71115112E-03
  -4.68826294E-03
  -4.68063354E-03
  -4.67491150E-03
  -4.62913513E-03
  -4.62436676E-03
  -4.62245941E-03
  -4.57859039E-03
  -4.56333160E-03
  -4.56237793E-03
  -4.49180603E-03
  -4.48226929E-03
  -4.46605682E-03
  -4.45175171E-03
  -4.38499451E-03
  -4.30488586E-03
  -4.29725647E-03
  -4.29630280E-03
  -4.29630280E-03
  -4.28771973E-03
  -4.28390503E-03
  -4.25529480E-03
  -4.24385071E-03
  -4.23049927E-03
  -4.22859192E-03
  -4.18663025E-03
  -4.14371490E-03
  -4.07791138E-03
  -4.05502319E-03
  -4.03213501E-03
  -4.01306152E-03
  -3.94916534E-03
  -3.93867493E-03
  -3.93295288E-03
  -3.93295288E-03
  -3.92532349E-03
  -3.84044647E-03
  -3.77941132E-03
  -3.75747681E-03
  -3.73935699E-03
  -3.73363495E-03
  -3.71932983E-03
  -3.67832184E-03
  -3.67832184E-03
  -3.66592407E-03
  -3.63731384E-03
  -3.59916687E-03
  -3.57913971E-03
  -3.57532501E-03
  -3.54099274E-03
  -3.47328186E-03
  -3.44371796E-03
  -3.44276428E-03
  -3.40938568E-03
  -3.37600708E-03
  -3.35693359E-03
  -3.35693359E-03
  -3.35025787E-03
  -3.34835052E-03
  -3.34739685E-03
  -3.30448151E-03
  -3.29208374E-03
  -3.28350067E-03
  -3.27873230E-03
  -3.23104858E-03
  -3.21388245E-03
  -3.18908691E-03
  -3.17573547E-03
  -3.10039520E-03
  -3.04794312E-03
  -3.02410126E-03
  -3.02410126E-03
  -3.02219391E-03
  -3.01361084E-03
  -3.00979614E-03
  -2.94876099E-03
  -2.93636322E-03
  -2.92873383E-03
  -2.92682648E-03
  -2.91442871E-03
  -2.86483765E-03
  -2.86293030E-03
  -2.85530090E-03
  -2.82955170E-03
  -2.82573700E-03
  -2.81906128E-03
  -2.80666351E-03
  -2.78377533E-03
  -2.77423859E-03
  -2.76470184E-03
  -2.70366669E-03
  -2.69508362E-03
  -2.66742706E-03
  -2.66361237E-03
  -2.63595581E-03
  -2.61211395E-03
  -2.56538391E-03
  -2.53200531E-03
  -2.52151489E-03
  -2.51483917E-03
  -2.48908997E-03
  -2.47001648E-03
  -2.43377686E-03
  -2.43091583E-03
  -2.42233276E-03
  -2.41470337E-03
  -2.40993500E-03
  -2.39562988E-03
  -2.39276886E-03
  -2.35557556E-03
  -2.34889984E-03
  -2.34317780E-03
  -2.32410431E-03
  -2.31742859E-03
  -2.31742859E-03
  -2.29835510E-03
  -2.28977203E-03
  -2.24781036E-03
  -2.23445892E-03
  -2.23159790E-03
  -2.22492218E-03
  -2.22110748E-03
  -2.20489502E-03
  -2.20489502E-03
  -2.18200684E-03
  -2.14481354E-03
  -2.12669373E-03
  -2.11429596E-03
  -2.08377838E-03
  -1.99508667E-03
  -1.96933746E-03
  -1.96361542E-03
  -1.93023682E-03
  -1.92260742E-03
  -1.91783905E-03
  -1.91402435E-03
  -1.91116333E-03
  -1.84345245E-03
  -1.84059143E-03
  -1.81007385E-03
  -1.72615051E-03
  -1.69277191E-03
  -1.68132782E-03
  -1.64890289E-03
  -1.62315369E-03
  -1.58691406E-03
  -1.58691406E-03
  -1.58500671E-03
  -1.56879425E-03
  -1.55830383E-03
  -1.50966644E-03
  -1.50966644E-03
  -1.49822235E-03
  -1.48010254E-03
  -1.47438049E-03
  -1.44863129E-03
  -1.38950348E-03
  -1.37329102E-03
  -1.35231018E-03
  -1.35231018E-03
  -1.31702423E-03
  -1.31607056E-03
  -1.31607056E-03
  -1.31511688E-03
  -1.30939484E-03
  -1.30748749E-03
  -1.29890442E-03
  -1.24835968E-03
  -1.22928619E-03
  -1.19495392E-03
  -1.18637085E-03
  -1.18637085E-03
  -1.14440918E-03
  -1.14440918E-03
  -1.13487244E-03
  -1.11770630E-03
  -1.10721588E-03
  -1.09863281E-03
  -1.09386444E-03
  -1.09195709E-03
  -1.04713440E-03
  -1.03569031E-03
  -1.02710724E-03
  -9.83238220E-04
  -9.31739807E-04
  -9.28878784E-04
  -9.26971436E-04
  -9.15527344E-04
  -8.96453857E-04
  -8.64982605E-04
  -8.32557678E-04
  -8.13484192E-04
  -8.11576843E-04
  -7.56263733E-04
  -7.55310059E-04
  -7.50541687E-04
  -7.38143921E-04
  -7.31468201E-04
  -6.89506531E-04
  -6.71386719E-04
  -6.63757324E-04
  -6.09397888E-04
  -4.74929810E-04
  -4.72068787E-04
  -4.41551208E-04
  -4.28199768E-04
  -3.98635864E-04
  -3.96728516E-04
  -3.94821167E-04
  -3.81469727E-04
  -3.61442566E-04
  -3.58581543E-04
  -3.46183777E-04
  -3.46183777E-04
  -3.30924988E-04
  -3.12805176E-04
  -2.93731689E-04
  -2.93731689E-04
  -2.77519226E-04
  -2.55584717E-04
  -2.48908997E-04
  -2.35557556E-04
  -2.33650208E-04
  -2.24113464E-04
  -2.13623047E-04
  -2.12669373E-04
  -1.96456909E-04
  -1.89781189E-04
  -1.89781189E-04
  -1.54495239E-04
  -1.53541565E-04
  -9.91821289E-05
  -9.72747803E-05
  -4.86373901E-05
  -1.52587891E-05
   4.48226929E-05
   4.48226929E-05
   9.82284546E-05
   1.04904175E-04
   1.23023987E-04
   1.27792358E-04
   1.45912170E-04
   1.55448914E-04
   1.98364258E-04
   2.04086304E-04
   2.41279602E-04
   2.64167786E-04
   2.65121460E-04
   2.80380249E-04
   3.63349915E-04
   3.91960144E-04
   3.98635864E-04
   4.00543213E-04
   4.02450562E-04
   4.05311584E-04
   4.61578369E-04
   4.94003296E-04
   5.00679016E-04
   5.08308411E-04
   5.10215759E-04
   5.21659851E-04
   5.40733337E-04
   5.59806824E-04
   5.59806824E-04
   5.69343567E-04
   5.75065613E-04
   5.86509705E-04
   5.92231750E-04
   5.95092773E-04
   5.96046448E-04
   5.98907471E-04
   6.01768494E-04
   6.69479370E-04
   6.74247742E-04
   6.78062439E-04
   6.83784485E-04
   7.12394714E-04
   7.30514526E-04
   7.70568848E-04
   7.81059265E-04
   7.85827637E-04
   7.93457031E-04
   7.98225403E-04
   8.12530518E-04
   8.37326050E-04
   8.41140747E-04
   8.89778137E-04
   8.96453857E-04
   9.38415527E-04
   9.45091248E-04
   9.46044922E-04
   9.52720642E-04
   1.00421906E-03
   1.04141235E-03
   1.06334686E-03
   1.06525421E-03
   1.07765198E-03
   1.10530853E-03
   1.12342834E-03
   1.13677979E-03
   1.17492676E-03
   1.20067596E-03
   1.22165680E-03
   1.23214722E-03
   1.25503540E-03
   1.26361847E-03
   1.27696991E-03
   1.28173828E-03
   1.30081177E-03
   1.30462646E-03
   1.34468079E-03
   1.39427185E-03
   1.39904022E-03
   1.40762329E-03
   1.41048431E-03
   1.46865845E-03
   1.46865845E-03
   1.47914886E-03
   1.49250031E-03
   1.49726868E-03
   1.50394440E-03
   1.51824951E-03
   1.54018402E-03
   1.59168243E-03
   1.60408020E-03
   1.66702271E-03
   1.69563293E-03
   1.74331665E-03
   1.76239014E-03
   1.77288055E-03
   1.77383423E-03
   1.79862976E-03
   1.85775757E-03
   1.92451477E-03
   1.93405151E-03
   1.94072723E-03
   2.02465057E-03
   2.03514099E-03
   2.03800201E-03
   2.05135345E-03
   2.05230713E-03
   2.11429596E-03
   2.11811066E-03
   2.12860107E-03
   2.16293335E-03
   2.23541260E-03
   2.27165222E-03
   2.28500366E-03
   2.36225128E-03
   2.38037109E-03
   2.39562988E-03
   2.41374969E-03
   2.41565704E-03
   2.51007080E-03
   2.53295898E-03
   2.59494781E-03
   2.64072418E-03
   2.70748138E-03
   2.76947021E-03
   2.77233124E-03
   2.82764435E-03
   2.83336639E-03
   2.83622742E-03
   2.87532806E-03
   2.89344788E-03
   2.89440155E-03
   2.91728973E-03
   2.91824341E-03
   2.92396545E-03
   2.99263000E-03
   3.04031372E-03
   3.04031372E-03
   3.04317474E-03
   3.07750702E-03
   3.15475464E-03
   3.20625305E-03
   3.25202942E-03
   3.29685211E-03
   3.37982178E-03
   3.39508057E-03
   3.54194641E-03
   3.58104706E-03
   3.70502472E-03
   3.70979309E-03
   3.81374359E-03
   3.81851196E-03
   3.82137299E-03
   3.83281708E-03
   3.86238098E-03
   3.87668610E-03
   3.91483307E-03
   3.91483307E-03
   3.94630432E-03
   3.94725800E-03
   3.95107269E-03
   3.96919250E-03
   4.05883789E-03
   4.12845612E-03
   4.18567657E-03
   4.24861908E-03
   4.28485870E-03
   4.28581238E-03
   4.28581238E-03
   4.31442261E-03
   4.31919098E-03
   4.38880920E-03
   4.39357758E-03
   4.41551208E-03
   4.42600250E-03
   4.44507599E-03
   4.52995300E-03
   4.58431244E-03
   4.60624695E-03
   4.63008881E-03
   4.64820862E-03
   4.70542908E-03
   4.74357605E-03
   4.77409363E-03
   4.83894348E-03
   4.87136841E-03
   4.92572784E-03
   4.94480133E-03
   4.97436523E-03
   5.09166718E-03
   5.12027740E-03
   5.15842438E-03
   5.16796112E-03
   5.21087646E-03
   5.23662567E-03
   5.24806976E-03
   5.31291962E-03
   5.44643402E-03
   5.49221039E-03
   5.74588776E-03
   5.77735901E-03
   5.82599640E-03
   5.86509705E-03
   5.90324402E-03
   6.05201721E-03
   6.10351562E-03
   6.16168976E-03
   6.23226166E-03
   6.23893738E-03
   6.30092621E-03
   6.30474091E-03
   6.39724731E-03
   6.45351410E-03
   6.52027130E-03
   6.76059723E-03
   6.77585602E-03
   6.83975220E-03
   7.12394714E-03
   7.44628906E-03
   7.51399994E-03
   7.56835938E-03
   7.64369965E-03
   8.11481476E-03
   8.13961029E-03
   8.27693939E-03
   8.51535797E-03
   8.72612000E-03
   8.73851776E-03
   8.77285004E-03
   8.91971588E-03
   9.21535492E-03
   9.23061371E-03
   9.50241089E-03
   9.63497162E-03
   1.00708008E-02
   1.02624893E-02
   1.04446411E-02
   1.09090805E-02
   1.10807419E-02
   1.13439560E-02
   1.14336014E-02
   1.15575790E-02
   1.15604401E-02
   1.18207932E-02
   1.18417740E-02
   1.22051239E-02
   1.26171112E-02
   1.26276016E-02
   1.29032135E-02
   1.37805939E-02
   1.47943497E-02
   1.87206268E-02
   2.02035904E-02
   2.04744339E-02
   2.28099823E-02
   2.32343674E-02
   2.36835480E-02
   2.49032974E-02
   2.50873566E-02
   2.51264572E-02
   2.94475555E-02
   2.94675827E-02
   3.01294327E-02
   3.16162109E-02
   3.19004059E-02
   3.23352814E-02
   3.30438614E-02
   3.39279175E-02
