#Npts     Radius    Mag      Completeness
#  118 1079.1106  -12.889999 1.000000
# Verr
  -1.44777298E-02
  -1.18408203E-02
  -1.13391876E-02
  -1.12428665E-02
  -1.04207993E-02
  -9.95159149E-03
  -9.47761536E-03
  -9.13047791E-03
  -8.63361359E-03
  -8.56971741E-03
  -8.56494904E-03
  -8.49628448E-03
  -8.46958160E-03
  -8.42189789E-03
  -8.00704956E-03
  -7.44438171E-03
  -7.42149353E-03
  -6.97326660E-03
  -6.94561005E-03
  -6.68716431E-03
  -6.58226013E-03
  -6.43825531E-03
  -6.42967224E-03
  -6.34765625E-03
  -6.22463226E-03
  -6.14643097E-03
  -6.04152679E-03
  -5.91659546E-03
  -5.60092926E-03
  -5.58376312E-03
  -5.34915924E-03
  -5.15365601E-03
  -5.03253937E-03
  -4.96387482E-03
  -4.73880768E-03
  -4.46701050E-03
  -3.94725800E-03
  -3.92055511E-03
  -3.74984741E-03
  -3.65352631E-03
  -3.63636017E-03
  -3.46374512E-03
  -3.15475464E-03
  -3.13663483E-03
  -3.09944153E-03
  -3.06320190E-03
  -2.99263000E-03
  -2.90584564E-03
  -2.73704529E-03
  -2.42137909E-03
  -2.41088867E-03
  -2.35366821E-03
  -2.23255157E-03
  -2.14195251E-03
  -1.99604034E-03
  -1.98936462E-03
  -1.96647644E-03
  -1.75189972E-03
  -1.68991089E-03
  -1.65557861E-03
  -1.60503387E-03
  -1.58596039E-03
  -1.54209137E-03
  -1.53541565E-03
  -1.38759613E-03
  -1.37233734E-03
  -1.35707855E-03
  -1.22451782E-03
  -1.10340118E-03
  -1.00803375E-03
  -9.64164734E-04
  -9.62257385E-04
  -9.46998596E-04
  -9.20295715E-04
  -7.93457031E-04
  -7.57217407E-04
  -6.04629517E-04
  -5.88417053E-04
  -5.54084778E-04
  -4.56809998E-04
  -4.50134277E-04
  -4.31060791E-04
  -4.22477722E-04
  -4.02450562E-04
  -3.97682190E-04
  -3.89099121E-04
  -3.79562378E-04
  -3.00407410E-04
  -1.17301941E-04
  -5.24520874E-05
   1.08718872E-04
   3.71932983E-04
   3.77655029E-04
   4.32014465E-04
   4.64439392E-04
   5.23567200E-04
   6.27517700E-04
   6.34193420E-04
   7.63893127E-04
   1.05571747E-03
   1.26457214E-03
   1.41811371E-03
   1.48582458E-03
   1.56402588E-03
   1.58405304E-03
   1.61933899E-03
   1.75666809E-03
   2.07233429E-03
   2.25067139E-03
   3.62873077E-03
   3.75747681E-03
   5.45978546E-03
   7.93743134E-03
   1.14870071E-02
   1.15070343E-02
   1.26056671E-02
   1.84535980E-02
   2.01940536E-02
