#Npts     Radius    Mag      Completeness
#  147  869.2836  -12.295000 1.000000
# Verr
  -2.51474380E-02
  -1.67493820E-02
  -1.47304535E-02
  -1.20048523E-02
  -1.17664337E-02
  -1.16500854E-02
  -1.15203857E-02
  -1.13859177E-02
  -1.07269287E-02
  -1.02262497E-02
  -1.00727081E-02
  -9.72843170E-03
  -9.59205627E-03
  -9.52339172E-03
  -9.34600830E-03
  -9.01222229E-03
  -8.88729095E-03
  -8.61454010E-03
  -8.59069824E-03
  -8.56971741E-03
  -8.51249695E-03
  -8.48770142E-03
  -8.15582275E-03
  -7.91931152E-03
  -7.69805908E-03
  -7.39669800E-03
  -7.36427307E-03
  -7.10201263E-03
  -6.84452057E-03
  -6.83116913E-03
  -6.42013550E-03
  -6.24370575E-03
  -6.23893738E-03
  -6.04820251E-03
  -5.86032867E-03
  -5.82885742E-03
  -5.69438934E-03
  -5.46836853E-03
  -5.25856018E-03
  -5.11360168E-03
  -5.06877899E-03
  -4.92954254E-03
  -4.82463837E-03
  -4.80270386E-03
  -4.79030609E-03
  -4.74166870E-03
  -4.56905365E-03
  -4.55188751E-03
  -4.48322296E-03
  -4.44030762E-03
  -4.38976288E-03
  -4.34780121E-03
  -4.32872772E-03
  -4.29153442E-03
  -3.95584106E-03
  -3.77464294E-03
  -3.71265411E-03
  -3.53622437E-03
  -3.45897675E-03
  -3.45230103E-03
  -3.39698792E-03
  -3.31211090E-03
  -3.25775146E-03
  -3.24821472E-03
  -3.13568115E-03
  -3.13282013E-03
  -3.03268433E-03
  -2.88486481E-03
  -2.86579132E-03
  -2.81429291E-03
  -2.73132324E-03
  -2.67982483E-03
  -2.66647339E-03
  -2.63690948E-03
  -2.54344940E-03
  -2.49385834E-03
  -2.46906281E-03
  -2.40993500E-03
  -2.40135193E-03
  -2.34699249E-03
  -2.34413147E-03
  -2.30693817E-03
  -2.24304199E-03
  -2.23827362E-03
  -2.08091736E-03
  -1.96933746E-03
  -1.95503235E-03
  -1.85394287E-03
  -1.69277191E-03
  -1.68323517E-03
  -1.66130066E-03
  -1.40190125E-03
  -1.33323669E-03
  -1.26171112E-03
  -1.26075745E-03
  -1.22356415E-03
  -1.18350983E-03
  -1.06811523E-03
  -6.53266907E-04
  -5.52177429E-04
  -2.79426575E-04
  -2.07901001E-04
  -1.58309937E-04
  -5.34057617E-05
  -5.24520874E-05
  -4.29153442E-05
   1.51634216E-04
   2.17437744E-04
   2.21252441E-04
   3.61442566E-04
   4.35829163E-04
   5.45501709E-04
   5.61714172E-04
   6.19888306E-04
   6.28471375E-04
   7.91549683E-04
   8.84056091E-04
   1.09004974E-03
   1.24835968E-03
   1.75952911E-03
   1.79481506E-03
   1.89685822E-03
   2.07328796E-03
   2.18963623E-03
   2.38418579E-03
   2.46524811E-03
   2.61974335E-03
   2.85530090E-03
   3.19004059E-03
   3.28636169E-03
   3.43036652E-03
   3.61251831E-03
   4.06932831E-03
   4.08649445E-03
   5.17749786E-03
   6.30760193E-03
   6.83021545E-03
   7.34043121E-03
   8.03565979E-03
   1.60245895E-02
   1.77965164E-02
   1.81083679E-02
   1.88207626E-02
   1.98049545E-02
   2.38265991E-02
   2.57711411E-02
   2.84137726E-02
