#Npts     Radius    Mag      Completeness
#   45 1079.1106  -13.485000 1.000000
# Verr
  -1.98688507E-02
  -1.69715881E-02
  -1.42478943E-02
  -1.24235153E-02
  -1.15261078E-02
  -8.98933411E-03
  -8.69846344E-03
  -8.00323486E-03
  -6.46972656E-03
  -6.45542145E-03
  -5.95855713E-03
  -5.89561462E-03
  -5.74207306E-03
  -5.63907623E-03
  -5.62477112E-03
  -5.25379181E-03
  -4.71782684E-03
  -4.11987305E-03
  -3.65829468E-03
  -3.16333771E-03
  -2.70938873E-03
  -2.33459473E-03
  -1.78050995E-03
  -1.42097473E-03
  -3.93867493E-04
  -3.89099121E-04
  -2.46047974E-04
   8.76426697E-04
   9.76562500E-04
   1.14250183E-03
   1.32179260E-03
   1.38854980E-03
   1.59740448E-03
   1.83391571E-03
   2.03037262E-03
   2.29263306E-03
   2.74181366E-03
   3.11183929E-03
   3.60965729E-03
   3.70311737E-03
   5.33485413E-03
   5.66959381E-03
   6.26468658E-03
   7.00759888E-03
   1.08451843E-02
