#Npts     Radius    Mag      Completeness
#  620 1498.7648  -13.643000 1.000000
# Verr
  -2.14452744E-02
  -1.84259415E-02
  -1.69792175E-02
  -1.68962479E-02
  -1.62496567E-02
  -1.62334442E-02
  -1.56135559E-02
  -1.53713226E-02
  -1.48620605E-02
  -1.34477615E-02
  -1.33161545E-02
  -1.31082535E-02
  -1.29356384E-02
  -1.28946304E-02
  -1.18703842E-02
  -1.18169785E-02
  -1.17492676E-02
  -1.15909576E-02
  -1.15451813E-02
  -1.15022659E-02
  -1.13239288E-02
  -1.13229752E-02
  -1.10073090E-02
  -1.05352402E-02
  -1.05161667E-02
  -1.03950500E-02
  -1.02491379E-02
  -1.02157593E-02
  -1.02138519E-02
  -1.01461411E-02
  -1.01175308E-02
  -1.00908279E-02
  -9.95826721E-03
  -9.92107391E-03
  -9.75131989E-03
  -9.64832306E-03
  -9.60063934E-03
  -9.52339172E-03
  -9.29546356E-03
  -9.29164886E-03
  -9.25636292E-03
  -9.16004181E-03
  -9.09328461E-03
  -9.07421112E-03
  -8.97979736E-03
  -8.88919830E-03
  -8.80432129E-03
  -8.61454010E-03
  -8.55636597E-03
  -8.46576691E-03
  -8.38756561E-03
  -8.32462311E-03
  -8.16726685E-03
  -8.14628601E-03
  -8.13579559E-03
  -8.09860229E-03
  -7.97653198E-03
  -7.87258148E-03
  -7.85255432E-03
  -7.84873962E-03
  -7.80105591E-03
  -7.78388977E-03
  -7.77912140E-03
  -7.63607025E-03
  -7.59410858E-03
  -7.55882263E-03
  -7.55596161E-03
  -7.53116608E-03
  -7.43484497E-03
  -7.43293762E-03
  -7.42626190E-03
  -7.42053986E-03
  -7.41767883E-03
  -7.35759735E-03
  -7.34329224E-03
  -7.31182098E-03
  -7.27367401E-03
  -7.27367401E-03
  -7.26890564E-03
  -7.20310211E-03
  -7.18784332E-03
  -7.18784332E-03
  -7.10582733E-03
  -7.10487366E-03
  -7.01904297E-03
  -6.98566437E-03
  -6.97994232E-03
  -6.97803497E-03
  -6.97803497E-03
  -6.90746307E-03
  -6.84452057E-03
  -6.79683685E-03
  -6.75964355E-03
  -6.75296783E-03
  -6.73389435E-03
  -6.72435760E-03
  -6.72245026E-03
  -6.69097900E-03
  -6.68811798E-03
  -6.59656525E-03
  -6.57844543E-03
  -6.55746460E-03
  -6.55746460E-03
  -6.55555725E-03
  -6.54029846E-03
  -6.53648376E-03
  -6.43730164E-03
  -6.41918182E-03
  -6.34002686E-03
  -6.22940063E-03
  -6.18743896E-03
  -6.16264343E-03
  -6.15215302E-03
  -6.14166260E-03
  -6.13307953E-03
  -6.13307953E-03
  -6.08253479E-03
  -6.07204437E-03
  -6.06155396E-03
  -6.05869293E-03
  -6.05583191E-03
  -6.05487823E-03
  -6.04534149E-03
  -6.01959229E-03
  -5.96427917E-03
  -5.90896606E-03
  -5.90038300E-03
  -5.87368011E-03
  -5.86795807E-03
  -5.86032867E-03
  -5.76686859E-03
  -5.74111938E-03
  -5.74111938E-03
  -5.72967529E-03
  -5.72776794E-03
  -5.70869446E-03
  -5.69438934E-03
  -5.68866730E-03
  -5.68294525E-03
  -5.64670563E-03
  -5.60855865E-03
  -5.47027588E-03
  -5.46836853E-03
  -5.43880463E-03
  -5.33008575E-03
  -5.32627106E-03
  -5.32627106E-03
  -5.32245636E-03
  -5.31959534E-03
  -5.31578064E-03
  -5.27000427E-03
  -5.26237488E-03
  -5.25856018E-03
  -5.22613525E-03
  -5.22518158E-03
  -5.21659851E-03
  -5.20515442E-03
  -5.19275665E-03
  -5.18894196E-03
  -5.18798828E-03
  -5.15270233E-03
  -5.15270233E-03
  -5.11169434E-03
  -5.10787964E-03
  -5.10025024E-03
  -5.06973267E-03
  -5.06877899E-03
  -5.04302979E-03
  -5.04112244E-03
  -5.02777100E-03
  -4.98294830E-03
  -4.96482849E-03
  -4.96482849E-03
  -4.94766235E-03
  -4.93812561E-03
  -4.84466553E-03
  -4.84371185E-03
  -4.83798981E-03
  -4.82368469E-03
  -4.81796265E-03
  -4.81700897E-03
  -4.80079651E-03
  -4.79030609E-03
  -4.70542908E-03
  -4.69112396E-03
  -4.65011597E-03
  -4.61006165E-03
  -4.60720062E-03
  -4.55379486E-03
  -4.48608398E-03
  -4.48417664E-03
  -4.48322296E-03
  -4.48322296E-03
  -4.47940826E-03
  -4.44602966E-03
  -4.43649292E-03
  -4.40883636E-03
  -4.40025330E-03
  -4.39929962E-03
  -4.34398651E-03
  -4.31442261E-03
  -4.31346893E-03
  -4.29153442E-03
  -4.23622131E-03
  -4.22763824E-03
  -4.19712067E-03
  -4.15229797E-03
  -4.07600403E-03
  -4.02450562E-03
  -4.01878357E-03
  -3.99684906E-03
  -3.94153595E-03
  -3.92436981E-03
  -3.91769409E-03
  -3.91006470E-03
  -3.91006470E-03
  -3.90243530E-03
  -3.90052795E-03
  -3.87668610E-03
  -3.85665894E-03
  -3.83281708E-03
  -3.82137299E-03
  -3.78322601E-03
  -3.77368927E-03
  -3.74031067E-03
  -3.69739532E-03
  -3.69071960E-03
  -3.66401672E-03
  -3.64971161E-03
  -3.64971161E-03
  -3.63540649E-03
  -3.62396240E-03
  -3.60774994E-03
  -3.59153748E-03
  -3.58867645E-03
  -3.57437134E-03
  -3.57246399E-03
  -3.56864929E-03
  -3.54671478E-03
  -3.53622437E-03
  -3.52478027E-03
  -3.48949432E-03
  -3.48758698E-03
  -3.46183777E-03
  -3.45611572E-03
  -3.44848633E-03
  -3.44848633E-03
  -3.43132019E-03
  -3.36456299E-03
  -3.35884094E-03
  -3.34072113E-03
  -3.32069397E-03
  -3.30448151E-03
  -3.30162048E-03
  -3.24726105E-03
  -3.23867798E-03
  -3.23867798E-03
  -3.19862366E-03
  -3.19862366E-03
  -3.14617157E-03
  -3.07464600E-03
  -3.02982330E-03
  -2.98690796E-03
  -2.95066833E-03
  -2.94589996E-03
  -2.91061401E-03
  -2.90966034E-03
  -2.88677216E-03
  -2.88486481E-03
  -2.88200378E-03
  -2.86579132E-03
  -2.86483765E-03
  -2.83145905E-03
  -2.83145905E-03
  -2.80475616E-03
  -2.77805328E-03
  -2.76374817E-03
  -2.74944305E-03
  -2.73132324E-03
  -2.73036957E-03
  -2.73036957E-03
  -2.71511078E-03
  -2.69985199E-03
  -2.69985199E-03
  -2.69603729E-03
  -2.67028809E-03
  -2.65789032E-03
  -2.64263153E-03
  -2.63309479E-03
  -2.63309479E-03
  -2.60925293E-03
  -2.58445740E-03
  -2.56919861E-03
  -2.56919861E-03
  -2.54344940E-03
  -2.54344940E-03
  -2.53582001E-03
  -2.45952606E-03
  -2.41184235E-03
  -2.39849091E-03
  -2.35366821E-03
  -2.34794617E-03
  -2.32982635E-03
  -2.32315063E-03
  -2.29549408E-03
  -2.28786469E-03
  -2.28118896E-03
  -2.27928162E-03
  -2.27451324E-03
  -2.26497650E-03
  -2.24018097E-03
  -2.23827362E-03
  -2.21347809E-03
  -2.19726562E-03
  -2.14767456E-03
  -2.14481354E-03
  -2.09426880E-03
  -2.08759308E-03
  -2.07233429E-03
  -2.03037262E-03
  -2.02083588E-03
  -1.99604034E-03
  -1.88255310E-03
  -1.86538696E-03
  -1.86538696E-03
  -1.85394287E-03
  -1.82819366E-03
  -1.82628632E-03
  -1.82342529E-03
  -1.71756744E-03
  -1.69277191E-03
  -1.67560577E-03
  -1.66130066E-03
  -1.65653229E-03
  -1.57833099E-03
  -1.56021118E-03
  -1.50203705E-03
  -1.48200989E-03
  -1.46579742E-03
  -1.45435333E-03
  -1.41525269E-03
  -1.40476227E-03
  -1.40476227E-03
  -1.36947632E-03
  -1.29127502E-03
  -1.25694275E-03
  -1.21021271E-03
  -1.16729736E-03
  -1.14250183E-03
  -1.06620789E-03
  -1.06620789E-03
  -1.04045868E-03
  -9.94682312E-04
  -9.91821289E-04
  -9.76562500E-04
  -9.59396362E-04
  -9.56535339E-04
  -9.30786133E-04
  -9.04083252E-04
  -8.25881958E-04
  -7.95364380E-04
  -7.75337219E-04
  -7.72476196E-04
  -7.14302063E-04
  -6.74247742E-04
  -6.59942627E-04
  -6.52313232E-04
  -6.08444214E-04
  -5.51223755E-04
  -5.35011292E-04
  -5.10215759E-04
  -4.98771667E-04
  -4.94003296E-04
  -4.89234924E-04
  -4.89234924E-04
  -4.84466553E-04
  -4.80651855E-04
  -4.72068787E-04
  -4.62532043E-04
  -4.61578369E-04
  -4.61578369E-04
  -4.60624695E-04
  -4.35829163E-04
  -3.99589539E-04
  -3.90052795E-04
  -3.78608704E-04
  -3.63349915E-04
  -3.53813171E-04
  -3.50952148E-04
  -3.30924988E-04
  -3.29017639E-04
  -2.88009644E-04
  -2.63214111E-04
  -2.60353088E-04
  -2.51770020E-04
  -2.23159790E-04
  -2.05993652E-04
  -1.84059143E-04
  -1.74522400E-04
  -1.69754028E-04
  -1.25885010E-04
  -1.14440918E-04
  -9.63211060E-05
  -8.96453857E-05
  -8.96453857E-05
  -8.39233398E-05
  -8.29696655E-05
  -6.96182251E-05
  -6.00814819E-05
  -5.34057617E-05
  -5.24520874E-05
  -4.29153442E-05
  -3.91006470E-05
  -3.24249268E-05
  -1.52587891E-05
   0.00000000    
   1.43051147E-05
   2.00271606E-05
   4.19616699E-05
   6.67572021E-05
   7.34329224E-05
   7.91549683E-05
   8.58306885E-05
   1.14440918E-04
   1.30653381E-04
   1.62124634E-04
   1.67846680E-04
   1.84059143E-04
   2.15530396E-04
   2.21252441E-04
   2.38418579E-04
   2.71797180E-04
   2.71797180E-04
   3.29017639E-04
   3.53813171E-04
   4.02450562E-04
   4.09126282E-04
   4.14848328E-04
   4.24385071E-04
   4.59671021E-04
   4.66346741E-04
   5.00679016E-04
   5.45501709E-04
   5.50270081E-04
   5.97953796E-04
   6.68525696E-04
   6.83784485E-04
   7.19070435E-04
   7.41004944E-04
   7.43865967E-04
   7.73429871E-04
   7.84873962E-04
   8.29696655E-04
   8.33511353E-04
   8.44001770E-04
   8.76426697E-04
   8.84056091E-04
   9.17434692E-04
   9.88006592E-04
   9.93728638E-04
   1.08051300E-03
   1.09767914E-03
   1.11865997E-03
   1.16062164E-03
   1.16348267E-03
   1.18160248E-03
   1.19113922E-03
   1.20067596E-03
   1.20544434E-03
   1.23310089E-03
   1.24549866E-03
   1.32846832E-03
   1.33132935E-03
   1.33228302E-03
   1.38282776E-03
   1.41048431E-03
   1.41048431E-03
   1.43241882E-03
   1.43241882E-03
   1.45721436E-03
   1.45912170E-03
   1.48010254E-03
   1.50585175E-03
   1.52778625E-03
   1.58977509E-03
   1.61838531E-03
   1.61933899E-03
   1.78623199E-03
   1.79481506E-03
   1.81674957E-03
   1.82628632E-03
   1.86347961E-03
   1.91307068E-03
   1.95312500E-03
   1.99031830E-03
   1.99699402E-03
   2.03609467E-03
   2.03895569E-03
   2.14767456E-03
   2.18963623E-03
   2.28404999E-03
   2.28881836E-03
   2.28881836E-03
   2.40325928E-03
   2.40421295E-03
   2.43663788E-03
   2.49099731E-03
   2.50911713E-03
   2.53295898E-03
   2.53582001E-03
   2.54535675E-03
   2.58350372E-03
   2.58922577E-03
   2.59304047E-03
   2.59304047E-03
   2.65407562E-03
   2.67219543E-03
   2.67791748E-03
   2.71797180E-03
   2.75135040E-03
   2.76184082E-03
   2.82096863E-03
   2.86388397E-03
   2.92396545E-03
   2.92491913E-03
   2.92778015E-03
   2.94494629E-03
   2.95257568E-03
   2.98500061E-03
   2.99263000E-03
   3.02505493E-03
   3.04126740E-03
   3.04126740E-03
   3.11851501E-03
   3.12423706E-03
   3.21960449E-03
   3.28254700E-03
   3.28636169E-03
   3.31592560E-03
   3.36647034E-03
   3.40938568E-03
   3.48949432E-03
   3.51905823E-03
   3.58676910E-03
   3.69644165E-03
   3.74031067E-03
   3.95488739E-03
   4.02164459E-03
   4.24289703E-03
   4.27913666E-03
   4.28771973E-03
   4.30679321E-03
   4.31251526E-03
   4.32014465E-03
   4.35924530E-03
   4.36115265E-03
   4.36210632E-03
   4.36401367E-03
   4.53662872E-03
   4.65011597E-03
   4.74166870E-03
   4.84180450E-03
   4.93144989E-03
   5.06019592E-03
   5.06019592E-03
   5.06877899E-03
   5.10120392E-03
   5.13648987E-03
   5.14698029E-03
   5.16605377E-03
   5.31196594E-03
   5.35392761E-03
   5.60283661E-03
   5.67150116E-03
   5.87654114E-03
   5.89561462E-03
   6.01673126E-03
   6.02912903E-03
   6.05869293E-03
   6.18743896E-03
   6.30760193E-03
   6.43444061E-03
   6.56890869E-03
   6.60133362E-03
   6.63757324E-03
   6.87885284E-03
   7.62557983E-03
   7.84492493E-03
   8.38565826E-03
   8.51821899E-03
   9.07516479E-03
   9.50145721E-03
   9.59587097E-03
   1.00212097E-02
   1.08728409E-02
   1.18532181E-02
   1.22509003E-02
   1.26991272E-02
   1.34534836E-02
   1.39598846E-02
   1.53188705E-02
   1.91087723E-02
   2.29110718E-02
   2.34880447E-02
   2.39963531E-02
   2.48422623E-02
   2.57711411E-02
   2.59666443E-02
   2.76622772E-02
   2.79827118E-02
   2.85749435E-02
   2.98595428E-02
   3.00798416E-02
   3.01761627E-02
   3.03878784E-02
   3.28836441E-02
   3.29875946E-02
   3.33623886E-02
   3.37905884E-02
   3.46469879E-02
