#Npts     Radius    Mag      Completeness
#  106  449.6295  -12.295000 1.000000
# Verr
  -1.28030777E-02
  -9.34219360E-03
  -9.28115845E-03
  -9.07993317E-03
  -8.72612000E-03
  -8.64696503E-03
  -8.44764709E-03
  -8.35704803E-03
  -8.05282593E-03
  -8.01277161E-03
  -7.29179382E-03
  -6.61563873E-03
  -6.54029846E-03
  -6.06918335E-03
  -5.90038300E-03
  -5.87368011E-03
  -5.76782227E-03
  -5.74874878E-03
  -5.67150116E-03
  -5.55419922E-03
  -5.43212891E-03
  -5.41687012E-03
  -5.25760651E-03
  -5.22613525E-03
  -5.15270233E-03
  -5.04875183E-03
  -5.04302979E-03
  -4.94766235E-03
  -4.77313995E-03
  -4.76646423E-03
  -4.73880768E-03
  -4.40883636E-03
  -4.31156158E-03
  -4.22763824E-03
  -3.94058228E-03
  -3.87763977E-03
  -3.87763977E-03
  -3.74221802E-03
  -3.68118286E-03
  -3.57246399E-03
  -3.54385376E-03
  -3.26251984E-03
  -3.19862366E-03
  -3.10611725E-03
  -3.05652618E-03
  -2.96020508E-03
  -2.89535522E-03
  -2.88200378E-03
  -2.77519226E-03
  -2.65407562E-03
  -2.52246857E-03
  -2.29930878E-03
  -2.29549408E-03
  -2.26497650E-03
  -2.11906433E-03
  -2.08759308E-03
  -2.02846527E-03
  -1.91974640E-03
  -1.86824799E-03
  -1.86538696E-03
  -1.82342529E-03
  -1.55639648E-03
  -1.44100189E-03
  -1.40857697E-03
  -1.07860565E-03
  -1.04045868E-03
  -1.01280212E-03
  -8.69750977E-04
  -8.47816467E-04
  -7.78198242E-04
  -6.83784485E-04
  -6.54220581E-04
  -4.84466553E-04
  -3.53813171E-04
  -2.25067139E-04
  -1.74522400E-04
  -1.55448914E-04
   2.19345093E-05
   5.50270081E-04
   6.11305237E-04
   1.09767914E-03
   1.19113922E-03
   1.33228302E-03
   1.50585175E-03
   1.87206268E-03
   1.92737579E-03
   2.76184082E-03
   3.03363800E-03
   3.09562683E-03
   3.27110291E-03
   3.40938568E-03
   3.50570679E-03
   4.32395935E-03
   4.33635712E-03
   4.96768951E-03
   5.74016571E-03
   6.71577454E-03
   8.29601288E-03
   1.24759674E-02
   1.73826218E-02
   2.01387405E-02
   2.07395554E-02
   2.19163895E-02
   2.46753693E-02
   2.75697708E-02
   2.79827118E-02
