#Npts     Radius    Mag      Completeness
#   58 1708.5917  -13.485000 1.000000
# Verr
  -3.53879929E-02
  -2.44750977E-02
  -1.26104355E-02
  -1.14536285E-02
  -1.08375549E-02
  -1.06182098E-02
  -9.14573669E-03
  -7.76481628E-03
  -7.66086578E-03
  -7.12776184E-03
  -6.86645508E-03
  -6.62612915E-03
  -6.57176971E-03
  -6.30664825E-03
  -6.17980957E-03
  -5.81359863E-03
  -5.77354431E-03
  -5.23853302E-03
  -3.64971161E-03
  -2.86865234E-03
  -1.70803070E-03
  -1.56879425E-03
  -1.45149231E-03
  -1.43337250E-03
  -8.47816467E-04
  -5.46455383E-04
  -4.65393066E-04
  -3.00407410E-04
   4.77790833E-04
   5.22613525E-04
   5.22613525E-04
   5.72204590E-04
   9.64164734E-04
   1.15585327E-03
   1.34181976E-03
   1.59645081E-03
   1.73854828E-03
   2.12287903E-03
   3.09562683E-03
   3.14521790E-03
   3.17382812E-03
   3.29494476E-03
   3.51238251E-03
   3.71551514E-03
   4.44412231E-03
   4.91905212E-03
   4.92286682E-03
   4.95529175E-03
   5.12313843E-03
   5.28717041E-03
   5.65242767E-03
   5.93662262E-03
   7.66468048E-03
   7.85064697E-03
   1.05810165E-02
   1.09872818E-02
   1.25112534E-02
   1.36756897E-02
