#Npts     Radius    Mag      Completeness
#   59 1918.4187  -13.485000 1.000000
# Verr
  -7.83920288E-03
  -7.48062134E-03
  -5.62286377E-03
  -5.23185730E-03
  -4.52899933E-03
  -3.97300720E-03
  -3.66497040E-03
  -3.16524506E-03
  -3.14617157E-03
  -2.95257568E-03
  -2.44808197E-03
  -1.39045715E-03
  -1.35898590E-03
  -1.34849548E-03
  -1.20830536E-03
  -1.00898743E-03
  -9.18388367E-04
  -4.95910645E-04
  -1.37329102E-04
   7.86781311E-04
   1.24073029E-03
   1.30271912E-03
   1.30462646E-03
   1.69563293E-03
   2.03227997E-03
   2.20966339E-03
   2.36225128E-03
   2.69126892E-03
   3.45230103E-03
   3.46279144E-03
   3.62873077E-03
   3.73268127E-03
   3.85284424E-03
   4.05979156E-03
   4.10079956E-03
   4.24671173E-03
   4.25815582E-03
   4.51183319E-03
   4.54044342E-03
   4.89902496E-03
   5.12695312E-03
   5.26809692E-03
   5.53703308E-03
   5.57518005E-03
   5.61141968E-03
   5.81645966E-03
   5.91754913E-03
   6.20460510E-03
   6.74247742E-03
   6.92749023E-03
   7.00283051E-03
   7.25364685E-03
   7.83824921E-03
   8.00609589E-03
   8.53157043E-03
   9.47380066E-03
   1.04246140E-02
   1.51882172E-02
   1.59797668E-02
