#Npts     Radius    Mag      Completeness
#  135  659.4565  -11.700000 1.000000
# Verr
  -1.62334442E-02
  -1.25732422E-02
  -1.01938248E-02
  -1.01127625E-02
  -9.44137573E-03
  -9.28401947E-03
  -8.80050659E-03
  -8.16726685E-03
  -8.15677643E-03
  -8.14723969E-03
  -7.97653198E-03
  -7.77149200E-03
  -7.49015808E-03
  -7.47108459E-03
  -7.27748871E-03
  -7.27367401E-03
  -7.21359253E-03
  -7.18784332E-03
  -7.12108612E-03
  -7.01904297E-03
  -6.59656525E-03
  -6.57844543E-03
  -6.57272339E-03
  -6.55746460E-03
  -6.55555725E-03
  -6.53553009E-03
  -6.44493103E-03
  -6.34002686E-03
  -6.21891022E-03
  -6.17027283E-03
  -6.11305237E-03
  -6.06155396E-03
  -5.99861145E-03
  -5.67626953E-03
  -5.65338135E-03
  -5.48076630E-03
  -5.40065765E-03
  -5.37967682E-03
  -5.32245636E-03
  -5.31578064E-03
  -5.22518158E-03
  -5.12123108E-03
  -5.04112244E-03
  -4.83798981E-03
  -4.82368469E-03
  -4.43649292E-03
  -4.21714783E-03
  -4.18281555E-03
  -4.08172607E-03
  -4.02450562E-03
  -4.01878357E-03
  -3.97300720E-03
  -3.95202637E-03
  -3.84616852E-03
  -3.78131866E-03
  -3.74031067E-03
  -3.65066528E-03
  -3.44848633E-03
  -3.24726105E-03
  -3.14617157E-03
  -3.07464600E-03
  -2.98404694E-03
  -2.81047821E-03
  -2.80475616E-03
  -2.52342224E-03
  -2.35557556E-03
  -2.34794617E-03
  -2.34794617E-03
  -2.30979919E-03
  -2.30312347E-03
  -2.30121613E-03
  -2.28786469E-03
  -2.26306915E-03
  -2.25353241E-03
  -2.19726562E-03
  -2.14099884E-03
  -2.08854675E-03
  -1.86252594E-03
  -1.82628632E-03
  -1.67560577E-03
  -1.67179108E-03
  -1.62220001E-03
  -1.54781342E-03
  -1.46579742E-03
  -1.40476227E-03
  -1.35898590E-03
  -1.34181976E-03
  -6.15119934E-04
  -6.08444214E-04
  -4.11033630E-04
  -2.05993652E-04
  -8.29696655E-05
  -3.71932983E-05
   1.30653381E-04
   2.38418579E-04
   3.39508057E-04
   3.91960144E-04
   3.92913818E-04
   5.11169434E-04
   8.27789307E-04
   8.33511353E-04
   9.17434692E-04
   9.93728638E-04
   1.16062164E-03
   1.21021271E-03
   1.28269196E-03
   1.35898590E-03
   1.53827667E-03
   1.70230865E-03
   1.71470642E-03
   1.74999237E-03
   1.99031830E-03
   2.02465057E-03
   2.33554840E-03
   2.53582001E-03
   2.63023376E-03
   3.11851501E-03
   3.56101990E-03
   3.62014771E-03
   3.93962860E-03
   4.30679321E-03
   4.84180450E-03
   4.92095947E-03
   5.72204590E-03
   7.84683228E-03
   7.84969330E-03
   8.20064545E-03
   8.38565826E-03
   9.50145721E-03
   1.18532181E-02
   2.68440247E-02
   3.01761627E-02
   3.18155289E-02
   3.40948105E-02
   3.43484879E-02
