#Npts     Radius    Mag      Completeness
#   69  650.2578  -14.315483 1.000000
# Ierr
  -1.98993683E-02
  -1.43995285E-02
  -1.32999420E-02
  -1.25999451E-02
  -1.13000870E-02
  -1.04999542E-02
  -9.60063934E-03
  -8.19969177E-03
  -7.59983063E-03
  -7.49969482E-03
  -7.29942322E-03
  -7.20024109E-03
  -6.69956207E-03
  -6.60037994E-03
  -6.19983673E-03
  -5.49983978E-03
  -5.30052185E-03
  -5.20038605E-03
  -4.59957123E-03
  -4.30011749E-03
  -4.30011749E-03
  -4.19998169E-03
  -4.19998169E-03
  -3.99971008E-03
  -3.90052795E-03
  -3.49998474E-03
  -3.49998474E-03
  -3.10039520E-03
  -3.00025940E-03
  -2.40039825E-03
  -2.30026245E-03
  -2.20012665E-03
  -1.89971924E-03
  -1.70040131E-03
  -1.39999390E-03
  -8.00132751E-04
  -2.99453735E-04
  -2.00271606E-04
  -1.00135803E-04
   3.00407410E-04
   4.99725342E-04
   5.00679016E-04
   8.00132751E-04
   9.99450684E-04
   1.39999390E-03
   1.89971924E-03
   1.89971924E-03
   1.89971924E-03
   2.49958038E-03
   2.50053406E-03
   3.00025940E-03
   3.20053101E-03
   3.29971313E-03
   3.29971313E-03
   3.90052795E-03
   4.00066376E-03
   4.60052490E-03
   5.00011444E-03
   5.30052185E-03
   5.49983978E-03
   5.59997559E-03
   6.00051880E-03
   6.60037994E-03
   7.30037689E-03
   7.49969482E-03
   7.49969482E-03
   8.19969177E-03
   9.20009613E-03
   1.06000900E-02
