#Npts     Radius    Mag      Completeness
#  144 2098.5596  -14.483467 1.000000
# Ierr
  -1.45998001E-02
  -1.34000778E-02
  -1.27000809E-02
  -1.14002228E-02
  -1.14002228E-02
  -1.07002258E-02
  -1.00002289E-02
  -9.69982147E-03
  -9.39941406E-03
  -9.29927826E-03
  -8.99982452E-03
  -8.50009918E-03
  -8.20064545E-03
  -7.90023804E-03
  -7.90023804E-03
  -7.89928436E-03
  -7.80010223E-03
  -6.79969788E-03
  -6.40010834E-03
  -6.39915466E-03
  -6.19983673E-03
  -5.80024719E-03
  -5.49983978E-03
  -5.49983978E-03
  -5.40065765E-03
  -5.39970398E-03
  -5.39970398E-03
  -5.10025024E-03
  -4.89997864E-03
  -4.89997864E-03
  -4.79984283E-03
  -4.60052490E-03
  -4.60052490E-03
  -4.59957123E-03
  -4.59957123E-03
  -4.39929962E-03
  -4.09984589E-03
  -3.80039215E-03
  -3.69930267E-03
  -3.00025940E-03
  -2.69985199E-03
  -2.60066986E-03
  -2.59971619E-03
  -2.59971619E-03
  -2.49958038E-03
  -2.49958038E-03
  -2.30026245E-03
  -2.29930878E-03
  -2.00080872E-03
  -1.69944763E-03
  -1.39999390E-03
  -1.19972229E-03
  -1.10054016E-03
  -1.09958649E-03
  -1.09958649E-03
  -1.09958649E-03
  -6.99996948E-04
  -6.00814819E-04
  -5.99861145E-04
  -5.00679016E-04
  -4.99725342E-04
  -3.99589539E-04
  -3.00407410E-04
  -2.00271606E-04
  -2.00271606E-04
  -1.00135803E-04
   9.91821289E-05
   1.99317932E-04
   2.00271606E-04
   2.99453735E-04
   3.00407410E-04
   3.00407410E-04
   3.00407410E-04
   5.99861145E-04
   8.00132751E-04
   8.00132751E-04
   9.00268555E-04
   1.00040436E-03
   1.19972229E-03
   1.29985809E-03
   1.30081177E-03
   1.39999390E-03
   1.50012970E-03
   1.50012970E-03
   1.59931183E-03
   1.60026550E-03
   1.60026550E-03
   1.60026550E-03
   1.60026550E-03
   1.69944763E-03
   1.69944763E-03
   1.79958344E-03
   1.99985504E-03
   2.19917297E-03
   2.29930878E-03
   2.29930878E-03
   2.40039825E-03
   2.50053406E-03
   2.59971619E-03
   2.59971619E-03
   2.59971619E-03
   3.10039520E-03
   3.19957733E-03
   3.20053101E-03
   3.29971313E-03
   3.39984894E-03
   3.39984894E-03
   3.39984894E-03
   3.49998474E-03
   3.60012054E-03
   3.60012054E-03
   3.60012054E-03
   3.99971008E-03
   4.30011749E-03
   4.39929962E-03
   4.49943542E-03
   4.49943542E-03
   4.50038910E-03
   4.69970703E-03
   5.80024719E-03
   5.80024719E-03
   5.80024719E-03
   6.40010834E-03
   6.40010834E-03
   6.69956207E-03
   6.69956207E-03
   6.79969788E-03
   6.99996948E-03
   7.10010529E-03
   7.10010529E-03
   7.20024109E-03
   7.69996643E-03
   7.80010223E-03
   8.50009918E-03
   8.70037079E-03
   1.08003616E-02
   1.15003586E-02
   1.17998123E-02
   1.17998123E-02
   1.21002197E-02
   1.27000809E-02
   1.95007324E-02
   4.67996597E-02
  0.104000092    
