#Npts     Radius    Mag      Completeness
#  149 1477.8589  -14.315483 1.000000
# Ierr
  -1.53999329E-02
  -1.50995255E-02
  -1.50995255E-02
  -1.32999420E-02
  -1.25999451E-02
  -1.24998093E-02
  -1.17006302E-02
  -1.13000870E-02
  -1.13000870E-02
  -1.01995468E-02
  -9.30023193E-03
  -8.60023499E-03
  -8.49914551E-03
  -8.19969177E-03
  -7.89928436E-03
  -7.69996643E-03
  -7.59983063E-03
  -7.59983063E-03
  -7.49969482E-03
  -7.39955902E-03
  -7.10010529E-03
  -6.99996948E-03
  -6.39915466E-03
  -6.20079041E-03
  -5.89942932E-03
  -5.80024719E-03
  -5.70011139E-03
  -5.50079346E-03
  -5.00011444E-03
  -4.50038910E-03
  -4.49943542E-03
  -4.19998169E-03
  -4.19998169E-03
  -3.89957428E-03
  -3.70025635E-03
  -3.49998474E-03
  -3.49998474E-03
  -3.49998474E-03
  -3.49998474E-03
  -3.39984894E-03
  -3.20053101E-03
  -3.19957733E-03
  -3.10039520E-03
  -3.00025940E-03
  -2.90012360E-03
  -2.90012360E-03
  -2.69985199E-03
  -2.60066986E-03
  -2.59971619E-03
  -2.50053406E-03
  -2.49958038E-03
  -2.39944458E-03
  -2.09999084E-03
  -1.80053711E-03
  -1.79958344E-03
  -1.79958344E-03
  -1.70040131E-03
  -1.39999390E-03
  -1.39999390E-03
  -1.19972229E-03
  -1.10054016E-03
  -1.09958649E-03
  -1.00040436E-03
  -9.00268555E-04
  -9.00268555E-04
  -8.99314880E-04
  -6.99996948E-04
  -4.99725342E-04
  -3.99589539E-04
  -2.99453735E-04
  -2.00271606E-04
  -1.99317932E-04
  -1.00135803E-04
   0.00000000    
   1.00135803E-04
   2.00271606E-04
   3.99589539E-04
   5.99861145E-04
   8.99314880E-04
   9.99450684E-04
   9.99450684E-04
   1.10054016E-03
   1.10054016E-03
   1.19972229E-03
   1.20067596E-03
   1.29985809E-03
   1.60026550E-03
   1.60026550E-03
   1.69944763E-03
   1.79958344E-03
   1.80053711E-03
   1.89971924E-03
   1.99985504E-03
   1.99985504E-03
   2.09999084E-03
   2.20012665E-03
   2.30026245E-03
   2.40039825E-03
   2.40039825E-03
   2.50053406E-03
   2.90012360E-03
   3.00025940E-03
   3.09944153E-03
   3.10039520E-03
   3.20053101E-03
   3.60012054E-03
   3.70025635E-03
   3.79943848E-03
   3.99971008E-03
   4.00066376E-03
   4.30011749E-03
   4.30011749E-03
   4.40025330E-03
   4.40025330E-03
   4.59957123E-03
   4.69970703E-03
   4.69970703E-03
   4.89997864E-03
   4.89997864E-03
   5.20038605E-03
   5.29956818E-03
   5.50079346E-03
   5.70011139E-03
   5.89942932E-03
   5.90038300E-03
   5.90038300E-03
   6.10065460E-03
   6.19983673E-03
   6.59942627E-03
   6.60037994E-03
   6.60037994E-03
   6.79969788E-03
   7.09915161E-03
   7.10010529E-03
   7.29942322E-03
   7.69996643E-03
   8.29982758E-03
   8.39996338E-03
   8.80050659E-03
   1.04007721E-02
   1.04999542E-02
   1.10998154E-02
   1.20000839E-02
   1.35993958E-02
   1.77001953E-02
   1.90000534E-02
   1.98993683E-02
   7.24000931E-02
  0.159000397    
