#Npts     Radius    Mag      Completeness
#  169 1891.6594  -14.651450 1.000000
# Ierr
  -1.32999420E-02
  -1.25999451E-02
  -1.21994019E-02
  -1.21994019E-02
  -1.17998123E-02
  -1.14994049E-02
  -1.10998154E-02
  -1.00002289E-02
  -9.90009308E-03
  -8.89968872E-03
  -8.59928131E-03
  -8.50009918E-03
  -8.10050964E-03
  -7.99942017E-03
  -7.90023804E-03
  -7.10010529E-03
  -7.10010529E-03
  -6.99996948E-03
  -6.90078735E-03
  -6.90078735E-03
  -6.69956207E-03
  -6.09970093E-03
  -6.09970093E-03
  -5.90038300E-03
  -5.90038300E-03
  -5.80024719E-03
  -5.69915771E-03
  -5.49983978E-03
  -5.49983978E-03
  -5.39970398E-03
  -5.00011444E-03
  -4.79984283E-03
  -4.69970703E-03
  -4.49943542E-03
  -4.39929962E-03
  -4.30011749E-03
  -4.19998169E-03
  -3.89957428E-03
  -3.89957428E-03
  -3.70025635E-03
  -3.70025635E-03
  -3.49998474E-03
  -3.49998474E-03
  -3.39984894E-03
  -3.20053101E-03
  -3.19957733E-03
  -3.19957733E-03
  -3.19957733E-03
  -3.19957733E-03
  -3.00025940E-03
  -2.79998779E-03
  -2.69985199E-03
  -2.60066986E-03
  -2.59971619E-03
  -2.50053406E-03
  -2.30026245E-03
  -2.29930878E-03
  -2.09999084E-03
  -2.09999084E-03
  -1.99985504E-03
  -1.99985504E-03
  -1.89971924E-03
  -1.79958344E-03
  -1.70040131E-03
  -1.69944763E-03
  -1.60026550E-03
  -1.60026550E-03
  -1.60026550E-03
  -1.59931183E-03
  -1.39999390E-03
  -1.29985809E-03
  -1.29985809E-03
  -1.29985809E-03
  -1.19972229E-03
  -1.10054016E-03
  -1.09958649E-03
  -9.00268555E-04
  -9.00268555E-04
  -6.99996948E-04
  -6.99996948E-04
  -6.99996948E-04
  -4.00543213E-04
  -4.00543213E-04
  -3.00407410E-04
  -2.99453735E-04
  -2.00271606E-04
  -2.00271606E-04
  -2.00271606E-04
  -2.00271606E-04
  -1.00135803E-04
   1.00135803E-04
   3.00407410E-04
   3.00407410E-04
   4.99725342E-04
   5.99861145E-04
   5.99861145E-04
   8.00132751E-04
   9.00268555E-04
   9.00268555E-04
   9.00268555E-04
   9.99450684E-04
   1.00040436E-03
   1.00040436E-03
   1.09958649E-03
   1.10054016E-03
   1.10054016E-03
   1.39999390E-03
   1.50012970E-03
   1.60026550E-03
   1.60026550E-03
   1.69944763E-03
   1.70040131E-03
   1.79958344E-03
   1.80053711E-03
   2.00080872E-03
   2.40039825E-03
   2.49958038E-03
   2.60066986E-03
   2.60066986E-03
   2.79998779E-03
   2.90012360E-03
   3.10039520E-03
   3.10039520E-03
   3.10039520E-03
   3.29971313E-03
   3.29971313E-03
   3.39984894E-03
   3.49998474E-03
   3.49998474E-03
   3.60012054E-03
   3.79943848E-03
   4.09984589E-03
   4.09984589E-03
   4.19998169E-03
   4.19998169E-03
   4.19998169E-03
   4.40025330E-03
   4.50038910E-03
   4.69970703E-03
   4.69970703E-03
   5.10025024E-03
   5.10025024E-03
   5.20038605E-03
   5.20038605E-03
   5.39970398E-03
   5.49983978E-03
   5.59997559E-03
   5.59997559E-03
   5.70011139E-03
   6.29997253E-03
   6.69956207E-03
   6.90078735E-03
   7.20024109E-03
   7.80010223E-03
   8.09955597E-03
   8.19969177E-03
   8.19969177E-03
   8.29982758E-03
   8.50009918E-03
   8.59928131E-03
   8.70037079E-03
   8.70037079E-03
   8.99982452E-03
   9.09996033E-03
   1.10006332E-02
   1.13000870E-02
   1.37004852E-02
   1.83000565E-02
   2.12993622E-02
