#Npts     Radius    Mag      Completeness
#   77  857.1581  -14.315483 1.000000
# Ierr
  -1.18999481E-02
  -1.12991333E-02
  -8.89968872E-03
  -8.89968872E-03
  -8.39996338E-03
  -7.49969482E-03
  -7.40051270E-03
  -7.39955902E-03
  -6.80065155E-03
  -6.70051575E-03
  -6.50024414E-03
  -4.89997864E-03
  -4.79984283E-03
  -4.49943542E-03
  -4.39929962E-03
  -4.09984589E-03
  -3.49998474E-03
  -3.39984894E-03
  -3.29971313E-03
  -3.10039520E-03
  -2.49958038E-03
  -2.30026245E-03
  -1.99985504E-03
  -1.99985504E-03
  -1.89971924E-03
  -1.70040131E-03
  -1.60026550E-03
  -1.59931183E-03
  -1.50012970E-03
  -1.29985809E-03
  -1.29985809E-03
  -9.99450684E-04
  -6.99996948E-04
  -6.00814819E-04
  -5.99861145E-04
   0.00000000    
   0.00000000    
   0.00000000    
   1.00135803E-04
   3.00407410E-04
   4.00543213E-04
   5.00679016E-04
   5.99861145E-04
   8.00132751E-04
   9.99450684E-04
   1.20067596E-03
   1.39999390E-03
   1.49917603E-03
   1.79958344E-03
   1.99985504E-03
   1.99985504E-03
   2.39944458E-03
   2.59971619E-03
   2.79998779E-03
   2.90012360E-03
   3.10039520E-03
   3.29971313E-03
   3.39984894E-03
   4.19998169E-03
   4.40025330E-03
   5.59997559E-03
   6.09970093E-03
   6.29997253E-03
   6.49929047E-03
   6.69956207E-03
   7.10010529E-03
   7.90023804E-03
   8.30078125E-03
   8.99982452E-03
   1.02005005E-02
   1.07002258E-02
   1.09004974E-02
   1.14002228E-02
   1.23004913E-02
   1.24006271E-02
   1.42002106E-02
   4.15000916E-02
