#Npts     Radius    Mag      Completeness
#  229  650.2578  -10.998500 0.995652
# Ierr
  -5.04999161E-02
  -3.96995544E-02
  -1.46007538E-02
  -1.43003464E-02
  -1.21002197E-02
  -1.21002197E-02
  -1.11999512E-02
  -1.07994080E-02
  -1.04999542E-02
  -1.02005005E-02
  -9.79995728E-03
  -9.70077515E-03
  -9.60063934E-03
  -9.39941406E-03
  -9.09996033E-03
  -8.20064545E-03
  -8.00037384E-03
  -7.89928436E-03
  -7.80010223E-03
  -7.59983063E-03
  -7.30037689E-03
  -7.19928741E-03
  -6.89983368E-03
  -6.80065155E-03
  -6.70051575E-03
  -6.70051575E-03
  -6.69956207E-03
  -6.60037994E-03
  -6.50024414E-03
  -6.50024414E-03
  -6.40010834E-03
  -6.40010834E-03
  -6.29997253E-03
  -6.29997253E-03
  -6.00051880E-03
  -5.90038300E-03
  -5.90038300E-03
  -5.80024719E-03
  -5.70011139E-03
  -5.59997559E-03
  -5.49983978E-03
  -5.49983978E-03
  -5.40065765E-03
  -5.39970398E-03
  -5.30052185E-03
  -5.20038605E-03
  -5.10025024E-03
  -5.09929657E-03
  -5.00011444E-03
  -5.00011444E-03
  -4.79984283E-03
  -4.79984283E-03
  -4.70066071E-03
  -4.59957123E-03
  -4.59957123E-03
  -4.50038910E-03
  -4.50038910E-03
  -4.19998169E-03
  -4.09984589E-03
  -3.99971008E-03
  -3.90052795E-03
  -3.49998474E-03
  -3.49998474E-03
  -3.49998474E-03
  -3.39984894E-03
  -3.39984894E-03
  -3.29971313E-03
  -3.29971313E-03
  -3.20053101E-03
  -3.20053101E-03
  -3.10039520E-03
  -3.10039520E-03
  -3.10039520E-03
  -3.00025940E-03
  -2.90012360E-03
  -2.90012360E-03
  -2.79998779E-03
  -2.79998779E-03
  -2.69985199E-03
  -2.69985199E-03
  -2.60066986E-03
  -2.60066986E-03
  -2.59971619E-03
  -2.50053406E-03
  -2.40039825E-03
  -2.39944458E-03
  -2.19917297E-03
  -2.09999084E-03
  -2.09999084E-03
  -2.09999084E-03
  -2.09999084E-03
  -1.99985504E-03
  -1.99985504E-03
  -1.99985504E-03
  -1.90067291E-03
  -1.89971924E-03
  -1.89971924E-03
  -1.80053711E-03
  -1.79958344E-03
  -1.70040131E-03
  -1.60026550E-03
  -1.60026550E-03
  -1.39999390E-03
  -1.39999390E-03
  -1.29985809E-03
  -1.29985809E-03
  -1.19972229E-03
  -1.00040436E-03
  -9.99450684E-04
  -9.00268555E-04
  -8.99314880E-04
  -8.00132751E-04
  -8.00132751E-04
  -7.99179077E-04
  -6.99996948E-04
  -6.99996948E-04
  -6.99996948E-04
  -6.99996948E-04
  -5.99861145E-04
  -5.99861145E-04
  -5.99861145E-04
  -4.99725342E-04
  -4.99725342E-04
  -4.00543213E-04
  -3.99589539E-04
  -3.99589539E-04
  -1.99317932E-04
  -1.00135803E-04
  -1.00135803E-04
  -1.00135803E-04
  -1.00135803E-04
  -1.00135803E-04
  -9.91821289E-05
   0.00000000    
   1.00135803E-04
   1.00135803E-04
   1.00135803E-04
   1.00135803E-04
   1.00135803E-04
   1.99317932E-04
   2.99453735E-04
   3.00407410E-04
   4.00543213E-04
   5.99861145E-04
   5.99861145E-04
   6.00814819E-04
   6.99996948E-04
   8.00132751E-04
   8.99314880E-04
   9.00268555E-04
   9.00268555E-04
   9.99450684E-04
   1.29985809E-03
   1.39999390E-03
   1.39999390E-03
   1.39999390E-03
   1.59931183E-03
   1.60026550E-03
   1.70040131E-03
   1.79958344E-03
   1.89971924E-03
   1.99985504E-03
   2.09999084E-03
   2.09999084E-03
   2.30026245E-03
   2.30026245E-03
   2.40039825E-03
   2.40039825E-03
   2.40039825E-03
   2.49958038E-03
   2.50053406E-03
   2.50053406E-03
   2.59971619E-03
   2.69985199E-03
   2.79998779E-03
   2.79998779E-03
   2.90012360E-03
   3.00025940E-03
   3.19957733E-03
   3.39984894E-03
   3.39984894E-03
   3.39984894E-03
   3.49998474E-03
   3.49998474E-03
   3.60012054E-03
   4.19998169E-03
   4.19998169E-03
   4.40025330E-03
   4.60052490E-03
   4.69970703E-03
   4.70066071E-03
   5.10025024E-03
   5.19943237E-03
   5.19943237E-03
   5.30052185E-03
   5.39970398E-03
   5.49983978E-03
   5.49983978E-03
   5.59997559E-03
   5.59997559E-03
   5.99956512E-03
   6.09970093E-03
   6.19983673E-03
   6.29997253E-03
   6.69956207E-03
   7.40051270E-03
   7.49969482E-03
   7.49969482E-03
   7.59983063E-03
   8.29982758E-03
   8.99982452E-03
   9.40036774E-03
   1.03998184E-02
   1.04999542E-02
   1.11999512E-02
   1.12991333E-02
   1.13000870E-02
   1.24998093E-02
   1.30996704E-02
   1.35993958E-02
   1.53999329E-02
   1.65996552E-02
   1.91001892E-02
   2.13003159E-02
   2.83002853E-02
   2.89001465E-02
   3.48005295E-02
  0.114200592    
  0.229199409    
