#Npts     Radius    Mag      Completeness
#   90  857.1581  -14.147500 1.000000
# Ierr
  -1.13000870E-02
  -1.11999512E-02
  -1.04999542E-02
  -8.00037384E-03
  -7.80010223E-03
  -7.80010223E-03
  -7.30037689E-03
  -7.29942322E-03
  -6.99996948E-03
  -6.99996948E-03
  -6.89983368E-03
  -6.29997253E-03
  -5.99956512E-03
  -5.90038300E-03
  -5.49983978E-03
  -5.49983978E-03
  -4.69970703E-03
  -4.30011749E-03
  -3.99971008E-03
  -3.70025635E-03
  -3.49998474E-03
  -3.39984894E-03
  -3.20053101E-03
  -3.20053101E-03
  -3.19957733E-03
  -2.79998779E-03
  -2.79998779E-03
  -2.40039825E-03
  -1.99985504E-03
  -1.99985504E-03
  -1.39999390E-03
  -1.39999390E-03
  -1.19972229E-03
  -1.19972229E-03
  -1.10054016E-03
  -1.00040436E-03
  -9.00268555E-04
  -8.00132751E-04
  -8.00132751E-04
  -3.00407410E-04
  -2.00271606E-04
  -2.00271606E-04
  -2.00271606E-04
  -1.00135803E-04
  -1.00135803E-04
   9.91821289E-05
   2.00271606E-04
   3.00407410E-04
   4.00543213E-04
   4.99725342E-04
   5.00679016E-04
   5.99861145E-04
   6.00814819E-04
   6.99996948E-04
   6.99996948E-04
   8.00132751E-04
   8.00132751E-04
   9.00268555E-04
   1.39999390E-03
   1.39999390E-03
   1.39999390E-03
   1.50012970E-03
   1.50012970E-03
   1.60026550E-03
   1.79958344E-03
   1.89971924E-03
   1.89971924E-03
   1.89971924E-03
   2.09999084E-03
   2.40039825E-03
   2.40039825E-03
   2.49958038E-03
   3.29971313E-03
   3.39984894E-03
   4.29916382E-03
   4.30011749E-03
   4.60052490E-03
   4.69970703E-03
   5.10025024E-03
   5.10025024E-03
   5.20038605E-03
   5.89942932E-03
   6.00051880E-03
   8.50009918E-03
   1.10998154E-02
   1.22995377E-02
   1.65996552E-02
   1.73997879E-02
   6.30998611E-02
   8.86001587E-02
