#Npts     Radius    Mag      Completeness
#  139 1270.9586  -14.651450 1.000000
# Ierr
  -1.23996735E-02
  -1.19009018E-02
  -1.07994080E-02
  -1.07002258E-02
  -1.06000900E-02
  -9.50050354E-03
  -9.39941406E-03
  -9.20009613E-03
  -8.99982452E-03
  -8.39996338E-03
  -7.99942017E-03
  -7.49969482E-03
  -7.30037689E-03
  -7.10010529E-03
  -6.80065155E-03
  -6.79969788E-03
  -6.69956207E-03
  -6.50024414E-03
  -6.29997253E-03
  -6.09970093E-03
  -5.79929352E-03
  -5.20038605E-03
  -5.20038605E-03
  -4.80079651E-03
  -4.70066071E-03
  -4.69970703E-03
  -4.69970703E-03
  -4.59957123E-03
  -4.09984589E-03
  -3.70025635E-03
  -3.49998474E-03
  -3.29971313E-03
  -3.29971313E-03
  -3.19957733E-03
  -3.19957733E-03
  -3.10039520E-03
  -3.00025940E-03
  -2.90012360E-03
  -2.90012360E-03
  -2.60066986E-03
  -2.59971619E-03
  -2.49958038E-03
  -2.30026245E-03
  -2.20012665E-03
  -2.09999084E-03
  -2.09999084E-03
  -1.99985504E-03
  -1.90067291E-03
  -1.79958344E-03
  -1.79958344E-03
  -1.50012970E-03
  -1.49917603E-03
  -1.29985809E-03
  -1.19972229E-03
  -1.19972229E-03
  -1.19972229E-03
  -5.00679016E-04
  -3.99589539E-04
  -2.99453735E-04
  -1.00135803E-04
   0.00000000    
   2.99453735E-04
   4.00543213E-04
   4.99725342E-04
   4.99725342E-04
   4.99725342E-04
   5.99861145E-04
   6.00814819E-04
   6.00814819E-04
   6.99996948E-04
   6.99996948E-04
   8.00132751E-04
   1.19972229E-03
   1.29985809E-03
   1.39999390E-03
   1.39999390E-03
   1.50012970E-03
   1.70040131E-03
   1.70040131E-03
   1.89971924E-03
   1.89971924E-03
   1.99985504E-03
   2.40039825E-03
   2.60066986E-03
   2.60066986E-03
   2.70080566E-03
   2.99930573E-03
   3.10039520E-03
   3.10039520E-03
   3.20053101E-03
   3.20053101E-03
   3.29971313E-03
   3.39984894E-03
   3.60012054E-03
   3.70025635E-03
   3.99971008E-03
   3.99971008E-03
   4.09984589E-03
   4.09984589E-03
   4.09984589E-03
   4.19998169E-03
   4.19998169E-03
   4.30011749E-03
   4.49943542E-03
   4.79984283E-03
   5.19943237E-03
   5.20038605E-03
   5.20038605E-03
   5.29956818E-03
   5.39970398E-03
   5.49983978E-03
   5.59997559E-03
   5.59997559E-03
   5.89942932E-03
   6.50024414E-03
   6.59942627E-03
   6.59942627E-03
   6.60037994E-03
   6.60037994E-03
   6.60037994E-03
   6.69956207E-03
   6.79969788E-03
   7.19928741E-03
   7.40051270E-03
   7.80010223E-03
   7.90023804E-03
   7.90023804E-03
   8.19969177E-03
   8.39996338E-03
   8.89968872E-03
   9.69982147E-03
   1.01995468E-02
   1.08003616E-02
   1.10998154E-02
   1.14002228E-02
   1.78995132E-02
   1.87997818E-02
   3.41997147E-02
   3.78999710E-02
