#Npts     Radius    Mag      Completeness
#  170 2098.5596  -14.819433 0.965909
# Ierr
  -1.41000748E-02
  -1.17998123E-02
  -1.13000870E-02
  -1.08995438E-02
  -1.08003616E-02
  -9.69982147E-03
  -9.20009613E-03
  -9.09996033E-03
  -7.50064850E-03
  -7.50064850E-03
  -6.70051575E-03
  -6.69956207E-03
  -6.49929047E-03
  -6.19983673E-03
  -5.99956512E-03
  -5.70011139E-03
  -5.70011139E-03
  -5.59997559E-03
  -5.59997559E-03
  -5.50079346E-03
  -5.39970398E-03
  -5.29956818E-03
  -5.10025024E-03
  -5.10025024E-03
  -5.10025024E-03
  -5.00011444E-03
  -4.99916077E-03
  -4.89997864E-03
  -4.60052490E-03
  -4.50038910E-03
  -4.40025330E-03
  -3.99971008E-03
  -3.90052795E-03
  -3.90052795E-03
  -3.89957428E-03
  -3.80039215E-03
  -3.80039215E-03
  -3.69930267E-03
  -3.60012054E-03
  -3.60012054E-03
  -3.29971313E-03
  -3.19957733E-03
  -3.10039520E-03
  -3.10039520E-03
  -3.09944153E-03
  -3.00025940E-03
  -3.00025940E-03
  -2.69985199E-03
  -2.60066986E-03
  -2.59971619E-03
  -2.30026245E-03
  -2.29930878E-03
  -2.20012665E-03
  -2.09999084E-03
  -1.90067291E-03
  -1.90067291E-03
  -1.89971924E-03
  -1.70040131E-03
  -1.69944763E-03
  -1.69944763E-03
  -1.60026550E-03
  -1.59931183E-03
  -1.39999390E-03
  -1.39999390E-03
  -1.30081177E-03
  -1.29985809E-03
  -1.29985809E-03
  -1.19972229E-03
  -1.19972229E-03
  -1.10054016E-03
  -1.00040436E-03
  -1.00040436E-03
  -1.00040436E-03
  -9.99450684E-04
  -8.99314880E-04
  -6.99996948E-04
  -6.99996948E-04
  -5.99861145E-04
  -5.99861145E-04
  -5.99861145E-04
  -5.00679016E-04
  -4.99725342E-04
  -4.99725342E-04
  -4.00543213E-04
  -3.00407410E-04
  -2.99453735E-04
  -1.99317932E-04
   0.00000000    
   9.91821289E-05
   1.00135803E-04
   1.00135803E-04
   1.00135803E-04
   1.99317932E-04
   2.00271606E-04
   2.00271606E-04
   2.99453735E-04
   2.99453735E-04
   5.99861145E-04
   6.99996948E-04
   8.00132751E-04
   8.00132751E-04
   8.99314880E-04
   9.00268555E-04
   9.00268555E-04
   9.99450684E-04
   1.00040436E-03
   1.00040436E-03
   1.10054016E-03
   1.19972229E-03
   1.29985809E-03
   1.39999390E-03
   1.50012970E-03
   1.69944763E-03
   1.69944763E-03
   1.80053711E-03
   1.80053711E-03
   2.09999084E-03
   2.20012665E-03
   2.20012665E-03
   2.20012665E-03
   2.30026245E-03
   2.69985199E-03
   2.69985199E-03
   2.90012360E-03
   2.90012360E-03
   2.90012360E-03
   2.90012360E-03
   3.10039520E-03
   3.19957733E-03
   3.19957733E-03
   3.29971313E-03
   3.39984894E-03
   3.39984894E-03
   3.39984894E-03
   3.49998474E-03
   3.49998474E-03
   3.60012054E-03
   3.80039215E-03
   3.90052795E-03
   3.99971008E-03
   3.99971008E-03
   4.09984589E-03
   4.19998169E-03
   4.19998169E-03
   4.30011749E-03
   4.79984283E-03
   5.20038605E-03
   5.20038605E-03
   5.29956818E-03
   5.29956818E-03
   5.60092926E-03
   5.70011139E-03
   5.80024719E-03
   5.80024719E-03
   6.00051880E-03
   6.09970093E-03
   6.40010834E-03
   7.10010529E-03
   7.59983063E-03
   7.59983063E-03
   8.09955597E-03
   9.20009613E-03
   9.79995728E-03
   9.99927521E-03
   1.03006363E-02
   1.08995438E-02
   2.77996063E-02
   5.83000183E-02
   8.36000443E-02
  0.228199959    
