#Npts     Radius    Mag      Completeness
#  164  443.3576  -12.048166 1.000000
# Ierr
  -1.08995438E-02
  -7.70092010E-03
  -6.69956207E-03
  -5.30052185E-03
  -5.10025024E-03
  -4.89997864E-03
  -4.39929962E-03
  -3.89957428E-03
  -3.79943848E-03
  -3.60012054E-03
  -3.60012054E-03
  -3.49998474E-03
  -3.19957733E-03
  -3.10039520E-03
  -3.00025940E-03
  -2.79998779E-03
  -2.79998779E-03
  -2.70080566E-03
  -2.69985199E-03
  -2.40039825E-03
  -2.40039825E-03
  -2.30026245E-03
  -2.30026245E-03
  -2.29930878E-03
  -2.29930878E-03
  -2.29930878E-03
  -2.09999084E-03
  -2.09999084E-03
  -2.09999084E-03
  -1.99985504E-03
  -1.99985504E-03
  -1.90067291E-03
  -1.89971924E-03
  -1.79958344E-03
  -1.79958344E-03
  -1.79958344E-03
  -1.69944763E-03
  -1.60026550E-03
  -1.50012970E-03
  -1.50012970E-03
  -1.29985809E-03
  -1.29985809E-03
  -1.20067596E-03
  -1.20067596E-03
  -1.19972229E-03
  -1.09958649E-03
  -1.09958649E-03
  -1.00040436E-03
  -9.99450684E-04
  -9.00268555E-04
  -8.99314880E-04
  -8.99314880E-04
  -8.00132751E-04
  -8.00132751E-04
  -6.99996948E-04
  -6.99996948E-04
  -4.99725342E-04
  -4.00543213E-04
  -3.99589539E-04
  -3.99589539E-04
  -3.99589539E-04
  -3.00407410E-04
  -3.00407410E-04
  -3.00407410E-04
  -2.99453735E-04
  -2.00271606E-04
  -2.00271606E-04
  -1.99317932E-04
  -1.00135803E-04
  -1.00135803E-04
  -1.00135803E-04
   0.00000000    
   1.99317932E-04
   2.00271606E-04
   2.00271606E-04
   3.00407410E-04
   3.00407410E-04
   3.00407410E-04
   4.00543213E-04
   4.00543213E-04
   4.00543213E-04
   4.99725342E-04
   5.99861145E-04
   5.99861145E-04
   5.99861145E-04
   6.99996948E-04
   6.99996948E-04
   8.00132751E-04
   8.00132751E-04
   8.00132751E-04
   8.00132751E-04
   9.00268555E-04
   9.00268555E-04
   9.99450684E-04
   9.99450684E-04
   1.09958649E-03
   1.09958649E-03
   1.10054016E-03
   1.10054016E-03
   1.50012970E-03
   1.50012970E-03
   1.59931183E-03
   1.60026550E-03
   1.69944763E-03
   1.69944763E-03
   1.69944763E-03
   1.69944763E-03
   1.80053711E-03
   1.80053711E-03
   1.80053711E-03
   1.89971924E-03
   1.89971924E-03
   2.09999084E-03
   2.30026245E-03
   2.30026245E-03
   2.69985199E-03
   2.70080566E-03
   2.79998779E-03
   2.90012360E-03
   2.90012360E-03
   2.90012360E-03
   2.99930573E-03
   2.99930573E-03
   3.00025940E-03
   3.00025940E-03
   3.09944153E-03
   3.10039520E-03
   3.19957733E-03
   3.19957733E-03
   3.19957733E-03
   3.20053101E-03
   3.30066681E-03
   3.39984894E-03
   3.39984894E-03
   3.49998474E-03
   3.70025635E-03
   3.70025635E-03
   3.80039215E-03
   4.09984589E-03
   4.19998169E-03
   4.59957123E-03
   5.00011444E-03
   5.19943237E-03
   5.39970398E-03
   5.70011139E-03
   5.80024719E-03
   5.99956512E-03
   7.29942322E-03
   7.59983063E-03
   8.30078125E-03
   8.60023499E-03
   8.80050659E-03
   1.14994049E-02
   1.15003586E-02
   1.21002197E-02
   1.35993958E-02
   1.43003464E-02
   1.58996582E-02
   1.60999298E-02
   1.64995193E-02
   1.74999237E-02
   2.89001465E-02
   5.25999069E-02
  0.121199608    
