#Npts     Radius    Mag      Completeness
#  121 1064.0583  -14.651450 1.000000
# Ierr
  -1.32999420E-02
  -1.21002197E-02
  -1.10998154E-02
  -1.01995468E-02
  -9.09996033E-03
  -8.00037384E-03
  -8.00037384E-03
  -7.49969482E-03
  -6.99996948E-03
  -6.70051575E-03
  -6.40010834E-03
  -5.80024719E-03
  -5.70011139E-03
  -5.49983978E-03
  -5.40065765E-03
  -5.40065765E-03
  -5.20038605E-03
  -5.10025024E-03
  -5.10025024E-03
  -5.09929657E-03
  -4.89997864E-03
  -4.79984283E-03
  -4.30011749E-03
  -4.29916382E-03
  -4.29916382E-03
  -4.19998169E-03
  -3.99971008E-03
  -3.80039215E-03
  -3.40080261E-03
  -3.29971313E-03
  -3.20053101E-03
  -3.20053101E-03
  -3.19957733E-03
  -3.00025940E-03
  -2.79998779E-03
  -2.69985199E-03
  -2.59971619E-03
  -2.59971619E-03
  -2.59971619E-03
  -2.50053406E-03
  -2.49958038E-03
  -2.39944458E-03
  -1.99985504E-03
  -1.99985504E-03
  -1.79958344E-03
  -1.29985809E-03
  -1.29985809E-03
  -1.19972229E-03
  -1.10054016E-03
  -9.99450684E-04
  -9.99450684E-04
  -6.99996948E-04
  -6.99996948E-04
  -5.99861145E-04
  -3.99589539E-04
  -3.00407410E-04
  -2.00271606E-04
  -1.00135803E-04
   1.00135803E-04
   1.00135803E-04
   1.00135803E-04
   3.00407410E-04
   3.99589539E-04
   4.99725342E-04
   4.99725342E-04
   5.99861145E-04
   6.99996948E-04
   7.99179077E-04
   1.00040436E-03
   1.00040436E-03
   1.20067596E-03
   1.29985809E-03
   1.29985809E-03
   1.59931183E-03
   1.60026550E-03
   1.70040131E-03
   1.89971924E-03
   1.89971924E-03
   2.09999084E-03
   2.30026245E-03
   2.30026245E-03
   2.40039825E-03
   2.40039825E-03
   2.40039825E-03
   2.49958038E-03
   2.59971619E-03
   2.99930573E-03
   3.09944153E-03
   3.10039520E-03
   3.40080261E-03
   3.49998474E-03
   3.69930267E-03
   3.99971008E-03
   4.00066376E-03
   4.39929962E-03
   4.39929962E-03
   4.40025330E-03
   4.50038910E-03
   4.50038910E-03
   5.10025024E-03
   5.20038605E-03
   5.20038605E-03
   5.59997559E-03
   5.70011139E-03
   5.70011139E-03
   5.79929352E-03
   5.90038300E-03
   6.19983673E-03
   6.40010834E-03
   6.50024414E-03
   6.60037994E-03
   6.60037994E-03
   6.89983368E-03
   6.99996948E-03
   7.10010529E-03
   7.30037689E-03
   7.39955902E-03
   8.29982758E-03
   1.11007690E-02
   1.11999512E-02
   1.12991333E-02
