#Npts     Radius    Mag      Completeness
#   60  443.3576  -14.315483 1.000000
# Ierr
  -1.35002136E-02
  -1.13992691E-02
  -1.13000870E-02
  -1.02996826E-02
  -6.89983368E-03
  -6.70051575E-03
  -6.20079041E-03
  -4.60052490E-03
  -4.40025330E-03
  -4.39929962E-03
  -4.09984589E-03
  -3.79943848E-03
  -3.39984894E-03
  -2.99930573E-03
  -2.39944458E-03
  -1.90067291E-03
  -1.79958344E-03
  -1.39999390E-03
  -1.09958649E-03
  -1.00040436E-03
  -1.00040436E-03
  -9.00268555E-04
  -8.00132751E-04
  -2.99453735E-04
   2.99453735E-04
   1.09958649E-03
   1.10054016E-03
   1.19972229E-03
   1.20067596E-03
   1.50012970E-03
   1.60026550E-03
   1.69944763E-03
   2.20012665E-03
   2.20012665E-03
   2.29930878E-03
   2.39944458E-03
   2.40039825E-03
   2.49958038E-03
   2.79998779E-03
   2.79998779E-03
   2.90012360E-03
   3.00025940E-03
   3.00025940E-03
   3.09944153E-03
   3.10039520E-03
   3.10039520E-03
   3.19957733E-03
   3.79943848E-03
   3.90052795E-03
   7.19928741E-03
   7.20024109E-03
   8.89968872E-03
   9.69982147E-03
   9.90009308E-03
   1.06000900E-02
   1.24006271E-02
   1.43995285E-02
   1.62000656E-02
   7.78999329E-02
  0.111700058    
