#Npts     Radius    Mag      Completeness
#  155 2098.5596  -14.651450 0.968750
# Ierr
  -1.58996582E-02
  -1.22003555E-02
  -9.90009308E-03
  -9.59968567E-03
  -9.20009613E-03
  -8.69941711E-03
  -7.90023804E-03
  -7.40051270E-03
  -7.10010529E-03
  -6.99996948E-03
  -6.79969788E-03
  -6.60037994E-03
  -6.10065460E-03
  -6.09970093E-03
  -6.00051880E-03
  -5.90038300E-03
  -5.80024719E-03
  -5.70011139E-03
  -5.49983978E-03
  -5.39970398E-03
  -5.20038605E-03
  -5.20038605E-03
  -5.19943237E-03
  -5.10025024E-03
  -5.10025024E-03
  -5.09929657E-03
  -4.40025330E-03
  -3.80039215E-03
  -3.70025635E-03
  -3.49998474E-03
  -3.49998474E-03
  -3.40080261E-03
  -3.40080261E-03
  -3.19957733E-03
  -3.09944153E-03
  -2.90012360E-03
  -2.90012360E-03
  -2.69985199E-03
  -2.69985199E-03
  -2.69985199E-03
  -2.60066986E-03
  -2.30026245E-03
  -2.30026245E-03
  -2.09999084E-03
  -2.00080872E-03
  -1.89971924E-03
  -1.79958344E-03
  -1.79958344E-03
  -1.79958344E-03
  -1.69944763E-03
  -1.59931183E-03
  -1.39999390E-03
  -1.29985809E-03
  -1.29985809E-03
  -1.20067596E-03
  -1.20067596E-03
  -1.09958649E-03
  -1.09958649E-03
  -1.09958649E-03
  -1.00040436E-03
  -1.00040436E-03
  -8.00132751E-04
  -5.99861145E-04
  -5.99861145E-04
  -4.99725342E-04
  -4.00543213E-04
  -3.99589539E-04
  -2.00271606E-04
  -1.00135803E-04
   0.00000000    
   0.00000000    
   1.00135803E-04
   2.00271606E-04
   2.00271606E-04
   3.00407410E-04
   5.99861145E-04
   5.99861145E-04
   6.99996948E-04
   7.99179077E-04
   9.00268555E-04
   1.10054016E-03
   1.10054016E-03
   1.10054016E-03
   1.39999390E-03
   1.39999390E-03
   1.50012970E-03
   1.79958344E-03
   1.79958344E-03
   1.80053711E-03
   1.89971924E-03
   1.89971924E-03
   1.89971924E-03
   1.90067291E-03
   2.09999084E-03
   2.09999084E-03
   2.09999084E-03
   2.20012665E-03
   2.20012665E-03
   2.49958038E-03
   2.59971619E-03
   2.59971619E-03
   2.59971619E-03
   2.69985199E-03
   2.69985199E-03
   2.69985199E-03
   3.00025940E-03
   3.10039520E-03
   3.30066681E-03
   3.39984894E-03
   3.49998474E-03
   3.49998474E-03
   3.49998474E-03
   3.60012054E-03
   3.69930267E-03
   3.79943848E-03
   3.89957428E-03
   4.10079956E-03
   4.19998169E-03
   4.19998169E-03
   4.40025330E-03
   4.40025330E-03
   4.40025330E-03
   4.60052490E-03
   4.69970703E-03
   4.89997864E-03
   5.00011444E-03
   5.49983978E-03
   5.59997559E-03
   5.59997559E-03
   5.80024719E-03
   6.09970093E-03
   6.29997253E-03
   6.50024414E-03
   6.60037994E-03
   6.89983368E-03
   7.29942322E-03
   7.40051270E-03
   7.49969482E-03
   7.59983063E-03
   7.59983063E-03
   7.80010223E-03
   7.90023804E-03
   8.29982758E-03
   8.49914551E-03
   1.03998184E-02
   1.31998062E-02
   1.55000687E-02
   1.72996521E-02
   1.93996429E-02
   2.64005661E-02
   2.93006897E-02
   3.32002640E-02
   5.38997650E-02
   5.62000275E-02
  0.113300323    
