#Npts     Radius    Mag      Completeness
#   58  443.3576  -14.987417 1.000000
# Ierr
  -1.36003494E-02
  -1.11007690E-02
  -1.04999542E-02
  -9.49954987E-03
  -8.50009918E-03
  -8.29982758E-03
  -6.19983673E-03
  -5.80024719E-03
  -5.20038605E-03
  -4.59957123E-03
  -3.60012054E-03
  -3.59916687E-03
  -3.49998474E-03
  -3.39984894E-03
  -3.39984894E-03
  -3.39984894E-03
  -3.29971313E-03
  -3.29971313E-03
  -3.29971313E-03
  -3.10039520E-03
  -2.79998779E-03
  -2.70080566E-03
  -2.59971619E-03
  -2.49958038E-03
  -2.49958038E-03
  -2.29930878E-03
  -2.09999084E-03
  -2.00080872E-03
  -1.99985504E-03
  -1.50012970E-03
  -1.10054016E-03
  -9.00268555E-04
  -6.99996948E-04
  -3.99589539E-04
   0.00000000    
   9.91821289E-05
   5.99861145E-04
   6.00814819E-04
   6.99996948E-04
   1.20067596E-03
   1.59931183E-03
   1.60026550E-03
   1.60026550E-03
   1.80053711E-03
   1.99985504E-03
   2.30026245E-03
   2.49958038E-03
   3.00025940E-03
   3.10039520E-03
   3.20053101E-03
   3.70025635E-03
   3.80039215E-03
   3.99971008E-03
   4.50038910E-03
   5.59997559E-03
   7.10010529E-03
   7.39955902E-03
   7.69996643E-03
