#Npts     Radius    Mag      Completeness
#   68  650.2578  -14.147500 1.000000
# Ierr
  -1.22995377E-02
  -1.21002197E-02
  -1.16004944E-02
  -1.13992691E-02
  -1.13000870E-02
  -8.69941711E-03
  -8.39996338E-03
  -8.39996338E-03
  -7.10010529E-03
  -5.00011444E-03
  -4.89997864E-03
  -4.50038910E-03
  -4.09984589E-03
  -3.79943848E-03
  -3.70025635E-03
  -3.70025635E-03
  -3.19957733E-03
  -3.00025940E-03
  -2.90012360E-03
  -2.69985199E-03
  -2.00080872E-03
  -1.89971924E-03
  -1.80053711E-03
  -1.70040131E-03
  -1.69944763E-03
  -1.59931183E-03
  -1.50012970E-03
  -1.10054016E-03
  -1.10054016E-03
  -1.00040436E-03
  -1.00040436E-03
  -9.00268555E-04
  -6.99996948E-04
  -6.99996948E-04
  -3.00407410E-04
  -3.00407410E-04
  -1.00135803E-04
   1.00135803E-04
   2.00271606E-04
   5.00679016E-04
   5.99861145E-04
   8.00132751E-04
   1.09958649E-03
   1.29985809E-03
   1.39999390E-03
   1.50012970E-03
   1.99985504E-03
   2.09999084E-03
   2.20012665E-03
   2.30026245E-03
   2.30026245E-03
   3.19957733E-03
   3.20053101E-03
   3.29971313E-03
   4.40025330E-03
   4.69970703E-03
   4.79984283E-03
   5.19943237E-03
   5.30052185E-03
   5.80024719E-03
   6.40010834E-03
   7.29942322E-03
   9.29927826E-03
   9.79995728E-03
   1.00002289E-02
   1.22003555E-02
   1.94997787E-02
   2.90002823E-02
