#Npts     Radius    Mag      Completeness
#  149 2098.5596  -14.987417 0.980263
# Ierr
  -1.41000748E-02
  -1.23004913E-02
  -1.22995377E-02
  -8.80050659E-03
  -8.39996338E-03
  -8.39996338E-03
  -7.99942017E-03
  -7.90023804E-03
  -7.30037689E-03
  -6.69956207E-03
  -6.49929047E-03
  -5.80024719E-03
  -5.40065765E-03
  -5.29956818E-03
  -4.89997864E-03
  -4.79984283E-03
  -4.79984283E-03
  -4.70066071E-03
  -4.40025330E-03
  -4.00066376E-03
  -3.99971008E-03
  -3.89957428E-03
  -3.89957428E-03
  -3.70025635E-03
  -3.49998474E-03
  -3.39984894E-03
  -3.39984894E-03
  -3.29971313E-03
  -3.19957733E-03
  -3.00025940E-03
  -2.90012360E-03
  -2.79998779E-03
  -2.69985199E-03
  -2.50053406E-03
  -2.50053406E-03
  -2.49958038E-03
  -2.40039825E-03
  -2.39944458E-03
  -2.30026245E-03
  -2.20012665E-03
  -1.99985504E-03
  -1.89971924E-03
  -1.79958344E-03
  -1.79958344E-03
  -1.70040131E-03
  -1.50012970E-03
  -1.19972229E-03
  -1.09958649E-03
  -1.09958649E-03
  -8.00132751E-04
  -7.99179077E-04
  -6.99996948E-04
  -6.99996948E-04
  -5.00679016E-04
  -5.00679016E-04
  -3.99589539E-04
  -3.00407410E-04
  -1.99317932E-04
  -1.99317932E-04
   1.00135803E-04
   1.00135803E-04
   2.00271606E-04
   2.00271606E-04
   3.00407410E-04
   3.00407410E-04
   3.99589539E-04
   3.99589539E-04
   3.99589539E-04
   4.00543213E-04
   6.99996948E-04
   8.99314880E-04
   1.09958649E-03
   1.19972229E-03
   1.29985809E-03
   1.29985809E-03
   1.29985809E-03
   1.39999390E-03
   1.39999390E-03
   1.50012970E-03
   1.60026550E-03
   1.60026550E-03
   1.69944763E-03
   1.80053711E-03
   1.80053711E-03
   1.89971924E-03
   1.99985504E-03
   2.00080872E-03
   2.09999084E-03
   2.09999084E-03
   2.19917297E-03
   2.30026245E-03
   2.30026245E-03
   2.59971619E-03
   2.59971619E-03
   2.69985199E-03
   2.69985199E-03
   2.69985199E-03
   2.69985199E-03
   2.70080566E-03
   2.79998779E-03
   2.79998779E-03
   2.90012360E-03
   3.00025940E-03
   3.00025940E-03
   3.10039520E-03
   3.10039520E-03
   3.19957733E-03
   3.49998474E-03
   3.49998474E-03
   3.59916687E-03
   3.69930267E-03
   3.80039215E-03
   3.99971008E-03
   4.30011749E-03
   4.40025330E-03
   4.50038910E-03
   4.89997864E-03
   4.89997864E-03
   5.00011444E-03
   5.00011444E-03
   5.10025024E-03
   5.10025024E-03
   5.29956818E-03
   5.30052185E-03
   5.59997559E-03
   5.59997559E-03
   5.69915771E-03
   5.70011139E-03
   5.70011139E-03
   5.80024719E-03
   5.90038300E-03
   6.09970093E-03
   6.29997253E-03
   6.50024414E-03
   6.70051575E-03
   6.89983368E-03
   7.20024109E-03
   7.50064850E-03
   8.19969177E-03
   9.09996033E-03
   9.09996033E-03
   9.50050354E-03
   1.01003647E-02
   1.02996826E-02
   1.03006363E-02
   1.42993927E-02
   2.30007172E-02
   2.83994675E-02
   6.20002747E-02
