#Npts     Radius    Mag      Completeness
#   81  857.1581  -14.819433 1.000000
# Ierr
  -1.05991364E-02
  -1.02005005E-02
  -8.99982452E-03
  -8.79955292E-03
  -8.00037384E-03
  -8.00037384E-03
  -7.89928436E-03
  -7.30037689E-03
  -6.49929047E-03
  -6.29997253E-03
  -6.20079041E-03
  -6.19983673E-03
  -5.59997559E-03
  -5.30052185E-03
  -5.10025024E-03
  -4.50038910E-03
  -4.30011749E-03
  -4.09984589E-03
  -3.99971008E-03
  -3.90052795E-03
  -3.39984894E-03
  -3.39984894E-03
  -3.29971313E-03
  -2.79998779E-03
  -2.79998779E-03
  -2.69985199E-03
  -2.60066986E-03
  -2.50053406E-03
  -2.49958038E-03
  -2.39944458E-03
  -2.20012665E-03
  -2.20012665E-03
  -2.19917297E-03
  -2.09999084E-03
  -2.09999084E-03
  -1.99985504E-03
  -1.99985504E-03
  -1.89971924E-03
  -1.39999390E-03
  -6.99996948E-04
  -6.99996948E-04
  -4.99725342E-04
  -4.00543213E-04
  -1.00135803E-04
  -1.00135803E-04
   0.00000000    
   0.00000000    
   2.00271606E-04
   2.00271606E-04
   4.99725342E-04
   1.50012970E-03
   1.60026550E-03
   1.70040131E-03
   1.80053711E-03
   1.90067291E-03
   2.30026245E-03
   2.30026245E-03
   2.49958038E-03
   2.49958038E-03
   2.50053406E-03
   2.59971619E-03
   2.69985199E-03
   3.39984894E-03
   3.60012054E-03
   3.89957428E-03
   3.99971008E-03
   4.19998169E-03
   4.30011749E-03
   4.39929962E-03
   4.80079651E-03
   5.30052185E-03
   5.90038300E-03
   5.99956512E-03
   7.20024109E-03
   7.40051270E-03
   7.60078430E-03
   7.80010223E-03
   7.90023804E-03
   8.99982452E-03
   1.43995285E-02
   2.21004486E-02
