#Npts     Radius    Mag      Completeness
#  519 1270.9586  -10.998500 1.000000
# Ierr
  -3.56998444E-02
  -2.35004425E-02
  -2.16999054E-02
  -1.99995041E-02
  -1.85003281E-02
  -1.16004944E-02
  -1.15003586E-02
  -1.08995438E-02
  -1.01003647E-02
  -9.90009308E-03
  -9.90009308E-03
  -9.39941406E-03
  -9.09996033E-03
  -8.89968872E-03
  -8.79955292E-03
  -8.60023499E-03
  -8.20064545E-03
  -8.10050964E-03
  -7.89928436E-03
  -7.80010223E-03
  -7.69996643E-03
  -7.69996643E-03
  -7.59983063E-03
  -7.59983063E-03
  -7.50064850E-03
  -7.39955902E-03
  -7.30037689E-03
  -7.29942322E-03
  -7.10010529E-03
  -6.99996948E-03
  -6.79969788E-03
  -6.79969788E-03
  -6.70051575E-03
  -6.60037994E-03
  -6.60037994E-03
  -6.50024414E-03
  -6.40010834E-03
  -6.40010834E-03
  -6.39915466E-03
  -6.29997253E-03
  -6.19983673E-03
  -6.00051880E-03
  -5.99956512E-03
  -5.80024719E-03
  -5.80024719E-03
  -5.80024719E-03
  -5.49983978E-03
  -5.49983978E-03
  -5.49983978E-03
  -5.40065765E-03
  -5.39970398E-03
  -5.39970398E-03
  -5.39970398E-03
  -5.30052185E-03
  -5.29956818E-03
  -5.20038605E-03
  -5.19943237E-03
  -5.10025024E-03
  -5.00011444E-03
  -4.89997864E-03
  -4.89997864E-03
  -4.89997864E-03
  -4.89997864E-03
  -4.89997864E-03
  -4.79984283E-03
  -4.79984283E-03
  -4.79984283E-03
  -4.79984283E-03
  -4.69970703E-03
  -4.69970703E-03
  -4.69970703E-03
  -4.60052490E-03
  -4.59957123E-03
  -4.50038910E-03
  -4.50038910E-03
  -4.49943542E-03
  -4.40025330E-03
  -4.30011749E-03
  -4.30011749E-03
  -4.19998169E-03
  -4.19998169E-03
  -4.19998169E-03
  -4.19998169E-03
  -4.19998169E-03
  -4.19998169E-03
  -4.19998169E-03
  -4.19998169E-03
  -4.10079956E-03
  -4.09984589E-03
  -4.00066376E-03
  -3.99971008E-03
  -3.99971008E-03
  -3.99971008E-03
  -3.99971008E-03
  -3.90052795E-03
  -3.90052795E-03
  -3.90052795E-03
  -3.90052795E-03
  -3.89957428E-03
  -3.89957428E-03
  -3.80039215E-03
  -3.70025635E-03
  -3.69930267E-03
  -3.69930267E-03
  -3.60012054E-03
  -3.60012054E-03
  -3.60012054E-03
  -3.49998474E-03
  -3.49998474E-03
  -3.49998474E-03
  -3.39984894E-03
  -3.39984894E-03
  -3.39984894E-03
  -3.29971313E-03
  -3.29971313E-03
  -3.29971313E-03
  -3.29971313E-03
  -3.20053101E-03
  -3.20053101E-03
  -3.19957733E-03
  -3.19957733E-03
  -3.19957733E-03
  -3.19957733E-03
  -3.19957733E-03
  -3.19957733E-03
  -3.10039520E-03
  -3.10039520E-03
  -3.09944153E-03
  -3.00025940E-03
  -3.00025940E-03
  -3.00025940E-03
  -3.00025940E-03
  -3.00025940E-03
  -2.99930573E-03
  -2.99930573E-03
  -2.99930573E-03
  -2.90012360E-03
  -2.79998779E-03
  -2.79998779E-03
  -2.79998779E-03
  -2.79998779E-03
  -2.69985199E-03
  -2.69985199E-03
  -2.69985199E-03
  -2.69985199E-03
  -2.60066986E-03
  -2.60066986E-03
  -2.59971619E-03
  -2.59971619E-03
  -2.59971619E-03
  -2.50053406E-03
  -2.49958038E-03
  -2.49958038E-03
  -2.49958038E-03
  -2.40039825E-03
  -2.40039825E-03
  -2.40039825E-03
  -2.39944458E-03
  -2.30026245E-03
  -2.30026245E-03
  -2.30026245E-03
  -2.20012665E-03
  -2.20012665E-03
  -2.19917297E-03
  -2.19917297E-03
  -2.09999084E-03
  -2.09999084E-03
  -2.09999084E-03
  -2.09999084E-03
  -2.09999084E-03
  -2.09999084E-03
  -2.00080872E-03
  -1.99985504E-03
  -1.90067291E-03
  -1.89971924E-03
  -1.89971924E-03
  -1.89971924E-03
  -1.89971924E-03
  -1.80053711E-03
  -1.80053711E-03
  -1.80053711E-03
  -1.79958344E-03
  -1.79958344E-03
  -1.79958344E-03
  -1.79958344E-03
  -1.70040131E-03
  -1.70040131E-03
  -1.69944763E-03
  -1.69944763E-03
  -1.69944763E-03
  -1.69944763E-03
  -1.69944763E-03
  -1.60026550E-03
  -1.60026550E-03
  -1.59931183E-03
  -1.50012970E-03
  -1.50012970E-03
  -1.50012970E-03
  -1.50012970E-03
  -1.50012970E-03
  -1.50012970E-03
  -1.49917603E-03
  -1.49917603E-03
  -1.49917603E-03
  -1.39999390E-03
  -1.39999390E-03
  -1.39999390E-03
  -1.39999390E-03
  -1.39999390E-03
  -1.39999390E-03
  -1.39999390E-03
  -1.29985809E-03
  -1.29985809E-03
  -1.29985809E-03
  -1.29985809E-03
  -1.20067596E-03
  -1.19972229E-03
  -1.19972229E-03
  -1.19972229E-03
  -1.09958649E-03
  -1.09958649E-03
  -1.09958649E-03
  -1.00040436E-03
  -9.00268555E-04
  -8.99314880E-04
  -8.99314880E-04
  -8.00132751E-04
  -8.00132751E-04
  -8.00132751E-04
  -8.00132751E-04
  -8.00132751E-04
  -8.00132751E-04
  -8.00132751E-04
  -8.00132751E-04
  -6.99996948E-04
  -6.99996948E-04
  -6.99996948E-04
  -6.99996948E-04
  -5.99861145E-04
  -5.99861145E-04
  -5.99861145E-04
  -5.00679016E-04
  -4.99725342E-04
  -4.99725342E-04
  -4.99725342E-04
  -3.99589539E-04
  -3.99589539E-04
  -3.99589539E-04
  -3.99589539E-04
  -3.99589539E-04
  -3.99589539E-04
  -3.99589539E-04
  -3.99589539E-04
  -3.00407410E-04
  -3.00407410E-04
  -3.00407410E-04
  -2.99453735E-04
  -2.99453735E-04
  -2.00271606E-04
  -2.00271606E-04
  -2.00271606E-04
  -1.99317932E-04
  -1.00135803E-04
  -1.00135803E-04
  -9.91821289E-05
   0.00000000    
   9.91821289E-05
   1.00135803E-04
   1.99317932E-04
   2.00271606E-04
   2.00271606E-04
   2.00271606E-04
   2.99453735E-04
   3.00407410E-04
   3.00407410E-04
   3.00407410E-04
   3.00407410E-04
   3.00407410E-04
   3.99589539E-04
   4.00543213E-04
   4.00543213E-04
   4.00543213E-04
   4.99725342E-04
   5.99861145E-04
   5.99861145E-04
   5.99861145E-04
   6.00814819E-04
   6.99996948E-04
   6.99996948E-04
   6.99996948E-04
   8.00132751E-04
   8.00132751E-04
   8.99314880E-04
   9.00268555E-04
   9.00268555E-04
   9.99450684E-04
   1.09958649E-03
   1.09958649E-03
   1.09958649E-03
   1.10054016E-03
   1.10054016E-03
   1.19972229E-03
   1.19972229E-03
   1.20067596E-03
   1.20067596E-03
   1.29985809E-03
   1.29985809E-03
   1.29985809E-03
   1.39999390E-03
   1.39999390E-03
   1.49917603E-03
   1.50012970E-03
   1.50012970E-03
   1.50012970E-03
   1.50012970E-03
   1.50012970E-03
   1.59931183E-03
   1.60026550E-03
   1.60026550E-03
   1.60026550E-03
   1.60026550E-03
   1.69944763E-03
   1.69944763E-03
   1.69944763E-03
   1.69944763E-03
   1.70040131E-03
   1.70040131E-03
   1.79958344E-03
   1.80053711E-03
   1.80053711E-03
   1.80053711E-03
   1.80053711E-03
   1.89971924E-03
   2.00080872E-03
   2.09999084E-03
   2.09999084E-03
   2.19917297E-03
   2.20012665E-03
   2.20012665E-03
   2.29930878E-03
   2.30026245E-03
   2.30026245E-03
   2.30026245E-03
   2.39944458E-03
   2.39944458E-03
   2.40039825E-03
   2.49958038E-03
   2.49958038E-03
   2.49958038E-03
   2.50053406E-03
   2.50053406E-03
   2.59971619E-03
   2.59971619E-03
   2.59971619E-03
   2.60066986E-03
   2.69985199E-03
   2.69985199E-03
   2.69985199E-03
   2.79998779E-03
   2.79998779E-03
   3.00025940E-03
   3.00025940E-03
   3.00025940E-03
   3.00025940E-03
   3.09944153E-03
   3.19957733E-03
   3.20053101E-03
   3.29971313E-03
   3.29971313E-03
   3.29971313E-03
   3.30066681E-03
   3.39984894E-03
   3.39984894E-03
   3.39984894E-03
   3.39984894E-03
   3.49998474E-03
   3.49998474E-03
   3.49998474E-03
   3.59916687E-03
   3.59916687E-03
   3.60012054E-03
   3.60012054E-03
   3.60012054E-03
   3.69930267E-03
   3.70025635E-03
   3.70025635E-03
   3.79943848E-03
   3.89957428E-03
   3.90052795E-03
   3.90052795E-03
   3.90052795E-03
   3.90052795E-03
   3.90052795E-03
   3.99971008E-03
   4.00066376E-03
   4.00066376E-03
   4.09984589E-03
   4.09984589E-03
   4.09984589E-03
   4.20093536E-03
   4.30011749E-03
   4.30011749E-03
   4.30011749E-03
   4.30011749E-03
   4.30011749E-03
   4.39929962E-03
   4.59957123E-03
   4.59957123E-03
   4.59957123E-03
   4.59957123E-03
   4.60052490E-03
   4.69970703E-03
   4.70066071E-03
   4.79984283E-03
   4.79984283E-03
   5.00011444E-03
   5.10025024E-03
   5.19943237E-03
   5.20038605E-03
   5.29956818E-03
   5.29956818E-03
   5.29956818E-03
   5.29956818E-03
   5.30052185E-03
   5.39970398E-03
   5.39970398E-03
   5.39970398E-03
   5.39970398E-03
   5.40065765E-03
   5.49983978E-03
   5.49983978E-03
   5.49983978E-03
   5.60092926E-03
   5.70011139E-03
   5.70011139E-03
   5.70011139E-03
   5.70011139E-03
   6.00051880E-03
   6.09970093E-03
   6.09970093E-03
   6.20079041E-03
   6.29997253E-03
   6.40010834E-03
   6.50024414E-03
   6.50024414E-03
   6.50024414E-03
   6.50024414E-03
   6.59942627E-03
   6.60037994E-03
   6.70051575E-03
   6.79969788E-03
   6.80065155E-03
   6.90078735E-03
   7.10010529E-03
   7.10010529E-03
   7.20024109E-03
   7.29942322E-03
   7.30037689E-03
   7.40051270E-03
   7.40051270E-03
   7.59983063E-03
   7.69996643E-03
   7.79914856E-03
   7.90023804E-03
   8.59928131E-03
   8.60023499E-03
   8.60023499E-03
   8.60023499E-03
   8.60023499E-03
   8.69941711E-03
   8.69941711E-03
   8.79955292E-03
   8.90064240E-03
   8.99982452E-03
   9.20009613E-03
   9.30023193E-03
   9.79995728E-03
   9.79995728E-03
   9.80091095E-03
   1.01995468E-02
   1.01995468E-02
   1.02996826E-02
   1.07994080E-02
   1.07994080E-02
   1.09004974E-02
   1.11007690E-02
   1.17998123E-02
   1.24006271E-02
   1.24998093E-02
   1.27992630E-02
   1.36003494E-02
   1.42993927E-02
   1.43003464E-02
   1.48000717E-02
   1.49002075E-02
   1.52006149E-02
   1.56002045E-02
   1.59997940E-02
   1.65996552E-02
   1.65996552E-02
   1.71003342E-02
   1.74999237E-02
   1.84001923E-02
   1.86996460E-02
   1.99003220E-02
   2.41003036E-02
   3.00006866E-02
   3.15008163E-02
   3.60002518E-02
   3.60994339E-02
   3.82003784E-02
   4.81996536E-02
   5.12990952E-02
   5.24997711E-02
   5.92994690E-02
   8.08000565E-02
   9.29002762E-02
  0.160300255    
  0.685299873    
