#Npts     Radius    Mag      Completeness
#  141 1063.9406  -14.372467 0.992958
# Verr
  -1.32999420E-02
  -1.13000870E-02
  -1.01995468E-02
  -9.50050354E-03
  -9.10091400E-03
  -8.89968872E-03
  -8.09955597E-03
  -8.09955597E-03
  -7.99942017E-03
  -7.59983063E-03
  -7.19928741E-03
  -6.99996948E-03
  -6.60037994E-03
  -6.50024414E-03
  -6.20079041E-03
  -5.80024719E-03
  -5.79929352E-03
  -5.70011139E-03
  -5.70011139E-03
  -5.69915771E-03
  -5.49983978E-03
  -5.39970398E-03
  -4.79984283E-03
  -4.59957123E-03
  -4.59957123E-03
  -4.30011749E-03
  -4.09984589E-03
  -4.00066376E-03
  -4.00066376E-03
  -3.99971008E-03
  -3.89957428E-03
  -3.80039215E-03
  -3.79943848E-03
  -3.60012054E-03
  -3.40080261E-03
  -3.20053101E-03
  -3.10039520E-03
  -3.00025940E-03
  -2.99930573E-03
  -2.90012360E-03
  -2.89916992E-03
  -2.70080566E-03
  -2.60066986E-03
  -2.30026245E-03
  -2.20012665E-03
  -2.09999084E-03
  -1.99985504E-03
  -1.80053711E-03
  -1.69944763E-03
  -1.60026550E-03
  -1.39999390E-03
  -1.29985809E-03
  -1.19972229E-03
  -1.19972229E-03
  -7.99179077E-04
  -3.00407410E-04
  -3.00407410E-04
  -2.00271606E-04
  -1.00135803E-04
  -9.91821289E-05
   1.00135803E-04
   1.00135803E-04
   2.00271606E-04
   2.99453735E-04
   2.99453735E-04
   3.99589539E-04
   8.00132751E-04
   8.00132751E-04
   8.00132751E-04
   9.00268555E-04
   9.00268555E-04
   9.99450684E-04
   1.00040436E-03
   1.09958649E-03
   1.09958649E-03
   1.19972229E-03
   1.39999390E-03
   1.39999390E-03
   1.39999390E-03
   1.50012970E-03
   1.50012970E-03
   1.60026550E-03
   1.60026550E-03
   1.79958344E-03
   1.79958344E-03
   1.80053711E-03
   2.19917297E-03
   2.30026245E-03
   2.40039825E-03
   2.40039825E-03
   2.69985199E-03
   2.69985199E-03
   2.69985199E-03
   2.79998779E-03
   3.39984894E-03
   3.49998474E-03
   3.70025635E-03
   3.80039215E-03
   3.99971008E-03
   4.39929962E-03
   4.50038910E-03
   4.59957123E-03
   4.69970703E-03
   4.79984283E-03
   4.79984283E-03
   5.00011444E-03
   5.20038605E-03
   5.30052185E-03
   5.39970398E-03
   5.40065765E-03
   5.70011139E-03
   5.80024719E-03
   5.90038300E-03
   5.99956512E-03
   6.09970093E-03
   6.20079041E-03
   6.29997253E-03
   6.89983368E-03
   6.90078735E-03
   6.99996948E-03
   6.99996948E-03
   6.99996948E-03
   7.10010529E-03
   7.40051270E-03
   7.49969482E-03
   8.29982758E-03
   8.59928131E-03
   1.00994110E-02
   1.01003647E-02
   1.09996796E-02
   1.14002228E-02
   1.24998093E-02
   1.30004883E-02
   1.87997818E-02
   1.95007324E-02
   2.13003159E-02
   2.20003128E-02
   2.37998962E-02
   4.43000793E-02
   8.05006027E-02
   9.38005447E-02
