#Npts     Radius    Mag      Completeness
#   93  650.1859  -15.169134 1.000000
# Verr
  -1.20000839E-02
  -7.10010529E-03
  -6.60037994E-03
  -5.80024719E-03
  -5.49983978E-03
  -5.29956818E-03
  -4.89997864E-03
  -4.50038910E-03
  -4.40025330E-03
  -4.39929962E-03
  -4.19998169E-03
  -4.09984589E-03
  -3.49998474E-03
  -3.10039520E-03
  -2.79998779E-03
  -2.59971619E-03
  -2.59971619E-03
  -2.49958038E-03
  -2.09999084E-03
  -1.89971924E-03
  -1.89971924E-03
  -1.80053711E-03
  -1.79958344E-03
  -1.70040131E-03
  -1.60026550E-03
  -1.39999390E-03
  -1.30081177E-03
  -1.29985809E-03
  -1.29985809E-03
  -1.29985809E-03
  -1.20067596E-03
  -1.19972229E-03
  -1.19972229E-03
  -9.00268555E-04
  -9.00268555E-04
  -6.99996948E-04
  -6.99996948E-04
  -5.00679016E-04
  -4.00543213E-04
  -3.99589539E-04
  -1.00135803E-04
   0.00000000    
   1.00135803E-04
   2.99453735E-04
   3.00407410E-04
   3.00407410E-04
   3.99589539E-04
   3.99589539E-04
   4.00543213E-04
   5.00679016E-04
   5.99861145E-04
   5.99861145E-04
   6.99996948E-04
   6.99996948E-04
   6.99996948E-04
   8.00132751E-04
   9.99450684E-04
   9.99450684E-04
   9.99450684E-04
   1.19972229E-03
   1.20067596E-03
   1.20067596E-03
   1.39999390E-03
   1.59931183E-03
   1.69944763E-03
   2.00080872E-03
   2.09999084E-03
   2.19917297E-03
   2.29930878E-03
   2.39944458E-03
   2.40039825E-03
   2.49958038E-03
   2.79998779E-03
   2.89916992E-03
   3.20053101E-03
   3.50093842E-03
   3.70025635E-03
   3.79943848E-03
   3.79943848E-03
   4.10079956E-03
   4.30011749E-03
   4.40025330E-03
   4.40025330E-03
   4.49943542E-03
   4.69970703E-03
   4.99916077E-03
   5.19943237E-03
   5.90038300E-03
   5.99956512E-03
   6.60037994E-03
   7.10010529E-03
   8.00037384E-03
   8.50009918E-03
