#Npts     Radius    Mag      Completeness
#  207 2098.3271  -14.173300 1.000000
# Verr
  -1.87997818E-02
  -1.31998062E-02
  -1.18999481E-02
  -1.17998123E-02
  -1.16996765E-02
  -9.40036774E-03
  -9.30023193E-03
  -9.19914246E-03
  -8.89968872E-03
  -8.29982758E-03
  -7.90023804E-03
  -7.90023804E-03
  -7.30037689E-03
  -7.19928741E-03
  -6.99996948E-03
  -6.89983368E-03
  -6.29997253E-03
  -6.19983673E-03
  -6.19983673E-03
  -6.09970093E-03
  -5.80024719E-03
  -5.30052185E-03
  -5.29956818E-03
  -5.20038605E-03
  -5.20038605E-03
  -5.20038605E-03
  -5.19943237E-03
  -5.10025024E-03
  -5.00011444E-03
  -5.00011444E-03
  -4.89997864E-03
  -4.89997864E-03
  -4.89997864E-03
  -4.69970703E-03
  -4.69970703E-03
  -4.49943542E-03
  -4.30011749E-03
  -4.19998169E-03
  -3.70025635E-03
  -3.60012054E-03
  -3.40080261E-03
  -3.40080261E-03
  -3.19957733E-03
  -3.10039520E-03
  -3.10039520E-03
  -3.00025940E-03
  -2.90012360E-03
  -2.90012360E-03
  -2.79998779E-03
  -2.69985199E-03
  -2.59971619E-03
  -2.49958038E-03
  -2.49958038E-03
  -2.39944458E-03
  -2.20012665E-03
  -2.09999084E-03
  -1.99985504E-03
  -1.99985504E-03
  -1.90067291E-03
  -1.89971924E-03
  -1.70040131E-03
  -1.70040131E-03
  -1.69944763E-03
  -1.60026550E-03
  -1.60026550E-03
  -1.39999390E-03
  -1.30081177E-03
  -1.29985809E-03
  -1.19972229E-03
  -1.19972229E-03
  -1.19972229E-03
  -1.09958649E-03
  -1.09958649E-03
  -1.00040436E-03
  -1.00040436E-03
  -1.00040436E-03
  -9.00268555E-04
  -9.00268555E-04
  -9.00268555E-04
  -8.99314880E-04
  -8.99314880E-04
  -8.00132751E-04
  -6.99996948E-04
  -6.00814819E-04
  -5.99861145E-04
  -5.99861145E-04
  -4.99725342E-04
  -4.99725342E-04
  -3.00407410E-04
  -3.00407410E-04
  -3.00407410E-04
  -2.99453735E-04
  -2.00271606E-04
  -2.00271606E-04
  -2.00271606E-04
  -1.00135803E-04
  -9.91821289E-05
   0.00000000    
   0.00000000    
   0.00000000    
   0.00000000    
   0.00000000    
   0.00000000    
   9.91821289E-05
   9.91821289E-05
   1.00135803E-04
   2.99453735E-04
   2.99453735E-04
   3.99589539E-04
   4.99725342E-04
   4.99725342E-04
   4.99725342E-04
   4.99725342E-04
   5.00679016E-04
   5.00679016E-04
   5.99861145E-04
   6.00814819E-04
   6.99996948E-04
   6.99996948E-04
   6.99996948E-04
   6.99996948E-04
   8.00132751E-04
   8.00132751E-04
   9.00268555E-04
   9.99450684E-04
   1.00040436E-03
   1.00040436E-03
   1.00040436E-03
   1.09958649E-03
   1.19972229E-03
   1.29985809E-03
   1.39999390E-03
   1.39999390E-03
   1.39999390E-03
   1.39999390E-03
   1.50012970E-03
   1.50012970E-03
   1.60026550E-03
   1.60026550E-03
   1.70040131E-03
   1.70040131E-03
   2.00080872E-03
   2.09999084E-03
   2.09999084E-03
   2.09999084E-03
   2.20012665E-03
   2.20012665E-03
   2.69985199E-03
   2.69985199E-03
   2.70080566E-03
   3.00025940E-03
   3.10039520E-03
   3.19957733E-03
   3.29971313E-03
   3.29971313E-03
   3.49998474E-03
   3.60012054E-03
   3.70025635E-03
   3.70025635E-03
   3.89957428E-03
   3.99971008E-03
   4.00066376E-03
   4.09984589E-03
   4.09984589E-03
   4.19998169E-03
   4.29916382E-03
   4.49943542E-03
   4.50038910E-03
   4.50038910E-03
   4.59957123E-03
   4.60052490E-03
   4.69970703E-03
   4.70066071E-03
   4.99916077E-03
   5.10025024E-03
   5.39970398E-03
   5.70011139E-03
   6.00051880E-03
   6.00051880E-03
   6.09970093E-03
   6.19983673E-03
   6.29997253E-03
   6.60037994E-03
   6.89983368E-03
   7.49969482E-03
   7.59983063E-03
   7.59983063E-03
   7.69996643E-03
   7.80010223E-03
   8.19969177E-03
   8.29982758E-03
   8.99982452E-03
   9.40036774E-03
   9.49954987E-03
   9.50050354E-03
   1.06000900E-02
   1.08995438E-02
   1.09996796E-02
   1.14002228E-02
   1.15995407E-02
   1.23996735E-02
   1.39999390E-02
   1.45006180E-02
   1.53999329E-02
   1.73997879E-02
  0.159700394    
  0.560899734    
