#Npts     Radius    Mag      Completeness
#  149 1270.8179  -14.571633 0.993333
# Verr
 -0.127600670    
  -1.41992569E-02
  -1.41000748E-02
  -1.37004852E-02
  -1.34000778E-02
  -1.08995438E-02
  -1.04999542E-02
  -1.01003647E-02
  -9.69982147E-03
  -9.50050354E-03
  -9.20009613E-03
  -8.90064240E-03
  -8.90064240E-03
  -8.50009918E-03
  -8.39996338E-03
  -8.00037384E-03
  -7.39955902E-03
  -7.20024109E-03
  -7.10010529E-03
  -6.99996948E-03
  -6.89983368E-03
  -6.60037994E-03
  -6.40010834E-03
  -6.40010834E-03
  -6.10065460E-03
  -6.09970093E-03
  -5.80024719E-03
  -5.70011139E-03
  -5.59997559E-03
  -5.59997559E-03
  -5.30052185E-03
  -5.10025024E-03
  -5.00011444E-03
  -4.89997864E-03
  -4.79984283E-03
  -4.60052490E-03
  -4.50038910E-03
  -4.10079956E-03
  -3.90052795E-03
  -3.89957428E-03
  -3.79943848E-03
  -3.60012054E-03
  -3.49998474E-03
  -3.49998474E-03
  -3.29971313E-03
  -3.19957733E-03
  -2.99930573E-03
  -2.70080566E-03
  -2.69985199E-03
  -2.69985199E-03
  -2.50053406E-03
  -2.40039825E-03
  -2.39944458E-03
  -2.30026245E-03
  -2.20012665E-03
  -1.89971924E-03
  -1.80053711E-03
  -1.50012970E-03
  -1.50012970E-03
  -1.50012970E-03
  -1.30081177E-03
  -1.29985809E-03
  -1.19972229E-03
  -1.19972229E-03
  -1.09958649E-03
  -1.00040436E-03
  -1.00040436E-03
  -6.99996948E-04
  -5.00679016E-04
  -5.00679016E-04
  -4.99725342E-04
  -4.00543213E-04
  -3.99589539E-04
  -3.99589539E-04
  -3.99589539E-04
  -3.00407410E-04
  -3.00407410E-04
  -1.99317932E-04
  -1.00135803E-04
   0.00000000    
   0.00000000    
   1.00135803E-04
   1.99317932E-04
   2.00271606E-04
   2.99453735E-04
   3.00407410E-04
   3.00407410E-04
   3.99589539E-04
   4.00543213E-04
   4.99725342E-04
   6.99996948E-04
   8.99314880E-04
   9.00268555E-04
   9.99450684E-04
   1.19972229E-03
   1.30081177E-03
   1.39999390E-03
   1.39999390E-03
   1.59931183E-03
   1.60026550E-03
   1.70040131E-03
   1.79958344E-03
   1.79958344E-03
   1.99985504E-03
   2.20012665E-03
   2.20012665E-03
   2.29930878E-03
   2.59971619E-03
   2.69985199E-03
   2.79998779E-03
   2.90012360E-03
   2.90012360E-03
   2.99930573E-03
   3.00025940E-03
   3.00025940E-03
   3.19957733E-03
   3.20053101E-03
   3.20053101E-03
   3.29971313E-03
   3.29971313E-03
   3.30066681E-03
   3.49998474E-03
   3.49998474E-03
   3.89957428E-03
   3.90052795E-03
   3.99971008E-03
   3.99971008E-03
   4.50038910E-03
   4.79984283E-03
   5.00011444E-03
   5.09929657E-03
   5.40065765E-03
   5.80024719E-03
   5.90038300E-03
   5.99956512E-03
   6.19983673E-03
   6.19983673E-03
   6.29997253E-03
   6.60037994E-03
   7.90023804E-03
   7.90023804E-03
   8.00037384E-03
   9.20009613E-03
   1.07002258E-02
   1.14994049E-02
   1.15995407E-02
   1.21994019E-02
   1.28002167E-02
   3.68003845E-02
