#Npts     Radius    Mag      Completeness
#  191 2098.3271  -15.169134 0.984536
# Verr
  -1.23004913E-02
  -1.00994110E-02
  -8.99982452E-03
  -8.29982758E-03
  -8.19969177E-03
  -8.00037384E-03
  -7.90023804E-03
  -7.90023804E-03
  -7.89928436E-03
  -7.10010529E-03
  -7.10010529E-03
  -6.99996948E-03
  -6.70051575E-03
  -6.70051575E-03
  -6.60037994E-03
  -6.30092621E-03
  -6.09970093E-03
  -6.00051880E-03
  -6.00051880E-03
  -5.89942932E-03
  -5.49983978E-03
  -5.30052185E-03
  -5.19943237E-03
  -4.69970703E-03
  -4.60052490E-03
  -4.60052490E-03
  -4.39929962E-03
  -4.30011749E-03
  -4.19998169E-03
  -4.09984589E-03
  -4.09984589E-03
  -4.09984589E-03
  -3.99971008E-03
  -3.99971008E-03
  -3.89957428E-03
  -3.80039215E-03
  -3.79943848E-03
  -3.70025635E-03
  -3.60012054E-03
  -3.60012054E-03
  -3.60012054E-03
  -3.49998474E-03
  -3.49998474E-03
  -3.29971313E-03
  -3.19957733E-03
  -3.10039520E-03
  -2.90012360E-03
  -2.90012360E-03
  -2.90012360E-03
  -2.79998779E-03
  -2.69985199E-03
  -2.69985199E-03
  -2.60066986E-03
  -2.59971619E-03
  -2.20012665E-03
  -2.20012665E-03
  -2.00080872E-03
  -1.90067291E-03
  -1.80053711E-03
  -1.79958344E-03
  -1.79958344E-03
  -1.79958344E-03
  -1.70040131E-03
  -1.70040131E-03
  -1.60026550E-03
  -1.50012970E-03
  -1.39999390E-03
  -1.29985809E-03
  -1.29985809E-03
  -1.29985809E-03
  -1.20067596E-03
  -1.10054016E-03
  -9.00268555E-04
  -9.00268555E-04
  -8.99314880E-04
  -8.99314880E-04
  -8.00132751E-04
  -8.00132751E-04
  -4.99725342E-04
  -4.99725342E-04
  -3.00407410E-04
  -2.99453735E-04
  -2.99453735E-04
  -2.99453735E-04
  -2.00271606E-04
  -1.00135803E-04
   0.00000000    
   0.00000000    
   1.00135803E-04
   1.00135803E-04
   2.00271606E-04
   2.99453735E-04
   3.00407410E-04
   3.99589539E-04
   3.99589539E-04
   4.00543213E-04
   4.00543213E-04
   4.99725342E-04
   4.99725342E-04
   4.99725342E-04
   5.00679016E-04
   6.99996948E-04
   6.99996948E-04
   6.99996948E-04
   9.00268555E-04
   9.00268555E-04
   1.00040436E-03
   1.00040436E-03
   1.09958649E-03
   1.09958649E-03
   1.10054016E-03
   1.19972229E-03
   1.19972229E-03
   1.19972229E-03
   1.29985809E-03
   1.29985809E-03
   1.39999390E-03
   1.39999390E-03
   1.50012970E-03
   1.50012970E-03
   1.50012970E-03
   1.60026550E-03
   1.70040131E-03
   1.79958344E-03
   1.79958344E-03
   1.80053711E-03
   1.90067291E-03
   1.90067291E-03
   2.09999084E-03
   2.20012665E-03
   2.29930878E-03
   2.39944458E-03
   2.40039825E-03
   2.59971619E-03
   2.60066986E-03
   2.69985199E-03
   2.90012360E-03
   2.99930573E-03
   3.29971313E-03
   3.39984894E-03
   3.49998474E-03
   3.49998474E-03
   3.60012054E-03
   3.70025635E-03
   3.70025635E-03
   3.79943848E-03
   3.80039215E-03
   3.89957428E-03
   3.90052795E-03
   4.19998169E-03
   4.19998169E-03
   4.30011749E-03
   4.30011749E-03
   4.49943542E-03
   4.59957123E-03
   4.89997864E-03
   4.89997864E-03
   5.00011444E-03
   5.00011444E-03
   5.20038605E-03
   5.20038605E-03
   5.30052185E-03
   5.40065765E-03
   5.59997559E-03
   5.99956512E-03
   5.99956512E-03
   6.09970093E-03
   6.09970093E-03
   6.29997253E-03
   6.89983368E-03
   6.90078735E-03
   7.39955902E-03
   7.39955902E-03
   7.49969482E-03
   8.19969177E-03
   8.29982758E-03
   1.00002289E-02
   1.06000900E-02
   1.13000870E-02
   1.13000870E-02
   1.38998032E-02
   1.57003403E-02
   1.58004761E-02
   1.72996521E-02
   1.86004639E-02
   1.86996460E-02
   1.89990997E-02
   2.21004486E-02
   2.36997604E-02
   4.16002274E-02
   8.01000595E-02
