#Npts     Radius    Mag      Completeness
#   69  650.1859  -14.173300 1.000000
# Verr
  -1.66997910E-02
  -1.16004944E-02
  -7.90023804E-03
  -7.69996643E-03
  -6.99996948E-03
  -6.09970093E-03
  -5.99956512E-03
  -4.50038910E-03
  -4.40025330E-03
  -4.09984589E-03
  -3.69930267E-03
  -3.49998474E-03
  -3.39984894E-03
  -3.09944153E-03
  -3.00025940E-03
  -3.00025940E-03
  -2.69985199E-03
  -2.29930878E-03
  -2.19917297E-03
  -2.09999084E-03
  -2.09999084E-03
  -1.60026550E-03
  -1.50012970E-03
  -1.29985809E-03
  -1.20067596E-03
  -1.09958649E-03
  -1.09958649E-03
  -9.99450684E-04
  -9.00268555E-04
  -6.99996948E-04
  -3.00407410E-04
   1.00135803E-04
   1.00135803E-04
   1.00135803E-04
   2.00271606E-04
   2.99453735E-04
   3.00407410E-04
   3.99589539E-04
   4.99725342E-04
   5.99861145E-04
   6.99996948E-04
   6.99996948E-04
   8.00132751E-04
   8.00132751E-04
   8.00132751E-04
   8.00132751E-04
   1.19972229E-03
   1.49917603E-03
   2.30026245E-03
   2.30026245E-03
   2.39944458E-03
   2.59971619E-03
   3.49998474E-03
   3.49998474E-03
   3.69930267E-03
   3.90052795E-03
   3.90052795E-03
   4.60052490E-03
   6.29997253E-03
   6.60037994E-03
   6.79969788E-03
   7.79914856E-03
   8.39996338E-03
   9.59968567E-03
   9.69982147E-03
   9.90009308E-03
   2.93998718E-02
   2.99997330E-02
  0.137000084    
