#Npts     Radius    Mag      Completeness
#  183 2098.3271  -14.770800 0.983871
# Verr
  -2.16999054E-02
  -1.71003342E-02
  -1.35002136E-02
  -1.18999481E-02
  -1.04007721E-02
  -1.00002289E-02
  -8.69941711E-03
  -8.19969177E-03
  -8.09955597E-03
  -7.99942017E-03
  -7.99942017E-03
  -7.90023804E-03
  -7.89928436E-03
  -7.40051270E-03
  -7.29942322E-03
  -7.20024109E-03
  -6.70051575E-03
  -6.59942627E-03
  -6.40010834E-03
  -6.39915466E-03
  -6.29997253E-03
  -6.09970093E-03
  -6.00051880E-03
  -5.90038300E-03
  -5.89942932E-03
  -5.80024719E-03
  -5.80024719E-03
  -5.59997559E-03
  -5.59997559E-03
  -5.59997559E-03
  -5.50079346E-03
  -5.30052185E-03
  -5.29956818E-03
  -5.20038605E-03
  -4.50038910E-03
  -4.40025330E-03
  -4.40025330E-03
  -4.30011749E-03
  -4.29916382E-03
  -4.09984589E-03
  -4.09984589E-03
  -3.99971008E-03
  -3.89957428E-03
  -3.89957428E-03
  -3.70025635E-03
  -3.60012054E-03
  -3.09944153E-03
  -2.90012360E-03
  -2.79998779E-03
  -2.60066986E-03
  -2.59971619E-03
  -2.50053406E-03
  -2.49958038E-03
  -2.40039825E-03
  -2.30026245E-03
  -2.30026245E-03
  -2.20012665E-03
  -2.20012665E-03
  -2.09999084E-03
  -2.09999084E-03
  -1.99985504E-03
  -1.80053711E-03
  -1.80053711E-03
  -1.80053711E-03
  -1.69944763E-03
  -1.50012970E-03
  -1.39999390E-03
  -1.39999390E-03
  -1.29985809E-03
  -1.29985809E-03
  -1.10054016E-03
  -1.00040436E-03
  -9.99450684E-04
  -7.00950623E-04
  -6.99996948E-04
  -6.99996948E-04
  -4.00543213E-04
  -3.99589539E-04
  -1.00135803E-04
  -1.00135803E-04
   0.00000000    
   0.00000000    
   0.00000000    
   1.00135803E-04
   2.00271606E-04
   3.99589539E-04
   4.00543213E-04
   4.00543213E-04
   4.99725342E-04
   4.99725342E-04
   4.99725342E-04
   5.00679016E-04
   5.99861145E-04
   6.99996948E-04
   9.00268555E-04
   1.00040436E-03
   1.10054016E-03
   1.20067596E-03
   1.29985809E-03
   1.39999390E-03
   1.39999390E-03
   1.50012970E-03
   1.70040131E-03
   1.70040131E-03
   1.70040131E-03
   1.79958344E-03
   1.79958344E-03
   1.80053711E-03
   1.89971924E-03
   1.89971924E-03
   1.90067291E-03
   2.00080872E-03
   2.09999084E-03
   2.09999084E-03
   2.20012665E-03
   2.30026245E-03
   2.69985199E-03
   2.70080566E-03
   2.79998779E-03
   2.79998779E-03
   2.90012360E-03
   2.99930573E-03
   3.00025940E-03
   3.00025940E-03
   3.19957733E-03
   3.20053101E-03
   3.20053101E-03
   3.29971313E-03
   3.29971313E-03
   3.39984894E-03
   3.39984894E-03
   3.60012054E-03
   3.70025635E-03
   3.89957428E-03
   4.09984589E-03
   4.09984589E-03
   4.09984589E-03
   4.19998169E-03
   4.40025330E-03
   4.70066071E-03
   4.99916077E-03
   5.00011444E-03
   5.00011444E-03
   5.00011444E-03
   5.20038605E-03
   5.39970398E-03
   5.40065765E-03
   5.40065765E-03
   5.59997559E-03
   5.59997559E-03
   5.70011139E-03
   5.80024719E-03
   5.89942932E-03
   5.89942932E-03
   6.20079041E-03
   6.50024414E-03
   6.70051575E-03
   6.70051575E-03
   6.79969788E-03
   6.80065155E-03
   7.10010529E-03
   7.20024109E-03
   8.50009918E-03
   8.89968872E-03
   9.40036774E-03
   9.49954987E-03
   9.49954987E-03
   9.59968567E-03
   1.00002289E-02
   1.04999542E-02
   1.11999512E-02
   1.22003555E-02
   1.48000717E-02
   1.49002075E-02
   1.53007507E-02
   1.53999329E-02
   1.68008804E-02
   1.87997818E-02
   2.51998901E-02
   3.07998657E-02
   5.56001663E-02
   8.04004669E-02
  0.158499718    
