#Npts     Radius    Mag      Completeness
#  151  443.3085  -12.306700 1.000000
# Verr
  -8.39996338E-03
  -4.69970703E-03
  -4.19998169E-03
  -3.99971008E-03
  -3.59916687E-03
  -3.30066681E-03
  -3.19957733E-03
  -3.00025940E-03
  -3.00025940E-03
  -2.79998779E-03
  -2.69985199E-03
  -2.59971619E-03
  -2.59971619E-03
  -2.59971619E-03
  -2.50053406E-03
  -2.49958038E-03
  -2.30026245E-03
  -1.89971924E-03
  -1.80053711E-03
  -1.80053711E-03
  -1.80053711E-03
  -1.80053711E-03
  -1.79958344E-03
  -1.79958344E-03
  -1.69944763E-03
  -1.60026550E-03
  -1.50012970E-03
  -1.50012970E-03
  -1.50012970E-03
  -1.39999390E-03
  -1.39999390E-03
  -1.39999390E-03
  -1.39999390E-03
  -1.29985809E-03
  -1.29985809E-03
  -1.20067596E-03
  -1.19972229E-03
  -1.19972229E-03
  -1.10054016E-03
  -1.09958649E-03
  -1.09958649E-03
  -1.09958649E-03
  -1.00040436E-03
  -8.99314880E-04
  -8.00132751E-04
  -6.99996948E-04
  -5.99861145E-04
  -5.99861145E-04
  -5.99861145E-04
  -5.99861145E-04
  -3.99589539E-04
  -3.99589539E-04
  -3.00407410E-04
  -2.00271606E-04
  -1.99317932E-04
  -1.00135803E-04
  -1.00135803E-04
  -1.00135803E-04
   0.00000000    
   0.00000000    
   0.00000000    
   1.00135803E-04
   2.00271606E-04
   2.00271606E-04
   3.00407410E-04
   3.00407410E-04
   4.99725342E-04
   6.99996948E-04
   8.00132751E-04
   8.99314880E-04
   8.99314880E-04
   9.00268555E-04
   9.00268555E-04
   9.00268555E-04
   9.99450684E-04
   1.00040436E-03
   1.00040436E-03
   1.09958649E-03
   1.09958649E-03
   1.10054016E-03
   1.10054016E-03
   1.19972229E-03
   1.19972229E-03
   1.19972229E-03
   1.29985809E-03
   1.39999390E-03
   1.49917603E-03
   1.50012970E-03
   1.50012970E-03
   1.50012970E-03
   1.50012970E-03
   1.50012970E-03
   1.50012970E-03
   1.50012970E-03
   1.59931183E-03
   1.59931183E-03
   1.69944763E-03
   1.79958344E-03
   1.80053711E-03
   1.80053711E-03
   1.89971924E-03
   1.99985504E-03
   1.99985504E-03
   2.09999084E-03
   2.09999084E-03
   2.09999084E-03
   2.09999084E-03
   2.09999084E-03
   2.20012665E-03
   2.20012665E-03
   2.30026245E-03
   2.30026245E-03
   2.39944458E-03
   2.40039825E-03
   2.40039825E-03
   2.59971619E-03
   2.59971619E-03
   2.59971619E-03
   2.69985199E-03
   2.69985199E-03
   2.69985199E-03
   3.00025940E-03
   3.00025940E-03
   3.00025940E-03
   3.09944153E-03
   3.20053101E-03
   3.60012054E-03
   3.69930267E-03
   3.80039215E-03
   3.80039215E-03
   3.99971008E-03
   4.19998169E-03
   4.39929962E-03
   4.40025330E-03
   4.69970703E-03
   4.89997864E-03
   5.10025024E-03
   5.49983978E-03
   5.99956512E-03
   6.99996948E-03
   7.39955902E-03
   7.40051270E-03
   7.40051270E-03
   9.69982147E-03
   1.15003586E-02
   1.18007660E-02
   1.71003342E-02
   2.35004425E-02
   3.57007980E-02
   9.71994400E-02
  0.295300484    
