#Npts     Radius    Mag      Completeness
#  212 2098.3271  -14.571633 0.995305
# Verr
  -1.36003494E-02
  -1.29003525E-02
  -1.27992630E-02
  -1.21002197E-02
  -1.08003616E-02
  -1.01003647E-02
  -1.00002289E-02
  -9.79995728E-03
  -9.09996033E-03
  -9.00077820E-03
  -8.79955292E-03
  -8.50009918E-03
  -8.50009918E-03
  -8.29982758E-03
  -8.19969177E-03
  -7.90023804E-03
  -7.69996643E-03
  -7.49969482E-03
  -7.39955902E-03
  -7.30037689E-03
  -7.30037689E-03
  -7.29942322E-03
  -7.29942322E-03
  -6.79969788E-03
  -6.79969788E-03
  -6.60037994E-03
  -6.50024414E-03
  -6.10065460E-03
  -6.09970093E-03
  -5.90038300E-03
  -5.80024719E-03
  -5.79929352E-03
  -5.69915771E-03
  -5.29956818E-03
  -5.19943237E-03
  -5.19943237E-03
  -5.10025024E-03
  -5.10025024E-03
  -5.00011444E-03
  -4.89997864E-03
  -4.89997864E-03
  -4.79984283E-03
  -4.50038910E-03
  -4.40025330E-03
  -4.40025330E-03
  -4.39929962E-03
  -4.19998169E-03
  -4.19998169E-03
  -4.19998169E-03
  -4.09984589E-03
  -4.09984589E-03
  -3.99971008E-03
  -3.89957428E-03
  -3.89957428E-03
  -3.89957428E-03
  -3.89957428E-03
  -3.70025635E-03
  -3.69930267E-03
  -3.49998474E-03
  -3.49998474E-03
  -3.20053101E-03
  -2.79998779E-03
  -2.79998779E-03
  -2.69985199E-03
  -2.69985199E-03
  -2.60066986E-03
  -2.50053406E-03
  -2.49958038E-03
  -2.30026245E-03
  -2.30026245E-03
  -2.29930878E-03
  -2.20012665E-03
  -2.09999084E-03
  -2.09999084E-03
  -1.89971924E-03
  -1.80053711E-03
  -1.60026550E-03
  -1.50012970E-03
  -1.50012970E-03
  -1.50012970E-03
  -1.39999390E-03
  -1.39999390E-03
  -1.39999390E-03
  -1.39999390E-03
  -1.39999390E-03
  -1.29985809E-03
  -1.29985809E-03
  -1.09958649E-03
  -9.99450684E-04
  -8.99314880E-04
  -8.00132751E-04
  -7.99179077E-04
  -5.99861145E-04
  -5.99861145E-04
  -5.00679016E-04
  -5.00679016E-04
  -4.00543213E-04
  -3.00407410E-04
  -3.00407410E-04
  -3.00407410E-04
  -2.99453735E-04
  -2.00271606E-04
  -2.00271606E-04
  -1.99317932E-04
  -1.00135803E-04
  -9.91821289E-05
   0.00000000    
   0.00000000    
   0.00000000    
   0.00000000    
   2.99453735E-04
   3.00407410E-04
   4.99725342E-04
   5.00679016E-04
   5.99861145E-04
   5.99861145E-04
   5.99861145E-04
   6.99996948E-04
   8.00132751E-04
   8.00132751E-04
   1.10054016E-03
   1.19972229E-03
   1.19972229E-03
   1.39999390E-03
   1.39999390E-03
   1.50012970E-03
   1.59931183E-03
   1.69944763E-03
   1.79958344E-03
   1.80053711E-03
   1.89971924E-03
   1.99985504E-03
   2.09999084E-03
   2.20012665E-03
   2.30026245E-03
   2.39944458E-03
   2.40039825E-03
   2.40039825E-03
   2.49958038E-03
   2.49958038E-03
   2.79998779E-03
   2.79998779E-03
   2.89916992E-03
   2.90012360E-03
   3.00025940E-03
   3.10039520E-03
   3.29971313E-03
   3.29971313E-03
   3.39984894E-03
   3.39984894E-03
   3.39984894E-03
   3.49998474E-03
   3.69930267E-03
   3.70025635E-03
   3.80039215E-03
   3.90052795E-03
   3.99971008E-03
   4.09984589E-03
   4.30011749E-03
   4.49943542E-03
   4.49943542E-03
   4.60052490E-03
   4.69970703E-03
   4.79984283E-03
   4.79984283E-03
   4.99916077E-03
   5.00011444E-03
   5.09929657E-03
   5.09929657E-03
   5.19943237E-03
   5.20038605E-03
   5.29956818E-03
   5.50079346E-03
   5.59997559E-03
   5.59997559E-03
   5.80024719E-03
   5.80024719E-03
   5.89942932E-03
   5.89942932E-03
   5.90038300E-03
   6.09970093E-03
   6.19983673E-03
   6.60037994E-03
   6.79969788E-03
   6.99996948E-03
   7.19928741E-03
   7.20024109E-03
   7.30037689E-03
   7.80010223E-03
   8.10050964E-03
   8.29982758E-03
   8.29982758E-03
   8.30078125E-03
   8.60023499E-03
   9.20009613E-03
   1.06000900E-02
   1.13000870E-02
   1.16996765E-02
   1.20000839E-02
   1.31006241E-02
   1.31998062E-02
   1.34992599E-02
   1.58004761E-02
   1.60999298E-02
   1.91001892E-02
   2.13994980E-02
   2.14996338E-02
   3.14998627E-02
   4.04996872E-02
   4.75997925E-02
   7.31992722E-02
   7.47003555E-02
