#Npts     Radius    Mag      Completeness
#   95  857.0632  -14.571633 1.000000
# Verr
  -1.04999542E-02
  -8.79955292E-03
  -8.39996338E-03
  -8.29982758E-03
  -7.59983063E-03
  -7.29942322E-03
  -7.10010529E-03
  -5.90038300E-03
  -5.90038300E-03
  -5.59997559E-03
  -5.59997559E-03
  -5.49983978E-03
  -5.49983978E-03
  -5.29956818E-03
  -5.19943237E-03
  -4.69970703E-03
  -4.59957123E-03
  -4.40025330E-03
  -4.09984589E-03
  -3.99971008E-03
  -3.70025635E-03
  -3.70025635E-03
  -3.60012054E-03
  -3.60012054E-03
  -3.49998474E-03
  -3.30066681E-03
  -3.20053101E-03
  -3.20053101E-03
  -3.10039520E-03
  -2.90012360E-03
  -2.60066986E-03
  -2.50053406E-03
  -2.30026245E-03
  -2.20012665E-03
  -2.20012665E-03
  -1.89971924E-03
  -1.89971924E-03
  -1.80053711E-03
  -1.50012970E-03
  -1.50012970E-03
  -1.39999390E-03
  -1.29985809E-03
  -9.99450684E-04
  -8.99314880E-04
  -8.00132751E-04
  -3.99589539E-04
  -3.00407410E-04
  -2.99453735E-04
  -1.00135803E-04
   2.00271606E-04
   3.00407410E-04
   3.00407410E-04
   3.00407410E-04
   3.99589539E-04
   4.00543213E-04
   5.99861145E-04
   5.99861145E-04
   6.99996948E-04
   8.00132751E-04
   8.99314880E-04
   1.00040436E-03
   1.20067596E-03
   1.30081177E-03
   1.60026550E-03
   1.79958344E-03
   1.79958344E-03
   1.80053711E-03
   1.89971924E-03
   1.89971924E-03
   1.99985504E-03
   2.09999084E-03
   2.49958038E-03
   2.59971619E-03
   2.90012360E-03
   3.49998474E-03
   3.49998474E-03
   3.80039215E-03
   4.09984589E-03
   4.19998169E-03
   4.29916382E-03
   4.30011749E-03
   4.39929962E-03
   4.39929962E-03
   5.99956512E-03
   6.09970093E-03
   6.09970093E-03
   6.09970093E-03
   6.80065155E-03
   6.89983368E-03
   7.30037689E-03
   8.69941711E-03
   1.09004974E-02
   1.14994049E-02
   1.17998123E-02
   2.84996033E-02
