#Npts     Radius    Mag      Completeness
#  151 1063.9406  -14.770800 1.000000
# Verr
  -1.70001984E-02
  -1.45998001E-02
  -1.22003555E-02
  -8.89968872E-03
  -8.00037384E-03
  -7.99942017E-03
  -7.80010223E-03
  -7.80010223E-03
  -7.80010223E-03
  -7.10010529E-03
  -6.79969788E-03
  -6.39915466E-03
  -6.19983673E-03
  -6.19983673E-03
  -6.10065460E-03
  -5.99956512E-03
  -5.90038300E-03
  -5.70011139E-03
  -5.49983978E-03
  -5.10025024E-03
  -5.10025024E-03
  -5.00011444E-03
  -4.89997864E-03
  -4.69970703E-03
  -4.59957123E-03
  -4.50038910E-03
  -4.49943542E-03
  -4.40025330E-03
  -4.40025330E-03
  -4.09984589E-03
  -3.99971008E-03
  -3.99971008E-03
  -3.99971008E-03
  -3.89957428E-03
  -3.80039215E-03
  -3.79943848E-03
  -3.70025635E-03
  -3.49998474E-03
  -3.39984894E-03
  -3.39984894E-03
  -3.00025940E-03
  -2.59971619E-03
  -2.39944458E-03
  -2.39944458E-03
  -2.30026245E-03
  -2.20012665E-03
  -2.09999084E-03
  -1.90067291E-03
  -1.80053711E-03
  -1.79958344E-03
  -1.79958344E-03
  -1.70040131E-03
  -1.70040131E-03
  -1.60026550E-03
  -1.50012970E-03
  -1.50012970E-03
  -1.50012970E-03
  -1.50012970E-03
  -1.30081177E-03
  -1.19972229E-03
  -1.19972229E-03
  -9.00268555E-04
  -8.00132751E-04
  -8.00132751E-04
  -5.99861145E-04
  -4.99725342E-04
  -4.99725342E-04
  -3.99589539E-04
  -2.99453735E-04
  -2.00271606E-04
  -1.99317932E-04
  -1.00135803E-04
   0.00000000    
   1.00135803E-04
   1.00135803E-04
   1.99317932E-04
   2.99453735E-04
   6.99996948E-04
   6.99996948E-04
   6.99996948E-04
   6.99996948E-04
   6.99996948E-04
   6.99996948E-04
   8.00132751E-04
   9.99450684E-04
   9.99450684E-04
   1.00040436E-03
   1.09958649E-03
   1.20067596E-03
   1.39999390E-03
   1.49917603E-03
   1.50012970E-03
   1.59931183E-03
   1.60026550E-03
   1.69944763E-03
   1.70040131E-03
   1.99985504E-03
   2.09999084E-03
   2.09999084E-03
   2.09999084E-03
   2.20012665E-03
   2.20012665E-03
   2.30026245E-03
   2.39944458E-03
   2.40039825E-03
   2.40039825E-03
   2.59971619E-03
   2.69985199E-03
   2.79998779E-03
   3.00025940E-03
   3.19957733E-03
   3.29971313E-03
   3.30066681E-03
   3.39984894E-03
   3.39984894E-03
   3.49998474E-03
   3.60012054E-03
   3.60012054E-03
   3.60012054E-03
   3.70025635E-03
   3.79943848E-03
   3.80039215E-03
   3.90052795E-03
   3.99971008E-03
   4.10079956E-03
   4.39929962E-03
   4.40025330E-03
   4.50038910E-03
   4.59957123E-03
   4.69970703E-03
   4.79984283E-03
   4.80079651E-03
   4.89997864E-03
   5.00011444E-03
   5.30052185E-03
   5.39970398E-03
   5.70011139E-03
   5.79929352E-03
   6.00051880E-03
   6.09970093E-03
   6.29997253E-03
   7.90023804E-03
   7.99942017E-03
   8.00037384E-03
   8.19969177E-03
   8.29982758E-03
   9.30023193E-03
   9.50050354E-03
   1.06000900E-02
   1.18999481E-02
   2.18000412E-02
