#Npts     Radius    Mag      Completeness
#  111  857.0632  -14.372467 1.000000
# Verr
  -1.38006210E-02
  -1.34000778E-02
  -1.31998062E-02
  -1.14002228E-02
  -1.10998154E-02
  -1.08995438E-02
  -1.08003616E-02
  -1.04999542E-02
  -9.69982147E-03
  -9.49954987E-03
  -9.09996033E-03
  -8.59928131E-03
  -7.20024109E-03
  -7.10010529E-03
  -6.79969788E-03
  -6.60037994E-03
  -6.29997253E-03
  -5.70011139E-03
  -5.69915771E-03
  -4.89997864E-03
  -4.89997864E-03
  -4.79984283E-03
  -4.59957123E-03
  -4.50038910E-03
  -4.50038910E-03
  -4.29916382E-03
  -4.19998169E-03
  -4.10079956E-03
  -3.70025635E-03
  -3.20053101E-03
  -3.10039520E-03
  -2.90012360E-03
  -2.70080566E-03
  -2.69985199E-03
  -2.59971619E-03
  -2.50053406E-03
  -2.40039825E-03
  -2.30026245E-03
  -1.90067291E-03
  -1.89971924E-03
  -1.89971924E-03
  -1.79958344E-03
  -1.50012970E-03
  -1.10054016E-03
  -1.00040436E-03
  -1.00040436E-03
  -9.00268555E-04
  -6.99996948E-04
  -5.00679016E-04
  -4.99725342E-04
  -2.99453735E-04
  -9.91821289E-05
   1.00135803E-04
   1.00135803E-04
   4.00543213E-04
   5.99861145E-04
   6.99996948E-04
   6.99996948E-04
   8.00132751E-04
   9.00268555E-04
   9.99450684E-04
   1.00040436E-03
   1.09958649E-03
   1.10054016E-03
   1.19972229E-03
   1.39999390E-03
   1.39999390E-03
   1.60026550E-03
   1.70040131E-03
   1.99985504E-03
   2.40039825E-03
   2.59971619E-03
   2.90012360E-03
   3.49998474E-03
   3.49998474E-03
   3.59916687E-03
   3.80039215E-03
   4.09984589E-03
   4.09984589E-03
   4.19998169E-03
   4.50038910E-03
   4.69970703E-03
   4.89997864E-03
   5.00011444E-03
   5.00011444E-03
   5.10025024E-03
   5.20038605E-03
   5.49983978E-03
   5.59997559E-03
   5.59997559E-03
   5.70011139E-03
   5.80024719E-03
   6.09970093E-03
   6.19983673E-03
   6.40010834E-03
   6.59942627E-03
   7.19928741E-03
   7.29942322E-03
   8.69941711E-03
   8.80050659E-03
   8.99982452E-03
   1.08003616E-02
   1.20992661E-02
   1.25999451E-02
   1.39007568E-02
   1.43995285E-02
   1.59997940E-02
   2.91004181E-02
   4.38003540E-02
   6.90002441E-02
  0.122400284    
