#Npts     Radius    Mag      Completeness
#   51  443.3085  -14.372467 1.000000
# Verr
  -9.39941406E-03
  -9.09996033E-03
  -8.80050659E-03
  -8.69941711E-03
  -8.50009918E-03
  -7.99942017E-03
  -7.59983063E-03
  -6.50024414E-03
  -5.80024719E-03
  -5.59997559E-03
  -4.80079651E-03
  -4.79984283E-03
  -4.40025330E-03
  -4.09984589E-03
  -3.90052795E-03
  -3.80039215E-03
  -2.89916992E-03
  -2.69985199E-03
  -2.59971619E-03
  -2.59971619E-03
  -2.50053406E-03
  -2.49958038E-03
  -5.99861145E-04
  -5.99861145E-04
  -5.00679016E-04
  -3.99589539E-04
  -9.91821289E-05
   0.00000000    
   2.00271606E-04
   4.99725342E-04
   4.99725342E-04
   1.00040436E-03
   1.50012970E-03
   1.60026550E-03
   1.80053711E-03
   2.70080566E-03
   2.90012360E-03
   3.10039520E-03
   3.20053101E-03
   3.29971313E-03
   3.49998474E-03
   3.99971008E-03
   4.50038910E-03
   4.89997864E-03
   5.29956818E-03
   6.50024414E-03
   6.79969788E-03
   1.06992722E-02
   1.07994080E-02
   1.78003311E-02
   5.65996170E-02
