#Npts     Radius    Mag      Completeness
#   85  443.3085  -14.969967 1.000000
# Verr
  -1.74999237E-02
  -1.11999512E-02
  -8.99982452E-03
  -8.39996338E-03
  -8.00037384E-03
  -6.19983673E-03
  -5.49983978E-03
  -5.39970398E-03
  -5.20038605E-03
  -5.10025024E-03
  -4.79984283E-03
  -4.79984283E-03
  -4.70066071E-03
  -4.60052490E-03
  -4.30011749E-03
  -3.79943848E-03
  -3.49998474E-03
  -3.20053101E-03
  -3.10039520E-03
  -2.90012360E-03
  -2.69985199E-03
  -2.30026245E-03
  -2.30026245E-03
  -2.09999084E-03
  -1.99985504E-03
  -1.90067291E-03
  -1.89971924E-03
  -1.89971924E-03
  -1.79958344E-03
  -1.70040131E-03
  -1.10054016E-03
  -1.00040436E-03
  -9.00268555E-04
  -8.00132751E-04
  -8.00132751E-04
  -6.99996948E-04
  -4.99725342E-04
  -4.00543213E-04
  -2.99453735E-04
  -1.00135803E-04
  -1.00135803E-04
   1.00135803E-04
   2.00271606E-04
   5.00679016E-04
   6.99996948E-04
   7.99179077E-04
   8.00132751E-04
   1.00040436E-03
   1.00040436E-03
   1.10054016E-03
   1.29985809E-03
   1.39999390E-03
   1.39999390E-03
   1.39999390E-03
   1.60026550E-03
   1.79958344E-03
   2.40039825E-03
   2.59971619E-03
   2.79998779E-03
   3.10039520E-03
   3.20053101E-03
   3.39984894E-03
   4.60052490E-03
   4.69970703E-03
   4.79984283E-03
   4.79984283E-03
   5.00011444E-03
   5.70011139E-03
   6.20079041E-03
   6.40010834E-03
   6.40010834E-03
   6.59942627E-03
   7.10010529E-03
   7.10010529E-03
   7.19928741E-03
   7.29942322E-03
   7.39955902E-03
   7.59983063E-03
   7.69996643E-03
   7.80010223E-03
   1.14002228E-02
   1.38998032E-02
   1.67007446E-02
   3.10993195E-02
  0.118000031    
