#Npts     Radius    Mag      Completeness
#  106  857.0632  -14.173300 1.000000
# Verr
  -1.56002045E-02
  -1.35993958E-02
  -1.25999451E-02
  -9.09996033E-03
  -7.20024109E-03
  -7.20024109E-03
  -6.29997253E-03
  -6.20079041E-03
  -6.09970093E-03
  -5.90038300E-03
  -5.79929352E-03
  -5.59997559E-03
  -5.49983978E-03
  -5.10025024E-03
  -4.59957123E-03
  -4.59957123E-03
  -3.99971008E-03
  -3.89957428E-03
  -3.79943848E-03
  -3.39984894E-03
  -3.20053101E-03
  -3.09944153E-03
  -3.09944153E-03
  -3.09944153E-03
  -2.90012360E-03
  -2.90012360E-03
  -2.50053406E-03
  -2.30026245E-03
  -2.20012665E-03
  -2.20012665E-03
  -2.09999084E-03
  -2.00080872E-03
  -1.99985504E-03
  -1.69944763E-03
  -1.50012970E-03
  -1.50012970E-03
  -1.50012970E-03
  -1.50012970E-03
  -1.39999390E-03
  -1.39999390E-03
  -1.39999390E-03
  -9.00268555E-04
  -8.99314880E-04
  -7.99179077E-04
  -6.99996948E-04
  -6.99996948E-04
  -6.99996948E-04
  -6.99996948E-04
  -5.99861145E-04
  -5.00679016E-04
  -2.00271606E-04
  -1.00135803E-04
   0.00000000    
   1.00135803E-04
   1.99317932E-04
   4.00543213E-04
   4.99725342E-04
   4.99725342E-04
   5.99861145E-04
   5.99861145E-04
   5.99861145E-04
   6.99996948E-04
   1.09958649E-03
   1.19972229E-03
   1.20067596E-03
   1.39999390E-03
   1.50012970E-03
   1.50012970E-03
   1.50012970E-03
   1.60026550E-03
   1.79958344E-03
   1.90067291E-03
   1.99985504E-03
   2.09999084E-03
   2.30026245E-03
   2.59971619E-03
   2.69985199E-03
   3.19957733E-03
   3.30066681E-03
   3.30066681E-03
   4.19998169E-03
   4.29916382E-03
   4.60052490E-03
   4.69970703E-03
   5.39970398E-03
   5.89942932E-03
   6.40010834E-03
   7.49969482E-03
   7.89928436E-03
   7.90023804E-03
   8.00037384E-03
   8.29982758E-03
   8.69941711E-03
   8.79955292E-03
   8.90064240E-03
   9.59968567E-03
   1.10998154E-02
   1.14002228E-02
   1.18999481E-02
   1.23996735E-02
   1.42993927E-02
   1.81999207E-02
   1.99995041E-02
   2.89001465E-02
   4.75006104E-02
   7.25002289E-02
