#Npts     Radius    Mag      Completeness
#  140 1063.9406  -15.169134 0.992908
# Verr
  -1.04999542E-02
  -9.20009613E-03
  -9.09996033E-03
  -8.19969177E-03
  -7.69996643E-03
  -7.69996643E-03
  -7.50064850E-03
  -6.50024414E-03
  -5.90038300E-03
  -5.80024719E-03
  -5.59997559E-03
  -4.89997864E-03
  -4.70066071E-03
  -4.69970703E-03
  -4.59957123E-03
  -4.50038910E-03
  -4.40025330E-03
  -4.19998169E-03
  -4.10079956E-03
  -4.09984589E-03
  -3.89957428E-03
  -3.80039215E-03
  -3.60012054E-03
  -3.60012054E-03
  -3.49998474E-03
  -3.39984894E-03
  -3.30066681E-03
  -3.30066681E-03
  -3.29971313E-03
  -3.19957733E-03
  -3.19957733E-03
  -3.00025940E-03
  -2.89916992E-03
  -2.79998779E-03
  -2.79998779E-03
  -2.50053406E-03
  -2.40039825E-03
  -2.40039825E-03
  -2.20012665E-03
  -1.99985504E-03
  -1.80053711E-03
  -1.70040131E-03
  -1.69944763E-03
  -1.60026550E-03
  -1.50012970E-03
  -1.50012970E-03
  -1.30081177E-03
  -1.29985809E-03
  -1.20067596E-03
  -1.19972229E-03
  -1.19972229E-03
  -1.10054016E-03
  -1.10054016E-03
  -1.10054016E-03
  -1.09958649E-03
  -1.09958649E-03
  -1.00040436E-03
  -8.99314880E-04
  -8.00132751E-04
  -8.00132751E-04
  -5.99861145E-04
  -5.99861145E-04
  -5.99861145E-04
  -4.99725342E-04
  -3.00407410E-04
  -2.99453735E-04
  -2.00271606E-04
  -2.00271606E-04
  -1.00135803E-04
   0.00000000    
   0.00000000    
   1.00135803E-04
   2.00271606E-04
   2.00271606E-04
   2.99453735E-04
   3.00407410E-04
   4.99725342E-04
   4.99725342E-04
   4.99725342E-04
   4.99725342E-04
   6.99996948E-04
   6.99996948E-04
   8.00132751E-04
   8.00132751E-04
   8.99314880E-04
   9.99450684E-04
   1.09958649E-03
   1.10054016E-03
   1.30081177E-03
   1.39999390E-03
   1.50012970E-03
   1.50012970E-03
   1.69944763E-03
   1.70040131E-03
   1.79958344E-03
   1.89971924E-03
   1.99985504E-03
   2.00080872E-03
   2.00080872E-03
   2.20012665E-03
   2.29930878E-03
   2.39944458E-03
   2.59971619E-03
   2.59971619E-03
   2.59971619E-03
   2.79998779E-03
   2.90012360E-03
   3.00025940E-03
   3.19957733E-03
   3.49998474E-03
   3.59916687E-03
   3.60012054E-03
   3.69930267E-03
   3.80039215E-03
   4.00066376E-03
   4.09984589E-03
   4.10079956E-03
   4.39929962E-03
   4.50038910E-03
   4.59957123E-03
   4.70066071E-03
   4.79984283E-03
   5.00011444E-03
   5.39970398E-03
   5.70011139E-03
   5.70011139E-03
   5.70011139E-03
   5.80024719E-03
   5.90038300E-03
   6.50024414E-03
   6.50024414E-03
   6.69956207E-03
   6.70051575E-03
   6.90078735E-03
   8.99982452E-03
   9.09996033E-03
   9.40036774E-03
   9.70077515E-03
   1.27000809E-02
   1.69000626E-02
