#Npts     Radius    Mag      Completeness
#  230 2955.3904  -14.372467 0.995671
# Verr
  -1.89008713E-02
  -1.83992386E-02
  -1.67999268E-02
  -1.64003372E-02
  -1.57995224E-02
  -1.46999359E-02
  -1.16004944E-02
  -1.09004974E-02
  -1.07994080E-02
  -1.04007721E-02
  -1.03998184E-02
  -1.03998184E-02
  -9.69982147E-03
  -9.60063934E-03
  -9.40036774E-03
  -9.29927826E-03
  -9.09996033E-03
  -9.00077820E-03
  -8.79955292E-03
  -8.79955292E-03
  -8.59928131E-03
  -8.49914551E-03
  -8.39996338E-03
  -8.29982758E-03
  -8.20064545E-03
  -8.09955597E-03
  -7.99942017E-03
  -7.89928436E-03
  -7.59983063E-03
  -7.40051270E-03
  -7.30037689E-03
  -7.29942322E-03
  -7.20024109E-03
  -7.19928741E-03
  -7.09915161E-03
  -6.79969788E-03
  -6.60037994E-03
  -6.60037994E-03
  -6.59942627E-03
  -6.49929047E-03
  -5.89942932E-03
  -5.49983978E-03
  -5.49983978E-03
  -5.39970398E-03
  -5.19943237E-03
  -5.10025024E-03
  -5.09929657E-03
  -5.09929657E-03
  -5.00011444E-03
  -5.00011444E-03
  -4.79984283E-03
  -4.50038910E-03
  -4.50038910E-03
  -4.30011749E-03
  -4.19998169E-03
  -4.09984589E-03
  -4.00066376E-03
  -3.90052795E-03
  -3.80039215E-03
  -3.79943848E-03
  -3.79943848E-03
  -3.79943848E-03
  -3.70025635E-03
  -3.70025635E-03
  -3.60012054E-03
  -3.60012054E-03
  -3.60012054E-03
  -3.60012054E-03
  -3.60012054E-03
  -3.59916687E-03
  -3.49998474E-03
  -3.49998474E-03
  -3.49998474E-03
  -3.49998474E-03
  -3.30066681E-03
  -3.29971313E-03
  -3.20053101E-03
  -3.19957733E-03
  -3.09944153E-03
  -3.00025940E-03
  -2.89916992E-03
  -2.79998779E-03
  -2.70080566E-03
  -2.69985199E-03
  -2.60066986E-03
  -2.40039825E-03
  -2.40039825E-03
  -2.39944458E-03
  -2.29930878E-03
  -2.20012665E-03
  -2.20012665E-03
  -1.99985504E-03
  -1.89971924E-03
  -1.89971924E-03
  -1.80053711E-03
  -1.80053711E-03
  -1.80053711E-03
  -1.79958344E-03
  -1.79958344E-03
  -1.79958344E-03
  -1.70040131E-03
  -1.70040131E-03
  -1.60026550E-03
  -1.60026550E-03
  -1.60026550E-03
  -1.50012970E-03
  -1.50012970E-03
  -1.50012970E-03
  -1.50012970E-03
  -1.39999390E-03
  -1.29985809E-03
  -1.29985809E-03
  -1.29985809E-03
  -1.29985809E-03
  -1.19972229E-03
  -1.19972229E-03
  -1.19972229E-03
  -1.19972229E-03
  -1.09958649E-03
  -8.00132751E-04
  -8.00132751E-04
  -6.99996948E-04
  -6.99996948E-04
  -6.00814819E-04
  -5.99861145E-04
  -5.99861145E-04
  -5.99861145E-04
  -5.99861145E-04
  -4.99725342E-04
  -3.00407410E-04
  -2.99453735E-04
  -2.00271606E-04
  -1.00135803E-04
   0.00000000    
   1.00135803E-04
   3.00407410E-04
   4.00543213E-04
   5.99861145E-04
   5.99861145E-04
   5.99861145E-04
   6.00814819E-04
   8.00132751E-04
   9.00268555E-04
   9.00268555E-04
   9.00268555E-04
   9.99450684E-04
   1.00040436E-03
   1.10054016E-03
   1.19972229E-03
   1.39999390E-03
   1.39999390E-03
   1.59931183E-03
   1.59931183E-03
   1.60026550E-03
   1.60026550E-03
   1.60026550E-03
   1.69944763E-03
   1.79958344E-03
   1.89971924E-03
   2.09999084E-03
   2.19917297E-03
   2.20012665E-03
   2.29930878E-03
   2.39944458E-03
   2.39944458E-03
   2.40039825E-03
   2.40039825E-03
   2.49958038E-03
   2.49958038E-03
   2.49958038E-03
   2.50053406E-03
   2.69985199E-03
   2.69985199E-03
   3.19957733E-03
   3.39984894E-03
   3.49998474E-03
   3.60012054E-03
   3.60012054E-03
   3.69930267E-03
   3.80039215E-03
   3.80039215E-03
   3.90052795E-03
   3.99971008E-03
   3.99971008E-03
   4.09984589E-03
   4.29916382E-03
   4.50038910E-03
   4.50038910E-03
   4.59957123E-03
   4.69970703E-03
   4.89997864E-03
   4.89997864E-03
   5.00011444E-03
   5.09929657E-03
   5.19943237E-03
   5.19943237E-03
   5.49983978E-03
   5.49983978E-03
   5.59997559E-03
   5.70011139E-03
   5.79929352E-03
   5.89942932E-03
   5.99956512E-03
   5.99956512E-03
   6.10065460E-03
   6.19983673E-03
   6.29997253E-03
   6.79969788E-03
   6.89983368E-03
   7.19928741E-03
   7.49969482E-03
   7.50064850E-03
   8.10050964E-03
   8.70037079E-03
   8.90064240E-03
   8.99982452E-03
   9.09996033E-03
   9.79995728E-03
   1.08995438E-02
   1.10998154E-02
   1.17998123E-02
   1.18999481E-02
   1.21994019E-02
   1.23996735E-02
   1.40008926E-02
   1.42002106E-02
   1.51004791E-02
   1.61991119E-02
   1.71995163E-02
   1.77001953E-02
