#Npts     Radius    Mag      Completeness
#  211 1440.1283  -14.015000 1.000000
# Ierr
  -4.19998169E-02
  -1.86996460E-02
  -1.43003464E-02
  -1.34000778E-02
  -1.30004883E-02
  -1.28002167E-02
  -1.27000809E-02
  -1.27000809E-02
  -1.18007660E-02
  -1.14002228E-02
  -1.09004974E-02
  -1.01003647E-02
  -9.90009308E-03
  -9.90009308E-03
  -9.90009308E-03
  -9.90009308E-03
  -9.79995728E-03
  -8.89968872E-03
  -8.79955292E-03
  -8.50009918E-03
  -8.10050964E-03
  -7.90023804E-03
  -7.29942322E-03
  -7.10010529E-03
  -6.70051575E-03
  -6.50024414E-03
  -6.49929047E-03
  -6.40010834E-03
  -6.19983673E-03
  -6.10065460E-03
  -5.49983978E-03
  -5.49983978E-03
  -5.09929657E-03
  -4.69970703E-03
  -4.59957123E-03
  -4.49943542E-03
  -4.49943542E-03
  -4.49943542E-03
  -4.00066376E-03
  -3.70025635E-03
  -3.30066681E-03
  -3.10039520E-03
  -2.90012360E-03
  -2.79998779E-03
  -2.79998779E-03
  -2.69985199E-03
  -2.69985199E-03
  -2.60066986E-03
  -2.60066986E-03
  -2.59971619E-03
  -2.59971619E-03
  -2.59971619E-03
  -2.09999084E-03
  -1.99985504E-03
  -1.99985504E-03
  -1.90067291E-03
  -1.90067291E-03
  -1.80053711E-03
  -1.70040131E-03
  -1.70040131E-03
  -1.60026550E-03
  -1.60026550E-03
  -1.59931183E-03
  -1.29985809E-03
  -1.19972229E-03
  -1.10054016E-03
  -1.09958649E-03
  -1.09958649E-03
  -9.99450684E-04
  -9.00268555E-04
  -9.00268555E-04
  -9.00268555E-04
  -9.00268555E-04
  -8.00132751E-04
  -8.00132751E-04
  -6.99996948E-04
  -6.99996948E-04
  -5.99861145E-04
  -4.99725342E-04
  -4.00543213E-04
  -4.00543213E-04
  -4.00543213E-04
  -2.99453735E-04
  -2.00271606E-04
  -2.00271606E-04
  -1.99317932E-04
  -1.00135803E-04
  -9.91821289E-05
   0.00000000    
   1.00135803E-04
   2.00271606E-04
   2.99453735E-04
   3.99589539E-04
   3.99589539E-04
   4.00543213E-04
   4.00543213E-04
   4.00543213E-04
   5.00679016E-04
   5.99861145E-04
   6.00814819E-04
   6.99996948E-04
   6.99996948E-04
   7.99179077E-04
   8.00132751E-04
   8.99314880E-04
   8.99314880E-04
   9.00268555E-04
   9.00268555E-04
   9.00268555E-04
   9.99450684E-04
   1.10054016E-03
   1.50012970E-03
   1.50012970E-03
   1.50012970E-03
   1.50012970E-03
   1.50012970E-03
   1.60026550E-03
   1.60026550E-03
   1.69944763E-03
   1.69944763E-03
   1.79958344E-03
   1.79958344E-03
   1.79958344E-03
   1.89971924E-03
   1.89971924E-03
   1.89971924E-03
   1.90067291E-03
   1.99985504E-03
   1.99985504E-03
   1.99985504E-03
   2.09999084E-03
   2.30026245E-03
   2.30026245E-03
   2.30026245E-03
   2.39944458E-03
   2.79998779E-03
   2.90012360E-03
   2.90012360E-03
   3.00025940E-03
   3.00025940E-03
   3.10039520E-03
   3.10039520E-03
   3.19957733E-03
   3.20053101E-03
   3.59916687E-03
   3.80039215E-03
   3.80039215E-03
   3.90052795E-03
   4.00066376E-03
   4.19998169E-03
   4.50038910E-03
   4.79984283E-03
   4.79984283E-03
   4.79984283E-03
   5.10025024E-03
   5.10025024E-03
   5.20038605E-03
   5.59997559E-03
   5.80024719E-03
   6.20079041E-03
   6.29997253E-03
   6.29997253E-03
   6.30092621E-03
   6.59942627E-03
   6.60037994E-03
   6.60037994E-03
   6.70051575E-03
   6.79969788E-03
   6.99996948E-03
   7.10010529E-03
   7.19928741E-03
   7.29942322E-03
   7.49969482E-03
   7.69996643E-03
   7.90023804E-03
   8.30078125E-03
   8.50009918E-03
   8.60023499E-03
   9.09996033E-03
   1.00002289E-02
   1.01995468E-02
   1.02005005E-02
   1.03998184E-02
   1.07994080E-02
   1.07994080E-02
   1.08995438E-02
   1.14994049E-02
   1.20000839E-02
   1.23996735E-02
   1.27000809E-02
   1.36995316E-02
   1.42002106E-02
   1.43995285E-02
   1.49002075E-02
   1.51004791E-02
   1.59997940E-02
   1.65004730E-02
   1.72004700E-02
   1.73997879E-02
   1.77001953E-02
   1.77001953E-02
   1.80997849E-02
   1.88007355E-02
   1.88007355E-02
   1.92995071E-02
   1.99003220E-02
   2.42996216E-02
   2.90002823E-02
   4.05998230E-02
  0.158699989    
  0.280400276    
