#Npts     Radius    Mag      Completeness
#  218 1036.8925  -14.761950 1.000000
# Ierr
  -1.45006180E-02
  -1.35002136E-02
  -1.35002136E-02
  -1.32999420E-02
  -1.29995346E-02
  -1.29995346E-02
  -1.28993988E-02
  -1.22995377E-02
  -1.21994019E-02
  -1.21002197E-02
  -1.20000839E-02
  -1.16004944E-02
  -1.15003586E-02
  -1.11999512E-02
  -1.10006332E-02
  -9.90009308E-03
  -9.90009308E-03
  -9.30023193E-03
  -9.30023193E-03
  -8.99982452E-03
  -8.99982452E-03
  -8.79955292E-03
  -8.70037079E-03
  -8.70037079E-03
  -8.60023499E-03
  -8.19969177E-03
  -8.10050964E-03
  -7.80010223E-03
  -7.69996643E-03
  -7.69996643E-03
  -7.59983063E-03
  -7.40051270E-03
  -6.89983368E-03
  -6.89983368E-03
  -6.79969788E-03
  -6.79969788E-03
  -6.60037994E-03
  -6.59942627E-03
  -6.40010834E-03
  -6.40010834E-03
  -6.29997253E-03
  -6.10065460E-03
  -6.09970093E-03
  -6.09970093E-03
  -6.09970093E-03
  -5.79929352E-03
  -5.70011139E-03
  -5.49983978E-03
  -5.40065765E-03
  -5.30052185E-03
  -5.10025024E-03
  -5.10025024E-03
  -5.10025024E-03
  -4.89997864E-03
  -4.89997864E-03
  -4.60052490E-03
  -4.59957123E-03
  -4.50038910E-03
  -4.50038910E-03
  -4.40025330E-03
  -4.30011749E-03
  -4.19998169E-03
  -4.09984589E-03
  -3.99971008E-03
  -3.99971008E-03
  -3.99971008E-03
  -3.89957428E-03
  -3.70025635E-03
  -3.69930267E-03
  -3.49998474E-03
  -3.39984894E-03
  -3.39984894E-03
  -3.30066681E-03
  -3.29971313E-03
  -3.20053101E-03
  -3.20053101E-03
  -3.09944153E-03
  -3.09944153E-03
  -3.00025940E-03
  -2.99930573E-03
  -2.90012360E-03
  -2.90012360E-03
  -2.79998779E-03
  -2.69985199E-03
  -2.50053406E-03
  -2.50053406E-03
  -2.40039825E-03
  -2.20012665E-03
  -2.09999084E-03
  -2.09999084E-03
  -1.99985504E-03
  -1.70040131E-03
  -1.50012970E-03
  -1.50012970E-03
  -1.49917603E-03
  -1.39999390E-03
  -1.39999390E-03
  -1.39999390E-03
  -1.30081177E-03
  -1.29985809E-03
  -1.29985809E-03
  -1.29985809E-03
  -1.09958649E-03
  -8.00132751E-04
  -8.00132751E-04
  -8.00132751E-04
  -6.99996948E-04
  -6.99996948E-04
  -5.00679016E-04
  -4.99725342E-04
  -3.99589539E-04
  -3.00407410E-04
  -1.99317932E-04
  -1.00135803E-04
   0.00000000    
   0.00000000    
   0.00000000    
   0.00000000    
   0.00000000    
   1.00135803E-04
   1.00135803E-04
   2.00271606E-04
   4.99725342E-04
   4.99725342E-04
   6.99996948E-04
   6.99996948E-04
   7.99179077E-04
   8.00132751E-04
   8.00132751E-04
   8.99314880E-04
   1.09958649E-03
   1.09958649E-03
   1.10054016E-03
   1.19972229E-03
   1.39999390E-03
   1.50012970E-03
   1.60026550E-03
   1.69944763E-03
   1.70040131E-03
   1.80053711E-03
   1.80053711E-03
   1.99985504E-03
   2.00080872E-03
   2.09999084E-03
   2.20012665E-03
   2.30026245E-03
   2.49958038E-03
   2.49958038E-03
   2.69985199E-03
   2.69985199E-03
   2.79998779E-03
   2.79998779E-03
   3.10039520E-03
   3.10039520E-03
   3.30066681E-03
   3.39984894E-03
   3.40080261E-03
   3.60012054E-03
   3.69930267E-03
   3.70025635E-03
   4.00066376E-03
   4.09984589E-03
   4.09984589E-03
   4.19998169E-03
   4.29916382E-03
   4.59957123E-03
   4.60052490E-03
   4.70066071E-03
   4.89997864E-03
   5.10025024E-03
   5.29956818E-03
   5.59997559E-03
   5.59997559E-03
   5.80024719E-03
   5.80024719E-03
   5.80024719E-03
   5.99956512E-03
   6.09970093E-03
   6.09970093E-03
   6.29997253E-03
   6.30092621E-03
   6.40010834E-03
   6.40010834E-03
   6.70051575E-03
   7.10010529E-03
   7.29942322E-03
   7.69996643E-03
   7.90023804E-03
   8.19969177E-03
   8.19969177E-03
   8.19969177E-03
   8.29982758E-03
   8.50009918E-03
   8.50009918E-03
   8.79955292E-03
   8.89968872E-03
   9.00077820E-03
   9.30023193E-03
   9.40036774E-03
   9.90009308E-03
   1.00002289E-02
   1.03006363E-02
   1.06000900E-02
   1.07002258E-02
   1.42002106E-02
   1.45998001E-02
   1.48000717E-02
   1.49002075E-02
   1.51004791E-02
   1.57003403E-02
   1.92995071E-02
   1.99003220E-02
   1.99995041E-02
   2.42004395E-02
   4.01000977E-02
   4.82997894E-02
   4.94995117E-02
   6.08997345E-02
