#Npts     Radius    Mag      Completeness
#  120  432.0385  -14.015000 0.975610
# Ierr
 -0.266099930    
 -0.183500290    
  -2.52008438E-02
  -2.32992172E-02
  -1.80006027E-02
  -1.78003311E-02
  -1.42993927E-02
  -1.32999420E-02
  -1.02996826E-02
  -1.01995468E-02
  -8.90064240E-03
  -8.89968872E-03
  -8.39996338E-03
  -7.20024109E-03
  -7.20024109E-03
  -5.39970398E-03
  -4.39929962E-03
  -4.09984589E-03
  -3.80039215E-03
  -3.70025635E-03
  -3.60012054E-03
  -3.60012054E-03
  -3.30066681E-03
  -2.90012360E-03
  -2.70080566E-03
  -2.59971619E-03
  -2.50053406E-03
  -2.20012665E-03
  -1.90067291E-03
  -1.90067291E-03
  -1.70040131E-03
  -1.50012970E-03
  -1.49917603E-03
  -1.39999390E-03
  -9.00268555E-04
  -9.00268555E-04
  -8.00132751E-04
  -5.99861145E-04
  -3.00407410E-04
  -2.00271606E-04
   0.00000000    
   1.00135803E-04
   1.00135803E-04
   2.99453735E-04
   3.00407410E-04
   4.99725342E-04
   5.00679016E-04
   5.99861145E-04
   6.99996948E-04
   8.00132751E-04
   1.09958649E-03
   1.19972229E-03
   1.29985809E-03
   1.29985809E-03
   1.50012970E-03
   1.50012970E-03
   1.70040131E-03
   1.79958344E-03
   1.99985504E-03
   2.09999084E-03
   2.09999084E-03
   2.20012665E-03
   2.39944458E-03
   2.39944458E-03
   2.50053406E-03
   2.59971619E-03
   2.79998779E-03
   2.79998779E-03
   2.79998779E-03
   3.30066681E-03
   3.49998474E-03
   4.69970703E-03
   5.10025024E-03
   5.39970398E-03
   5.40065765E-03
   7.39955902E-03
   7.90023804E-03
   8.19969177E-03
   1.03998184E-02
   1.14994049E-02
   1.18999481E-02
   1.24006271E-02
   1.25007629E-02
   1.31006241E-02
   1.32999420E-02
   1.37996674E-02
   1.63002014E-02
   1.95999146E-02
   2.01997757E-02
   2.06003189E-02
   2.08997726E-02
   2.27003098E-02
   2.28004456E-02
   2.63996124E-02
   2.68001556E-02
   3.50999832E-02
   3.55997086E-02
   3.60002518E-02
   3.66001129E-02
   3.70998383E-02
   4.19998169E-02
   4.79001999E-02
   5.81998825E-02
   6.12001419E-02
   6.14004135E-02
   6.38008118E-02
   6.44998550E-02
   6.70995712E-02
   7.74002075E-02
  0.100099564    
  0.122099876    
  0.123000145    
  0.147399902    
  0.153600693    
  0.166199684    
  0.229299545    
  0.375800133    
  0.503499985    
  0.512799263    
  0.619699478    
