#Npts     Radius    Mag      Completeness
#  202 1843.3641  -14.512967 1.000000
# Ierr
  -2.48003006E-02
  -2.25992203E-02
  -2.15997696E-02
  -1.66997910E-02
  -1.57003403E-02
  -1.48992538E-02
  -1.45998001E-02
  -1.42002106E-02
  -1.31998062E-02
  -1.30996704E-02
  -1.28002167E-02
  -1.23004913E-02
  -1.20992661E-02
  -1.18999481E-02
  -1.17006302E-02
  -1.10998154E-02
  -1.10006332E-02
  -1.07002258E-02
  -1.06000900E-02
  -1.04999542E-02
  -1.02005005E-02
  -9.30023193E-03
  -9.29927826E-03
  -9.20009613E-03
  -9.20009613E-03
  -9.09996033E-03
  -8.99982452E-03
  -8.99982452E-03
  -8.50009918E-03
  -8.29982758E-03
  -7.90023804E-03
  -7.29942322E-03
  -7.10010529E-03
  -6.79969788E-03
  -6.69956207E-03
  -6.59942627E-03
  -6.40010834E-03
  -6.40010834E-03
  -6.40010834E-03
  -6.29997253E-03
  -6.29997253E-03
  -6.10065460E-03
  -6.09970093E-03
  -5.99956512E-03
  -5.70011139E-03
  -5.49983978E-03
  -5.49983978E-03
  -5.29956818E-03
  -5.10025024E-03
  -5.10025024E-03
  -4.79984283E-03
  -4.60052490E-03
  -4.60052490E-03
  -4.59957123E-03
  -4.50038910E-03
  -4.49943542E-03
  -4.30011749E-03
  -4.19998169E-03
  -3.99971008E-03
  -3.80039215E-03
  -3.70025635E-03
  -3.60012054E-03
  -3.49998474E-03
  -3.49998474E-03
  -3.39984894E-03
  -3.39984894E-03
  -3.30066681E-03
  -3.29971313E-03
  -3.19957733E-03
  -3.10039520E-03
  -2.90012360E-03
  -2.60066986E-03
  -2.59971619E-03
  -2.59971619E-03
  -2.49958038E-03
  -2.40039825E-03
  -2.30026245E-03
  -2.20012665E-03
  -2.20012665E-03
  -2.20012665E-03
  -2.09999084E-03
  -1.89971924E-03
  -1.79958344E-03
  -1.19972229E-03
  -1.19972229E-03
  -1.09958649E-03
  -9.00268555E-04
  -9.00268555E-04
  -8.00132751E-04
  -8.00132751E-04
  -6.99996948E-04
  -5.99861145E-04
  -4.00543213E-04
  -2.99453735E-04
  -2.00271606E-04
  -2.00271606E-04
  -1.00135803E-04
  -1.00135803E-04
   0.00000000    
   2.00271606E-04
   5.00679016E-04
   6.99996948E-04
   8.00132751E-04
   8.99314880E-04
   9.99450684E-04
   1.10054016E-03
   1.19972229E-03
   1.29985809E-03
   1.30081177E-03
   1.50012970E-03
   1.50012970E-03
   1.59931183E-03
   1.59931183E-03
   1.60026550E-03
   1.89971924E-03
   1.90067291E-03
   2.00080872E-03
   2.09999084E-03
   2.09999084E-03
   2.09999084E-03
   2.20012665E-03
   2.20012665E-03
   2.30026245E-03
   2.49958038E-03
   2.59971619E-03
   2.60066986E-03
   2.69985199E-03
   2.79998779E-03
   2.79998779E-03
   2.89916992E-03
   2.90012360E-03
   3.00025940E-03
   3.10039520E-03
   3.20053101E-03
   3.59916687E-03
   3.60012054E-03
   3.60012054E-03
   3.80039215E-03
   3.90052795E-03
   3.99971008E-03
   4.09984589E-03
   4.09984589E-03
   4.19998169E-03
   4.30011749E-03
   4.49943542E-03
   4.50038910E-03
   4.79984283E-03
   4.89997864E-03
   4.89997864E-03
   5.19943237E-03
   5.20038605E-03
   5.29956818E-03
   5.29956818E-03
   5.30052185E-03
   5.30052185E-03
   5.39970398E-03
   5.39970398E-03
   5.59997559E-03
   5.70011139E-03
   5.90038300E-03
   5.90038300E-03
   6.00051880E-03
   6.50024414E-03
   6.59942627E-03
   6.89983368E-03
   6.89983368E-03
   6.90078735E-03
   6.99996948E-03
   7.09915161E-03
   7.10010529E-03
   7.29942322E-03
   7.29942322E-03
   7.59983063E-03
   7.79914856E-03
   7.80010223E-03
   7.90023804E-03
   8.19969177E-03
   8.39996338E-03
   8.80050659E-03
   8.89968872E-03
   8.89968872E-03
   8.90064240E-03
   8.99982452E-03
   9.09996033E-03
   9.59968567E-03
   1.00002289E-02
   1.02996826E-02
   1.04999542E-02
   1.05991364E-02
   1.21002197E-02
   1.28002167E-02
   1.30996704E-02
   1.41000748E-02
   1.48000717E-02
   1.71003342E-02
   1.76992416E-02
   2.06995010E-02
   2.34003067E-02
   2.46000290E-02
   4.19998169E-02
   8.27007294E-02
  0.303000450    
