#Npts     Radius    Mag      Completeness
#  197 1440.1283  -14.761950 1.000000
# Ierr
  -2.22997665E-02
  -1.76000595E-02
  -1.37996674E-02
  -1.21994019E-02
  -1.15995407E-02
  -1.07002258E-02
  -1.00002289E-02
  -9.60063934E-03
  -9.40036774E-03
  -9.30023193E-03
  -9.10091400E-03
  -8.89968872E-03
  -8.79955292E-03
  -8.39996338E-03
  -7.90023804E-03
  -7.79914856E-03
  -7.69996643E-03
  -7.49969482E-03
  -7.30037689E-03
  -7.10010529E-03
  -6.90078735E-03
  -6.89983368E-03
  -6.40010834E-03
  -6.40010834E-03
  -6.19983673E-03
  -6.09970093E-03
  -6.00051880E-03
  -5.99956512E-03
  -5.89942932E-03
  -5.89942932E-03
  -5.70011139E-03
  -5.39970398E-03
  -5.29956818E-03
  -5.19943237E-03
  -5.00011444E-03
  -4.99916077E-03
  -4.89997864E-03
  -4.79984283E-03
  -4.69970703E-03
  -4.40025330E-03
  -4.40025330E-03
  -4.29916382E-03
  -4.20093536E-03
  -4.19998169E-03
  -4.10079956E-03
  -4.09984589E-03
  -3.89957428E-03
  -3.79943848E-03
  -3.70025635E-03
  -3.70025635E-03
  -3.60012054E-03
  -3.49998474E-03
  -3.39984894E-03
  -3.10039520E-03
  -3.10039520E-03
  -3.00025940E-03
  -2.89916992E-03
  -2.79998779E-03
  -2.79998779E-03
  -2.79998779E-03
  -2.69985199E-03
  -2.69985199E-03
  -2.69985199E-03
  -2.50053406E-03
  -2.49958038E-03
  -2.49958038E-03
  -2.40039825E-03
  -2.40039825E-03
  -2.19917297E-03
  -2.00080872E-03
  -2.00080872E-03
  -1.99985504E-03
  -1.99985504E-03
  -1.99985504E-03
  -1.99985504E-03
  -1.90067291E-03
  -1.89971924E-03
  -1.29985809E-03
  -1.20067596E-03
  -1.19972229E-03
  -1.09958649E-03
  -1.09958649E-03
  -1.00040436E-03
  -1.00040436E-03
  -9.99450684E-04
  -9.00268555E-04
  -7.99179077E-04
  -6.99996948E-04
  -5.99861145E-04
  -3.99589539E-04
  -3.00407410E-04
  -3.00407410E-04
  -9.91821289E-05
   1.00135803E-04
   3.99589539E-04
   3.99589539E-04
   4.00543213E-04
   4.00543213E-04
   4.99725342E-04
   4.99725342E-04
   5.99861145E-04
   5.99861145E-04
   6.99996948E-04
   8.00132751E-04
   9.00268555E-04
   9.00268555E-04
   1.00040436E-03
   1.10054016E-03
   1.19972229E-03
   1.19972229E-03
   1.19972229E-03
   1.50012970E-03
   1.89971924E-03
   1.90067291E-03
   1.99985504E-03
   2.09999084E-03
   2.09999084E-03
   2.20012665E-03
   2.29930878E-03
   2.30026245E-03
   2.49958038E-03
   2.60066986E-03
   2.70080566E-03
   2.79998779E-03
   2.90012360E-03
   2.90012360E-03
   2.99930573E-03
   3.09944153E-03
   3.29971313E-03
   3.39984894E-03
   3.49998474E-03
   3.60012054E-03
   3.80039215E-03
   3.90052795E-03
   3.99971008E-03
   4.19998169E-03
   4.19998169E-03
   4.19998169E-03
   4.30011749E-03
   4.30011749E-03
   4.30011749E-03
   4.30011749E-03
   4.40025330E-03
   4.50038910E-03
   4.60052490E-03
   4.80079651E-03
   4.89997864E-03
   4.89997864E-03
   5.19943237E-03
   5.29956818E-03
   5.29956818E-03
   5.29956818E-03
   5.30052185E-03
   5.70011139E-03
   5.80024719E-03
   6.19983673E-03
   6.19983673E-03
   6.19983673E-03
   6.40010834E-03
   6.49929047E-03
   6.50024414E-03
   6.60037994E-03
   6.79969788E-03
   6.99996948E-03
   6.99996948E-03
   7.10010529E-03
   7.20024109E-03
   7.30037689E-03
   7.30037689E-03
   7.39955902E-03
   7.40051270E-03
   7.49969482E-03
   7.49969482E-03
   7.59983063E-03
   7.80010223E-03
   7.80010223E-03
   8.00037384E-03
   8.19969177E-03
   8.60023499E-03
   8.60023499E-03
   8.99982452E-03
   9.80091095E-03
   1.02005005E-02
   1.02996826E-02
   1.03998184E-02
   1.14002228E-02
   1.17998123E-02
   1.20000839E-02
   1.30996704E-02
   1.32999420E-02
   1.51996613E-02
   1.72996521E-02
   2.54993439E-02
   2.89001465E-02
   4.12998199E-02
   5.34992218E-02
   6.08005524E-02
