#Npts     Radius    Mag      Completeness
#  213 2044.9821  -14.263984 0.995327
# Ierr
  -1.90000534E-02
  -1.78995132E-02
  -1.67999268E-02
  -1.67999268E-02
  -1.59997940E-02
  -1.52997971E-02
  -1.50003433E-02
  -1.48000717E-02
  -1.45006180E-02
  -1.42993927E-02
  -1.38006210E-02
  -1.31998062E-02
  -1.27000809E-02
  -1.24006271E-02
  -1.22003555E-02
  -1.22003555E-02
  -1.18999481E-02
  -1.16004944E-02
  -1.09004974E-02
  -1.08995438E-02
  -1.08003616E-02
  -1.06000900E-02
  -1.06000900E-02
  -1.05991364E-02
  -1.04999542E-02
  -1.04007721E-02
  -1.00002289E-02
  -9.99927521E-03
  -9.69982147E-03
  -9.69982147E-03
  -9.59968567E-03
  -9.59968567E-03
  -9.09996033E-03
  -8.99982452E-03
  -8.70037079E-03
  -8.39996338E-03
  -8.20064545E-03
  -8.19969177E-03
  -8.10050964E-03
  -7.99942017E-03
  -7.89928436E-03
  -7.80010223E-03
  -7.69996643E-03
  -7.50064850E-03
  -7.49969482E-03
  -7.40051270E-03
  -7.29942322E-03
  -7.19928741E-03
  -7.10010529E-03
  -6.99996948E-03
  -6.80065155E-03
  -6.40010834E-03
  -6.19983673E-03
  -5.99956512E-03
  -5.90038300E-03
  -5.59997559E-03
  -5.39970398E-03
  -5.09929657E-03
  -4.69970703E-03
  -4.59957123E-03
  -4.50038910E-03
  -4.49943542E-03
  -4.40025330E-03
  -4.19998169E-03
  -4.09984589E-03
  -3.90052795E-03
  -3.70025635E-03
  -3.70025635E-03
  -3.70025635E-03
  -3.60012054E-03
  -3.60012054E-03
  -3.39984894E-03
  -3.39984894E-03
  -3.30066681E-03
  -3.19957733E-03
  -3.10039520E-03
  -3.09944153E-03
  -2.90012360E-03
  -2.90012360E-03
  -2.79998779E-03
  -2.69985199E-03
  -2.49958038E-03
  -2.40039825E-03
  -2.40039825E-03
  -2.20012665E-03
  -2.09999084E-03
  -2.09999084E-03
  -2.09999084E-03
  -2.00080872E-03
  -1.90067291E-03
  -1.89971924E-03
  -1.79958344E-03
  -1.70040131E-03
  -1.69944763E-03
  -1.50012970E-03
  -1.50012970E-03
  -1.39999390E-03
  -1.29985809E-03
  -1.20067596E-03
  -1.10054016E-03
  -1.09958649E-03
  -9.00268555E-04
  -6.99996948E-04
  -4.00543213E-04
  -3.99589539E-04
  -3.00407410E-04
  -3.00407410E-04
  -3.00407410E-04
  -1.99317932E-04
  -1.99317932E-04
   2.00271606E-04
   4.99725342E-04
   4.99725342E-04
   5.00679016E-04
   6.00814819E-04
   6.99996948E-04
   8.00132751E-04
   1.19972229E-03
   1.29985809E-03
   1.39999390E-03
   1.49917603E-03
   1.49917603E-03
   1.50012970E-03
   1.69944763E-03
   1.70040131E-03
   1.70040131E-03
   1.70040131E-03
   1.79958344E-03
   1.80053711E-03
   1.99985504E-03
   2.09999084E-03
   2.09999084E-03
   2.20012665E-03
   2.30026245E-03
   2.40039825E-03
   2.50053406E-03
   2.59971619E-03
   2.79998779E-03
   2.79998779E-03
   3.19957733E-03
   3.20053101E-03
   3.20053101E-03
   3.39984894E-03
   3.39984894E-03
   3.49998474E-03
   3.60012054E-03
   3.69930267E-03
   3.70025635E-03
   3.89957428E-03
   3.90052795E-03
   4.30011749E-03
   4.30011749E-03
   4.30011749E-03
   4.39929962E-03
   4.40025330E-03
   4.60052490E-03
   4.89997864E-03
   4.89997864E-03
   5.10025024E-03
   5.49983978E-03
   5.89942932E-03
   6.09970093E-03
   6.09970093E-03
   6.19983673E-03
   6.19983673E-03
   6.19983673E-03
   6.40010834E-03
   6.70051575E-03
   6.79969788E-03
   6.80065155E-03
   6.90078735E-03
   6.99996948E-03
   7.19928741E-03
   7.20024109E-03
   7.29942322E-03
   7.49969482E-03
   7.59983063E-03
   7.59983063E-03
   7.69996643E-03
   7.80010223E-03
   7.80010223E-03
   7.90023804E-03
   7.99942017E-03
   8.00037384E-03
   8.39996338E-03
   8.69941711E-03
   8.89968872E-03
   8.99982452E-03
   9.09996033E-03
   9.40036774E-03
   9.69982147E-03
   9.70077515E-03
   9.90009308E-03
   1.00994110E-02
   1.03998184E-02
   1.04999542E-02
   1.18999481E-02
   1.20992661E-02
   1.21002197E-02
   1.24006271E-02
   1.35002136E-02
   1.48000717E-02
   1.52997971E-02
   1.64003372E-02
   1.74999237E-02
   1.97000504E-02
   2.46000290E-02
   2.72006989E-02
   4.03003693E-02
   4.30994034E-02
   8.25996399E-02
  0.188499451    
  0.680500031    
