#Npts     Radius    Mag      Completeness
#  186 1843.3641  -14.015000 0.994652
# Ierr
  -2.08997726E-02
  -2.05001831E-02
  -1.77001953E-02
  -1.74999237E-02
  -1.70001984E-02
  -1.52997971E-02
  -1.46999359E-02
  -1.34000778E-02
  -1.25007629E-02
  -1.23996735E-02
  -1.21002197E-02
  -1.15995407E-02
  -1.11999512E-02
  -1.09996796E-02
  -1.09004974E-02
  -1.03998184E-02
  -9.90009308E-03
  -9.69982147E-03
  -9.30023193E-03
  -9.29927826E-03
  -8.89968872E-03
  -8.69941711E-03
  -8.30078125E-03
  -8.10050964E-03
  -8.00037384E-03
  -6.99996948E-03
  -6.59942627E-03
  -6.59942627E-03
  -6.40010834E-03
  -5.09929657E-03
  -4.19998169E-03
  -4.00066376E-03
  -3.90052795E-03
  -3.79943848E-03
  -3.70025635E-03
  -3.10039520E-03
  -3.09944153E-03
  -3.00025940E-03
  -3.00025940E-03
  -2.40039825E-03
  -2.40039825E-03
  -2.39944458E-03
  -2.30026245E-03
  -2.29930878E-03
  -2.29930878E-03
  -2.09999084E-03
  -1.99985504E-03
  -1.89971924E-03
  -1.80053711E-03
  -1.60026550E-03
  -1.60026550E-03
  -1.59931183E-03
  -1.59931183E-03
  -1.39999390E-03
  -1.39999390E-03
  -1.29985809E-03
  -1.19972229E-03
  -1.19972229E-03
  -1.19972229E-03
  -1.10054016E-03
  -1.09958649E-03
  -1.00040436E-03
  -9.00268555E-04
  -8.00132751E-04
  -6.99996948E-04
  -6.99996948E-04
  -4.00543213E-04
  -4.00543213E-04
  -3.99589539E-04
  -3.00407410E-04
  -2.00271606E-04
  -2.00271606E-04
  -1.00135803E-04
  -1.00135803E-04
   1.00135803E-04
   1.00135803E-04
   1.99317932E-04
   1.99317932E-04
   2.00271606E-04
   4.00543213E-04
   4.00543213E-04
   4.99725342E-04
   4.99725342E-04
   4.99725342E-04
   5.99861145E-04
   5.99861145E-04
   5.99861145E-04
   6.99996948E-04
   6.99996948E-04
   7.99179077E-04
   7.99179077E-04
   8.00132751E-04
   8.00132751E-04
   9.00268555E-04
   9.00268555E-04
   1.00040436E-03
   1.09958649E-03
   1.10054016E-03
   1.19972229E-03
   1.19972229E-03
   1.29985809E-03
   1.29985809E-03
   1.29985809E-03
   1.29985809E-03
   1.39999390E-03
   1.39999390E-03
   1.59931183E-03
   1.60026550E-03
   1.70040131E-03
   1.70040131E-03
   1.80053711E-03
   1.90067291E-03
   1.90067291E-03
   1.90067291E-03
   1.99985504E-03
   2.09999084E-03
   2.09999084E-03
   2.09999084E-03
   2.20012665E-03
   2.39944458E-03
   2.50053406E-03
   2.59971619E-03
   2.59971619E-03
   3.10039520E-03
   3.29971313E-03
   3.39984894E-03
   3.49998474E-03
   3.60012054E-03
   3.69930267E-03
   3.89957428E-03
   4.19998169E-03
   4.30011749E-03
   4.40025330E-03
   4.59957123E-03
   4.79984283E-03
   4.79984283E-03
   4.89997864E-03
   4.89997864E-03
   4.99916077E-03
   5.19943237E-03
   5.30052185E-03
   5.39970398E-03
   5.59997559E-03
   5.59997559E-03
   5.79929352E-03
   5.80024719E-03
   6.19983673E-03
   6.19983673E-03
   6.40010834E-03
   6.49929047E-03
   6.49929047E-03
   7.40051270E-03
   7.49969482E-03
   7.90023804E-03
   7.90023804E-03
   7.99942017E-03
   8.39996338E-03
   8.50009918E-03
   8.60023499E-03
   9.09996033E-03
   9.29927826E-03
   9.30023193E-03
   9.90009308E-03
   1.09996796E-02
   1.15995407E-02
   1.15995407E-02
   1.20992661E-02
   1.23996735E-02
   1.23996735E-02
   1.24998093E-02
   1.28993988E-02
   1.29995346E-02
   1.32007599E-02
   1.35993958E-02
   1.37004852E-02
   1.42993927E-02
   1.46999359E-02
   1.63002014E-02
   1.66997910E-02
   2.23007202E-02
   2.34994888E-02
   3.28998566E-02
   3.36999893E-02
   5.20000458E-02
   5.54008484E-02
   6.20994568E-02
