#Npts     Radius    Mag      Completeness
#  286  633.6565  -12.226334 0.989619
# Ierr
  -4.65993881E-02
  -4.60004807E-02
  -2.67000198E-02
  -2.08997726E-02
  -2.04000473E-02
  -1.46999359E-02
  -1.31998062E-02
  -1.27992630E-02
  -1.20992661E-02
  -1.15995407E-02
  -1.08003616E-02
  -8.89968872E-03
  -8.70037079E-03
  -7.79914856E-03
  -7.59983063E-03
  -7.49969482E-03
  -6.99996948E-03
  -6.89983368E-03
  -6.79969788E-03
  -6.70051575E-03
  -6.60037994E-03
  -6.50024414E-03
  -6.40010834E-03
  -6.39915466E-03
  -6.20079041E-03
  -6.00051880E-03
  -5.80024719E-03
  -5.80024719E-03
  -5.59997559E-03
  -5.39970398E-03
  -5.29956818E-03
  -5.09929657E-03
  -5.09929657E-03
  -4.50038910E-03
  -4.40025330E-03
  -4.40025330E-03
  -4.40025330E-03
  -4.30011749E-03
  -4.19998169E-03
  -4.09984589E-03
  -4.09984589E-03
  -4.09984589E-03
  -4.00066376E-03
  -3.99971008E-03
  -3.90052795E-03
  -3.90052795E-03
  -3.79943848E-03
  -3.70025635E-03
  -3.70025635E-03
  -3.39984894E-03
  -3.30066681E-03
  -3.29971313E-03
  -3.20053101E-03
  -3.20053101E-03
  -3.19957733E-03
  -3.10039520E-03
  -3.00025940E-03
  -2.99930573E-03
  -2.90012360E-03
  -2.60066986E-03
  -2.59971619E-03
  -2.50053406E-03
  -2.49958038E-03
  -2.49958038E-03
  -2.40039825E-03
  -2.29930878E-03
  -2.29930878E-03
  -2.20012665E-03
  -2.20012665E-03
  -2.20012665E-03
  -2.20012665E-03
  -2.09999084E-03
  -1.99985504E-03
  -1.99985504E-03
  -1.99985504E-03
  -1.79958344E-03
  -1.79958344E-03
  -1.70040131E-03
  -1.70040131E-03
  -1.60026550E-03
  -1.60026550E-03
  -1.60026550E-03
  -1.50012970E-03
  -1.50012970E-03
  -1.50012970E-03
  -1.39999390E-03
  -1.39999390E-03
  -1.39999390E-03
  -1.39999390E-03
  -1.30081177E-03
  -1.29985809E-03
  -1.29985809E-03
  -1.29985809E-03
  -1.20067596E-03
  -1.19972229E-03
  -1.19972229E-03
  -1.10054016E-03
  -1.10054016E-03
  -1.10054016E-03
  -1.10054016E-03
  -1.09958649E-03
  -1.09958649E-03
  -1.00040436E-03
  -9.00268555E-04
  -8.99314880E-04
  -8.00132751E-04
  -8.00132751E-04
  -8.00132751E-04
  -7.99179077E-04
  -6.99996948E-04
  -6.99996948E-04
  -5.99861145E-04
  -4.99725342E-04
  -4.99725342E-04
  -4.00543213E-04
  -3.99589539E-04
  -3.00407410E-04
  -3.00407410E-04
  -3.00407410E-04
  -2.99453735E-04
  -2.00271606E-04
  -1.99317932E-04
  -1.99317932E-04
  -1.00135803E-04
  -1.00135803E-04
  -1.00135803E-04
   0.00000000    
   0.00000000    
   1.00135803E-04
   1.99317932E-04
   2.00271606E-04
   2.00271606E-04
   2.00271606E-04
   2.99453735E-04
   4.00543213E-04
   4.00543213E-04
   5.00679016E-04
   5.99861145E-04
   6.99996948E-04
   6.99996948E-04
   6.99996948E-04
   6.99996948E-04
   6.99996948E-04
   8.00132751E-04
   8.00132751E-04
   8.99314880E-04
   9.00268555E-04
   9.00268555E-04
   1.00040436E-03
   1.09958649E-03
   1.20067596E-03
   1.20067596E-03
   1.29985809E-03
   1.29985809E-03
   1.30081177E-03
   1.39999390E-03
   1.39999390E-03
   1.50012970E-03
   1.50012970E-03
   1.50012970E-03
   1.60026550E-03
   1.69944763E-03
   1.70040131E-03
   1.79958344E-03
   1.80053711E-03
   1.80053711E-03
   1.89971924E-03
   1.89971924E-03
   1.99985504E-03
   2.09999084E-03
   2.20012665E-03
   2.20012665E-03
   2.20012665E-03
   2.20012665E-03
   2.20012665E-03
   2.30026245E-03
   2.30026245E-03
   2.30026245E-03
   2.39944458E-03
   2.39944458E-03
   2.40039825E-03
   2.49958038E-03
   2.49958038E-03
   2.50053406E-03
   2.69985199E-03
   2.90012360E-03
   2.90012360E-03
   2.99930573E-03
   3.20053101E-03
   3.30066681E-03
   3.39984894E-03
   3.40080261E-03
   3.49998474E-03
   3.49998474E-03
   3.60012054E-03
   3.60012054E-03
   3.80039215E-03
   3.80039215E-03
   3.89957428E-03
   3.89957428E-03
   3.99971008E-03
   3.99971008E-03
   4.00066376E-03
   4.19998169E-03
   4.19998169E-03
   4.30011749E-03
   4.39929962E-03
   4.69970703E-03
   4.70066071E-03
   4.79984283E-03
   4.89997864E-03
   4.99916077E-03
   5.10025024E-03
   5.19943237E-03
   5.19943237E-03
   5.30052185E-03
   5.39970398E-03
   5.49983978E-03
   5.49983978E-03
   5.49983978E-03
   5.70011139E-03
   5.70011139E-03
   5.79929352E-03
   5.79929352E-03
   5.99956512E-03
   6.09970093E-03
   6.29997253E-03
   6.29997253E-03
   6.40010834E-03
   7.10010529E-03
   7.20024109E-03
   7.30037689E-03
   7.79914856E-03
   7.90023804E-03
   8.09955597E-03
   8.20064545E-03
   8.20064545E-03
   8.29982758E-03
   8.49914551E-03
   8.50009918E-03
   8.50009918E-03
   8.59928131E-03
   8.60023499E-03
   9.00077820E-03
   9.90009308E-03
   9.90009308E-03
   1.04007721E-02
   1.08003616E-02
   1.08003616E-02
   1.13992691E-02
   1.14002228E-02
   1.14002228E-02
   1.15995407E-02
   1.36003494E-02
   1.39999390E-02
   1.44996643E-02
   1.45006180E-02
   1.48000717E-02
   1.55000687E-02
   1.57995224E-02
   1.65996552E-02
   1.69992447E-02
   1.87997818E-02
   2.12993622E-02
   2.15997696E-02
   2.58998871E-02
   2.82001495E-02
   3.46002579E-02
   3.60002518E-02
   3.69997025E-02
   3.99999619E-02
   4.34999466E-02
   4.43000793E-02
   4.67004776E-02
   4.74996567E-02
   5.30996323E-02
   6.79998398E-02
   9.34000015E-02
  0.168899536    
  0.176199913    
  0.179800034    
  0.210900307    
  0.318599701    
  0.327199936    
  0.428000450    
  0.525599480    
