#Npts     Radius    Mag      Completeness
#  194 1036.8925  -15.010933 0.994872
# Ierr
  -1.91001892E-02
  -1.48000717E-02
  -1.16004944E-02
  -1.16004944E-02
  -1.11999512E-02
  -1.01995468E-02
  -9.29927826E-03
  -9.20009613E-03
  -8.80050659E-03
  -8.80050659E-03
  -8.79955292E-03
  -8.79955292E-03
  -8.70037079E-03
  -8.70037079E-03
  -8.60023499E-03
  -8.59928131E-03
  -7.90023804E-03
  -7.69996643E-03
  -7.49969482E-03
  -7.40051270E-03
  -7.40051270E-03
  -7.20024109E-03
  -7.10010529E-03
  -7.10010529E-03
  -6.79969788E-03
  -6.60037994E-03
  -6.29997253E-03
  -6.19983673E-03
  -6.00051880E-03
  -5.90038300E-03
  -5.70011139E-03
  -5.59997559E-03
  -5.50079346E-03
  -5.50079346E-03
  -5.19943237E-03
  -5.00011444E-03
  -4.89997864E-03
  -4.69970703E-03
  -4.69970703E-03
  -4.69970703E-03
  -4.40025330E-03
  -4.40025330E-03
  -4.30011749E-03
  -4.29916382E-03
  -4.29916382E-03
  -4.19998169E-03
  -3.99971008E-03
  -3.90052795E-03
  -3.60012054E-03
  -3.49998474E-03
  -3.39984894E-03
  -3.39984894E-03
  -3.29971313E-03
  -3.09944153E-03
  -3.09944153E-03
  -3.00025940E-03
  -2.90012360E-03
  -2.90012360E-03
  -2.90012360E-03
  -2.79998779E-03
  -2.79998779E-03
  -2.59971619E-03
  -2.50053406E-03
  -2.39944458E-03
  -2.29930878E-03
  -2.29930878E-03
  -2.20012665E-03
  -2.20012665E-03
  -2.09999084E-03
  -1.99985504E-03
  -1.90067291E-03
  -1.69944763E-03
  -1.60026550E-03
  -1.60026550E-03
  -1.59931183E-03
  -1.50012970E-03
  -1.39999390E-03
  -1.29985809E-03
  -1.29985809E-03
  -1.19972229E-03
  -1.10054016E-03
  -1.09958649E-03
  -1.09958649E-03
  -1.09958649E-03
  -1.00040436E-03
  -9.99450684E-04
  -9.00268555E-04
  -9.00268555E-04
  -8.00132751E-04
  -8.00132751E-04
  -5.99861145E-04
  -3.00407410E-04
  -2.00271606E-04
  -1.99317932E-04
  -1.00135803E-04
  -9.91821289E-05
   0.00000000    
   0.00000000    
   1.99317932E-04
   2.00271606E-04
   3.00407410E-04
   3.00407410E-04
   3.00407410E-04
   4.00543213E-04
   4.99725342E-04
   5.00679016E-04
   5.00679016E-04
   5.99861145E-04
   6.99996948E-04
   8.00132751E-04
   9.00268555E-04
   9.99450684E-04
   9.99450684E-04
   1.09958649E-03
   1.09958649E-03
   1.19972229E-03
   1.20067596E-03
   1.29985809E-03
   1.59931183E-03
   1.60026550E-03
   1.69944763E-03
   1.89971924E-03
   1.99985504E-03
   1.99985504E-03
   1.99985504E-03
   2.09999084E-03
   2.09999084E-03
   2.59971619E-03
   2.59971619E-03
   2.79998779E-03
   2.79998779E-03
   2.79998779E-03
   3.09944153E-03
   3.10039520E-03
   3.39984894E-03
   3.49998474E-03
   3.80039215E-03
   3.80039215E-03
   3.80039215E-03
   3.80039215E-03
   3.89957428E-03
   3.89957428E-03
   3.99971008E-03
   4.09984589E-03
   4.19998169E-03
   4.19998169E-03
   4.79984283E-03
   4.89997864E-03
   4.89997864E-03
   5.00011444E-03
   5.00011444E-03
   5.09929657E-03
   5.19943237E-03
   5.20038605E-03
   5.30052185E-03
   5.39970398E-03
   5.39970398E-03
   5.49983978E-03
   5.59997559E-03
   5.80024719E-03
   5.80024719E-03
   5.90038300E-03
   5.90038300E-03
   6.40010834E-03
   6.50024414E-03
   6.69956207E-03
   6.79969788E-03
   6.99996948E-03
   7.19928741E-03
   7.20024109E-03
   7.30037689E-03
   7.49969482E-03
   7.69996643E-03
   7.89928436E-03
   8.00037384E-03
   8.09955597E-03
   8.19969177E-03
   8.29982758E-03
   8.80050659E-03
   9.09996033E-03
   9.79995728E-03
   1.08003616E-02
   1.48000717E-02
   1.66006088E-02
   2.26993561E-02
   2.42996216E-02
   3.06005478E-02
   3.92007828E-02
   3.92999649E-02
   4.82997894E-02
   6.37998581E-02
   9.65003967E-02
  0.132599831    
  0.134399414    
