#Npts     Radius    Mag      Completeness
#  251  432.0385  -11.332000 0.950758
# Ierr
 -0.711299896    
 -0.136300087    
 -0.127900124    
  -9.21001434E-02
  -8.88004303E-02
  -7.76996613E-02
  -7.67002106E-02
  -7.64999390E-02
  -7.59000778E-02
  -7.04002380E-02
  -7.01999664E-02
  -5.50994873E-02
  -5.27000427E-02
  -4.95004654E-02
  -4.09002304E-02
  -3.19004059E-02
  -3.17993164E-02
  -3.09000015E-02
  -3.09000015E-02
  -2.99997330E-02
  -2.92005539E-02
  -2.90994644E-02
  -2.72998810E-02
  -2.55002975E-02
  -2.28996277E-02
  -2.27003098E-02
  -2.18000412E-02
  -2.15005875E-02
  -2.14004517E-02
  -2.00996399E-02
  -1.94997787E-02
  -1.94005966E-02
  -1.92995071E-02
  -1.86996460E-02
  -1.72996521E-02
  -1.72996521E-02
  -1.67999268E-02
  -1.66997910E-02
  -1.63002014E-02
  -1.62000656E-02
  -1.62000656E-02
  -1.58996582E-02
  -1.58996582E-02
  -1.45998001E-02
  -1.43003464E-02
  -1.34000778E-02
  -1.29003525E-02
  -1.27000809E-02
  -1.21994019E-02
  -1.17998123E-02
  -1.16004944E-02
  -1.15003586E-02
  -1.13000870E-02
  -1.11007690E-02
  -1.04999542E-02
  -1.03006363E-02
  -1.00002289E-02
  -9.90009308E-03
  -9.50050354E-03
  -8.79955292E-03
  -8.50009918E-03
  -8.39996338E-03
  -7.59983063E-03
  -7.39955902E-03
  -7.20024109E-03
  -7.20024109E-03
  -7.09915161E-03
  -6.69956207E-03
  -6.69956207E-03
  -6.29997253E-03
  -6.19983673E-03
  -6.09970093E-03
  -6.00051880E-03
  -5.90038300E-03
  -5.80024719E-03
  -5.70011139E-03
  -5.70011139E-03
  -5.70011139E-03
  -5.70011139E-03
  -5.70011139E-03
  -5.69915771E-03
  -5.59997559E-03
  -5.49983978E-03
  -5.00011444E-03
  -5.00011444E-03
  -4.89997864E-03
  -4.79984283E-03
  -4.69970703E-03
  -4.59957123E-03
  -4.30011749E-03
  -3.99971008E-03
  -3.70025635E-03
  -3.69930267E-03
  -3.59916687E-03
  -3.20053101E-03
  -3.20053101E-03
  -3.20053101E-03
  -3.19957733E-03
  -3.19957733E-03
  -3.09944153E-03
  -3.00025940E-03
  -3.00025940E-03
  -2.99930573E-03
  -2.90012360E-03
  -2.90012360E-03
  -2.79998779E-03
  -2.60066986E-03
  -2.59971619E-03
  -2.40039825E-03
  -2.30026245E-03
  -2.00080872E-03
  -1.80053711E-03
  -1.80053711E-03
  -1.60026550E-03
  -1.29985809E-03
  -1.29985809E-03
  -1.09958649E-03
  -9.00268555E-04
  -8.00132751E-04
  -5.99861145E-04
  -3.99589539E-04
  -3.00407410E-04
  -3.00407410E-04
  -3.00407410E-04
   0.00000000    
   9.91821289E-05
   3.00407410E-04
   3.99589539E-04
   5.00679016E-04
   5.99861145E-04
   9.00268555E-04
   9.00268555E-04
   1.00040436E-03
   1.00040436E-03
   1.10054016E-03
   1.20067596E-03
   1.29985809E-03
   1.29985809E-03
   1.50012970E-03
   1.59931183E-03
   2.00080872E-03
   2.09999084E-03
   2.30026245E-03
   2.30026245E-03
   2.39944458E-03
   2.40039825E-03
   2.49958038E-03
   2.69985199E-03
   3.00025940E-03
   3.20053101E-03
   3.59916687E-03
   3.69930267E-03
   3.70025635E-03
   3.89957428E-03
   3.89957428E-03
   4.09984589E-03
   4.09984589E-03
   4.30011749E-03
   4.40025330E-03
   4.69970703E-03
   4.70066071E-03
   4.79984283E-03
   4.79984283E-03
   4.89997864E-03
   5.39970398E-03
   5.49983978E-03
   5.49983978E-03
   5.70011139E-03
   6.09970093E-03
   6.10065460E-03
   6.19983673E-03
   6.29997253E-03
   6.29997253E-03
   6.59942627E-03
   6.60037994E-03
   6.69956207E-03
   6.69956207E-03
   6.79969788E-03
   6.89983368E-03
   6.99996948E-03
   7.19928741E-03
   7.20024109E-03
   7.39955902E-03
   7.40051270E-03
   7.50064850E-03
   7.90023804E-03
   8.20064545E-03
   8.29982758E-03
   8.49914551E-03
   8.70037079E-03
   9.09996033E-03
   9.09996033E-03
   9.20009613E-03
   9.29927826E-03
   9.49954987E-03
   1.03998184E-02
   1.04999542E-02
   1.04999542E-02
   1.04999542E-02
   1.06992722E-02
   1.11999512E-02
   1.17006302E-02
   1.22995377E-02
   1.31998062E-02
   1.42002106E-02
   1.52006149E-02
   1.66997910E-02
   1.78003311E-02
   1.81999207E-02
   1.87997818E-02
   2.00996399E-02
   2.10990906E-02
   2.19001770E-02
   2.19993591E-02
   2.21004486E-02
   2.25992203E-02
   2.40993500E-02
   2.57005692E-02
   2.57005692E-02
   2.68001556E-02
   2.68001556E-02
   2.81000137E-02
   2.89001465E-02
   3.43999863E-02
   3.48997116E-02
   3.57999802E-02
   3.70998383E-02
   3.75995636E-02
   3.94001007E-02
   4.13999557E-02
   4.30002213E-02
   4.71000671E-02
   5.38005829E-02
   5.69000244E-02
   6.09998703E-02
   6.80999756E-02
   7.81002045E-02
   8.75997543E-02
   9.10997391E-02
  0.107899666    
  0.129500389    
  0.132200241    
  0.159299850    
  0.190599442    
  0.235899925    
  0.292399406    
  0.306900024    
  0.318699837    
  0.345799446    
  0.477899551    
  0.480799675    
