#Npts     Radius    Mag      Completeness
#  215  432.0385  -13.120667 0.986239
# Ierr
 -0.178400040    
 -0.165200233    
  -6.34002686E-02
  -2.29997635E-02
  -1.74999237E-02
  -1.51996613E-02
  -1.27000809E-02
  -1.10998154E-02
  -1.07002258E-02
  -9.09996033E-03
  -8.19969177E-03
  -7.10010529E-03
  -6.59942627E-03
  -6.09970093E-03
  -6.00051880E-03
  -5.80024719E-03
  -5.49983978E-03
  -5.30052185E-03
  -5.09929657E-03
  -4.89997864E-03
  -4.89997864E-03
  -4.70066071E-03
  -4.60052490E-03
  -4.09984589E-03
  -3.90052795E-03
  -3.80039215E-03
  -3.79943848E-03
  -3.70025635E-03
  -3.69930267E-03
  -3.69930267E-03
  -3.39984894E-03
  -3.39984894E-03
  -3.39984894E-03
  -3.29971313E-03
  -3.20053101E-03
  -3.10039520E-03
  -3.09944153E-03
  -3.09944153E-03
  -3.00025940E-03
  -2.90012360E-03
  -2.90012360E-03
  -2.79998779E-03
  -2.59971619E-03
  -2.50053406E-03
  -2.39944458E-03
  -2.29930878E-03
  -2.20012665E-03
  -2.09999084E-03
  -2.09999084E-03
  -1.99985504E-03
  -1.90067291E-03
  -1.90067291E-03
  -1.89971924E-03
  -1.80053711E-03
  -1.70040131E-03
  -1.70040131E-03
  -1.69944763E-03
  -1.60026550E-03
  -1.60026550E-03
  -1.50012970E-03
  -1.50012970E-03
  -1.29985809E-03
  -1.29985809E-03
  -1.29985809E-03
  -1.19972229E-03
  -1.19972229E-03
  -1.19972229E-03
  -1.10054016E-03
  -1.00040436E-03
  -1.00040436E-03
  -9.00268555E-04
  -8.99314880E-04
  -8.00132751E-04
  -6.99996948E-04
  -6.99996948E-04
  -6.99996948E-04
  -6.99996948E-04
  -6.99996948E-04
  -6.99996948E-04
  -6.00814819E-04
  -5.99861145E-04
  -5.99861145E-04
  -5.00679016E-04
  -5.00679016E-04
  -2.99453735E-04
   0.00000000    
   0.00000000    
   0.00000000    
   0.00000000    
   1.99317932E-04
   1.99317932E-04
   2.99453735E-04
   2.99453735E-04
   3.99589539E-04
   4.99725342E-04
   5.00679016E-04
   6.99996948E-04
   6.99996948E-04
   6.99996948E-04
   7.99179077E-04
   8.00132751E-04
   8.00132751E-04
   9.00268555E-04
   9.99450684E-04
   1.00040436E-03
   1.00040436E-03
   1.09958649E-03
   1.09958649E-03
   1.19972229E-03
   1.29985809E-03
   1.29985809E-03
   1.49917603E-03
   1.50012970E-03
   1.69944763E-03
   1.70040131E-03
   1.79958344E-03
   1.79958344E-03
   1.80053711E-03
   1.89971924E-03
   1.99985504E-03
   2.09999084E-03
   2.09999084E-03
   2.09999084E-03
   2.09999084E-03
   2.20012665E-03
   2.30026245E-03
   2.30026245E-03
   2.49958038E-03
   2.59971619E-03
   2.79998779E-03
   2.90012360E-03
   2.90012360E-03
   2.90012360E-03
   2.90012360E-03
   3.29971313E-03
   3.40080261E-03
   3.59916687E-03
   3.60012054E-03
   3.70025635E-03
   3.70025635E-03
   3.79943848E-03
   3.79943848E-03
   3.90052795E-03
   4.59957123E-03
   4.79984283E-03
   4.79984283E-03
   5.19943237E-03
   5.49983978E-03
   5.59997559E-03
   5.89942932E-03
   5.89942932E-03
   6.19983673E-03
   6.20079041E-03
   6.50024414E-03
   6.70051575E-03
   6.70051575E-03
   6.70051575E-03
   6.80065155E-03
   6.90078735E-03
   7.20024109E-03
   7.29942322E-03
   7.99942017E-03
   8.00037384E-03
   8.39996338E-03
   8.50009918E-03
   1.00002289E-02
   1.02996826E-02
   1.03998184E-02
   1.16996765E-02
   1.24006271E-02
   1.24998093E-02
   1.27000809E-02
   1.32007599E-02
   1.34992599E-02
   1.35002136E-02
   1.43003464E-02
   1.65996552E-02
   1.66006088E-02
   1.77993774E-02
   1.91001892E-02
   2.23999023E-02
   2.44007111E-02
   2.56004333E-02
   2.64997482E-02
   2.68001556E-02
   2.82001495E-02
   3.17001343E-02
   3.18994522E-02
   3.35998535E-02
   3.35998535E-02
   3.36008072E-02
   3.40003967E-02
   3.57999802E-02
   3.74994278E-02
   3.77998352E-02
   4.05998230E-02
   4.39004898E-02
   5.25999069E-02
   5.56993484E-02
   5.99994659E-02
   7.29999542E-02
   8.85000229E-02
   9.52997208E-02
   9.94005203E-02
  0.116299629    
  0.129199982    
  0.134699821    
  0.139699936    
  0.151100159    
  0.157799721    
  0.187000275    
  0.249899864    
  0.565799713    
  0.592499733    
  0.630800247    
