#Npts     Radius    Mag      Completeness
#  227 1238.5104  -14.015000 1.000000
# Ierr
  -2.70996094E-02
  -2.64997482E-02
  -2.57997513E-02
  -2.56004333E-02
  -2.46000290E-02
  -2.40001678E-02
  -2.29005814E-02
  -2.15997696E-02
  -2.00996399E-02
  -1.92003250E-02
  -1.85003281E-02
  -1.80997849E-02
  -1.72004700E-02
  -1.55000687E-02
  -1.53999329E-02
  -1.51996613E-02
  -1.28993988E-02
  -1.24998093E-02
  -1.10998154E-02
  -1.10998154E-02
  -1.08995438E-02
  -1.06992722E-02
  -1.06000900E-02
  -9.49954987E-03
  -9.49954987E-03
  -8.99982452E-03
  -8.69941711E-03
  -8.39996338E-03
  -8.19969177E-03
  -7.90023804E-03
  -7.69996643E-03
  -7.69996643E-03
  -7.40051270E-03
  -7.30037689E-03
  -7.20024109E-03
  -6.89983368E-03
  -6.59942627E-03
  -6.40010834E-03
  -6.19983673E-03
  -5.90038300E-03
  -5.80024719E-03
  -5.40065765E-03
  -5.20038605E-03
  -5.00011444E-03
  -4.89997864E-03
  -4.89997864E-03
  -4.89997864E-03
  -4.80079651E-03
  -4.69970703E-03
  -4.40025330E-03
  -4.30011749E-03
  -4.29916382E-03
  -3.79943848E-03
  -3.49998474E-03
  -3.49998474E-03
  -3.19957733E-03
  -3.19957733E-03
  -3.10039520E-03
  -2.90012360E-03
  -2.79998779E-03
  -2.69985199E-03
  -2.69985199E-03
  -2.69985199E-03
  -2.69985199E-03
  -2.69985199E-03
  -2.69985199E-03
  -2.60066986E-03
  -2.20012665E-03
  -2.09999084E-03
  -1.99985504E-03
  -1.99985504E-03
  -1.99985504E-03
  -1.89971924E-03
  -1.79958344E-03
  -1.79958344E-03
  -1.70040131E-03
  -1.70040131E-03
  -1.60026550E-03
  -1.60026550E-03
  -1.50012970E-03
  -1.39999390E-03
  -1.30081177E-03
  -1.29985809E-03
  -1.29985809E-03
  -1.29985809E-03
  -1.20067596E-03
  -1.10054016E-03
  -1.09958649E-03
  -1.09958649E-03
  -1.00040436E-03
  -1.00040436E-03
  -9.00268555E-04
  -8.99314880E-04
  -8.00132751E-04
  -8.00132751E-04
  -8.00132751E-04
  -8.00132751E-04
  -6.99996948E-04
  -6.00814819E-04
  -5.99861145E-04
  -5.99861145E-04
  -5.00679016E-04
  -5.00679016E-04
  -4.99725342E-04
  -4.00543213E-04
  -3.99589539E-04
  -3.00407410E-04
  -3.00407410E-04
  -2.99453735E-04
  -2.00271606E-04
  -2.00271606E-04
  -1.99317932E-04
   0.00000000    
   0.00000000    
   0.00000000    
   0.00000000    
   9.91821289E-05
   1.00135803E-04
   1.00135803E-04
   2.00271606E-04
   2.99453735E-04
   2.99453735E-04
   4.00543213E-04
   4.99725342E-04
   4.99725342E-04
   4.99725342E-04
   4.99725342E-04
   5.99861145E-04
   5.99861145E-04
   6.99996948E-04
   6.99996948E-04
   6.99996948E-04
   7.99179077E-04
   7.99179077E-04
   8.00132751E-04
   8.00132751E-04
   9.99450684E-04
   1.00040436E-03
   1.09958649E-03
   1.20067596E-03
   1.29985809E-03
   1.29985809E-03
   1.29985809E-03
   1.39999390E-03
   1.50012970E-03
   1.50012970E-03
   1.50012970E-03
   1.59931183E-03
   1.70040131E-03
   1.70040131E-03
   1.89971924E-03
   1.99985504E-03
   1.99985504E-03
   1.99985504E-03
   1.99985504E-03
   2.00080872E-03
   2.09999084E-03
   2.29930878E-03
   2.30026245E-03
   2.30026245E-03
   2.39944458E-03
   2.49958038E-03
   2.49958038E-03
   2.59971619E-03
   2.59971619E-03
   2.59971619E-03
   2.60066986E-03
   2.69985199E-03
   2.79998779E-03
   2.90012360E-03
   3.09944153E-03
   3.29971313E-03
   3.39984894E-03
   3.49998474E-03
   3.49998474E-03
   3.60012054E-03
   3.60012054E-03
   3.60012054E-03
   3.80039215E-03
   3.80039215E-03
   3.90052795E-03
   4.00066376E-03
   4.09984589E-03
   4.09984589E-03
   4.40025330E-03
   4.40025330E-03
   4.40025330E-03
   4.69970703E-03
   5.10025024E-03
   5.20038605E-03
   5.30052185E-03
   5.39970398E-03
   5.70011139E-03
   5.70011139E-03
   6.09970093E-03
   6.70051575E-03
   6.70051575E-03
   6.89983368E-03
   7.40051270E-03
   7.59983063E-03
   7.59983063E-03
   7.90023804E-03
   7.99942017E-03
   7.99942017E-03
   8.29982758E-03
   9.59968567E-03
   9.60063934E-03
   9.90009308E-03
   1.01995468E-02
   1.01995468E-02
   1.06000900E-02
   1.07994080E-02
   1.10998154E-02
   1.15995407E-02
   1.17006302E-02
   1.18999481E-02
   1.22995377E-02
   1.29995346E-02
   1.57995224E-02
   1.69000626E-02
   1.69000626E-02
   1.71003342E-02
   2.01005936E-02
   4.48999405E-02
   4.65993881E-02
   4.90999222E-02
  0.130399704    
