#Npts     Radius    Mag      Completeness
#  206 1238.5104  -14.263984 0.995169
# Ierr
  -2.57997513E-02
  -2.41003036E-02
  -1.97992325E-02
  -1.86996460E-02
  -1.69000626E-02
  -1.69000626E-02
  -1.60999298E-02
  -1.59006119E-02
  -1.58004761E-02
  -1.57995224E-02
  -1.37004852E-02
  -1.32999420E-02
  -1.30004883E-02
  -1.29003525E-02
  -1.28993988E-02
  -1.25999451E-02
  -1.25999451E-02
  -1.14994049E-02
  -1.06000900E-02
  -1.04999542E-02
  -1.03998184E-02
  -1.01003647E-02
  -9.79995728E-03
  -9.69982147E-03
  -9.60063934E-03
  -9.40036774E-03
  -9.30023193E-03
  -8.99982452E-03
  -8.99982452E-03
  -8.99982452E-03
  -8.90064240E-03
  -8.79955292E-03
  -8.60023499E-03
  -8.29982758E-03
  -8.29982758E-03
  -8.20064545E-03
  -8.19969177E-03
  -7.80010223E-03
  -7.49969482E-03
  -7.39955902E-03
  -7.30037689E-03
  -7.30037689E-03
  -7.29942322E-03
  -6.69956207E-03
  -6.29997253E-03
  -6.29997253E-03
  -6.29997253E-03
  -6.19983673E-03
  -5.90038300E-03
  -5.89942932E-03
  -5.49983978E-03
  -5.49983978E-03
  -5.30052185E-03
  -5.10025024E-03
  -5.00011444E-03
  -4.79984283E-03
  -4.70066071E-03
  -4.70066071E-03
  -4.70066071E-03
  -4.49943542E-03
  -4.49943542E-03
  -4.40025330E-03
  -4.40025330E-03
  -4.19998169E-03
  -3.80039215E-03
  -3.79943848E-03
  -3.60012054E-03
  -3.60012054E-03
  -3.49998474E-03
  -3.00025940E-03
  -3.00025940E-03
  -2.90012360E-03
  -2.69985199E-03
  -2.59971619E-03
  -2.30026245E-03
  -2.30026245E-03
  -2.29930878E-03
  -2.20012665E-03
  -2.20012665E-03
  -1.89971924E-03
  -1.80053711E-03
  -1.60026550E-03
  -1.39999390E-03
  -1.39999390E-03
  -1.30081177E-03
  -1.29985809E-03
  -1.20067596E-03
  -1.19972229E-03
  -1.09958649E-03
  -9.00268555E-04
  -8.99314880E-04
  -8.00132751E-04
  -6.99996948E-04
  -6.99996948E-04
  -3.00407410E-04
  -2.99453735E-04
  -2.00271606E-04
   9.91821289E-05
   1.99317932E-04
   3.00407410E-04
   3.99589539E-04
   3.99589539E-04
   4.00543213E-04
   4.99725342E-04
   6.99996948E-04
   6.99996948E-04
   7.99179077E-04
   8.00132751E-04
   9.00268555E-04
   9.00268555E-04
   1.00040436E-03
   1.09958649E-03
   1.10054016E-03
   1.20067596E-03
   1.29985809E-03
   1.29985809E-03
   1.29985809E-03
   1.39999390E-03
   1.39999390E-03
   1.39999390E-03
   1.50012970E-03
   1.50012970E-03
   1.79958344E-03
   1.89971924E-03
   1.99985504E-03
   1.99985504E-03
   2.20012665E-03
   2.69985199E-03
   2.90012360E-03
   2.90012360E-03
   2.99930573E-03
   2.99930573E-03
   3.00025940E-03
   3.10039520E-03
   3.19957733E-03
   3.19957733E-03
   3.29971313E-03
   3.29971313E-03
   3.29971313E-03
   3.30066681E-03
   3.39984894E-03
   3.39984894E-03
   3.40080261E-03
   3.59916687E-03
   3.70025635E-03
   3.70025635E-03
   3.99971008E-03
   4.00066376E-03
   4.19998169E-03
   4.30011749E-03
   4.50038910E-03
   4.59957123E-03
   4.60052490E-03
   4.79984283E-03
   5.20038605E-03
   5.29956818E-03
   5.30052185E-03
   5.59997559E-03
   5.70011139E-03
   5.79929352E-03
   5.80024719E-03
   6.39915466E-03
   6.79969788E-03
   6.99996948E-03
   7.59983063E-03
   7.60078430E-03
   8.20064545E-03
   8.49914551E-03
   8.80050659E-03
   8.90064240E-03
   9.20009613E-03
   9.70077515E-03
   1.01003647E-02
   1.01003647E-02
   1.08995438E-02
   1.10006332E-02
   1.10998154E-02
   1.10998154E-02
   1.13000870E-02
   1.16996765E-02
   1.17006302E-02
   1.17998123E-02
   1.21002197E-02
   1.24998093E-02
   1.30004883E-02
   1.37996674E-02
   1.44996643E-02
   1.49993896E-02
   1.52997971E-02
   1.65996552E-02
   1.69000626E-02
   1.71003342E-02
   1.76000595E-02
   1.88999176E-02
   1.92003250E-02
   1.95999146E-02
   2.08997726E-02
   2.09007263E-02
   2.19001770E-02
   2.47001648E-02
   3.64999771E-02
   4.54006195E-02
   4.79001999E-02
   5.02996445E-02
  0.118499756    
  0.339200020    
