#Npts     Radius    Mag      Completeness
#  135  633.6565  -15.010933 1.000000
# Ierr
  -1.67999268E-02
  -1.49002075E-02
  -1.48000717E-02
  -1.44004822E-02
  -1.20992661E-02
  -1.09996796E-02
  -1.06000900E-02
  -1.00002289E-02
  -9.79995728E-03
  -8.69941711E-03
  -8.09955597E-03
  -7.99942017E-03
  -7.90023804E-03
  -7.49969482E-03
  -7.20024109E-03
  -7.20024109E-03
  -6.60037994E-03
  -6.50024414E-03
  -6.29997253E-03
  -6.29997253E-03
  -6.29997253E-03
  -5.70011139E-03
  -5.70011139E-03
  -5.20038605E-03
  -4.19998169E-03
  -3.90052795E-03
  -3.90052795E-03
  -3.79943848E-03
  -3.79943848E-03
  -3.69930267E-03
  -3.39984894E-03
  -3.30066681E-03
  -3.00025940E-03
  -2.90012360E-03
  -2.60066986E-03
  -2.49958038E-03
  -2.40039825E-03
  -2.39944458E-03
  -2.39944458E-03
  -2.30026245E-03
  -2.29930878E-03
  -2.29930878E-03
  -2.20012665E-03
  -2.19917297E-03
  -2.09999084E-03
  -1.70040131E-03
  -1.70040131E-03
  -1.60026550E-03
  -1.49917603E-03
  -1.39999390E-03
  -1.29985809E-03
  -1.20067596E-03
  -1.10054016E-03
  -8.00132751E-04
  -6.00814819E-04
  -5.99861145E-04
  -3.99589539E-04
  -2.00271606E-04
   1.00135803E-04
   4.99725342E-04
   5.99861145E-04
   5.99861145E-04
   5.99861145E-04
   1.00040436E-03
   1.09958649E-03
   1.29985809E-03
   1.39999390E-03
   1.39999390E-03
   1.39999390E-03
   1.39999390E-03
   1.79958344E-03
   1.80053711E-03
   1.99985504E-03
   2.09999084E-03
   2.09999084E-03
   2.20012665E-03
   2.30026245E-03
   2.49958038E-03
   2.59971619E-03
   2.60066986E-03
   2.70080566E-03
   2.79998779E-03
   2.79998779E-03
   3.00025940E-03
   3.19957733E-03
   3.20053101E-03
   3.29971313E-03
   3.30066681E-03
   3.49998474E-03
   3.49998474E-03
   3.59916687E-03
   3.59916687E-03
   3.79943848E-03
   4.09984589E-03
   4.19998169E-03
   4.49943542E-03
   4.50038910E-03
   4.60052490E-03
   4.79984283E-03
   4.79984283E-03
   5.20038605E-03
   5.39970398E-03
   5.80024719E-03
   6.19983673E-03
   6.19983673E-03
   6.69956207E-03
   6.99996948E-03
   7.30037689E-03
   7.39955902E-03
   7.59983063E-03
   8.19969177E-03
   8.39996338E-03
   8.69941711E-03
   9.20009613E-03
   9.20009613E-03
   9.29927826E-03
   9.50050354E-03
   9.69982147E-03
   1.20000839E-02
   1.29003525E-02
   1.38006210E-02
   1.43003464E-02
   1.49993896E-02
   1.62000656E-02
   1.70993805E-02
   2.27003098E-02
   3.34997177E-02
   4.12998199E-02
   4.24003601E-02
   4.78000641E-02
   7.20996857E-02
   7.21006393E-02
   8.33005905E-02
  0.133600235    
  0.234900475    
