#Npts     Radius    Mag      Completeness
#  455 1036.8925  -11.332000 0.991285
# Ierr
 -0.160400391    
  -7.78999329E-02
  -7.21998215E-02
  -5.86996078E-02
  -5.55992126E-02
  -4.73995209E-02
  -4.53996658E-02
  -3.28998566E-02
  -2.77996063E-02
  -2.67000198E-02
  -2.28004456E-02
  -1.85995102E-02
  -1.72996521E-02
  -1.67007446E-02
  -1.66997910E-02
  -1.52997971E-02
  -1.52006149E-02
  -1.43003464E-02
  -1.41000748E-02
  -1.39999390E-02
  -1.21994019E-02
  -1.20000839E-02
  -1.18999481E-02
  -1.15003586E-02
  -1.13000870E-02
  -1.11999512E-02
  -1.11007690E-02
  -1.10006332E-02
  -1.09996796E-02
  -1.03998184E-02
  -1.02996826E-02
  -1.01003647E-02
  -1.01003647E-02
  -9.59968567E-03
  -9.59968567E-03
  -9.59968567E-03
  -9.50050354E-03
  -9.49954987E-03
  -9.20009613E-03
  -8.89968872E-03
  -8.89968872E-03
  -8.70037079E-03
  -8.60023499E-03
  -8.29982758E-03
  -8.29982758E-03
  -8.19969177E-03
  -8.19969177E-03
  -7.80010223E-03
  -7.80010223E-03
  -7.59983063E-03
  -7.50064850E-03
  -7.49969482E-03
  -7.49969482E-03
  -7.30037689E-03
  -7.10010529E-03
  -7.10010529E-03
  -6.79969788E-03
  -6.70051575E-03
  -6.69956207E-03
  -6.59942627E-03
  -6.59942627E-03
  -6.59942627E-03
  -6.40010834E-03
  -6.29997253E-03
  -6.29997253E-03
  -6.20079041E-03
  -6.19983673E-03
  -6.10065460E-03
  -6.09970093E-03
  -6.09970093E-03
  -6.00051880E-03
  -6.00051880E-03
  -5.99956512E-03
  -5.99956512E-03
  -5.90038300E-03
  -5.80024719E-03
  -5.80024719E-03
  -5.70011139E-03
  -5.70011139E-03
  -5.70011139E-03
  -5.70011139E-03
  -5.59997559E-03
  -5.59997559E-03
  -5.50079346E-03
  -5.49983978E-03
  -5.49983978E-03
  -5.40065765E-03
  -5.39970398E-03
  -5.30052185E-03
  -5.29956818E-03
  -5.29956818E-03
  -5.20038605E-03
  -5.09929657E-03
  -5.00011444E-03
  -5.00011444E-03
  -5.00011444E-03
  -5.00011444E-03
  -4.99916077E-03
  -4.99916077E-03
  -4.89997864E-03
  -4.89997864E-03
  -4.89997864E-03
  -4.79984283E-03
  -4.79984283E-03
  -4.70066071E-03
  -4.70066071E-03
  -4.70066071E-03
  -4.69970703E-03
  -4.59957123E-03
  -4.50038910E-03
  -4.50038910E-03
  -4.50038910E-03
  -4.40025330E-03
  -4.40025330E-03
  -4.30011749E-03
  -4.30011749E-03
  -4.19998169E-03
  -4.19998169E-03
  -4.09984589E-03
  -4.00066376E-03
  -4.00066376E-03
  -4.00066376E-03
  -3.99971008E-03
  -3.99971008E-03
  -3.99971008E-03
  -3.99971008E-03
  -3.90052795E-03
  -3.90052795E-03
  -3.80039215E-03
  -3.79943848E-03
  -3.79943848E-03
  -3.79943848E-03
  -3.70025635E-03
  -3.70025635E-03
  -3.70025635E-03
  -3.70025635E-03
  -3.70025635E-03
  -3.69930267E-03
  -3.69930267E-03
  -3.60012054E-03
  -3.60012054E-03
  -3.60012054E-03
  -3.60012054E-03
  -3.49998474E-03
  -3.49998474E-03
  -3.49998474E-03
  -3.40080261E-03
  -3.39984894E-03
  -3.39984894E-03
  -3.39984894E-03
  -3.30066681E-03
  -3.29971313E-03
  -3.29971313E-03
  -3.20053101E-03
  -3.19957733E-03
  -3.19957733E-03
  -3.10039520E-03
  -3.00025940E-03
  -2.99930573E-03
  -2.90012360E-03
  -2.79998779E-03
  -2.69985199E-03
  -2.69985199E-03
  -2.69985199E-03
  -2.60066986E-03
  -2.60066986E-03
  -2.59971619E-03
  -2.59971619E-03
  -2.59971619E-03
  -2.50053406E-03
  -2.50053406E-03
  -2.49958038E-03
  -2.49958038E-03
  -2.49958038E-03
  -2.40039825E-03
  -2.40039825E-03
  -2.20012665E-03
  -2.20012665E-03
  -2.20012665E-03
  -2.20012665E-03
  -2.09999084E-03
  -2.09999084E-03
  -2.09999084E-03
  -2.09999084E-03
  -1.89971924E-03
  -1.80053711E-03
  -1.70040131E-03
  -1.69944763E-03
  -1.60026550E-03
  -1.60026550E-03
  -1.60026550E-03
  -1.59931183E-03
  -1.50012970E-03
  -1.50012970E-03
  -1.50012970E-03
  -1.39999390E-03
  -1.39999390E-03
  -1.20067596E-03
  -1.19972229E-03
  -1.19972229E-03
  -1.19972229E-03
  -1.19972229E-03
  -1.19972229E-03
  -1.10054016E-03
  -1.09958649E-03
  -1.09958649E-03
  -1.00040436E-03
  -9.99450684E-04
  -9.00268555E-04
  -9.00268555E-04
  -9.00268555E-04
  -9.00268555E-04
  -9.00268555E-04
  -9.00268555E-04
  -9.00268555E-04
  -8.99314880E-04
  -8.00132751E-04
  -8.00132751E-04
  -6.99996948E-04
  -5.99861145E-04
  -5.99861145E-04
  -5.99861145E-04
  -5.00679016E-04
  -4.99725342E-04
  -4.99725342E-04
  -3.99589539E-04
  -3.99589539E-04
  -3.99589539E-04
  -3.00407410E-04
  -2.99453735E-04
  -1.99317932E-04
  -1.00135803E-04
  -1.00135803E-04
  -1.00135803E-04
  -9.91821289E-05
  -9.91821289E-05
   0.00000000    
   0.00000000    
   9.91821289E-05
   1.00135803E-04
   1.00135803E-04
   1.00135803E-04
   1.00135803E-04
   1.00135803E-04
   2.00271606E-04
   2.00271606E-04
   2.00271606E-04
   2.99453735E-04
   3.00407410E-04
   3.00407410E-04
   3.99589539E-04
   3.99589539E-04
   4.99725342E-04
   4.99725342E-04
   5.00679016E-04
   5.99861145E-04
   6.99996948E-04
   6.99996948E-04
   7.99179077E-04
   8.00132751E-04
   8.00132751E-04
   8.00132751E-04
   8.99314880E-04
   8.99314880E-04
   9.00268555E-04
   9.99450684E-04
   1.00040436E-03
   1.00040436E-03
   1.09958649E-03
   1.09958649E-03
   1.19972229E-03
   1.19972229E-03
   1.19972229E-03
   1.19972229E-03
   1.20067596E-03
   1.29985809E-03
   1.29985809E-03
   1.39999390E-03
   1.39999390E-03
   1.39999390E-03
   1.39999390E-03
   1.49917603E-03
   1.50012970E-03
   1.50012970E-03
   1.50012970E-03
   1.50012970E-03
   1.59931183E-03
   1.60026550E-03
   1.69944763E-03
   1.70040131E-03
   1.70040131E-03
   1.70040131E-03
   1.70040131E-03
   1.79958344E-03
   1.80053711E-03
   1.89971924E-03
   1.89971924E-03
   1.99985504E-03
   2.09999084E-03
   2.09999084E-03
   2.20012665E-03
   2.30026245E-03
   2.39944458E-03
   2.39944458E-03
   2.49958038E-03
   2.49958038E-03
   2.59971619E-03
   2.59971619E-03
   2.59971619E-03
   2.59971619E-03
   2.69985199E-03
   2.69985199E-03
   2.79998779E-03
   2.79998779E-03
   2.90012360E-03
   2.90012360E-03
   2.90012360E-03
   2.90012360E-03
   3.00025940E-03
   3.00025940E-03
   3.00025940E-03
   3.00025940E-03
   3.00025940E-03
   3.20053101E-03
   3.20053101E-03
   3.29971313E-03
   3.30066681E-03
   3.30066681E-03
   3.39984894E-03
   3.40080261E-03
   3.40080261E-03
   3.49998474E-03
   3.59916687E-03
   3.60012054E-03
   3.60012054E-03
   3.60012054E-03
   3.60012054E-03
   3.60012054E-03
   3.60012054E-03
   3.70025635E-03
   3.70025635E-03
   3.80039215E-03
   3.80039215E-03
   3.90052795E-03
   4.00066376E-03
   4.00066376E-03
   4.09984589E-03
   4.09984589E-03
   4.09984589E-03
   4.19998169E-03
   4.19998169E-03
   4.19998169E-03
   4.50038910E-03
   4.59957123E-03
   4.70066071E-03
   4.89997864E-03
   5.09929657E-03
   5.20038605E-03
   5.20038605E-03
   5.29956818E-03
   5.29956818E-03
   5.39970398E-03
   5.39970398E-03
   5.59997559E-03
   5.59997559E-03
   5.59997559E-03
   5.70011139E-03
   5.89942932E-03
   6.00051880E-03
   6.19983673E-03
   6.40010834E-03
   6.59942627E-03
   6.69956207E-03
   6.80065155E-03
   6.90078735E-03
   6.99996948E-03
   7.10010529E-03
   7.20024109E-03
   7.39955902E-03
   7.39955902E-03
   7.40051270E-03
   7.49969482E-03
   7.59983063E-03
   7.59983063E-03
   7.79914856E-03
   7.99942017E-03
   8.00037384E-03
   8.09955597E-03
   8.19969177E-03
   8.29982758E-03
   8.60023499E-03
   8.69941711E-03
   8.90064240E-03
   8.99982452E-03
   9.00077820E-03
   9.19914246E-03
   9.29927826E-03
   1.00002289E-02
   1.01003647E-02
   1.02005005E-02
   1.03998184E-02
   1.04999542E-02
   1.07002258E-02
   1.10006332E-02
   1.14002228E-02
   1.18999481E-02
   1.22003555E-02
   1.30996704E-02
   1.35002136E-02
   1.42002106E-02
   1.50003433E-02
   1.50995255E-02
   1.52006149E-02
   1.52997971E-02
   1.52997971E-02
   1.58996582E-02
   1.60999298E-02
   1.77001953E-02
   1.87997818E-02
   2.00996399E-02
   2.07996368E-02
   2.12001801E-02
   2.15997696E-02
   2.37998962E-02
   2.58998871E-02
   2.64997482E-02
   2.71997452E-02
   2.72998810E-02
   2.90002823E-02
   2.95000076E-02
   3.14006805E-02
   3.25002670E-02
   3.32002640E-02
   3.33995819E-02
   3.59992981E-02
   3.64007950E-02
   3.64999771E-02
   3.73001099E-02
   4.09002304E-02
   4.38995361E-02
   4.45995331E-02
   4.51002121E-02
   5.10997772E-02
   5.15003204E-02
   5.49001694E-02
   6.42004013E-02
   8.90007019E-02
  0.103899956    
  0.119999886    
  0.121600151    
  0.140899658    
  0.201100349    
  0.210499763    
  0.239300728    
  0.441499710    
