#Npts     Radius    Mag      Completeness
#  413  835.2745  -12.226334 0.992788
# Ierr
 -0.447999954    
 -0.193600655    
 -0.157400131    
 -0.139300346    
  -8.60004425E-02
  -4.88996506E-02
  -4.69999313E-02
  -3.96003723E-02
  -3.41997147E-02
  -3.17001343E-02
  -2.47993469E-02
  -2.33001709E-02
  -1.42002106E-02
  -1.27000809E-02
  -1.08995438E-02
  -9.90009308E-03
  -9.59968567E-03
  -9.49954987E-03
  -8.39996338E-03
  -8.10050964E-03
  -8.00037384E-03
  -7.89928436E-03
  -6.99996948E-03
  -6.90078735E-03
  -6.70051575E-03
  -6.50024414E-03
  -6.29997253E-03
  -6.19983673E-03
  -6.10065460E-03
  -6.09970093E-03
  -6.00051880E-03
  -5.90038300E-03
  -5.70011139E-03
  -5.59997559E-03
  -5.49983978E-03
  -5.30052185E-03
  -4.89997864E-03
  -4.69970703E-03
  -4.69970703E-03
  -4.69970703E-03
  -4.69970703E-03
  -4.59957123E-03
  -4.40025330E-03
  -4.30011749E-03
  -4.30011749E-03
  -4.29916382E-03
  -4.09984589E-03
  -4.09984589E-03
  -3.90052795E-03
  -3.89957428E-03
  -3.80039215E-03
  -3.80039215E-03
  -3.79943848E-03
  -3.79943848E-03
  -3.79943848E-03
  -3.69930267E-03
  -3.49998474E-03
  -3.49998474E-03
  -3.39984894E-03
  -3.30066681E-03
  -3.29971313E-03
  -3.29971313E-03
  -3.29971313E-03
  -3.29971313E-03
  -3.20053101E-03
  -3.20053101E-03
  -3.19957733E-03
  -3.19957733E-03
  -3.19957733E-03
  -3.19957733E-03
  -3.09944153E-03
  -3.00025940E-03
  -3.00025940E-03
  -3.00025940E-03
  -2.90012360E-03
  -2.90012360E-03
  -2.79998779E-03
  -2.79998779E-03
  -2.79998779E-03
  -2.79998779E-03
  -2.79998779E-03
  -2.79998779E-03
  -2.70080566E-03
  -2.69985199E-03
  -2.69985199E-03
  -2.69985199E-03
  -2.69985199E-03
  -2.60066986E-03
  -2.60066986E-03
  -2.59971619E-03
  -2.49958038E-03
  -2.40039825E-03
  -2.39944458E-03
  -2.39944458E-03
  -2.30026245E-03
  -2.30026245E-03
  -2.20012665E-03
  -2.20012665E-03
  -2.09999084E-03
  -2.09999084E-03
  -2.09999084E-03
  -2.09999084E-03
  -2.00080872E-03
  -2.00080872E-03
  -1.99985504E-03
  -1.99985504E-03
  -1.89971924E-03
  -1.89971924E-03
  -1.89971924E-03
  -1.89971924E-03
  -1.80053711E-03
  -1.79958344E-03
  -1.70040131E-03
  -1.69944763E-03
  -1.69944763E-03
  -1.69944763E-03
  -1.69944763E-03
  -1.60026550E-03
  -1.60026550E-03
  -1.60026550E-03
  -1.60026550E-03
  -1.59931183E-03
  -1.50012970E-03
  -1.50012970E-03
  -1.50012970E-03
  -1.50012970E-03
  -1.50012970E-03
  -1.49917603E-03
  -1.49917603E-03
  -1.49917603E-03
  -1.39999390E-03
  -1.29985809E-03
  -1.20067596E-03
  -1.19972229E-03
  -1.19972229E-03
  -1.19972229E-03
  -1.19972229E-03
  -1.19972229E-03
  -1.10054016E-03
  -1.10054016E-03
  -1.09958649E-03
  -1.09958649E-03
  -1.00040436E-03
  -9.99450684E-04
  -9.99450684E-04
  -9.99450684E-04
  -9.99450684E-04
  -9.00268555E-04
  -9.00268555E-04
  -8.00132751E-04
  -8.00132751E-04
  -6.99996948E-04
  -6.99996948E-04
  -6.99996948E-04
  -6.99996948E-04
  -6.00814819E-04
  -6.00814819E-04
  -5.99861145E-04
  -5.00679016E-04
  -5.00679016E-04
  -4.99725342E-04
  -4.99725342E-04
  -4.99725342E-04
  -4.00543213E-04
  -4.00543213E-04
  -4.00543213E-04
  -3.00407410E-04
  -3.00407410E-04
  -3.00407410E-04
  -3.00407410E-04
  -2.99453735E-04
  -2.00271606E-04
  -2.00271606E-04
  -1.99317932E-04
  -1.00135803E-04
   0.00000000    
   0.00000000    
   0.00000000    
   1.00135803E-04
   1.00135803E-04
   1.00135803E-04
   1.00135803E-04
   1.00135803E-04
   1.00135803E-04
   1.00135803E-04
   1.00135803E-04
   2.00271606E-04
   2.99453735E-04
   3.00407410E-04
   3.00407410E-04
   3.99589539E-04
   3.99589539E-04
   3.99589539E-04
   3.99589539E-04
   4.00543213E-04
   4.00543213E-04
   4.00543213E-04
   5.00679016E-04
   5.00679016E-04
   5.99861145E-04
   5.99861145E-04
   5.99861145E-04
   5.99861145E-04
   6.00814819E-04
   6.00814819E-04
   6.99996948E-04
   6.99996948E-04
   6.99996948E-04
   8.99314880E-04
   9.00268555E-04
   9.00268555E-04
   9.00268555E-04
   9.99450684E-04
   9.99450684E-04
   1.00040436E-03
   1.00040436E-03
   1.00040436E-03
   1.00040436E-03
   1.00040436E-03
   1.09958649E-03
   1.09958649E-03
   1.10054016E-03
   1.10054016E-03
   1.10054016E-03
   1.19972229E-03
   1.19972229E-03
   1.19972229E-03
   1.20067596E-03
   1.20067596E-03
   1.29985809E-03
   1.29985809E-03
   1.39999390E-03
   1.39999390E-03
   1.50012970E-03
   1.59931183E-03
   1.59931183E-03
   1.60026550E-03
   1.60026550E-03
   1.60026550E-03
   1.70040131E-03
   1.70040131E-03
   1.79958344E-03
   1.79958344E-03
   1.79958344E-03
   1.79958344E-03
   1.80053711E-03
   1.89971924E-03
   1.89971924E-03
   1.89971924E-03
   1.89971924E-03
   1.90067291E-03
   1.90067291E-03
   1.99985504E-03
   1.99985504E-03
   2.00080872E-03
   2.09999084E-03
   2.09999084E-03
   2.09999084E-03
   2.09999084E-03
   2.09999084E-03
   2.09999084E-03
   2.20012665E-03
   2.20012665E-03
   2.20012665E-03
   2.20012665E-03
   2.30026245E-03
   2.30026245E-03
   2.30026245E-03
   2.40039825E-03
   2.49958038E-03
   2.49958038E-03
   2.50053406E-03
   2.59971619E-03
   2.59971619E-03
   2.69985199E-03
   2.69985199E-03
   2.79998779E-03
   2.79998779E-03
   2.79998779E-03
   2.79998779E-03
   2.79998779E-03
   2.90012360E-03
   2.90012360E-03
   2.99930573E-03
   3.00025940E-03
   3.00025940E-03
   3.10039520E-03
   3.10039520E-03
   3.10039520E-03
   3.10039520E-03
   3.10039520E-03
   3.19957733E-03
   3.39984894E-03
   3.39984894E-03
   3.49998474E-03
   3.59916687E-03
   3.60012054E-03
   3.70025635E-03
   3.70025635E-03
   3.70025635E-03
   3.80039215E-03
   3.80039215E-03
   3.89957428E-03
   3.90052795E-03
   3.90052795E-03
   3.99971008E-03
   3.99971008E-03
   3.99971008E-03
   4.09984589E-03
   4.19998169E-03
   4.30011749E-03
   4.40025330E-03
   4.40025330E-03
   4.50038910E-03
   4.59957123E-03
   4.60052490E-03
   4.69970703E-03
   4.70066071E-03
   4.80079651E-03
   5.20038605E-03
   5.20038605E-03
   5.20038605E-03
   5.39970398E-03
   5.50079346E-03
   5.89942932E-03
   6.09970093E-03
   6.10065460E-03
   6.10065460E-03
   6.19983673E-03
   6.19983673E-03
   6.40010834E-03
   6.69956207E-03
   6.79969788E-03
   6.80065155E-03
   6.80065155E-03
   6.80065155E-03
   6.89983368E-03
   6.89983368E-03
   7.10010529E-03
   7.10010529E-03
   7.20024109E-03
   7.29942322E-03
   7.40051270E-03
   7.59983063E-03
   7.80010223E-03
   8.10050964E-03
   8.19969177E-03
   8.39996338E-03
   8.50009918E-03
   8.50009918E-03
   8.80050659E-03
   8.90064240E-03
   8.99982452E-03
   9.59968567E-03
   9.69982147E-03
   9.70077515E-03
   1.00002289E-02
   1.00002289E-02
   1.08003616E-02
   1.08003616E-02
   1.13000870E-02
   1.13000870E-02
   1.14002228E-02
   1.17998123E-02
   1.21002197E-02
   1.21002197E-02
   1.22995377E-02
   1.25999451E-02
   1.25999451E-02
   1.29995346E-02
   1.30004883E-02
   1.36995316E-02
   1.37004852E-02
   1.39999390E-02
   1.42993927E-02
   1.49002075E-02
   1.56002045E-02
   1.58996582E-02
   1.63002014E-02
   1.64003372E-02
   1.67999268E-02
   1.70001984E-02
   1.85995102E-02
   2.04000473E-02
   2.18000412E-02
   2.24990845E-02
   2.43997574E-02
   2.61001587E-02
   2.63996124E-02
   2.75001526E-02
   3.02000046E-02
   3.09000015E-02
   3.33003998E-02
   3.52001190E-02
   3.76996994E-02
   4.02002335E-02
   4.10995483E-02
   4.19998169E-02
   4.52995300E-02
   4.66995239E-02
   4.95996475E-02
   5.00001907E-02
   5.35993576E-02
   7.95001984E-02
   8.09001923E-02
   8.25004578E-02
   8.71000290E-02
  0.110400200    
  0.155599594    
  0.228799820    
  0.324500084    
  0.532400131    
  0.560899734    
