#Npts     Radius    Mag      Completeness
#  192  835.2745  -15.010933 0.979592
# Ierr
  -1.24006271E-02
  -1.22003555E-02
  -9.90009308E-03
  -9.79995728E-03
  -9.40036774E-03
  -9.30023193E-03
  -9.09996033E-03
  -8.70037079E-03
  -8.29982758E-03
  -8.10050964E-03
  -8.10050964E-03
  -8.00037384E-03
  -7.90023804E-03
  -7.59983063E-03
  -7.40051270E-03
  -7.30037689E-03
  -7.19928741E-03
  -6.99996948E-03
  -6.79969788E-03
  -6.49929047E-03
  -6.40010834E-03
  -6.40010834E-03
  -6.09970093E-03
  -6.00051880E-03
  -5.80024719E-03
  -5.79929352E-03
  -5.70011139E-03
  -5.59997559E-03
  -5.19943237E-03
  -4.89997864E-03
  -4.70066071E-03
  -4.50038910E-03
  -4.40025330E-03
  -4.40025330E-03
  -4.10079956E-03
  -3.79943848E-03
  -3.60012054E-03
  -3.60012054E-03
  -3.60012054E-03
  -3.49998474E-03
  -3.49998474E-03
  -3.39984894E-03
  -3.30066681E-03
  -3.09944153E-03
  -3.09944153E-03
  -2.90012360E-03
  -2.89916992E-03
  -2.69985199E-03
  -2.69985199E-03
  -2.60066986E-03
  -2.40039825E-03
  -2.39944458E-03
  -2.09999084E-03
  -2.09999084E-03
  -2.00080872E-03
  -1.99985504E-03
  -1.99985504E-03
  -1.89971924E-03
  -1.79958344E-03
  -1.79958344E-03
  -1.59931183E-03
  -1.50012970E-03
  -1.39999390E-03
  -1.19972229E-03
  -1.19972229E-03
  -1.19972229E-03
  -9.00268555E-04
  -9.00268555E-04
  -8.00132751E-04
  -8.00132751E-04
  -5.00679016E-04
  -4.99725342E-04
  -4.00543213E-04
  -2.00271606E-04
  -2.00271606E-04
   0.00000000    
   0.00000000    
   1.00135803E-04
   1.99317932E-04
   1.99317932E-04
   1.99317932E-04
   2.00271606E-04
   2.00271606E-04
   3.00407410E-04
   3.00407410E-04
   3.00407410E-04
   3.99589539E-04
   4.00543213E-04
   5.00679016E-04
   5.99861145E-04
   5.99861145E-04
   6.00814819E-04
   8.99314880E-04
   9.00268555E-04
   9.99450684E-04
   1.00040436E-03
   1.09958649E-03
   1.19972229E-03
   1.19972229E-03
   1.19972229E-03
   1.19972229E-03
   1.29985809E-03
   1.29985809E-03
   1.30081177E-03
   1.49917603E-03
   1.50012970E-03
   1.50012970E-03
   1.50012970E-03
   1.59931183E-03
   1.59931183E-03
   1.60026550E-03
   1.60026550E-03
   1.70040131E-03
   1.90067291E-03
   1.90067291E-03
   1.99985504E-03
   1.99985504E-03
   2.09999084E-03
   2.09999084E-03
   2.50053406E-03
   2.50053406E-03
   2.59971619E-03
   2.79998779E-03
   3.00025940E-03
   3.29971313E-03
   3.29971313E-03
   3.39984894E-03
   3.49998474E-03
   3.49998474E-03
   3.60012054E-03
   3.70025635E-03
   3.80039215E-03
   3.80039215E-03
   3.90052795E-03
   4.09984589E-03
   4.30011749E-03
   4.89997864E-03
   5.00011444E-03
   5.19943237E-03
   5.29956818E-03
   5.39970398E-03
   5.49983978E-03
   5.70011139E-03
   5.80024719E-03
   5.90038300E-03
   6.19983673E-03
   6.39915466E-03
   6.60037994E-03
   6.79969788E-03
   7.20024109E-03
   7.30037689E-03
   7.39955902E-03
   8.00037384E-03
   8.09955597E-03
   8.29982758E-03
   8.30078125E-03
   8.50009918E-03
   8.79955292E-03
   8.89968872E-03
   8.90064240E-03
   9.09996033E-03
   9.50050354E-03
   9.50050354E-03
   9.90009308E-03
   1.00002289E-02
   1.00002289E-02
   1.01003647E-02
   1.04999542E-02
   1.06000900E-02
   1.10998154E-02
   1.14994049E-02
   1.16996765E-02
   1.35002136E-02
   1.53999329E-02
   1.63002014E-02
   1.63002014E-02
   1.70001984E-02
   1.76000595E-02
   1.88999176E-02
   1.93004608E-02
   2.16999054E-02
   2.49004364E-02
   3.46002579E-02
   3.58991623E-02
   3.97996902E-02
   5.06000519E-02
   6.02998734E-02
   9.38997269E-02
  0.114199638    
  0.114900589    
  0.117400169    
  0.400300026    
