#Npts     Radius    Mag      Completeness
#  182 1641.7462  -14.015000 1.000000
# Ierr
  -2.62994766E-02
  -2.58998871E-02
  -2.42004395E-02
  -1.94997787E-02
  -1.79996490E-02
  -1.56993866E-02
  -1.41000748E-02
  -1.40008926E-02
  -1.38998032E-02
  -1.37004852E-02
  -1.37004852E-02
  -1.37004852E-02
  -1.27992630E-02
  -1.25999451E-02
  -1.24998093E-02
  -1.24006271E-02
  -1.21002197E-02
  -1.20000839E-02
  -1.20000839E-02
  -1.16996765E-02
  -1.14994049E-02
  -1.10998154E-02
  -1.08003616E-02
  -9.39941406E-03
  -9.00077820E-03
  -8.99982452E-03
  -7.99942017E-03
  -7.60078430E-03
  -7.09915161E-03
  -6.99996948E-03
  -6.60037994E-03
  -6.50024414E-03
  -5.59997559E-03
  -5.00011444E-03
  -4.89997864E-03
  -4.89997864E-03
  -4.89997864E-03
  -4.69970703E-03
  -4.59957123E-03
  -4.59957123E-03
  -3.90052795E-03
  -3.60012054E-03
  -3.49998474E-03
  -3.49998474E-03
  -3.10039520E-03
  -3.10039520E-03
  -2.79998779E-03
  -2.79998779E-03
  -2.69985199E-03
  -2.50053406E-03
  -2.49958038E-03
  -2.29930878E-03
  -1.99985504E-03
  -1.90067291E-03
  -1.89971924E-03
  -1.89971924E-03
  -1.89971924E-03
  -1.80053711E-03
  -1.79958344E-03
  -1.69944763E-03
  -1.69944763E-03
  -1.39999390E-03
  -1.20067596E-03
  -1.19972229E-03
  -1.19972229E-03
  -1.19972229E-03
  -1.10054016E-03
  -1.09958649E-03
  -9.99450684E-04
  -8.00132751E-04
  -8.00132751E-04
  -6.99996948E-04
  -4.99725342E-04
  -4.99725342E-04
  -4.99725342E-04
  -4.99725342E-04
  -4.00543213E-04
  -3.99589539E-04
  -3.00407410E-04
  -3.00407410E-04
  -2.99453735E-04
  -2.00271606E-04
  -2.00271606E-04
  -2.00271606E-04
  -2.00271606E-04
  -1.99317932E-04
  -1.00135803E-04
   0.00000000    
   9.91821289E-05
   1.00135803E-04
   1.00135803E-04
   1.00135803E-04
   2.00271606E-04
   3.00407410E-04
   3.99589539E-04
   3.99589539E-04
   3.99589539E-04
   4.00543213E-04
   4.00543213E-04
   4.99725342E-04
   4.99725342E-04
   4.99725342E-04
   5.99861145E-04
   5.99861145E-04
   6.99996948E-04
   7.99179077E-04
   9.00268555E-04
   1.19972229E-03
   1.19972229E-03
   1.29985809E-03
   1.39999390E-03
   1.50012970E-03
   1.59931183E-03
   1.60026550E-03
   1.69944763E-03
   1.70040131E-03
   1.80053711E-03
   1.90067291E-03
   1.99985504E-03
   2.09999084E-03
   2.09999084E-03
   2.29930878E-03
   2.30026245E-03
   2.40039825E-03
   2.49958038E-03
   2.49958038E-03
   2.69985199E-03
   2.69985199E-03
   2.69985199E-03
   2.70080566E-03
   2.79998779E-03
   2.79998779E-03
   2.79998779E-03
   2.79998779E-03
   2.90012360E-03
   2.90012360E-03
   2.99930573E-03
   3.10039520E-03
   3.19957733E-03
   3.19957733E-03
   3.39984894E-03
   3.70025635E-03
   3.79943848E-03
   3.99971008E-03
   4.00066376E-03
   4.09984589E-03
   4.19998169E-03
   4.59957123E-03
   4.69970703E-03
   4.70066071E-03
   5.10025024E-03
   5.10025024E-03
   5.50079346E-03
   5.89942932E-03
   5.90038300E-03
   6.40010834E-03
   6.59942627E-03
   6.80065155E-03
   7.30037689E-03
   7.59983063E-03
   7.80010223E-03
   7.99942017E-03
   8.00037384E-03
   8.89968872E-03
   8.89968872E-03
   9.30023193E-03
   9.50050354E-03
   1.02996826E-02
   1.18999481E-02
   1.22003555E-02
   1.26991272E-02
   1.36003494E-02
   1.52997971E-02
   1.57003403E-02
   1.67999268E-02
   1.69000626E-02
   1.86996460E-02
   1.93996429E-02
   2.30998993E-02
   7.03001022E-02
   8.82997513E-02
  0.108300209    
