#Npts     Radius    Mag      Completeness
#  286  633.6565  -13.567834 0.989619
# Ierr
  -2.01997757E-02
  -1.62000656E-02
  -1.21994019E-02
  -9.59968567E-03
  -6.89983368E-03
  -6.79969788E-03
  -5.70011139E-03
  -5.40065765E-03
  -4.79984283E-03
  -4.40025330E-03
  -4.19998169E-03
  -4.19998169E-03
  -3.39984894E-03
  -3.19957733E-03
  -3.19957733E-03
  -3.09944153E-03
  -3.00025940E-03
  -2.79998779E-03
  -2.59971619E-03
  -2.50053406E-03
  -2.50053406E-03
  -2.39944458E-03
  -2.39944458E-03
  -2.30026245E-03
  -2.29930878E-03
  -2.09999084E-03
  -2.00080872E-03
  -1.99985504E-03
  -1.99985504E-03
  -1.89971924E-03
  -1.79958344E-03
  -1.70040131E-03
  -1.70040131E-03
  -1.70040131E-03
  -1.69944763E-03
  -1.69944763E-03
  -1.60026550E-03
  -1.50012970E-03
  -1.50012970E-03
  -1.50012970E-03
  -1.39999390E-03
  -1.39999390E-03
  -1.39999390E-03
  -1.30081177E-03
  -1.29985809E-03
  -1.29985809E-03
  -1.20067596E-03
  -1.19972229E-03
  -1.10054016E-03
  -1.10054016E-03
  -1.09958649E-03
  -1.00040436E-03
  -9.99450684E-04
  -9.00268555E-04
  -9.00268555E-04
  -9.00268555E-04
  -8.99314880E-04
  -8.99314880E-04
  -8.00132751E-04
  -8.00132751E-04
  -8.00132751E-04
  -8.00132751E-04
  -8.00132751E-04
  -8.00132751E-04
  -8.00132751E-04
  -6.99996948E-04
  -6.99996948E-04
  -6.99996948E-04
  -6.99996948E-04
  -6.99996948E-04
  -6.99996948E-04
  -6.00814819E-04
  -5.99861145E-04
  -5.99861145E-04
  -5.99861145E-04
  -5.99861145E-04
  -5.99861145E-04
  -5.99861145E-04
  -4.99725342E-04
  -4.99725342E-04
  -4.99725342E-04
  -4.99725342E-04
  -4.00543213E-04
  -4.00543213E-04
  -4.00543213E-04
  -3.99589539E-04
  -3.99589539E-04
  -3.99589539E-04
  -3.00407410E-04
  -3.00407410E-04
  -3.00407410E-04
  -2.99453735E-04
  -2.00271606E-04
  -2.00271606E-04
  -2.00271606E-04
  -1.99317932E-04
  -1.00135803E-04
  -1.00135803E-04
  -1.00135803E-04
  -1.00135803E-04
  -9.91821289E-05
   0.00000000    
   0.00000000    
   0.00000000    
   0.00000000    
   0.00000000    
   1.00135803E-04
   1.00135803E-04
   1.00135803E-04
   1.00135803E-04
   1.99317932E-04
   2.00271606E-04
   2.00271606E-04
   2.99453735E-04
   3.00407410E-04
   3.00407410E-04
   3.00407410E-04
   3.00407410E-04
   3.00407410E-04
   4.00543213E-04
   4.00543213E-04
   4.00543213E-04
   4.99725342E-04
   4.99725342E-04
   4.99725342E-04
   4.99725342E-04
   4.99725342E-04
   4.99725342E-04
   5.00679016E-04
   5.00679016E-04
   5.99861145E-04
   5.99861145E-04
   5.99861145E-04
   5.99861145E-04
   5.99861145E-04
   5.99861145E-04
   5.99861145E-04
   6.00814819E-04
   6.99996948E-04
   7.99179077E-04
   8.99314880E-04
   9.00268555E-04
   9.00268555E-04
   9.00268555E-04
   9.00268555E-04
   9.00268555E-04
   9.99450684E-04
   9.99450684E-04
   9.99450684E-04
   1.00040436E-03
   1.00040436E-03
   1.00040436E-03
   1.00040436E-03
   1.00040436E-03
   1.09958649E-03
   1.09958649E-03
   1.10054016E-03
   1.10054016E-03
   1.19972229E-03
   1.20067596E-03
   1.29985809E-03
   1.30081177E-03
   1.30081177E-03
   1.39999390E-03
   1.39999390E-03
   1.39999390E-03
   1.50012970E-03
   1.50012970E-03
   1.60026550E-03
   1.60026550E-03
   1.60026550E-03
   1.69944763E-03
   1.69944763E-03
   1.70040131E-03
   1.79958344E-03
   1.79958344E-03
   1.90067291E-03
   1.99985504E-03
   1.99985504E-03
   2.09999084E-03
   2.09999084E-03
   2.20012665E-03
   2.20012665E-03
   2.20012665E-03
   2.29930878E-03
   2.30026245E-03
   2.30026245E-03
   2.40039825E-03
   2.40039825E-03
   2.40039825E-03
   2.49958038E-03
   2.49958038E-03
   2.50053406E-03
   2.50053406E-03
   2.59971619E-03
   2.59971619E-03
   2.69985199E-03
   2.70080566E-03
   2.90012360E-03
   2.90012360E-03
   2.90012360E-03
   3.00025940E-03
   3.09944153E-03
   3.10039520E-03
   3.10039520E-03
   3.10039520E-03
   3.10039520E-03
   3.19957733E-03
   3.30066681E-03
   3.49998474E-03
   3.60012054E-03
   3.70025635E-03
   3.70025635E-03
   3.89957428E-03
   3.99971008E-03
   4.09984589E-03
   4.19998169E-03
   4.30011749E-03
   4.30011749E-03
   4.30011749E-03
   4.30011749E-03
   4.40025330E-03
   4.40025330E-03
   4.70066071E-03
   4.89997864E-03
   5.19943237E-03
   5.40065765E-03
   5.89942932E-03
   5.90038300E-03
   5.99956512E-03
   6.09970093E-03
   6.09970093E-03
   6.40010834E-03
   6.50024414E-03
   6.79969788E-03
   7.10010529E-03
   7.80010223E-03
   7.90023804E-03
   8.09955597E-03
   8.09955597E-03
   8.39996338E-03
   8.70037079E-03
   8.70037079E-03
   8.80050659E-03
   9.09996033E-03
   9.20009613E-03
   9.30023193E-03
   9.30023193E-03
   9.40036774E-03
   9.69982147E-03
   9.79995728E-03
   1.10006332E-02
   1.17006302E-02
   1.17006302E-02
   1.19991302E-02
   1.24998093E-02
   1.24998093E-02
   1.30996704E-02
   1.35002136E-02
   1.55000687E-02
   1.69000626E-02
   1.84001923E-02
   2.09007263E-02
   2.15005875E-02
   2.27003098E-02
   2.28004456E-02
   2.64997482E-02
   2.64997482E-02
   2.64997482E-02
   2.68001556E-02
   3.32994461E-02
   3.50999832E-02
   3.71999741E-02
   4.76999283E-02
   4.80003357E-02
   4.82997894E-02
   5.00001907E-02
   5.11999130E-02
   6.30006790E-02
   6.31008148E-02
   7.50999451E-02
  0.115900040    
  0.127600670    
  0.162899971    
  0.198800087    
  0.590100288    
