#Npts     Radius    Mag      Completeness
#  303  633.6565  -11.779166 0.980583
# Ierr
 -0.228099823    
 -0.191699982    
  -6.72998428E-02
  -5.88998795E-02
  -5.79004288E-02
  -5.50994873E-02
  -3.38001251E-02
  -3.12995911E-02
  -2.78997421E-02
  -2.42996216E-02
  -1.77001953E-02
  -1.51996613E-02
  -1.49002075E-02
  -1.46999359E-02
  -1.43995285E-02
  -1.43003464E-02
  -1.35993958E-02
  -1.29995346E-02
  -1.29003525E-02
  -1.12991333E-02
  -1.10006332E-02
  -1.08995438E-02
  -1.07994080E-02
  -1.06000900E-02
  -1.03998184E-02
  -1.03006363E-02
  -1.02996826E-02
  -1.02996826E-02
  -9.79995728E-03
  -9.79995728E-03
  -9.70077515E-03
  -9.20009613E-03
  -9.09996033E-03
  -8.89968872E-03
  -8.50009918E-03
  -8.30078125E-03
  -8.29982758E-03
  -8.29982758E-03
  -8.29982758E-03
  -8.19969177E-03
  -8.10050964E-03
  -7.90023804E-03
  -7.69996643E-03
  -7.69996643E-03
  -7.59983063E-03
  -6.99996948E-03
  -6.89983368E-03
  -6.79969788E-03
  -6.60037994E-03
  -6.49929047E-03
  -6.40010834E-03
  -6.09970093E-03
  -6.00051880E-03
  -5.79929352E-03
  -5.70011139E-03
  -5.39970398E-03
  -5.30052185E-03
  -5.20038605E-03
  -5.19943237E-03
  -5.10025024E-03
  -5.09929657E-03
  -4.79984283E-03
  -4.79984283E-03
  -4.79984283E-03
  -4.70066071E-03
  -4.59957123E-03
  -4.49943542E-03
  -4.49943542E-03
  -4.40025330E-03
  -4.40025330E-03
  -4.40025330E-03
  -4.30011749E-03
  -4.19998169E-03
  -4.19998169E-03
  -4.09984589E-03
  -4.09984589E-03
  -4.09984589E-03
  -4.00066376E-03
  -4.00066376E-03
  -3.99971008E-03
  -3.89957428E-03
  -3.80039215E-03
  -3.70025635E-03
  -3.60012054E-03
  -3.49998474E-03
  -3.49998474E-03
  -3.49998474E-03
  -3.30066681E-03
  -3.29971313E-03
  -3.29971313E-03
  -3.29971313E-03
  -3.00025940E-03
  -2.99930573E-03
  -2.90012360E-03
  -2.90012360E-03
  -2.79998779E-03
  -2.79998779E-03
  -2.69985199E-03
  -2.69985199E-03
  -2.60066986E-03
  -2.60066986E-03
  -2.49958038E-03
  -2.30026245E-03
  -2.29930878E-03
  -1.99985504E-03
  -1.99985504E-03
  -1.80053711E-03
  -1.70040131E-03
  -1.69944763E-03
  -1.60026550E-03
  -1.60026550E-03
  -1.50012970E-03
  -1.39999390E-03
  -1.39999390E-03
  -1.29985809E-03
  -1.19972229E-03
  -1.19972229E-03
  -1.19972229E-03
  -1.09958649E-03
  -1.00040436E-03
  -1.00040436E-03
  -1.00040436E-03
  -1.00040436E-03
  -8.00132751E-04
  -8.00132751E-04
  -8.00132751E-04
  -6.00814819E-04
  -5.99861145E-04
  -5.99861145E-04
  -5.00679016E-04
  -4.99725342E-04
  -4.00543213E-04
  -3.99589539E-04
  -3.99589539E-04
  -2.99453735E-04
  -2.99453735E-04
  -1.00135803E-04
  -1.00135803E-04
  -1.00135803E-04
   0.00000000    
   0.00000000    
   1.00135803E-04
   1.00135803E-04
   1.00135803E-04
   1.00135803E-04
   1.00135803E-04
   2.99453735E-04
   2.99453735E-04
   3.00407410E-04
   4.99725342E-04
   4.99725342E-04
   5.99861145E-04
   8.00132751E-04
   8.00132751E-04
   9.00268555E-04
   9.00268555E-04
   9.99450684E-04
   1.00040436E-03
   1.09958649E-03
   1.19972229E-03
   1.19972229E-03
   1.29985809E-03
   1.39999390E-03
   1.50012970E-03
   1.50012970E-03
   1.50012970E-03
   1.50012970E-03
   1.60026550E-03
   1.70040131E-03
   1.70040131E-03
   1.79958344E-03
   1.80053711E-03
   1.80053711E-03
   1.89971924E-03
   1.99985504E-03
   1.99985504E-03
   2.09999084E-03
   2.09999084E-03
   2.19917297E-03
   2.30026245E-03
   2.30026245E-03
   2.39944458E-03
   2.40039825E-03
   2.59971619E-03
   2.59971619E-03
   2.79998779E-03
   2.89916992E-03
   2.90012360E-03
   2.99930573E-03
   3.10039520E-03
   3.19957733E-03
   3.19957733E-03
   3.19957733E-03
   3.29971313E-03
   3.29971313E-03
   3.39984894E-03
   3.39984894E-03
   3.39984894E-03
   3.39984894E-03
   3.40080261E-03
   3.49998474E-03
   3.49998474E-03
   3.60012054E-03
   3.89957428E-03
   3.89957428E-03
   3.90052795E-03
   3.90052795E-03
   4.00066376E-03
   4.19998169E-03
   4.40025330E-03
   4.40025330E-03
   4.40025330E-03
   4.59957123E-03
   4.60052490E-03
   4.69970703E-03
   4.79984283E-03
   4.89997864E-03
   5.00011444E-03
   5.00011444E-03
   5.00011444E-03
   5.19943237E-03
   5.20038605E-03
   5.30052185E-03
   5.30052185E-03
   5.39970398E-03
   5.49983978E-03
   5.59997559E-03
   5.59997559E-03
   5.59997559E-03
   5.70011139E-03
   5.70011139E-03
   5.80024719E-03
   5.89942932E-03
   5.99956512E-03
   6.00051880E-03
   6.09970093E-03
   6.19983673E-03
   6.19983673E-03
   6.29997253E-03
   6.49929047E-03
   6.50024414E-03
   6.60037994E-03
   6.69956207E-03
   6.70051575E-03
   6.79969788E-03
   6.79969788E-03
   6.79969788E-03
   6.99996948E-03
   7.19928741E-03
   7.29942322E-03
   7.69996643E-03
   7.69996643E-03
   7.69996643E-03
   8.29982758E-03
   8.39996338E-03
   1.00994110E-02
   1.03006363E-02
   1.07002258E-02
   1.15003586E-02
   1.16996765E-02
   1.34000778E-02
   1.34000778E-02
   1.38006210E-02
   1.48000717E-02
   1.49002075E-02
   1.51004791E-02
   1.65004730E-02
   1.69000626E-02
   1.72996521E-02
   1.99995041E-02
   2.14996338E-02
   2.14996338E-02
   2.20003128E-02
   2.39000320E-02
   2.49004364E-02
   2.54001617E-02
   2.55994797E-02
   2.68001556E-02
   2.69994736E-02
   2.93998718E-02
   3.10001373E-02
   3.12004089E-02
   3.17001343E-02
   3.20997238E-02
   3.20997238E-02
   3.32002640E-02
   3.47995758E-02
   3.53002548E-02
   3.64999771E-02
   4.32996750E-02
   4.65993881E-02
   5.74998856E-02
   5.91001511E-02
   5.95998764E-02
   6.37998581E-02
   7.24000931E-02
   7.50999451E-02
   9.18998718E-02
   9.24997330E-02
  0.100700378    
  0.174699783    
  0.227000237    
  0.288800240    
