#Npts     Radius    Mag      Completeness
#  124  432.0385  -15.259916 0.961240
# Ierr
  -3.43999863E-02
  -1.72004700E-02
  -1.34000778E-02
  -1.10998154E-02
  -1.04999542E-02
  -1.01003647E-02
  -9.09996033E-03
  -8.90064240E-03
  -8.79955292E-03
  -7.80010223E-03
  -7.10010529E-03
  -6.59942627E-03
  -6.49929047E-03
  -6.40010834E-03
  -6.19983673E-03
  -5.30052185E-03
  -5.00011444E-03
  -4.89997864E-03
  -4.79984283E-03
  -4.69970703E-03
  -4.69970703E-03
  -4.69970703E-03
  -4.59957123E-03
  -4.59957123E-03
  -4.59957123E-03
  -4.49943542E-03
  -4.39929962E-03
  -3.80039215E-03
  -3.80039215E-03
  -3.70025635E-03
  -3.60012054E-03
  -3.39984894E-03
  -3.39984894E-03
  -3.29971313E-03
  -3.10039520E-03
  -3.09944153E-03
  -3.09944153E-03
  -3.09944153E-03
  -3.00025940E-03
  -2.69985199E-03
  -2.60066986E-03
  -2.40039825E-03
  -2.20012665E-03
  -2.20012665E-03
  -2.09999084E-03
  -1.90067291E-03
  -1.69944763E-03
  -1.69944763E-03
  -1.39999390E-03
  -1.39999390E-03
  -1.10054016E-03
  -1.00040436E-03
  -9.99450684E-04
  -9.99450684E-04
  -6.00814819E-04
  -3.99589539E-04
   1.99317932E-04
   3.00407410E-04
   3.99589539E-04
   6.00814819E-04
   7.99179077E-04
   9.00268555E-04
   1.10054016E-03
   1.19972229E-03
   1.29985809E-03
   1.39999390E-03
   1.39999390E-03
   1.39999390E-03
   1.39999390E-03
   1.90067291E-03
   1.99985504E-03
   2.30026245E-03
   2.30026245E-03
   2.59971619E-03
   2.90012360E-03
   2.90012360E-03
   3.09944153E-03
   3.19957733E-03
   3.30066681E-03
   3.39984894E-03
   3.99971008E-03
   4.19998169E-03
   4.30011749E-03
   4.70066071E-03
   5.00011444E-03
   5.19943237E-03
   5.80024719E-03
   5.80024719E-03
   5.99956512E-03
   6.00051880E-03
   6.40010834E-03
   6.49929047E-03
   6.59942627E-03
   6.79969788E-03
   7.49969482E-03
   7.69996643E-03
   8.09955597E-03
   8.39996338E-03
   9.20009613E-03
   9.20009613E-03
   9.49954987E-03
   1.06000900E-02
   1.10006332E-02
   1.16004944E-02
   1.32999420E-02
   1.41000748E-02
   1.43003464E-02
   1.60999298E-02
   1.86996460E-02
   1.95999146E-02
   1.95999146E-02
   1.99003220E-02
   2.68993378E-02
   3.05995941E-02
   3.55005264E-02
   3.95994186E-02
   4.24995422E-02
   4.45995331E-02
   5.27000427E-02
   9.44004059E-02
  0.109199524    
  0.191199303    
  0.343400002    
  0.427200317    
