#Npts     Radius    Mag      Completeness
#  210 1641.7462  -14.263984 1.000000
# Ierr
  -2.49004364E-02
  -1.86004639E-02
  -1.73006058E-02
  -1.71995163E-02
  -1.69000626E-02
  -1.62000656E-02
  -1.58004761E-02
  -1.57995224E-02
  -1.53999329E-02
  -1.44004822E-02
  -1.39999390E-02
  -1.39999390E-02
  -1.37996674E-02
  -1.35993958E-02
  -1.31998062E-02
  -1.31006241E-02
  -1.31006241E-02
  -1.19991302E-02
  -1.16004944E-02
  -1.15003586E-02
  -1.14994049E-02
  -1.13000870E-02
  -1.13000870E-02
  -1.04999542E-02
  -1.02005005E-02
  -1.01995468E-02
  -1.00994110E-02
  -9.60063934E-03
  -9.60063934E-03
  -9.20009613E-03
  -9.00077820E-03
  -8.99982452E-03
  -8.99982452E-03
  -8.90064240E-03
  -8.79955292E-03
  -8.59928131E-03
  -8.50009918E-03
  -8.39996338E-03
  -8.09955597E-03
  -8.00037384E-03
  -7.99942017E-03
  -7.89928436E-03
  -7.30037689E-03
  -7.29942322E-03
  -6.89983368E-03
  -6.79969788E-03
  -6.69956207E-03
  -6.69956207E-03
  -6.59942627E-03
  -6.50024414E-03
  -6.39915466E-03
  -6.19983673E-03
  -6.09970093E-03
  -5.90038300E-03
  -5.89942932E-03
  -5.80024719E-03
  -5.80024719E-03
  -5.70011139E-03
  -5.59997559E-03
  -5.39970398E-03
  -5.30052185E-03
  -5.20038605E-03
  -5.20038605E-03
  -5.10025024E-03
  -5.00011444E-03
  -5.00011444E-03
  -4.99916077E-03
  -4.89997864E-03
  -4.69970703E-03
  -4.69970703E-03
  -4.49943542E-03
  -4.40025330E-03
  -4.30011749E-03
  -4.19998169E-03
  -4.09984589E-03
  -3.89957428E-03
  -3.79943848E-03
  -3.60012054E-03
  -3.60012054E-03
  -3.39984894E-03
  -3.30066681E-03
  -3.10039520E-03
  -3.09944153E-03
  -3.09944153E-03
  -3.00025940E-03
  -2.99930573E-03
  -2.90012360E-03
  -2.90012360E-03
  -2.79998779E-03
  -2.79998779E-03
  -2.69985199E-03
  -2.69985199E-03
  -2.60066986E-03
  -2.59971619E-03
  -2.50053406E-03
  -2.40039825E-03
  -2.09999084E-03
  -1.99985504E-03
  -1.60026550E-03
  -1.59931183E-03
  -1.50012970E-03
  -1.50012970E-03
  -1.29985809E-03
  -1.09958649E-03
  -8.99314880E-04
  -8.00132751E-04
  -8.00132751E-04
  -6.99996948E-04
  -6.99996948E-04
  -6.00814819E-04
  -4.99725342E-04
  -4.00543213E-04
  -3.99589539E-04
   1.99317932E-04
   2.00271606E-04
   4.00543213E-04
   4.99725342E-04
   5.99861145E-04
   6.00814819E-04
   6.99996948E-04
   6.99996948E-04
   9.00268555E-04
   9.99450684E-04
   1.29985809E-03
   1.50012970E-03
   1.50012970E-03
   1.50012970E-03
   1.59931183E-03
   1.60026550E-03
   1.60026550E-03
   1.79958344E-03
   1.99985504E-03
   2.19917297E-03
   2.20012665E-03
   2.20012665E-03
   2.39944458E-03
   2.40039825E-03
   2.59971619E-03
   2.60066986E-03
   2.69985199E-03
   2.79998779E-03
   2.79998779E-03
   2.90012360E-03
   3.00025940E-03
   3.79943848E-03
   3.89957428E-03
   4.00066376E-03
   4.09984589E-03
   4.09984589E-03
   4.10079956E-03
   4.50038910E-03
   4.50038910E-03
   4.50038910E-03
   4.69970703E-03
   5.00011444E-03
   5.10025024E-03
   5.49983978E-03
   5.59997559E-03
   5.59997559E-03
   5.59997559E-03
   5.80024719E-03
   5.80024719E-03
   5.99956512E-03
   6.09970093E-03
   6.20079041E-03
   6.29997253E-03
   6.29997253E-03
   6.50024414E-03
   6.60037994E-03
   6.70051575E-03
   7.30037689E-03
   7.49969482E-03
   7.69996643E-03
   7.89928436E-03
   8.10050964E-03
   8.30078125E-03
   8.50009918E-03
   8.60023499E-03
   8.60023499E-03
   9.09996033E-03
   9.20009613E-03
   9.79995728E-03
   9.90009308E-03
   9.99927521E-03
   1.00002289E-02
   1.04999542E-02
   1.07994080E-02
   1.08003616E-02
   1.15995407E-02
   1.16004944E-02
   1.25999451E-02
   1.36003494E-02
   1.44996643E-02
   1.48000717E-02
   1.48000717E-02
   1.57003403E-02
   1.58004761E-02
   1.58004761E-02
   1.63002014E-02
   1.66997910E-02
   1.72996521E-02
   1.76000595E-02
   1.94997787E-02
   2.08997726E-02
   2.28004456E-02
   2.34003067E-02
   2.34003067E-02
   2.69002914E-02
   3.54003906E-02
   5.49993515E-02
