#Npts     Radius    Mag      Completeness
#  236 2880.2568  -15.259916 0.955466
# Ierr
  -1.36995316E-02
  -9.69982147E-03
  -8.99982452E-03
  -8.79955292E-03
  -8.39996338E-03
  -8.30078125E-03
  -8.10050964E-03
  -7.99942017E-03
  -7.90023804E-03
  -7.90023804E-03
  -7.79914856E-03
  -7.69996643E-03
  -7.49969482E-03
  -7.29942322E-03
  -6.89983368E-03
  -6.60037994E-03
  -6.19983673E-03
  -6.19983673E-03
  -6.09970093E-03
  -6.09970093E-03
  -5.99956512E-03
  -5.90038300E-03
  -5.70011139E-03
  -5.59997559E-03
  -5.59997559E-03
  -5.50079346E-03
  -5.39970398E-03
  -5.30052185E-03
  -5.30052185E-03
  -5.10025024E-03
  -5.09929657E-03
  -5.00011444E-03
  -4.89997864E-03
  -4.89997864E-03
  -4.69970703E-03
  -4.69970703E-03
  -4.30011749E-03
  -4.30011749E-03
  -4.19998169E-03
  -4.19998169E-03
  -3.90052795E-03
  -3.80039215E-03
  -3.80039215E-03
  -3.79943848E-03
  -3.70025635E-03
  -3.70025635E-03
  -3.70025635E-03
  -3.69930267E-03
  -3.60012054E-03
  -3.60012054E-03
  -3.49998474E-03
  -3.49998474E-03
  -3.39984894E-03
  -3.39984894E-03
  -3.39984894E-03
  -3.30066681E-03
  -3.30066681E-03
  -3.29971313E-03
  -3.29971313E-03
  -3.29971313E-03
  -3.29971313E-03
  -3.20053101E-03
  -3.19957733E-03
  -3.19957733E-03
  -2.90012360E-03
  -2.90012360E-03
  -2.90012360E-03
  -2.90012360E-03
  -2.90012360E-03
  -2.89916992E-03
  -2.79998779E-03
  -2.79998779E-03
  -2.59971619E-03
  -2.50053406E-03
  -2.49958038E-03
  -2.39944458E-03
  -2.30026245E-03
  -2.20012665E-03
  -2.20012665E-03
  -2.09999084E-03
  -1.80053711E-03
  -1.79958344E-03
  -1.79958344E-03
  -1.79958344E-03
  -1.79958344E-03
  -1.69944763E-03
  -1.60026550E-03
  -1.60026550E-03
  -1.59931183E-03
  -1.50012970E-03
  -1.50012970E-03
  -1.50012970E-03
  -1.39999390E-03
  -1.39999390E-03
  -1.39999390E-03
  -1.39999390E-03
  -1.39999390E-03
  -1.29985809E-03
  -1.20067596E-03
  -1.20067596E-03
  -1.19972229E-03
  -1.19972229E-03
  -1.10054016E-03
  -1.09958649E-03
  -1.00040436E-03
  -8.99314880E-04
  -8.00132751E-04
  -7.99179077E-04
  -7.99179077E-04
  -6.99996948E-04
  -6.99996948E-04
  -5.99861145E-04
  -5.99861145E-04
  -5.99861145E-04
  -5.99861145E-04
  -4.99725342E-04
  -4.99725342E-04
  -3.00407410E-04
  -2.00271606E-04
  -1.99317932E-04
  -1.99317932E-04
  -1.00135803E-04
   0.00000000    
   9.91821289E-05
   1.00135803E-04
   1.00135803E-04
   1.99317932E-04
   2.00271606E-04
   2.00271606E-04
   2.99453735E-04
   2.99453735E-04
   3.00407410E-04
   3.00407410E-04
   3.99589539E-04
   3.99589539E-04
   4.99725342E-04
   4.99725342E-04
   5.99861145E-04
   5.99861145E-04
   6.99996948E-04
   6.99996948E-04
   8.00132751E-04
   9.00268555E-04
   9.00268555E-04
   1.00040436E-03
   1.09958649E-03
   1.09958649E-03
   1.10054016E-03
   1.19972229E-03
   1.29985809E-03
   1.39999390E-03
   1.50012970E-03
   1.50012970E-03
   1.60026550E-03
   1.69944763E-03
   1.70040131E-03
   1.79958344E-03
   1.80053711E-03
   1.89971924E-03
   1.89971924E-03
   1.89971924E-03
   1.99985504E-03
   1.99985504E-03
   1.99985504E-03
   2.30026245E-03
   2.39944458E-03
   2.49958038E-03
   2.49958038E-03
   2.50053406E-03
   2.90012360E-03
   2.90012360E-03
   3.00025940E-03
   3.19957733E-03
   3.30066681E-03
   3.39984894E-03
   3.39984894E-03
   3.49998474E-03
   3.60012054E-03
   3.60012054E-03
   3.69930267E-03
   3.70025635E-03
   3.70025635E-03
   3.80039215E-03
   3.90052795E-03
   3.90052795E-03
   3.99971008E-03
   3.99971008E-03
   4.00066376E-03
   4.10079956E-03
   4.30011749E-03
   4.59957123E-03
   4.60052490E-03
   4.89997864E-03
   4.99916077E-03
   5.00011444E-03
   5.09929657E-03
   5.09929657E-03
   5.10025024E-03
   5.19943237E-03
   5.20038605E-03
   5.30052185E-03
   5.30052185E-03
   5.70011139E-03
   5.70011139E-03
   6.09970093E-03
   6.29997253E-03
   6.50024414E-03
   6.60037994E-03
   6.60037994E-03
   7.50064850E-03
   7.69996643E-03
   7.69996643E-03
   7.80010223E-03
   7.80010223E-03
   7.90023804E-03
   8.29982758E-03
   8.30078125E-03
   8.49914551E-03
   8.50009918E-03
   8.60023499E-03
   8.90064240E-03
   9.20009613E-03
   9.20009613E-03
   9.30023193E-03
   9.49954987E-03
   9.49954987E-03
   1.01995468E-02
   1.01995468E-02
   1.24998093E-02
   1.30996704E-02
   1.35002136E-02
   1.48000717E-02
   1.55000687E-02
   1.69000626E-02
   1.88007355E-02
   2.71997452E-02
