#Npts     Radius    Mag      Completeness
#  142  633.6565  -14.512967 1.000000
# Ierr
 -0.108200073    
  -3.43999863E-02
  -2.27994919E-02
  -1.38998032E-02
  -1.38998032E-02
  -1.38998032E-02
  -1.37996674E-02
  -1.34000778E-02
  -1.28002167E-02
  -1.23004913E-02
  -1.21002197E-02
  -1.19991302E-02
  -1.10998154E-02
  -1.06000900E-02
  -9.69982147E-03
  -8.99982452E-03
  -8.80050659E-03
  -8.39996338E-03
  -8.29982758E-03
  -8.29982758E-03
  -8.19969177E-03
  -8.00037384E-03
  -7.89928436E-03
  -7.49969482E-03
  -7.40051270E-03
  -7.10010529E-03
  -6.70051575E-03
  -6.69956207E-03
  -6.50024414E-03
  -6.50024414E-03
  -5.90038300E-03
  -5.89942932E-03
  -5.70011139E-03
  -5.70011139E-03
  -5.39970398E-03
  -5.39970398E-03
  -5.20038605E-03
  -4.89997864E-03
  -4.89997864E-03
  -4.50038910E-03
  -4.49943542E-03
  -4.40025330E-03
  -3.99971008E-03
  -3.80039215E-03
  -3.70025635E-03
  -3.60012054E-03
  -3.29971313E-03
  -2.90012360E-03
  -2.90012360E-03
  -2.69985199E-03
  -2.50053406E-03
  -2.20012665E-03
  -2.09999084E-03
  -1.80053711E-03
  -1.79958344E-03
  -1.60026550E-03
  -1.29985809E-03
  -1.19972229E-03
  -1.19972229E-03
  -8.99314880E-04
  -8.00132751E-04
  -8.00132751E-04
  -6.99996948E-04
  -5.99861145E-04
  -4.99725342E-04
  -1.00135803E-04
  -1.00135803E-04
   0.00000000    
   2.00271606E-04
   4.99725342E-04
   8.00132751E-04
   8.00132751E-04
   8.00132751E-04
   9.99450684E-04
   1.10054016E-03
   1.50012970E-03
   1.60026550E-03
   1.60026550E-03
   1.70040131E-03
   1.80053711E-03
   1.89971924E-03
   1.90067291E-03
   2.10094452E-03
   2.40039825E-03
   2.59971619E-03
   2.60066986E-03
   2.69985199E-03
   3.30066681E-03
   3.59916687E-03
   3.59916687E-03
   3.60012054E-03
   3.80039215E-03
   4.30011749E-03
   5.00011444E-03
   5.19943237E-03
   5.59997559E-03
   5.70011139E-03
   6.09970093E-03
   6.29997253E-03
   6.39915466E-03
   6.50024414E-03
   6.60037994E-03
   7.29942322E-03
   7.50064850E-03
   7.60078430E-03
   7.90023804E-03
   8.19969177E-03
   8.20064545E-03
   8.50009918E-03
   8.80050659E-03
   9.20009613E-03
   9.69982147E-03
   9.70077515E-03
   1.00002289E-02
   1.00994110E-02
   1.01003647E-02
   1.03998184E-02
   1.18999481E-02
   1.22995377E-02
   1.27000809E-02
   1.37996674E-02
   1.41000748E-02
   1.62000656E-02
   1.64995193E-02
   1.65996552E-02
   1.66997910E-02
   1.74999237E-02
   2.06003189E-02
   2.13994980E-02
   2.50997543E-02
   2.51007080E-02
   2.68001556E-02
   2.72006989E-02
   2.90002823E-02
   3.02000046E-02
   4.50992584E-02
   4.59003448E-02
   6.80999756E-02
  0.116499901    
  0.149099350    
  0.157199860    
  0.217000008    
