#Npts     Radius    Mag      Completeness
#  228 1238.5104  -15.259916 1.000000
# Ierr
 -0.103799820    
  -1.74999237E-02
  -1.41000748E-02
  -1.03998184E-02
  -1.00002289E-02
  -9.90009308E-03
  -9.80091095E-03
  -9.20009613E-03
  -9.09996033E-03
  -9.00077820E-03
  -8.29982758E-03
  -8.09955597E-03
  -8.00037384E-03
  -7.99942017E-03
  -7.69996643E-03
  -7.40051270E-03
  -7.20024109E-03
  -7.19928741E-03
  -7.10010529E-03
  -7.09915161E-03
  -6.70051575E-03
  -6.59942627E-03
  -6.59942627E-03
  -6.50024414E-03
  -6.29997253E-03
  -6.10065460E-03
  -5.80024719E-03
  -5.70011139E-03
  -5.50079346E-03
  -5.49983978E-03
  -5.49983978E-03
  -5.49983978E-03
  -5.49983978E-03
  -5.40065765E-03
  -5.20038605E-03
  -5.10025024E-03
  -4.89997864E-03
  -4.79984283E-03
  -4.70066071E-03
  -4.69970703E-03
  -4.60052490E-03
  -4.59957123E-03
  -4.50038910E-03
  -4.49943542E-03
  -4.40025330E-03
  -4.39929962E-03
  -4.09984589E-03
  -4.09984589E-03
  -4.00066376E-03
  -3.99971008E-03
  -3.99971008E-03
  -3.99971008E-03
  -3.99971008E-03
  -3.90052795E-03
  -3.49998474E-03
  -3.49998474E-03
  -3.49998474E-03
  -3.39984894E-03
  -3.39984894E-03
  -3.29971313E-03
  -3.09944153E-03
  -3.00025940E-03
  -2.90012360E-03
  -2.79998779E-03
  -2.70080566E-03
  -2.69985199E-03
  -2.69985199E-03
  -2.59971619E-03
  -2.40039825E-03
  -2.30026245E-03
  -2.20012665E-03
  -2.09999084E-03
  -2.09999084E-03
  -2.09999084E-03
  -2.09999084E-03
  -2.09999084E-03
  -2.09999084E-03
  -2.00080872E-03
  -1.99985504E-03
  -1.99985504E-03
  -1.99985504E-03
  -1.90067291E-03
  -1.90067291E-03
  -1.89971924E-03
  -1.89971924E-03
  -1.79958344E-03
  -1.79958344E-03
  -1.79958344E-03
  -1.70040131E-03
  -1.60026550E-03
  -1.59931183E-03
  -1.50012970E-03
  -1.50012970E-03
  -1.39999390E-03
  -1.39999390E-03
  -1.29985809E-03
  -1.19972229E-03
  -1.19972229E-03
  -1.10054016E-03
  -1.09958649E-03
  -1.09958649E-03
  -1.00040436E-03
  -1.00040436E-03
  -9.99450684E-04
  -9.99450684E-04
  -8.99314880E-04
  -8.99314880E-04
  -8.00132751E-04
  -7.99179077E-04
  -6.99996948E-04
  -5.99861145E-04
  -3.00407410E-04
  -1.00135803E-04
  -9.91821289E-05
   0.00000000    
   0.00000000    
   1.00135803E-04
   1.00135803E-04
   1.00135803E-04
   1.99317932E-04
   2.99453735E-04
   4.00543213E-04
   4.99725342E-04
   5.99861145E-04
   5.99861145E-04
   5.99861145E-04
   6.00814819E-04
   6.00814819E-04
   6.00814819E-04
   6.99996948E-04
   9.00268555E-04
   9.00268555E-04
   9.99450684E-04
   1.00040436E-03
   1.00040436E-03
   1.00040436E-03
   1.09958649E-03
   1.10054016E-03
   1.19972229E-03
   1.20067596E-03
   1.29985809E-03
   1.39999390E-03
   1.39999390E-03
   1.49917603E-03
   1.50012970E-03
   1.60026550E-03
   1.69944763E-03
   1.70040131E-03
   1.80053711E-03
   1.89971924E-03
   1.90067291E-03
   1.99985504E-03
   1.99985504E-03
   1.99985504E-03
   2.09999084E-03
   2.09999084E-03
   2.29930878E-03
   2.39944458E-03
   2.40039825E-03
   2.49958038E-03
   2.59971619E-03
   2.59971619E-03
   2.69985199E-03
   2.69985199E-03
   2.79998779E-03
   2.79998779E-03
   2.99930573E-03
   3.10039520E-03
   3.10039520E-03
   3.10039520E-03
   3.20053101E-03
   3.39984894E-03
   3.39984894E-03
   3.49998474E-03
   3.49998474E-03
   3.49998474E-03
   3.60012054E-03
   3.60012054E-03
   3.79943848E-03
   3.99971008E-03
   4.19998169E-03
   4.30011749E-03
   4.39929962E-03
   4.40025330E-03
   4.49943542E-03
   4.50038910E-03
   4.50038910E-03
   4.69970703E-03
   4.79984283E-03
   4.79984283E-03
   5.39970398E-03
   5.39970398E-03
   5.40065765E-03
   5.59997559E-03
   5.69915771E-03
   5.80024719E-03
   6.29997253E-03
   6.40010834E-03
   6.69956207E-03
   6.99996948E-03
   7.10010529E-03
   7.19928741E-03
   7.20024109E-03
   7.20024109E-03
   7.30037689E-03
   7.69996643E-03
   7.90023804E-03
   7.90023804E-03
   8.00037384E-03
   8.09955597E-03
   8.29982758E-03
   8.89968872E-03
   9.20009613E-03
   9.59968567E-03
   9.79995728E-03
   1.04999542E-02
   1.10006332E-02
   1.15995407E-02
   1.21994019E-02
   1.24006271E-02
   1.27000809E-02
   1.27000809E-02
   1.31006241E-02
   1.93004608E-02
   1.94005966E-02
   2.96001434E-02
   3.88994217E-02
  0.106900215    
