#Npts     Radius    Mag      Completeness
#  222 1036.8925  -14.015000 1.000000
# Ierr
  -2.30998993E-02
  -2.20994949E-02
  -1.92995071E-02
  -1.83000565E-02
  -1.79004669E-02
  -1.79004669E-02
  -1.51004791E-02
  -1.48992538E-02
  -1.42002106E-02
  -1.35002136E-02
  -1.33991241E-02
  -1.32999420E-02
  -1.30996704E-02
  -1.17006302E-02
  -1.15995407E-02
  -1.10006332E-02
  -1.03998184E-02
  -1.03998184E-02
  -9.70077515E-03
  -9.69982147E-03
  -8.99982452E-03
  -8.89968872E-03
  -8.69941711E-03
  -8.29982758E-03
  -8.00037384E-03
  -7.69996643E-03
  -7.60078430E-03
  -7.59983063E-03
  -7.59983063E-03
  -7.29942322E-03
  -6.89983368E-03
  -6.89983368E-03
  -6.69956207E-03
  -6.60037994E-03
  -6.49929047E-03
  -6.00051880E-03
  -5.79929352E-03
  -5.59997559E-03
  -5.19943237E-03
  -4.79984283E-03
  -4.79984283E-03
  -4.40025330E-03
  -4.39929962E-03
  -4.30011749E-03
  -4.09984589E-03
  -3.80039215E-03
  -3.29971313E-03
  -3.20053101E-03
  -3.19957733E-03
  -3.10039520E-03
  -3.00025940E-03
  -2.90012360E-03
  -2.90012360E-03
  -2.90012360E-03
  -2.79998779E-03
  -2.79998779E-03
  -2.40039825E-03
  -2.39944458E-03
  -2.39944458E-03
  -2.20012665E-03
  -2.20012665E-03
  -2.20012665E-03
  -2.00080872E-03
  -1.99985504E-03
  -1.89971924E-03
  -1.70040131E-03
  -1.69944763E-03
  -1.69944763E-03
  -1.60026550E-03
  -1.60026550E-03
  -1.50012970E-03
  -1.50012970E-03
  -1.50012970E-03
  -1.50012970E-03
  -1.49917603E-03
  -1.30081177E-03
  -1.29985809E-03
  -1.29985809E-03
  -1.09958649E-03
  -1.00040436E-03
  -1.00040436E-03
  -9.99450684E-04
  -9.99450684E-04
  -9.00268555E-04
  -9.00268555E-04
  -8.00132751E-04
  -8.00132751E-04
  -8.00132751E-04
  -6.99996948E-04
  -6.99996948E-04
  -6.99996948E-04
  -5.99861145E-04
  -5.99861145E-04
  -5.99861145E-04
  -4.00543213E-04
  -3.99589539E-04
  -3.99589539E-04
  -3.00407410E-04
  -2.99453735E-04
  -2.00271606E-04
  -2.00271606E-04
  -2.00271606E-04
  -1.99317932E-04
   0.00000000    
   0.00000000    
   0.00000000    
   0.00000000    
   0.00000000    
   9.91821289E-05
   1.00135803E-04
   1.00135803E-04
   1.99317932E-04
   2.00271606E-04
   2.00271606E-04
   2.00271606E-04
   2.00271606E-04
   2.99453735E-04
   3.00407410E-04
   3.99589539E-04
   3.99589539E-04
   4.99725342E-04
   4.99725342E-04
   4.99725342E-04
   4.99725342E-04
   4.99725342E-04
   5.00679016E-04
   5.00679016E-04
   6.99996948E-04
   6.99996948E-04
   6.99996948E-04
   8.00132751E-04
   8.00132751E-04
   1.00040436E-03
   1.00040436E-03
   1.09958649E-03
   1.19972229E-03
   1.19972229E-03
   1.20067596E-03
   1.39999390E-03
   1.49917603E-03
   1.60026550E-03
   1.89971924E-03
   1.89971924E-03
   1.90067291E-03
   1.99985504E-03
   2.09999084E-03
   2.09999084E-03
   2.09999084E-03
   2.09999084E-03
   2.19917297E-03
   2.20012665E-03
   2.39944458E-03
   2.40039825E-03
   2.40039825E-03
   2.59971619E-03
   2.69985199E-03
   2.79998779E-03
   2.89916992E-03
   2.90012360E-03
   2.99930573E-03
   3.00025940E-03
   3.39984894E-03
   3.39984894E-03
   3.60012054E-03
   3.90052795E-03
   3.90052795E-03
   3.90052795E-03
   4.09984589E-03
   4.09984589E-03
   4.39929962E-03
   4.40025330E-03
   4.40025330E-03
   4.50038910E-03
   4.59957123E-03
   4.70066071E-03
   4.89997864E-03
   5.00011444E-03
   5.19943237E-03
   5.30052185E-03
   5.40065765E-03
   5.49983978E-03
   5.70011139E-03
   5.70011139E-03
   5.89942932E-03
   5.90038300E-03
   6.00051880E-03
   6.00051880E-03
   6.40010834E-03
   6.50024414E-03
   6.99996948E-03
   7.20024109E-03
   7.39955902E-03
   7.59983063E-03
   7.69996643E-03
   8.09955597E-03
   8.50009918E-03
   8.69941711E-03
   8.99982452E-03
   9.09996033E-03
   9.30023193E-03
   9.49954987E-03
   9.79995728E-03
   1.03998184E-02
   1.06000900E-02
   1.13000870E-02
   1.36995316E-02
   1.41000748E-02
   1.42993927E-02
   1.56002045E-02
   1.56002045E-02
   1.64003372E-02
   1.85995102E-02
   2.07996368E-02
   2.36997604E-02
   2.81000137E-02
   3.11002731E-02
   3.32002640E-02
   4.16994095E-02
   4.85000610E-02
   5.11999130E-02
  0.101900101    
  0.211099625    
