#Npts     Radius    Mag      Completeness
#  264  432.0385  -11.779166 0.967033
# Ierr
 -0.332200050    
 -0.307600021    
 -0.226900101    
 -0.206000328    
 -0.195400238    
 -0.126799583    
  -9.15994644E-02
  -9.15994644E-02
  -8.66994858E-02
  -6.70003891E-02
  -5.09996414E-02
  -4.61997986E-02
  -4.46996689E-02
  -4.02002335E-02
  -3.95002365E-02
  -3.73001099E-02
  -3.63998413E-02
  -2.99997330E-02
  -2.71997452E-02
  -2.62994766E-02
  -2.57997513E-02
  -2.48003006E-02
  -2.35996246E-02
  -2.33001709E-02
  -2.12001801E-02
  -2.08997726E-02
  -2.07996368E-02
  -1.98001862E-02
  -1.92003250E-02
  -1.86004639E-02
  -1.74007416E-02
  -1.65004730E-02
  -1.61008835E-02
  -1.53999329E-02
  -1.50003433E-02
  -1.49002075E-02
  -1.44996643E-02
  -1.42993927E-02
  -1.37996674E-02
  -1.30996704E-02
  -1.16996765E-02
  -1.16996765E-02
  -1.14994049E-02
  -1.14002228E-02
  -1.09004974E-02
  -1.08003616E-02
  -1.06000900E-02
  -1.06000900E-02
  -1.03006363E-02
  -9.90009308E-03
  -9.69982147E-03
  -8.99982452E-03
  -8.70037079E-03
  -8.60023499E-03
  -8.59928131E-03
  -8.39996338E-03
  -8.39996338E-03
  -8.29982758E-03
  -7.90023804E-03
  -7.79914856E-03
  -7.59983063E-03
  -7.50064850E-03
  -7.49969482E-03
  -7.10010529E-03
  -6.99996948E-03
  -6.90078735E-03
  -6.90078735E-03
  -6.69956207E-03
  -6.60037994E-03
  -6.60037994E-03
  -6.60037994E-03
  -6.50024414E-03
  -6.40010834E-03
  -6.29997253E-03
  -6.29997253E-03
  -5.99956512E-03
  -5.90038300E-03
  -5.70011139E-03
  -5.70011139E-03
  -5.70011139E-03
  -5.59997559E-03
  -5.59997559E-03
  -5.49983978E-03
  -5.40065765E-03
  -5.29956818E-03
  -5.00011444E-03
  -5.00011444E-03
  -4.89997864E-03
  -4.69970703E-03
  -4.49943542E-03
  -4.40025330E-03
  -4.39929962E-03
  -4.19998169E-03
  -3.90052795E-03
  -3.79943848E-03
  -3.79943848E-03
  -3.60012054E-03
  -3.39984894E-03
  -3.30066681E-03
  -3.20053101E-03
  -3.20053101E-03
  -3.19957733E-03
  -3.10039520E-03
  -3.09944153E-03
  -3.00025940E-03
  -3.00025940E-03
  -3.00025940E-03
  -2.79998779E-03
  -2.79998779E-03
  -2.79998779E-03
  -2.69985199E-03
  -2.59971619E-03
  -2.49958038E-03
  -2.40039825E-03
  -2.39944458E-03
  -2.29930878E-03
  -2.20012665E-03
  -1.99985504E-03
  -1.89971924E-03
  -1.80053711E-03
  -1.80053711E-03
  -1.80053711E-03
  -1.80053711E-03
  -1.79958344E-03
  -1.69944763E-03
  -1.50012970E-03
  -1.50012970E-03
  -1.29985809E-03
  -1.29985809E-03
  -1.29985809E-03
  -1.09958649E-03
  -9.00268555E-04
  -8.00132751E-04
  -8.00132751E-04
  -8.00132751E-04
  -8.00132751E-04
  -7.99179077E-04
  -6.99996948E-04
  -5.99861145E-04
  -5.99861145E-04
  -5.00679016E-04
  -3.00407410E-04
  -1.00135803E-04
  -1.00135803E-04
  -9.91821289E-05
  -9.91821289E-05
   0.00000000    
   0.00000000    
   0.00000000    
   4.00543213E-04
   6.99996948E-04
   9.00268555E-04
   9.99450684E-04
   1.29985809E-03
   1.29985809E-03
   1.29985809E-03
   1.39999390E-03
   1.39999390E-03
   1.60026550E-03
   1.79958344E-03
   1.80053711E-03
   1.89971924E-03
   2.30026245E-03
   2.30026245E-03
   2.39944458E-03
   2.49958038E-03
   2.49958038E-03
   2.59971619E-03
   2.60066986E-03
   2.69985199E-03
   2.79998779E-03
   3.10039520E-03
   3.19957733E-03
   3.29971313E-03
   3.29971313E-03
   3.39984894E-03
   3.39984894E-03
   3.39984894E-03
   3.69930267E-03
   3.70025635E-03
   4.09984589E-03
   4.30011749E-03
   4.30011749E-03
   4.50038910E-03
   4.60052490E-03
   4.69970703E-03
   4.69970703E-03
   4.89997864E-03
   5.29956818E-03
   5.29956818E-03
   5.49983978E-03
   6.09970093E-03
   6.19983673E-03
   6.19983673E-03
   6.19983673E-03
   6.29997253E-03
   6.69956207E-03
   6.90078735E-03
   7.10010529E-03
   7.19928741E-03
   7.29942322E-03
   7.30037689E-03
   7.30037689E-03
   7.30037689E-03
   7.39955902E-03
   7.49969482E-03
   7.59983063E-03
   7.70092010E-03
   7.80010223E-03
   8.19969177E-03
   8.60023499E-03
   9.09996033E-03
   9.30023193E-03
   9.39941406E-03
   9.39941406E-03
   9.79995728E-03
   1.02005005E-02
   1.15003586E-02
   1.16004944E-02
   1.21994019E-02
   1.23996735E-02
   1.28002167E-02
   1.29995346E-02
   1.36995316E-02
   1.46999359E-02
   1.49002075E-02
   1.51996613E-02
   1.98993683E-02
   2.07996368E-02
   2.08005905E-02
   2.20003128E-02
   2.21004486E-02
   2.21996307E-02
   2.22005844E-02
   2.22997665E-02
   2.46000290E-02
   2.48003006E-02
   2.54001617E-02
   2.64005661E-02
   2.78997421E-02
   2.79998779E-02
   2.81000137E-02
   2.86998749E-02
   3.15999985E-02
   3.17993164E-02
   3.22999954E-02
   4.27007675E-02
   4.72002029E-02
   4.79993820E-02
   5.31997681E-02
   5.57003021E-02
   6.02998734E-02
   6.07995987E-02
   6.29005432E-02
   7.29007721E-02
   8.60004425E-02
   9.01002884E-02
   9.43002701E-02
  0.118499756    
  0.118499756    
  0.226400375    
  0.240200043    
  0.316300392    
  0.573399544    
