#Npts     Radius    Mag      Completeness
#  134  432.0385  -15.010933 0.937063
# Ierr
  -6.12993240E-02
  -2.23999023E-02
  -1.76000595E-02
  -1.27000809E-02
  -1.22995377E-02
  -1.09996796E-02
  -1.02996826E-02
  -1.00002289E-02
  -9.69982147E-03
  -8.90064240E-03
  -8.79955292E-03
  -8.10050964E-03
  -7.99942017E-03
  -7.69996643E-03
  -7.20024109E-03
  -7.10010529E-03
  -6.89983368E-03
  -6.80065155E-03
  -6.60037994E-03
  -6.59942627E-03
  -6.49929047E-03
  -6.29997253E-03
  -5.80024719E-03
  -5.70011139E-03
  -5.49983978E-03
  -5.49983978E-03
  -5.20038605E-03
  -5.09929657E-03
  -4.79984283E-03
  -4.70066071E-03
  -4.70066071E-03
  -4.69970703E-03
  -4.69970703E-03
  -3.70025635E-03
  -3.39984894E-03
  -3.29971313E-03
  -3.29971313E-03
  -3.20053101E-03
  -2.79998779E-03
  -2.79998779E-03
  -2.60066986E-03
  -2.59971619E-03
  -2.40039825E-03
  -2.39944458E-03
  -2.30026245E-03
  -2.09999084E-03
  -2.09999084E-03
  -1.99985504E-03
  -1.99985504E-03
  -1.79958344E-03
  -1.60026550E-03
  -1.50012970E-03
  -1.39999390E-03
  -6.99996948E-04
  -5.99861145E-04
  -5.99861145E-04
  -3.99589539E-04
  -1.00135803E-04
   1.00135803E-04
   1.00135803E-04
   2.00271606E-04
   9.99450684E-04
   9.99450684E-04
   1.00040436E-03
   1.00040436E-03
   1.19972229E-03
   1.20067596E-03
   1.29985809E-03
   1.39999390E-03
   1.49917603E-03
   1.69944763E-03
   2.30026245E-03
   2.40039825E-03
   2.40039825E-03
   2.50053406E-03
   2.59971619E-03
   2.59971619E-03
   2.79998779E-03
   2.79998779E-03
   2.89916992E-03
   3.00025940E-03
   3.20053101E-03
   3.49998474E-03
   3.49998474E-03
   3.99971008E-03
   4.89997864E-03
   4.89997864E-03
   4.99916077E-03
   5.10025024E-03
   5.29956818E-03
   5.49983978E-03
   6.09970093E-03
   6.10065460E-03
   6.29997253E-03
   6.60037994E-03
   6.79969788E-03
   6.79969788E-03
   6.89983368E-03
   7.40051270E-03
   7.49969482E-03
   7.59983063E-03
   7.69996643E-03
   7.89928436E-03
   7.90023804E-03
   7.99942017E-03
   8.60023499E-03
   8.90064240E-03
   1.03998184E-02
   1.04007721E-02
   1.13000870E-02
   1.14002228E-02
   1.18999481E-02
   1.44996643E-02
   1.98993683E-02
   2.34994888E-02
   2.44998932E-02
   2.59008408E-02
   2.62994766E-02
   2.88991928E-02
   4.38995361E-02
   5.24997711E-02
   5.57003021E-02
   5.66997528E-02
   6.14004135E-02
   7.25994110E-02
   7.48996735E-02
   8.08992386E-02
   8.37993622E-02
  0.104700089    
  0.129899979    
  0.140399933    
  0.195899963    
  0.203399658    
  0.262799263    
