#Npts     Radius    Mag      Completeness
#  145  432.0779  -15.148000 0.960265
# Verr
  -5.86996078E-02
  -1.93004608E-02
  -1.49993896E-02
  -1.24006271E-02
  -1.03006363E-02
  -1.01003647E-02
  -1.00994110E-02
  -9.90009308E-03
  -9.79995728E-03
  -9.30023193E-03
  -8.60023499E-03
  -7.49969482E-03
  -7.19928741E-03
  -7.10010529E-03
  -7.10010529E-03
  -6.99996948E-03
  -6.99996948E-03
  -6.90078735E-03
  -6.69956207E-03
  -6.40010834E-03
  -6.30092621E-03
  -6.19983673E-03
  -5.99956512E-03
  -5.99956512E-03
  -5.80024719E-03
  -5.39970398E-03
  -5.10025024E-03
  -5.00011444E-03
  -4.79984283E-03
  -4.09984589E-03
  -3.90052795E-03
  -3.79943848E-03
  -3.60012054E-03
  -3.30066681E-03
  -3.29971313E-03
  -3.09944153E-03
  -3.09944153E-03
  -2.90012360E-03
  -2.79998779E-03
  -2.50053406E-03
  -2.29930878E-03
  -2.20012665E-03
  -2.00080872E-03
  -1.99985504E-03
  -1.89971924E-03
  -1.89971924E-03
  -1.80053711E-03
  -1.79958344E-03
  -1.70040131E-03
  -1.60026550E-03
  -1.60026550E-03
  -1.29985809E-03
  -1.00040436E-03
  -1.00040436E-03
  -9.00268555E-04
  -6.99996948E-04
  -6.99996948E-04
  -6.00814819E-04
  -4.99725342E-04
  -1.00135803E-04
   0.00000000    
   1.00135803E-04
   4.00543213E-04
   5.99861145E-04
   5.99861145E-04
   6.99996948E-04
   9.00268555E-04
   1.00040436E-03
   1.39999390E-03
   1.50012970E-03
   1.60026550E-03
   1.79958344E-03
   1.99985504E-03
   2.09999084E-03
   2.30026245E-03
   2.40039825E-03
   2.49958038E-03
   2.79998779E-03
   3.00025940E-03
   3.00025940E-03
   3.39984894E-03
   3.60012054E-03
   3.69930267E-03
   3.70025635E-03
   3.99971008E-03
   4.09984589E-03
   4.59957123E-03
   4.69970703E-03
   4.70066071E-03
   4.79984283E-03
   5.09929657E-03
   5.10025024E-03
   5.20038605E-03
   6.39915466E-03
   6.40010834E-03
   6.60037994E-03
   6.69956207E-03
   6.69956207E-03
   6.70051575E-03
   6.99996948E-03
   7.49969482E-03
   8.29982758E-03
   8.39996338E-03
   8.39996338E-03
   8.70037079E-03
   8.79955292E-03
   8.80050659E-03
   8.89968872E-03
   9.20009613E-03
   9.20009613E-03
   1.08995438E-02
   1.10998154E-02
   1.14002228E-02
   1.44996643E-02
   1.48000717E-02
   1.51004791E-02
   1.55992508E-02
   1.63993835E-02
   2.22005844E-02
   2.29005814E-02
   2.63004303E-02
   3.02991867E-02
   3.40003967E-02
   3.49998474E-02
   3.67002487E-02
   3.75003815E-02
   3.80001068E-02
   4.30002213E-02
   4.52995300E-02
   5.00001907E-02
   5.16004562E-02
   6.26993179E-02
   6.50997162E-02
   6.86998367E-02
   7.06996918E-02
   7.88002014E-02
   9.56993103E-02
   9.79995728E-02
  0.108200073    
  0.131500244    
  0.143599510    
  0.172400475    
  0.229000092    
  0.232599258    
  0.264800072    
