#Npts     Radius    Mag      Completeness
#  173  633.7142  -14.599000 0.994253
# Verr
 -0.175300598    
  -2.54001617E-02
  -2.12001801E-02
  -2.00004578E-02
  -1.86004639E-02
  -1.60007477E-02
  -1.49993896E-02
  -1.46007538E-02
  -1.41000748E-02
  -1.21002197E-02
  -1.14994049E-02
  -1.14002228E-02
  -1.03998184E-02
  -9.69982147E-03
  -9.69982147E-03
  -9.50050354E-03
  -9.20009613E-03
  -8.50009918E-03
  -8.39996338E-03
  -8.20064545E-03
  -8.19969177E-03
  -7.89928436E-03
  -7.69996643E-03
  -7.20024109E-03
  -7.19928741E-03
  -6.89983368E-03
  -6.50024414E-03
  -6.39915466E-03
  -6.29997253E-03
  -6.20079041E-03
  -5.90038300E-03
  -5.90038300E-03
  -5.50079346E-03
  -4.60052490E-03
  -4.40025330E-03
  -4.30011749E-03
  -4.19998169E-03
  -4.10079956E-03
  -4.09984589E-03
  -4.00066376E-03
  -3.80039215E-03
  -3.80039215E-03
  -3.80039215E-03
  -3.70025635E-03
  -3.60012054E-03
  -3.49998474E-03
  -3.49998474E-03
  -3.30066681E-03
  -3.20053101E-03
  -3.20053101E-03
  -3.20053101E-03
  -3.10039520E-03
  -2.99930573E-03
  -2.79998779E-03
  -2.79998779E-03
  -2.60066986E-03
  -2.39944458E-03
  -2.30026245E-03
  -2.30026245E-03
  -2.20012665E-03
  -1.90067291E-03
  -1.79958344E-03
  -1.50012970E-03
  -1.30081177E-03
  -1.10054016E-03
  -1.00040436E-03
  -8.00132751E-04
  -8.00132751E-04
  -8.00132751E-04
  -6.99996948E-04
  -6.99996948E-04
  -4.99725342E-04
  -1.99317932E-04
   0.00000000    
   3.00407410E-04
   5.00679016E-04
   8.00132751E-04
   8.00132751E-04
   8.00132751E-04
   1.00040436E-03
   1.10054016E-03
   1.19972229E-03
   1.29985809E-03
   1.29985809E-03
   1.59931183E-03
   1.70040131E-03
   1.70040131E-03
   1.89971924E-03
   1.90067291E-03
   1.99985504E-03
   2.20012665E-03
   2.20012665E-03
   2.59971619E-03
   2.69985199E-03
   2.79998779E-03
   2.79998779E-03
   2.79998779E-03
   2.99930573E-03
   3.19957733E-03
   3.20053101E-03
   3.39984894E-03
   3.60012054E-03
   3.69930267E-03
   3.69930267E-03
   3.69930267E-03
   3.89957428E-03
   3.89957428E-03
   4.10079956E-03
   4.30011749E-03
   4.30011749E-03
   4.39929962E-03
   4.79984283E-03
   4.89997864E-03
   4.89997864E-03
   4.89997864E-03
   5.00011444E-03
   5.00011444E-03
   5.00011444E-03
   5.29956818E-03
   5.30052185E-03
   5.39970398E-03
   5.39970398E-03
   5.80024719E-03
   5.90038300E-03
   5.99956512E-03
   5.99956512E-03
   6.19983673E-03
   6.29997253E-03
   6.60037994E-03
   7.20024109E-03
   7.39955902E-03
   7.59983063E-03
   8.19969177E-03
   8.29982758E-03
   8.39996338E-03
   8.39996338E-03
   8.79955292E-03
   8.89968872E-03
   8.89968872E-03
   9.20009613E-03
   9.79995728E-03
   9.90009308E-03
   1.00002289E-02
   1.01003647E-02
   1.06000900E-02
   1.10998154E-02
   1.11999512E-02
   1.17998123E-02
   1.17998123E-02
   1.29003525E-02
   1.47008896E-02
   1.48000717E-02
   1.50003433E-02
   1.66997910E-02
   1.92003250E-02
   1.93996429E-02
   2.05001831E-02
   3.24993134E-02
   3.52001190E-02
   3.54003906E-02
   3.75003815E-02
   4.34999466E-02
   5.49993515E-02
   5.50003052E-02
   8.79001617E-02
  0.156399727    
  0.171500206    
  0.188099861    
  0.198800087    
  0.230199814    
  0.232800484    
  0.246000290    
  0.258799553    
