#Npts     Radius    Mag      Completeness
#  249 1843.5323  -14.873500 1.000000
# Verr
  -1.52006149E-02
  -1.44004822E-02
  -1.39999390E-02
  -1.34000778E-02
  -1.32999420E-02
  -1.32007599E-02
  -1.17998123E-02
  -1.07994080E-02
  -1.07002258E-02
  -1.00994110E-02
  -9.99927521E-03
  -8.90064240E-03
  -8.79955292E-03
  -8.70037079E-03
  -8.70037079E-03
  -8.50009918E-03
  -8.39996338E-03
  -8.20064545E-03
  -8.09955597E-03
  -8.09955597E-03
  -7.90023804E-03
  -7.40051270E-03
  -7.20024109E-03
  -7.10010529E-03
  -6.79969788E-03
  -6.70051575E-03
  -6.69956207E-03
  -6.40010834E-03
  -6.29997253E-03
  -6.19983673E-03
  -6.00051880E-03
  -5.79929352E-03
  -5.70011139E-03
  -5.70011139E-03
  -5.70011139E-03
  -5.50079346E-03
  -5.49983978E-03
  -5.39970398E-03
  -5.30052185E-03
  -5.20038605E-03
  -5.19943237E-03
  -5.10025024E-03
  -5.00011444E-03
  -5.00011444E-03
  -4.79984283E-03
  -4.79984283E-03
  -4.79984283E-03
  -4.70066071E-03
  -4.70066071E-03
  -4.69970703E-03
  -4.69970703E-03
  -4.59957123E-03
  -4.50038910E-03
  -4.50038910E-03
  -4.49943542E-03
  -4.40025330E-03
  -4.40025330E-03
  -4.40025330E-03
  -4.30011749E-03
  -4.30011749E-03
  -4.30011749E-03
  -4.19998169E-03
  -4.19998169E-03
  -4.19998169E-03
  -4.09984589E-03
  -4.00066376E-03
  -4.00066376E-03
  -3.99971008E-03
  -3.99971008E-03
  -3.90052795E-03
  -3.80039215E-03
  -3.79943848E-03
  -3.49998474E-03
  -3.49998474E-03
  -3.39984894E-03
  -3.39984894E-03
  -3.29971313E-03
  -3.29971313E-03
  -3.19957733E-03
  -3.10039520E-03
  -3.09944153E-03
  -3.00025940E-03
  -3.00025940E-03
  -3.00025940E-03
  -2.99930573E-03
  -2.90012360E-03
  -2.90012360E-03
  -2.90012360E-03
  -2.79998779E-03
  -2.70080566E-03
  -2.69985199E-03
  -2.69985199E-03
  -2.60066986E-03
  -2.60066986E-03
  -2.59971619E-03
  -2.59971619E-03
  -2.40039825E-03
  -2.40039825E-03
  -2.20012665E-03
  -2.20012665E-03
  -2.19917297E-03
  -2.09999084E-03
  -2.09999084E-03
  -2.09999084E-03
  -2.00080872E-03
  -1.99985504E-03
  -1.99985504E-03
  -1.99985504E-03
  -1.90067291E-03
  -1.89971924E-03
  -1.70040131E-03
  -1.70040131E-03
  -1.70040131E-03
  -1.60026550E-03
  -1.60026550E-03
  -1.60026550E-03
  -1.59931183E-03
  -1.39999390E-03
  -1.29985809E-03
  -1.00040436E-03
  -1.00040436E-03
  -1.00040436E-03
  -9.99450684E-04
  -9.00268555E-04
  -9.00268555E-04
  -9.00268555E-04
  -8.00132751E-04
  -8.00132751E-04
  -6.99996948E-04
  -4.99725342E-04
  -4.00543213E-04
  -3.99589539E-04
  -3.00407410E-04
  -2.99453735E-04
  -2.00271606E-04
  -2.00271606E-04
  -1.00135803E-04
   0.00000000    
   0.00000000    
   1.99317932E-04
   2.00271606E-04
   2.99453735E-04
   3.00407410E-04
   3.99589539E-04
   4.99725342E-04
   5.99861145E-04
   8.00132751E-04
   8.99314880E-04
   8.99314880E-04
   9.99450684E-04
   1.10054016E-03
   1.10054016E-03
   1.20067596E-03
   1.29985809E-03
   1.29985809E-03
   1.29985809E-03
   1.29985809E-03
   1.39999390E-03
   1.39999390E-03
   1.50012970E-03
   1.60026550E-03
   1.60026550E-03
   1.60026550E-03
   1.79958344E-03
   1.79958344E-03
   1.79958344E-03
   1.89971924E-03
   1.99985504E-03
   1.99985504E-03
   1.99985504E-03
   2.09999084E-03
   2.09999084E-03
   2.20012665E-03
   2.20012665E-03
   2.40039825E-03
   2.50053406E-03
   2.60066986E-03
   2.69985199E-03
   2.79998779E-03
   2.79998779E-03
   2.79998779E-03
   2.90012360E-03
   2.99930573E-03
   3.00025940E-03
   3.00025940E-03
   3.00025940E-03
   3.00025940E-03
   3.10039520E-03
   3.19957733E-03
   3.39984894E-03
   3.39984894E-03
   3.49998474E-03
   3.49998474E-03
   3.60012054E-03
   3.70025635E-03
   3.80039215E-03
   3.89957428E-03
   3.99971008E-03
   4.09984589E-03
   4.19998169E-03
   4.30011749E-03
   4.30011749E-03
   4.40025330E-03
   4.60052490E-03
   4.69970703E-03
   4.70066071E-03
   4.70066071E-03
   4.89997864E-03
   5.19943237E-03
   5.19943237E-03
   5.20038605E-03
   5.29956818E-03
   5.59997559E-03
   5.70011139E-03
   5.70011139E-03
   5.79929352E-03
   5.79929352E-03
   5.89942932E-03
   5.90038300E-03
   6.10065460E-03
   6.29997253E-03
   6.29997253E-03
   6.60037994E-03
   6.69956207E-03
   6.79969788E-03
   6.89983368E-03
   6.99996948E-03
   6.99996948E-03
   7.09915161E-03
   7.20024109E-03
   7.30037689E-03
   7.39955902E-03
   7.69996643E-03
   7.90023804E-03
   7.99942017E-03
   8.00037384E-03
   8.50009918E-03
   8.59928131E-03
   9.29927826E-03
   1.00002289E-02
   1.00002289E-02
   1.06000900E-02
   1.10998154E-02
   1.21002197E-02
   1.22995377E-02
   1.24998093E-02
   1.69000626E-02
   2.38008499E-02
   9.39998627E-02
