#Npts     Radius    Mag      Completeness
#  236 2880.5193  -14.599000 1.000000
# Verr
  -2.04000473E-02
  -1.99003220E-02
  -1.49002075E-02
  -1.48000717E-02
  -1.45006180E-02
  -1.45006180E-02
  -1.44004822E-02
  -1.36003494E-02
  -1.35002136E-02
  -1.34992599E-02
  -1.22995377E-02
  -1.22003555E-02
  -1.17998123E-02
  -1.03006363E-02
  -1.01003647E-02
  -1.00002289E-02
  -9.90009308E-03
  -9.90009308E-03
  -9.79995728E-03
  -9.69982147E-03
  -9.39941406E-03
  -8.99982452E-03
  -8.99982452E-03
  -8.29982758E-03
  -8.00037384E-03
  -7.39955902E-03
  -7.20024109E-03
  -7.20024109E-03
  -7.20024109E-03
  -6.89983368E-03
  -6.79969788E-03
  -6.70051575E-03
  -6.40010834E-03
  -6.40010834E-03
  -6.29997253E-03
  -6.10065460E-03
  -6.09970093E-03
  -6.09970093E-03
  -5.79929352E-03
  -5.70011139E-03
  -5.59997559E-03
  -5.50079346E-03
  -5.50079346E-03
  -5.40065765E-03
  -5.39970398E-03
  -5.10025024E-03
  -4.69970703E-03
  -4.59957123E-03
  -4.49943542E-03
  -4.40025330E-03
  -4.40025330E-03
  -4.29916382E-03
  -4.29916382E-03
  -4.19998169E-03
  -4.09984589E-03
  -4.00066376E-03
  -3.90052795E-03
  -3.89957428E-03
  -3.79943848E-03
  -3.60012054E-03
  -3.49998474E-03
  -3.49998474E-03
  -3.49998474E-03
  -3.49998474E-03
  -3.29971313E-03
  -3.10039520E-03
  -3.09944153E-03
  -3.00025940E-03
  -3.00025940E-03
  -3.00025940E-03
  -2.90012360E-03
  -2.89916992E-03
  -2.79998779E-03
  -2.70080566E-03
  -2.69985199E-03
  -2.69985199E-03
  -2.59971619E-03
  -2.49958038E-03
  -2.30026245E-03
  -2.30026245E-03
  -2.29930878E-03
  -2.29930878E-03
  -2.20012665E-03
  -2.19917297E-03
  -2.09999084E-03
  -2.09999084E-03
  -2.09999084E-03
  -2.09999084E-03
  -2.09999084E-03
  -1.89971924E-03
  -1.60026550E-03
  -1.60026550E-03
  -1.59931183E-03
  -1.39999390E-03
  -1.29985809E-03
  -1.19972229E-03
  -1.19972229E-03
  -1.19972229E-03
  -1.10054016E-03
  -1.10054016E-03
  -9.00268555E-04
  -8.00132751E-04
  -7.99179077E-04
  -6.99996948E-04
  -6.99996948E-04
  -6.99996948E-04
  -5.99861145E-04
  -5.99861145E-04
  -3.99589539E-04
  -3.99589539E-04
  -2.99453735E-04
  -1.99317932E-04
   0.00000000    
   0.00000000    
   2.00271606E-04
   2.99453735E-04
   2.99453735E-04
   3.00407410E-04
   3.99589539E-04
   4.00543213E-04
   4.99725342E-04
   5.00679016E-04
   6.99996948E-04
   6.99996948E-04
   8.00132751E-04
   8.99314880E-04
   9.00268555E-04
   9.00268555E-04
   1.29985809E-03
   1.30081177E-03
   1.39999390E-03
   1.50012970E-03
   1.80053711E-03
   2.09999084E-03
   2.20012665E-03
   2.20012665E-03
   2.20012665E-03
   2.50053406E-03
   2.59971619E-03
   2.59971619E-03
   2.89916992E-03
   3.00025940E-03
   3.10039520E-03
   3.19957733E-03
   3.20053101E-03
   3.29971313E-03
   3.29971313E-03
   3.30066681E-03
   3.40080261E-03
   3.49998474E-03
   3.49998474E-03
   3.49998474E-03
   3.60012054E-03
   3.69930267E-03
   3.70025635E-03
   3.89957428E-03
   3.89957428E-03
   3.90052795E-03
   3.90052795E-03
   3.99971008E-03
   3.99971008E-03
   4.00066376E-03
   4.09984589E-03
   4.09984589E-03
   4.19998169E-03
   4.19998169E-03
   4.19998169E-03
   4.30011749E-03
   4.30011749E-03
   4.40025330E-03
   4.60052490E-03
   4.60052490E-03
   4.60052490E-03
   4.69970703E-03
   4.79984283E-03
   4.79984283E-03
   4.89997864E-03
   5.10025024E-03
   5.30052185E-03
   5.49983978E-03
   5.50079346E-03
   5.70011139E-03
   6.00051880E-03
   6.09970093E-03
   6.09970093E-03
   6.20079041E-03
   6.29997253E-03
   6.40010834E-03
   6.50024414E-03
   6.59942627E-03
   6.69956207E-03
   6.89983368E-03
   7.09915161E-03
   7.10010529E-03
   7.10010529E-03
   7.10010529E-03
   7.19928741E-03
   7.20024109E-03
   7.29942322E-03
   7.29942322E-03
   7.40051270E-03
   7.50064850E-03
   7.59983063E-03
   7.79914856E-03
   7.99942017E-03
   8.29982758E-03
   8.39996338E-03
   8.79955292E-03
   9.30023193E-03
   9.40036774E-03
   9.60063934E-03
   9.69982147E-03
   9.69982147E-03
   9.79995728E-03
   9.90009308E-03
   9.90009308E-03
   1.01003647E-02
   1.01003647E-02
   1.02005005E-02
   1.04999542E-02
   1.08995438E-02
   1.14002228E-02
   1.14002228E-02
   1.18999481E-02
   1.21002197E-02
   1.25999451E-02
   1.30004883E-02
   1.31006241E-02
   1.38998032E-02
   1.45998001E-02
   1.57995224E-02
   1.64995193E-02
   1.73006058E-02
   2.06003189E-02
   2.50997543E-02
  0.347900391    
