#Npts     Radius    Mag      Completeness
#  186  633.7142  -14.324500 0.989362
# Verr
  -2.16999054E-02
  -1.97000504E-02
  -1.90000534E-02
  -1.84001923E-02
  -1.72996521E-02
  -1.46999359E-02
  -1.45998001E-02
  -1.45998001E-02
  -1.17998123E-02
  -1.17998123E-02
  -1.13000870E-02
  -1.11999512E-02
  -1.10998154E-02
  -1.10998154E-02
  -1.10006332E-02
  -1.07002258E-02
  -1.01995468E-02
  -9.69982147E-03
  -9.69982147E-03
  -9.30023193E-03
  -9.20009613E-03
  -8.90064240E-03
  -8.29982758E-03
  -8.10050964E-03
  -8.00037384E-03
  -7.69996643E-03
  -7.50064850E-03
  -7.49969482E-03
  -7.49969482E-03
  -7.40051270E-03
  -7.30037689E-03
  -6.79969788E-03
  -6.70051575E-03
  -6.60037994E-03
  -6.09970093E-03
  -5.80024719E-03
  -5.59997559E-03
  -5.49983978E-03
  -5.39970398E-03
  -5.30052185E-03
  -5.09929657E-03
  -5.00011444E-03
  -4.89997864E-03
  -4.79984283E-03
  -4.79984283E-03
  -4.60052490E-03
  -4.50038910E-03
  -4.30011749E-03
  -4.09984589E-03
  -3.80039215E-03
  -3.70025635E-03
  -3.20053101E-03
  -3.09944153E-03
  -3.00025940E-03
  -2.90012360E-03
  -2.79998779E-03
  -2.79998779E-03
  -2.79998779E-03
  -2.59971619E-03
  -2.49958038E-03
  -2.49958038E-03
  -2.40039825E-03
  -2.39944458E-03
  -2.20012665E-03
  -1.89971924E-03
  -1.89971924E-03
  -1.80053711E-03
  -1.69944763E-03
  -1.60026550E-03
  -1.50012970E-03
  -1.39999390E-03
  -1.20067596E-03
  -1.10054016E-03
  -1.09958649E-03
  -1.00040436E-03
  -9.99450684E-04
  -9.00268555E-04
  -9.00268555E-04
  -9.00268555E-04
  -8.00132751E-04
  -8.00132751E-04
  -6.99996948E-04
  -4.99725342E-04
  -4.99725342E-04
  -3.99589539E-04
  -1.99317932E-04
  -1.00135803E-04
   1.00135803E-04
   4.99725342E-04
   5.99861145E-04
   6.99996948E-04
   6.99996948E-04
   8.00132751E-04
   8.00132751E-04
   1.39999390E-03
   1.60026550E-03
   1.99985504E-03
   2.09999084E-03
   2.09999084E-03
   2.30026245E-03
   2.30026245E-03
   2.30026245E-03
   2.30026245E-03
   2.49958038E-03
   2.50053406E-03
   2.59971619E-03
   2.59971619E-03
   2.79998779E-03
   2.79998779E-03
   2.90012360E-03
   2.99930573E-03
   2.99930573E-03
   3.00025940E-03
   3.00025940E-03
   3.49998474E-03
   3.60012054E-03
   3.60012054E-03
   3.60012054E-03
   3.70025635E-03
   3.70025635E-03
   3.70025635E-03
   3.79943848E-03
   3.90052795E-03
   3.90052795E-03
   3.99971008E-03
   4.10079956E-03
   4.39929962E-03
   4.60052490E-03
   5.20038605E-03
   5.20038605E-03
   5.80024719E-03
   5.80024719E-03
   6.09970093E-03
   6.40010834E-03
   6.40010834E-03
   6.79969788E-03
   6.80065155E-03
   7.10010529E-03
   7.39955902E-03
   7.39955902E-03
   7.60078430E-03
   7.80010223E-03
   8.09955597E-03
   8.29982758E-03
   8.39996338E-03
   8.99982452E-03
   9.19914246E-03
   9.20009613E-03
   9.20009613E-03
   9.39941406E-03
   9.90009308E-03
   9.99927521E-03
   1.00002289E-02
   1.00002289E-02
   1.02996826E-02
   1.02996826E-02
   1.03006363E-02
   1.04999542E-02
   1.05991364E-02
   1.14002228E-02
   1.17998123E-02
   1.24998093E-02
   1.29003525E-02
   1.31998062E-02
   1.34000778E-02
   1.36003494E-02
   1.50995255E-02
   1.58004761E-02
   1.59997940E-02
   1.69000626E-02
   1.88999176E-02
   1.91001892E-02
   2.29997635E-02
   2.34994888E-02
   2.76002884E-02
   2.95000076E-02
   3.43999863E-02
   4.02994156E-02
   4.19006348E-02
   4.36000824E-02
   4.57000732E-02
   6.45008087E-02
   8.50000381E-02
  0.116400719    
  0.157600403    
  0.242400169    
