#Npts     Radius    Mag      Completeness
#  149  432.0779  -14.873500 0.980263
# Verr
 -0.119200706    
  -5.31997681E-02
  -3.03001404E-02
  -2.71005630E-02
  -1.77001953E-02
  -1.42993927E-02
  -1.27000809E-02
  -1.14994049E-02
  -1.02996826E-02
  -9.69982147E-03
  -9.49954987E-03
  -8.00037384E-03
  -7.90023804E-03
  -7.89928436E-03
  -7.69996643E-03
  -7.60078430E-03
  -7.50064850E-03
  -7.19928741E-03
  -7.10010529E-03
  -7.10010529E-03
  -6.99996948E-03
  -6.89983368E-03
  -6.49929047E-03
  -6.40010834E-03
  -6.39915466E-03
  -5.80024719E-03
  -5.80024719E-03
  -5.70011139E-03
  -5.70011139E-03
  -5.70011139E-03
  -5.59997559E-03
  -5.30052185E-03
  -5.10025024E-03
  -5.10025024E-03
  -4.79984283E-03
  -4.30011749E-03
  -4.29916382E-03
  -4.19998169E-03
  -3.49998474E-03
  -3.49998474E-03
  -3.39984894E-03
  -3.39984894E-03
  -3.30066681E-03
  -3.00025940E-03
  -2.60066986E-03
  -2.60066986E-03
  -1.90067291E-03
  -1.80053711E-03
  -1.80053711E-03
  -1.70040131E-03
  -1.59931183E-03
  -1.50012970E-03
  -1.19972229E-03
  -1.09958649E-03
  -1.09958649E-03
  -9.00268555E-04
  -8.99314880E-04
  -8.00132751E-04
  -4.99725342E-04
  -4.99725342E-04
  -3.00407410E-04
  -3.00407410E-04
  -1.00135803E-04
  -1.00135803E-04
   3.00407410E-04
   3.99589539E-04
   4.00543213E-04
   6.99996948E-04
   8.00132751E-04
   9.00268555E-04
   9.99450684E-04
   1.10054016E-03
   1.10054016E-03
   1.50012970E-03
   1.50012970E-03
   1.70040131E-03
   1.90067291E-03
   2.09999084E-03
   2.09999084E-03
   2.09999084E-03
   2.40039825E-03
   2.69985199E-03
   2.90012360E-03
   3.60012054E-03
   3.69930267E-03
   3.99971008E-03
   4.09984589E-03
   4.29916382E-03
   4.49943542E-03
   4.59957123E-03
   4.60052490E-03
   4.89997864E-03
   5.20038605E-03
   5.30052185E-03
   5.39970398E-03
   5.39970398E-03
   5.70011139E-03
   5.70011139E-03
   6.00051880E-03
   6.29997253E-03
   6.89983368E-03
   7.09915161E-03
   7.30037689E-03
   7.30037689E-03
   8.39996338E-03
   8.80050659E-03
   1.04999542E-02
   1.06000900E-02
   1.09996796E-02
   1.15995407E-02
   1.21994019E-02
   1.22995377E-02
   1.25999451E-02
   1.29003525E-02
   1.44004822E-02
   1.51004791E-02
   1.52006149E-02
   1.63002014E-02
   1.63993835E-02
   1.74999237E-02
   1.83000565E-02
   1.83992386E-02
   2.08997726E-02
   2.21996307E-02
   2.54001617E-02
   2.77004242E-02
   3.12995911E-02
   3.32002640E-02
   3.41997147E-02
   3.52001190E-02
   3.57999802E-02
   3.82995605E-02
   4.02994156E-02
   4.77991104E-02
   5.35993576E-02
   5.58004379E-02
   9.06000137E-02
   9.35001373E-02
  0.103499413    
  0.106999397    
  0.108399391    
  0.108699799    
  0.109300613    
  0.110600471    
  0.142600060    
  0.196000099    
  0.216799736    
  0.304200172    
  0.472800255    
