#Npts     Radius    Mag      Completeness
#  185  633.7142  -14.873500 1.000000
# Verr
  -1.38998032E-02
  -1.36003494E-02
  -1.31998062E-02
  -1.23996735E-02
  -1.18999481E-02
  -1.15003586E-02
  -1.07002258E-02
  -9.79995728E-03
  -9.69982147E-03
  -9.69982147E-03
  -9.40036774E-03
  -9.20009613E-03
  -8.99982452E-03
  -8.70037079E-03
  -8.50009918E-03
  -8.50009918E-03
  -8.39996338E-03
  -8.20064545E-03
  -8.10050964E-03
  -7.99942017E-03
  -7.59983063E-03
  -7.59983063E-03
  -7.49969482E-03
  -7.30037689E-03
  -7.30037689E-03
  -7.20024109E-03
  -7.10010529E-03
  -6.99996948E-03
  -6.69956207E-03
  -6.50024414E-03
  -6.40010834E-03
  -6.29997253E-03
  -6.29997253E-03
  -6.20079041E-03
  -6.19983673E-03
  -6.09970093E-03
  -6.00051880E-03
  -5.90038300E-03
  -5.80024719E-03
  -5.70011139E-03
  -5.59997559E-03
  -5.49983978E-03
  -5.39970398E-03
  -5.39970398E-03
  -5.20038605E-03
  -4.89997864E-03
  -4.79984283E-03
  -4.69970703E-03
  -4.50038910E-03
  -4.40025330E-03
  -4.30011749E-03
  -4.19998169E-03
  -3.99971008E-03
  -3.90052795E-03
  -3.89957428E-03
  -3.80039215E-03
  -3.80039215E-03
  -3.70025635E-03
  -3.70025635E-03
  -3.60012054E-03
  -3.49998474E-03
  -3.30066681E-03
  -3.30066681E-03
  -2.79998779E-03
  -2.59971619E-03
  -2.50053406E-03
  -2.50053406E-03
  -2.50053406E-03
  -2.40039825E-03
  -2.09999084E-03
  -1.99985504E-03
  -1.70040131E-03
  -1.60026550E-03
  -1.60026550E-03
  -1.50012970E-03
  -1.39999390E-03
  -1.10054016E-03
  -1.09958649E-03
  -1.09958649E-03
  -1.00040436E-03
  -1.00040436E-03
  -6.99996948E-04
  -6.00814819E-04
  -5.99861145E-04
  -4.99725342E-04
  -4.99725342E-04
  -3.99589539E-04
  -3.00407410E-04
  -2.99453735E-04
  -2.99453735E-04
  -2.00271606E-04
  -2.00271606E-04
  -1.00135803E-04
   0.00000000    
   2.99453735E-04
   3.99589539E-04
   3.99589539E-04
   4.99725342E-04
   6.99996948E-04
   6.99996948E-04
   8.00132751E-04
   8.00132751E-04
   1.09958649E-03
   1.09958649E-03
   1.10054016E-03
   1.19972229E-03
   1.39999390E-03
   1.39999390E-03
   1.69944763E-03
   1.69944763E-03
   1.70040131E-03
   1.79958344E-03
   1.99985504E-03
   2.30026245E-03
   2.40039825E-03
   2.50053406E-03
   2.59971619E-03
   2.60066986E-03
   3.09944153E-03
   3.09944153E-03
   3.19957733E-03
   3.19957733E-03
   3.19957733E-03
   3.29971313E-03
   3.29971313E-03
   3.39984894E-03
   3.40080261E-03
   3.49998474E-03
   3.60012054E-03
   3.70025635E-03
   3.79943848E-03
   3.79943848E-03
   3.80039215E-03
   3.89957428E-03
   3.90052795E-03
   4.09984589E-03
   4.19998169E-03
   4.50038910E-03
   5.00011444E-03
   5.20038605E-03
   5.39970398E-03
   5.39970398E-03
   5.69915771E-03
   5.80024719E-03
   5.80024719E-03
   5.99956512E-03
   6.00051880E-03
   6.09970093E-03
   6.19983673E-03
   6.19983673E-03
   6.40010834E-03
   6.40010834E-03
   6.49929047E-03
   6.50024414E-03
   7.69996643E-03
   7.89928436E-03
   8.00037384E-03
   8.00037384E-03
   1.02005005E-02
   1.07002258E-02
   1.14994049E-02
   1.17998123E-02
   1.20000839E-02
   1.23004913E-02
   1.24998093E-02
   1.41000748E-02
   1.63002014E-02
   1.65996552E-02
   1.65996552E-02
   1.85003281E-02
   1.90000534E-02
   2.04000473E-02
   2.29997635E-02
   2.76994705E-02
   2.89001465E-02
   3.41997147E-02
   3.74994278E-02
   3.96003723E-02
   4.03995514E-02
   4.19006348E-02
   4.52003479E-02
   4.67996597E-02
   5.17997742E-02
   6.74991608E-02
  0.124400139    
