#Npts     Radius    Mag      Completeness
#  226 2880.5193  -14.873500 0.978355
# Verr
  -2.11000443E-02
  -1.97000504E-02
  -1.83000565E-02
  -1.71003342E-02
  -1.50003433E-02
  -1.43003464E-02
  -1.36995316E-02
  -1.18999481E-02
  -1.18999481E-02
  -1.15003586E-02
  -1.09996796E-02
  -1.06000900E-02
  -1.00002289E-02
  -9.60063934E-03
  -9.09996033E-03
  -8.80050659E-03
  -8.80050659E-03
  -8.79955292E-03
  -8.79955292E-03
  -8.39996338E-03
  -8.30078125E-03
  -8.30078125E-03
  -8.29982758E-03
  -8.19969177E-03
  -8.09955597E-03
  -7.69996643E-03
  -7.69996643E-03
  -7.59983063E-03
  -7.59983063E-03
  -7.20024109E-03
  -7.20024109E-03
  -7.10010529E-03
  -6.60037994E-03
  -6.60037994E-03
  -6.50024414E-03
  -6.09970093E-03
  -5.80024719E-03
  -5.59997559E-03
  -5.59997559E-03
  -5.30052185E-03
  -5.20038605E-03
  -4.79984283E-03
  -4.79984283E-03
  -4.50038910E-03
  -4.49943542E-03
  -4.40025330E-03
  -4.40025330E-03
  -4.30011749E-03
  -4.30011749E-03
  -4.19998169E-03
  -4.19998169E-03
  -4.10079956E-03
  -4.00066376E-03
  -3.90052795E-03
  -3.80039215E-03
  -3.70025635E-03
  -3.60012054E-03
  -3.60012054E-03
  -3.60012054E-03
  -3.49998474E-03
  -3.49998474E-03
  -3.30066681E-03
  -3.30066681E-03
  -3.29971313E-03
  -3.20053101E-03
  -3.10039520E-03
  -3.09944153E-03
  -3.00025940E-03
  -3.00025940E-03
  -3.00025940E-03
  -2.79998779E-03
  -2.69985199E-03
  -2.69985199E-03
  -2.59971619E-03
  -2.40039825E-03
  -2.30026245E-03
  -2.20012665E-03
  -2.09999084E-03
  -2.09999084E-03
  -1.99985504E-03
  -1.99985504E-03
  -1.89971924E-03
  -1.89971924E-03
  -1.79958344E-03
  -1.79958344E-03
  -1.70040131E-03
  -1.70040131E-03
  -1.59931183E-03
  -1.29985809E-03
  -1.20067596E-03
  -1.19972229E-03
  -1.19972229E-03
  -1.09958649E-03
  -1.09958649E-03
  -9.99450684E-04
  -9.00268555E-04
  -8.00132751E-04
  -8.00132751E-04
  -6.99996948E-04
  -6.99996948E-04
  -5.99861145E-04
  -4.99725342E-04
  -4.99725342E-04
  -4.00543213E-04
  -3.99589539E-04
  -3.00407410E-04
  -2.99453735E-04
  -1.00135803E-04
  -1.00135803E-04
   0.00000000    
   1.00135803E-04
   1.99317932E-04
   2.00271606E-04
   2.00271606E-04
   2.00271606E-04
   2.99453735E-04
   2.99453735E-04
   3.00407410E-04
   3.00407410E-04
   4.00543213E-04
   4.99725342E-04
   5.00679016E-04
   5.00679016E-04
   5.99861145E-04
   5.99861145E-04
   6.00814819E-04
   6.99996948E-04
   6.99996948E-04
   6.99996948E-04
   8.00132751E-04
   8.00132751E-04
   9.99450684E-04
   1.09958649E-03
   1.10054016E-03
   1.19972229E-03
   1.19972229E-03
   1.20067596E-03
   1.29985809E-03
   1.39999390E-03
   1.39999390E-03
   1.39999390E-03
   1.50012970E-03
   1.69944763E-03
   1.70040131E-03
   1.79958344E-03
   1.79958344E-03
   1.80053711E-03
   1.89971924E-03
   1.89971924E-03
   1.99985504E-03
   1.99985504E-03
   1.99985504E-03
   2.39944458E-03
   2.40039825E-03
   2.40039825E-03
   2.50053406E-03
   2.59971619E-03
   2.69985199E-03
   2.79998779E-03
   2.79998779E-03
   2.90012360E-03
   3.00025940E-03
   3.19957733E-03
   3.19957733E-03
   3.20053101E-03
   3.29971313E-03
   3.40080261E-03
   3.49998474E-03
   3.49998474E-03
   3.60012054E-03
   3.60012054E-03
   3.69930267E-03
   3.79943848E-03
   3.99971008E-03
   4.10079956E-03
   4.19998169E-03
   4.19998169E-03
   4.19998169E-03
   4.39929962E-03
   4.50038910E-03
   4.69970703E-03
   4.69970703E-03
   5.00011444E-03
   5.00011444E-03
   5.09929657E-03
   5.09929657E-03
   5.20038605E-03
   6.00051880E-03
   6.19983673E-03
   6.29997253E-03
   6.40010834E-03
   6.69956207E-03
   6.69956207E-03
   6.70051575E-03
   6.79969788E-03
   7.10010529E-03
   7.39955902E-03
   7.50064850E-03
   7.69996643E-03
   7.69996643E-03
   7.80010223E-03
   8.09955597E-03
   8.20064545E-03
   8.30078125E-03
   8.59928131E-03
   8.79955292E-03
   8.89968872E-03
   9.30023193E-03
   9.59968567E-03
   1.08995438E-02
   1.27000809E-02
   1.43003464E-02
   1.43995285E-02
   1.63002014E-02
   1.65004730E-02
   1.66006088E-02
   1.77001953E-02
   1.84001923E-02
   2.06995010E-02
   2.19993591E-02
   2.27003098E-02
   2.39000320E-02
   2.88000107E-02
   3.64999771E-02
   7.99999237E-02
  0.232999802    
