#Npts     Radius    Mag      Completeness
#  255  835.3506  -14.050000 1.000000
# Verr
  -5.97000122E-02
  -2.27994919E-02
  -2.15997696E-02
  -2.15997696E-02
  -2.12001801E-02
  -2.06995010E-02
  -2.00996399E-02
  -1.93004608E-02
  -1.86004639E-02
  -1.83000565E-02
  -1.80997849E-02
  -1.79004669E-02
  -1.66006088E-02
  -1.58996582E-02
  -1.52006149E-02
  -1.38998032E-02
  -1.37996674E-02
  -1.36995316E-02
  -1.35002136E-02
  -1.31006241E-02
  -1.25999451E-02
  -1.23996735E-02
  -1.23996735E-02
  -1.20000839E-02
  -1.18999481E-02
  -1.14002228E-02
  -1.14002228E-02
  -1.14002228E-02
  -1.08995438E-02
  -1.05991364E-02
  -1.03006363E-02
  -1.01995468E-02
  -9.90009308E-03
  -9.90009308E-03
  -9.60063934E-03
  -9.59968567E-03
  -9.49954987E-03
  -9.39941406E-03
  -9.30023193E-03
  -8.89968872E-03
  -8.60023499E-03
  -8.10050964E-03
  -8.10050964E-03
  -7.90023804E-03
  -7.89928436E-03
  -7.80010223E-03
  -7.80010223E-03
  -7.69996643E-03
  -7.40051270E-03
  -7.40051270E-03
  -6.90078735E-03
  -6.40010834E-03
  -6.29997253E-03
  -6.09970093E-03
  -5.99956512E-03
  -5.90038300E-03
  -5.89942932E-03
  -5.79929352E-03
  -5.49983978E-03
  -4.79984283E-03
  -4.60052490E-03
  -4.50038910E-03
  -4.40025330E-03
  -4.09984589E-03
  -4.00066376E-03
  -3.99971008E-03
  -3.99971008E-03
  -3.90052795E-03
  -3.60012054E-03
  -3.49998474E-03
  -3.49998474E-03
  -3.49998474E-03
  -3.49998474E-03
  -3.49998474E-03
  -3.49998474E-03
  -3.40080261E-03
  -3.39984894E-03
  -3.29971313E-03
  -3.29971313E-03
  -3.10039520E-03
  -3.00025940E-03
  -2.99930573E-03
  -2.99930573E-03
  -2.90012360E-03
  -2.90012360E-03
  -2.79998779E-03
  -2.79998779E-03
  -2.59971619E-03
  -2.30026245E-03
  -2.09999084E-03
  -1.80053711E-03
  -1.70040131E-03
  -1.70040131E-03
  -1.70040131E-03
  -1.69944763E-03
  -1.50012970E-03
  -1.50012970E-03
  -1.49917603E-03
  -1.39999390E-03
  -1.19972229E-03
  -1.19972229E-03
  -1.09958649E-03
  -1.00040436E-03
  -9.00268555E-04
  -8.00132751E-04
  -5.99861145E-04
  -5.99861145E-04
  -5.99861145E-04
  -5.00679016E-04
  -4.99725342E-04
  -4.00543213E-04
  -3.00407410E-04
  -2.99453735E-04
  -2.00271606E-04
  -1.00135803E-04
  -1.00135803E-04
  -9.91821289E-05
   0.00000000    
   0.00000000    
   1.00135803E-04
   2.00271606E-04
   2.00271606E-04
   2.99453735E-04
   2.99453735E-04
   2.99453735E-04
   3.99589539E-04
   5.99861145E-04
   6.99996948E-04
   8.00132751E-04
   9.00268555E-04
   9.99450684E-04
   1.00040436E-03
   1.09958649E-03
   1.29985809E-03
   1.39999390E-03
   1.39999390E-03
   1.60026550E-03
   1.60026550E-03
   1.60026550E-03
   1.69944763E-03
   1.69944763E-03
   1.79958344E-03
   1.79958344E-03
   1.80053711E-03
   1.89971924E-03
   1.90067291E-03
   1.90067291E-03
   1.90067291E-03
   1.99985504E-03
   1.99985504E-03
   2.09999084E-03
   2.09999084E-03
   2.09999084E-03
   2.09999084E-03
   2.19917297E-03
   2.30026245E-03
   2.50053406E-03
   2.59971619E-03
   2.69985199E-03
   2.79998779E-03
   2.79998779E-03
   2.90012360E-03
   2.90012360E-03
   2.99930573E-03
   3.00025940E-03
   3.00025940E-03
   3.09944153E-03
   3.09944153E-03
   3.29971313E-03
   3.29971313E-03
   3.49998474E-03
   3.49998474E-03
   3.49998474E-03
   3.49998474E-03
   3.49998474E-03
   3.60012054E-03
   3.60012054E-03
   3.60012054E-03
   3.60012054E-03
   3.79943848E-03
   3.79943848E-03
   3.89957428E-03
   3.99971008E-03
   4.19998169E-03
   4.30011749E-03
   4.30011749E-03
   4.49943542E-03
   4.50038910E-03
   4.59957123E-03
   4.59957123E-03
   4.69970703E-03
   4.79984283E-03
   4.89997864E-03
   4.89997864E-03
   5.00011444E-03
   5.19943237E-03
   5.19943237E-03
   5.19943237E-03
   5.39970398E-03
   5.39970398E-03
   5.49983978E-03
   5.70011139E-03
   5.80024719E-03
   5.90038300E-03
   6.00051880E-03
   6.00051880E-03
   6.19983673E-03
   6.90078735E-03
   7.10010529E-03
   7.49969482E-03
   7.80010223E-03
   7.90023804E-03
   8.09955597E-03
   8.70037079E-03
   9.09996033E-03
   9.30023193E-03
   9.69982147E-03
   1.01995468E-02
   1.04999542E-02
   1.16004944E-02
   1.17998123E-02
   1.18999481E-02
   1.20000839E-02
   1.23004913E-02
   1.32999420E-02
   1.35002136E-02
   1.35002136E-02
   1.37004852E-02
   1.61008835E-02
   1.66006088E-02
   1.67007446E-02
   1.86004639E-02
   1.93004608E-02
   2.25992203E-02
   2.39000320E-02
   2.60000229E-02
   2.69994736E-02
   2.83994675E-02
   3.10001373E-02
   3.69005203E-02
   3.83005142E-02
   4.85000610E-02
   5.63001633E-02
   5.97000122E-02
   6.05001450E-02
   6.33001328E-02
   6.68001175E-02
   8.37993622E-02
  0.131400108    
  0.183600426    
  0.230800629    
  0.245900154    
  0.335500717    
  0.505200386    
  0.568900108    
