#Npts     Radius    Mag      Completeness
#  199  633.7142  -14.050000 0.985148
# Verr
  -2.61001587E-02
  -2.03008652E-02
  -2.00996399E-02
  -1.99995041E-02
  -1.92995071E-02
  -1.84993744E-02
  -1.78003311E-02
  -1.71995163E-02
  -1.67007446E-02
  -1.62992477E-02
  -1.52997971E-02
  -1.50003433E-02
  -1.41000748E-02
  -1.38006210E-02
  -1.36995316E-02
  -1.31998062E-02
  -1.30996704E-02
  -1.27992630E-02
  -1.20000839E-02
  -1.20000839E-02
  -1.00994110E-02
  -1.00002289E-02
  -9.50050354E-03
  -9.30023193E-03
  -9.09996033E-03
  -8.80050659E-03
  -8.29982758E-03
  -8.29982758E-03
  -8.09955597E-03
  -7.90023804E-03
  -7.69996643E-03
  -7.49969482E-03
  -7.30037689E-03
  -7.10010529E-03
  -6.79969788E-03
  -6.50024414E-03
  -6.40010834E-03
  -6.40010834E-03
  -6.29997253E-03
  -6.09970093E-03
  -5.59997559E-03
  -5.29956818E-03
  -5.29956818E-03
  -5.29956818E-03
  -5.29956818E-03
  -4.89997864E-03
  -4.59957123E-03
  -4.50038910E-03
  -4.09984589E-03
  -3.70025635E-03
  -3.40080261E-03
  -3.39984894E-03
  -3.10039520E-03
  -3.10039520E-03
  -3.09944153E-03
  -2.90012360E-03
  -2.89916992E-03
  -2.50053406E-03
  -2.50053406E-03
  -2.49958038E-03
  -2.40039825E-03
  -2.40039825E-03
  -2.39944458E-03
  -2.19917297E-03
  -2.09999084E-03
  -1.89971924E-03
  -1.89971924E-03
  -1.70040131E-03
  -1.70040131E-03
  -1.60026550E-03
  -1.60026550E-03
  -1.59931183E-03
  -1.50012970E-03
  -1.39999390E-03
  -1.29985809E-03
  -1.29985809E-03
  -1.19972229E-03
  -1.09958649E-03
  -1.00040436E-03
  -1.00040436E-03
  -8.99314880E-04
  -8.00132751E-04
  -8.00132751E-04
  -6.99996948E-04
  -5.99861145E-04
  -4.00543213E-04
  -3.99589539E-04
  -2.00271606E-04
  -1.00135803E-04
   2.00271606E-04
   2.00271606E-04
   2.00271606E-04
   2.99453735E-04
   4.00543213E-04
   4.99725342E-04
   5.99861145E-04
   5.99861145E-04
   5.99861145E-04
   5.99861145E-04
   8.00132751E-04
   8.00132751E-04
   8.99314880E-04
   8.99314880E-04
   9.00268555E-04
   1.09958649E-03
   1.29985809E-03
   1.39999390E-03
   1.39999390E-03
   1.39999390E-03
   1.39999390E-03
   1.50012970E-03
   1.60026550E-03
   1.69944763E-03
   1.80053711E-03
   1.89971924E-03
   1.99985504E-03
   2.09999084E-03
   2.09999084E-03
   2.20012665E-03
   2.20012665E-03
   2.29930878E-03
   2.40039825E-03
   2.40039825E-03
   2.59971619E-03
   2.60066986E-03
   2.79998779E-03
   2.99930573E-03
   2.99930573E-03
   3.10039520E-03
   3.30066681E-03
   3.60012054E-03
   4.19998169E-03
   4.29916382E-03
   4.39929962E-03
   4.39929962E-03
   4.49943542E-03
   4.49943542E-03
   4.50038910E-03
   4.50038910E-03
   4.70066071E-03
   4.79984283E-03
   5.29956818E-03
   5.29956818E-03
   5.59997559E-03
   5.79929352E-03
   5.80024719E-03
   6.40010834E-03
   6.40010834E-03
   6.70051575E-03
   6.70051575E-03
   7.20024109E-03
   7.50064850E-03
   7.69996643E-03
   8.60023499E-03
   8.70037079E-03
   8.90064240E-03
   9.59968567E-03
   9.79995728E-03
   1.03006363E-02
   1.09996796E-02
   1.10998154E-02
   1.11999512E-02
   1.13000870E-02
   1.13000870E-02
   1.31998062E-02
   1.39007568E-02
   1.44996643E-02
   1.48000717E-02
   1.50003433E-02
   1.50003433E-02
   1.60007477E-02
   1.65996552E-02
   1.66006088E-02
   1.67999268E-02
   1.67999268E-02
   1.78995132E-02
   1.89008713E-02
   2.07004547E-02
   2.08005905E-02
   2.09007263E-02
   2.47001648E-02
   2.62002945E-02
   2.97994614E-02
   3.50999832E-02
   3.77006531E-02
   3.77998352E-02
   3.85999680E-02
   4.13999557E-02
   4.24003601E-02
   4.85000610E-02
   4.95004654E-02
   5.43994904E-02
   8.65001678E-02
   9.14001465E-02
  0.120600700    
  0.139499664    
  0.169199944    
  0.322899818    
  0.480699539    
