#Npts     Radius    Mag      Completeness
#  227 1238.6233  -14.050000 1.000000
# Verr
  -3.18002701E-02
  -2.13003159E-02
  -2.01005936E-02
  -1.94005966E-02
  -1.85003281E-02
  -1.74999237E-02
  -1.72004700E-02
  -1.59997940E-02
  -1.43995285E-02
  -1.39999390E-02
  -1.28002167E-02
  -1.28002167E-02
  -1.27000809E-02
  -1.24998093E-02
  -1.21002197E-02
  -1.20000839E-02
  -1.20000839E-02
  -1.18007660E-02
  -1.11999512E-02
  -1.10006332E-02
  -1.10006332E-02
  -1.04999542E-02
  -1.04999542E-02
  -1.04007721E-02
  -9.90009308E-03
  -9.79995728E-03
  -9.60063934E-03
  -9.59968567E-03
  -9.30023193E-03
  -9.20009613E-03
  -9.09996033E-03
  -8.90064240E-03
  -8.89968872E-03
  -8.70037079E-03
  -8.59928131E-03
  -8.00037384E-03
  -7.80010223E-03
  -7.70092010E-03
  -7.69996643E-03
  -7.50064850E-03
  -7.29942322E-03
  -6.99996948E-03
  -6.79969788E-03
  -6.60037994E-03
  -6.60037994E-03
  -5.99956512E-03
  -5.49983978E-03
  -5.30052185E-03
  -5.19943237E-03
  -5.00011444E-03
  -4.89997864E-03
  -4.79984283E-03
  -4.70066071E-03
  -4.50038910E-03
  -4.19998169E-03
  -3.99971008E-03
  -3.90052795E-03
  -3.90052795E-03
  -3.80039215E-03
  -3.79943848E-03
  -3.70025635E-03
  -3.69930267E-03
  -3.60012054E-03
  -3.20053101E-03
  -3.10039520E-03
  -3.09944153E-03
  -3.00025940E-03
  -2.90012360E-03
  -2.70080566E-03
  -2.69985199E-03
  -2.60066986E-03
  -2.60066986E-03
  -2.59971619E-03
  -2.59971619E-03
  -2.09999084E-03
  -1.99985504E-03
  -1.89971924E-03
  -1.79958344E-03
  -1.79958344E-03
  -1.50012970E-03
  -1.39999390E-03
  -1.39999390E-03
  -1.20067596E-03
  -1.19972229E-03
  -1.19972229E-03
  -1.10054016E-03
  -1.09958649E-03
  -9.99450684E-04
  -8.00132751E-04
  -6.99996948E-04
  -6.99996948E-04
  -6.00814819E-04
  -6.00814819E-04
  -5.99861145E-04
  -5.99861145E-04
  -5.99861145E-04
  -5.99861145E-04
  -5.99861145E-04
  -5.00679016E-04
  -5.00679016E-04
  -5.00679016E-04
  -5.00679016E-04
  -4.99725342E-04
  -3.99589539E-04
  -3.00407410E-04
  -2.99453735E-04
  -2.99453735E-04
  -2.00271606E-04
  -2.00271606E-04
  -1.00135803E-04
  -1.00135803E-04
  -1.00135803E-04
   0.00000000    
   0.00000000    
   1.00135803E-04
   1.00135803E-04
   2.00271606E-04
   2.99453735E-04
   2.99453735E-04
   3.00407410E-04
   3.99589539E-04
   4.99725342E-04
   4.99725342E-04
   5.99861145E-04
   5.99861145E-04
   5.99861145E-04
   6.00814819E-04
   6.99996948E-04
   6.99996948E-04
   8.99314880E-04
   9.99450684E-04
   1.09958649E-03
   1.09958649E-03
   1.19972229E-03
   1.19972229E-03
   1.20067596E-03
   1.29985809E-03
   1.29985809E-03
   1.50012970E-03
   1.59931183E-03
   1.60026550E-03
   1.69944763E-03
   1.70040131E-03
   1.70040131E-03
   1.70040131E-03
   1.89971924E-03
   1.89971924E-03
   1.99985504E-03
   1.99985504E-03
   2.20012665E-03
   2.30026245E-03
   2.39944458E-03
   2.39944458E-03
   2.39944458E-03
   2.49958038E-03
   2.50053406E-03
   2.50053406E-03
   2.69985199E-03
   2.79998779E-03
   2.79998779E-03
   2.79998779E-03
   2.90012360E-03
   3.10039520E-03
   3.10039520E-03
   3.10039520E-03
   3.19957733E-03
   3.20053101E-03
   3.39984894E-03
   3.39984894E-03
   3.39984894E-03
   3.90052795E-03
   3.90052795E-03
   4.09984589E-03
   4.19998169E-03
   4.49943542E-03
   4.69970703E-03
   4.89997864E-03
   5.10025024E-03
   5.29956818E-03
   5.59997559E-03
   5.99956512E-03
   6.00051880E-03
   6.29997253E-03
   6.30092621E-03
   6.50024414E-03
   6.69956207E-03
   6.89983368E-03
   7.20024109E-03
   7.49969482E-03
   7.50064850E-03
   7.80010223E-03
   7.80010223E-03
   8.19969177E-03
   8.39996338E-03
   8.50009918E-03
   9.79995728E-03
   9.89913940E-03
   1.00994110E-02
   1.02996826E-02
   1.13992691E-02
   1.20000839E-02
   1.23004913E-02
   1.24006271E-02
   1.24006271E-02
   1.27000809E-02
   1.30996704E-02
   1.30996704E-02
   1.31998062E-02
   1.37996674E-02
   1.43995285E-02
   1.53999329E-02
   1.53999329E-02
   1.62000656E-02
   1.74007416E-02
   1.86996460E-02
   1.90000534E-02
   1.91001892E-02
   2.00996399E-02
   2.33001709E-02
   2.49996185E-02
   4.80003357E-02
   8.24003220E-02
   8.68997574E-02
  0.107899666    
  0.133700371    
  0.167799950    
  0.190600395    
