#Npts     Radius    Mag      Completeness
#  149  432.0779  -14.324500 0.973856
# Verr
 -0.218500137    
 -0.138900757    
  -5.53007126E-02
  -1.85003281E-02
  -1.73006058E-02
  -1.69992447E-02
  -1.43995285E-02
  -1.38998032E-02
  -1.17998123E-02
  -1.16996765E-02
  -1.16996765E-02
  -1.14994049E-02
  -1.14002228E-02
  -1.13000870E-02
  -1.06000900E-02
  -1.06000900E-02
  -1.02005005E-02
  -1.00994110E-02
  -9.79995728E-03
  -9.79995728E-03
  -9.30023193E-03
  -9.29927826E-03
  -9.09996033E-03
  -8.79955292E-03
  -8.69941711E-03
  -8.60023499E-03
  -8.19969177E-03
  -8.00037384E-03
  -8.00037384E-03
  -7.80010223E-03
  -7.30037689E-03
  -6.89983368E-03
  -6.80065155E-03
  -6.59942627E-03
  -6.50024414E-03
  -6.09970093E-03
  -6.00051880E-03
  -5.39970398E-03
  -5.30052185E-03
  -5.19943237E-03
  -5.00011444E-03
  -4.59957123E-03
  -4.30011749E-03
  -3.80039215E-03
  -3.60012054E-03
  -3.49998474E-03
  -3.49998474E-03
  -2.60066986E-03
  -2.59971619E-03
  -2.59971619E-03
  -2.40039825E-03
  -1.80053711E-03
  -1.70040131E-03
  -1.60026550E-03
  -1.49917603E-03
  -1.39999390E-03
  -1.39999390E-03
  -8.00132751E-04
  -6.99996948E-04
  -6.99996948E-04
  -5.99861145E-04
  -3.99589539E-04
  -3.00407410E-04
  -3.00407410E-04
  -2.99453735E-04
  -2.00271606E-04
  -1.99317932E-04
  -1.00135803E-04
  -1.00135803E-04
   0.00000000    
   3.99589539E-04
   7.99179077E-04
   1.09958649E-03
   1.39999390E-03
   1.39999390E-03
   1.39999390E-03
   1.50012970E-03
   1.89971924E-03
   1.99985504E-03
   2.39944458E-03
   2.40039825E-03
   2.90012360E-03
   3.60012054E-03
   3.89957428E-03
   3.89957428E-03
   3.89957428E-03
   3.99971008E-03
   4.49943542E-03
   4.69970703E-03
   4.79984283E-03
   4.89997864E-03
   4.89997864E-03
   5.39970398E-03
   5.59997559E-03
   5.90038300E-03
   7.10010529E-03
   7.19928741E-03
   7.20024109E-03
   7.30037689E-03
   8.69941711E-03
   8.70037079E-03
   8.99982452E-03
   9.09996033E-03
   9.30023193E-03
   9.69982147E-03
   1.07002258E-02
   1.23996735E-02
   1.29003525E-02
   1.29003525E-02
   1.48000717E-02
   1.55000687E-02
   1.62992477E-02
   1.80997849E-02
   1.88007355E-02
   1.90000534E-02
   1.90992355E-02
   2.37007141E-02
   2.37998962E-02
   2.39000320E-02
   2.42004395E-02
   2.49996185E-02
   2.97994614E-02
   2.99997330E-02
   3.04994583E-02
   3.42006683E-02
   3.47003937E-02
   3.67002487E-02
   4.75997925E-02
   5.14001846E-02
   5.17997742E-02
   5.31997681E-02
   5.69992065E-02
   6.29997253E-02
   6.50997162E-02
   7.18002319E-02
   7.36999512E-02
   7.98006058E-02
   8.50000381E-02
   8.62998962E-02
  0.138999939    
  0.139100075    
  0.296600342    
  0.359299660    
  0.397200584    
  0.494700432    
  0.508099556    
  0.591099739    
  0.646800041    
  0.659600258    
