#Npts     Radius    Mag      Completeness
#  247 1036.9869  -14.873500 1.000000
# Verr
  -1.67999268E-02
  -1.53999329E-02
  -1.43995285E-02
  -1.29995346E-02
  -1.22003555E-02
  -1.20000839E-02
  -1.18999481E-02
  -1.06000900E-02
  -9.89913940E-03
  -9.69982147E-03
  -9.60063934E-03
  -9.30023193E-03
  -9.09996033E-03
  -8.99982452E-03
  -8.89968872E-03
  -8.80050659E-03
  -8.60023499E-03
  -8.29982758E-03
  -8.00037384E-03
  -8.00037384E-03
  -8.00037384E-03
  -7.60078430E-03
  -7.60078430E-03
  -7.50064850E-03
  -7.49969482E-03
  -7.39955902E-03
  -7.30037689E-03
  -7.20024109E-03
  -7.20024109E-03
  -6.89983368E-03
  -6.89983368E-03
  -6.40010834E-03
  -6.29997253E-03
  -6.20079041E-03
  -6.19983673E-03
  -6.09970093E-03
  -5.90038300E-03
  -5.89942932E-03
  -5.80024719E-03
  -5.79929352E-03
  -5.70011139E-03
  -5.59997559E-03
  -5.49983978E-03
  -5.49983978E-03
  -5.49983978E-03
  -5.39970398E-03
  -5.30052185E-03
  -5.30052185E-03
  -5.19943237E-03
  -5.19943237E-03
  -5.19943237E-03
  -5.19943237E-03
  -5.00011444E-03
  -4.89997864E-03
  -4.79984283E-03
  -4.69970703E-03
  -4.40025330E-03
  -4.40025330E-03
  -4.40025330E-03
  -4.30011749E-03
  -4.19998169E-03
  -4.09984589E-03
  -4.00066376E-03
  -3.99971008E-03
  -3.80039215E-03
  -3.80039215E-03
  -3.69930267E-03
  -3.60012054E-03
  -3.49998474E-03
  -3.49998474E-03
  -3.49998474E-03
  -3.39984894E-03
  -3.39984894E-03
  -3.39984894E-03
  -3.19957733E-03
  -3.19957733E-03
  -3.19957733E-03
  -3.10039520E-03
  -3.00025940E-03
  -2.90012360E-03
  -2.79998779E-03
  -2.69985199E-03
  -2.69985199E-03
  -2.59971619E-03
  -2.50053406E-03
  -2.49958038E-03
  -2.49958038E-03
  -2.39944458E-03
  -2.39944458E-03
  -2.39944458E-03
  -2.30026245E-03
  -2.29930878E-03
  -2.29930878E-03
  -2.09999084E-03
  -1.99985504E-03
  -1.99985504E-03
  -1.90067291E-03
  -1.80053711E-03
  -1.79958344E-03
  -1.70040131E-03
  -1.60026550E-03
  -1.50012970E-03
  -1.50012970E-03
  -1.50012970E-03
  -1.29985809E-03
  -1.00040436E-03
  -9.99450684E-04
  -8.99314880E-04
  -8.00132751E-04
  -8.00132751E-04
  -6.99996948E-04
  -6.99996948E-04
  -6.99996948E-04
  -6.99996948E-04
  -6.99996948E-04
  -5.99861145E-04
  -4.99725342E-04
  -3.99589539E-04
  -2.00271606E-04
  -1.00135803E-04
  -1.00135803E-04
   1.00135803E-04
   1.00135803E-04
   2.00271606E-04
   2.00271606E-04
   2.00271606E-04
   3.99589539E-04
   4.99725342E-04
   5.99861145E-04
   5.99861145E-04
   6.99996948E-04
   6.99996948E-04
   6.99996948E-04
   6.99996948E-04
   8.00132751E-04
   8.00132751E-04
   9.00268555E-04
   9.99450684E-04
   1.00040436E-03
   1.00040436E-03
   1.00040436E-03
   1.10054016E-03
   1.19972229E-03
   1.29985809E-03
   1.39999390E-03
   1.50012970E-03
   1.50012970E-03
   1.69944763E-03
   1.69944763E-03
   1.70040131E-03
   1.79958344E-03
   1.89971924E-03
   2.09999084E-03
   2.09999084E-03
   2.19917297E-03
   2.20012665E-03
   2.20012665E-03
   2.30026245E-03
   2.49958038E-03
   2.49958038E-03
   2.49958038E-03
   2.59971619E-03
   2.69985199E-03
   2.69985199E-03
   2.79998779E-03
   2.79998779E-03
   3.00025940E-03
   3.00025940E-03
   3.09944153E-03
   3.19957733E-03
   3.20053101E-03
   3.29971313E-03
   3.49998474E-03
   3.49998474E-03
   3.60012054E-03
   3.60012054E-03
   3.79943848E-03
   3.89957428E-03
   3.89957428E-03
   3.89957428E-03
   3.90052795E-03
   3.90052795E-03
   3.99971008E-03
   4.09984589E-03
   4.30011749E-03
   4.40025330E-03
   4.49943542E-03
   4.49943542E-03
   4.59957123E-03
   4.69970703E-03
   4.70066071E-03
   4.79984283E-03
   4.79984283E-03
   5.00011444E-03
   5.19943237E-03
   5.29956818E-03
   5.29956818E-03
   5.29956818E-03
   5.30052185E-03
   5.39970398E-03
   5.59997559E-03
   5.59997559E-03
   5.59997559E-03
   5.69915771E-03
   5.70011139E-03
   5.79929352E-03
   5.80024719E-03
   6.40010834E-03
   6.70051575E-03
   6.89983368E-03
   6.89983368E-03
   7.10010529E-03
   7.10010529E-03
   7.49969482E-03
   7.50064850E-03
   7.59983063E-03
   7.69996643E-03
   7.69996643E-03
   7.69996643E-03
   7.80010223E-03
   7.80010223E-03
   8.00037384E-03
   8.19969177E-03
   8.39996338E-03
   8.59928131E-03
   9.09996033E-03
   9.69982147E-03
   9.69982147E-03
   1.00002289E-02
   1.00994110E-02
   1.04999542E-02
   1.04999542E-02
   1.15995407E-02
   1.15995407E-02
   1.36003494E-02
   1.39999390E-02
   1.45998001E-02
   1.50995255E-02
   1.92995071E-02
   2.08005905E-02
   2.40001678E-02
   3.17001343E-02
   4.30002213E-02
   4.46996689E-02
   6.01997375E-02
   6.11000061E-02
  0.131000519    
