#Npts     Radius    Mag      Completeness
#  226  432.0779  -13.270067 0.982609
# Verr
  -9.91001129E-02
  -8.78000259E-02
  -4.06999588E-02
  -2.10990906E-02
  -1.79004669E-02
  -1.53999329E-02
  -1.10998154E-02
  -9.39941406E-03
  -6.99996948E-03
  -6.70051575E-03
  -5.80024719E-03
  -5.79929352E-03
  -5.70011139E-03
  -5.69915771E-03
  -5.59997559E-03
  -5.30052185E-03
  -5.30052185E-03
  -5.29956818E-03
  -5.10025024E-03
  -4.79984283E-03
  -4.79984283E-03
  -4.70066071E-03
  -4.69970703E-03
  -4.30011749E-03
  -3.99971008E-03
  -3.99971008E-03
  -3.99971008E-03
  -3.90052795E-03
  -3.39984894E-03
  -3.20053101E-03
  -3.20053101E-03
  -3.19957733E-03
  -3.10039520E-03
  -3.09944153E-03
  -2.90012360E-03
  -2.90012360E-03
  -2.79998779E-03
  -2.69985199E-03
  -2.60066986E-03
  -2.59971619E-03
  -2.40039825E-03
  -2.40039825E-03
  -2.39944458E-03
  -2.30026245E-03
  -2.30026245E-03
  -2.20012665E-03
  -2.20012665E-03
  -2.20012665E-03
  -2.20012665E-03
  -2.09999084E-03
  -2.09999084E-03
  -2.09999084E-03
  -2.00080872E-03
  -2.00080872E-03
  -1.90067291E-03
  -1.89971924E-03
  -1.80053711E-03
  -1.80053711E-03
  -1.80053711E-03
  -1.79958344E-03
  -1.70040131E-03
  -1.70040131E-03
  -1.69944763E-03
  -1.60026550E-03
  -1.59931183E-03
  -1.50012970E-03
  -1.39999390E-03
  -1.39999390E-03
  -1.29985809E-03
  -1.19972229E-03
  -1.19972229E-03
  -1.10054016E-03
  -1.10054016E-03
  -1.10054016E-03
  -1.10054016E-03
  -1.09958649E-03
  -1.09958649E-03
  -9.99450684E-04
  -9.99450684E-04
  -9.99450684E-04
  -9.99450684E-04
  -9.00268555E-04
  -8.99314880E-04
  -8.00132751E-04
  -8.00132751E-04
  -8.00132751E-04
  -8.00132751E-04
  -8.00132751E-04
  -8.00132751E-04
  -7.99179077E-04
  -6.99996948E-04
  -6.99996948E-04
  -6.99996948E-04
  -5.99861145E-04
  -5.99861145E-04
  -5.99861145E-04
  -5.99861145E-04
  -5.99861145E-04
  -5.00679016E-04
  -4.99725342E-04
  -4.99725342E-04
  -3.99589539E-04
  -3.00407410E-04
  -3.00407410E-04
  -2.99453735E-04
  -2.00271606E-04
  -2.00271606E-04
  -2.00271606E-04
  -1.00135803E-04
  -1.00135803E-04
  -1.00135803E-04
  -9.91821289E-05
   0.00000000    
   1.00135803E-04
   2.00271606E-04
   2.00271606E-04
   2.99453735E-04
   2.99453735E-04
   3.99589539E-04
   4.00543213E-04
   6.00814819E-04
   6.99996948E-04
   6.99996948E-04
   6.99996948E-04
   6.99996948E-04
   9.00268555E-04
   9.00268555E-04
   9.99450684E-04
   9.99450684E-04
   9.99450684E-04
   1.00040436E-03
   1.09958649E-03
   1.09958649E-03
   1.10054016E-03
   1.10054016E-03
   1.29985809E-03
   1.30081177E-03
   1.39999390E-03
   1.50012970E-03
   1.60026550E-03
   1.60026550E-03
   1.60026550E-03
   1.79958344E-03
   1.89971924E-03
   1.89971924E-03
   1.99985504E-03
   1.99985504E-03
   2.09999084E-03
   2.09999084E-03
   2.20012665E-03
   2.30026245E-03
   2.40039825E-03
   2.40039825E-03
   2.59971619E-03
   2.90012360E-03
   2.90012360E-03
   2.99930573E-03
   3.00025940E-03
   3.00025940E-03
   3.49998474E-03
   3.59916687E-03
   3.69930267E-03
   3.70025635E-03
   3.70025635E-03
   3.80039215E-03
   3.89957428E-03
   3.99971008E-03
   4.19998169E-03
   4.40025330E-03
   4.40025330E-03
   4.50038910E-03
   4.59957123E-03
   4.79984283E-03
   4.79984283E-03
   4.79984283E-03
   5.10025024E-03
   5.59997559E-03
   5.70011139E-03
   5.89942932E-03
   6.20079041E-03
   6.50024414E-03
   6.80065155E-03
   6.89983368E-03
   7.29942322E-03
   7.80010223E-03
   8.09955597E-03
   8.19969177E-03
   9.39941406E-03
   9.69982147E-03
   9.69982147E-03
   1.09996796E-02
   1.10006332E-02
   1.13000870E-02
   1.39999390E-02
   1.43003464E-02
   1.51004791E-02
   1.52006149E-02
   1.52997971E-02
   1.59006119E-02
   1.60999298E-02
   1.66006088E-02
   1.83000565E-02
   2.05001831E-02
   2.41003036E-02
   2.62002945E-02
   2.69994736E-02
   2.75001526E-02
   2.81991959E-02
   3.07998657E-02
   3.11002731E-02
   3.32002640E-02
   3.79009247E-02
   4.23002243E-02
   4.29000854E-02
   4.53996658E-02
   4.55999374E-02
   8.46996307E-02
  0.101799965    
  0.150200844    
  0.191900253    
  0.234699249    
  0.244799614    
  0.361700058    
  0.410699844    
  0.543800354    
  0.641200066    
