#Npts     Radius    Mag      Completeness
#  346  835.3506  -12.490133 1.000000
# Verr
 -0.337100029    
  -8.07008743E-02
  -2.92005539E-02
  -2.23007202E-02
  -1.84993744E-02
  -1.80006027E-02
  -1.38998032E-02
  -9.59968567E-03
  -8.89968872E-03
  -8.80050659E-03
  -7.10010529E-03
  -6.70051575E-03
  -6.69956207E-03
  -6.10065460E-03
  -6.10065460E-03
  -5.80024719E-03
  -5.59997559E-03
  -5.40065765E-03
  -5.19943237E-03
  -4.89997864E-03
  -4.89997864E-03
  -4.59957123E-03
  -4.59957123E-03
  -4.49943542E-03
  -4.30011749E-03
  -4.30011749E-03
  -4.30011749E-03
  -4.19998169E-03
  -4.09984589E-03
  -4.00066376E-03
  -3.99971008E-03
  -3.99971008E-03
  -3.70025635E-03
  -3.69930267E-03
  -3.49998474E-03
  -3.49998474E-03
  -3.49998474E-03
  -3.49998474E-03
  -3.39984894E-03
  -3.20053101E-03
  -3.20053101E-03
  -3.19957733E-03
  -3.09944153E-03
  -3.00025940E-03
  -3.00025940E-03
  -2.90012360E-03
  -2.90012360E-03
  -2.90012360E-03
  -2.90012360E-03
  -2.89916992E-03
  -2.79998779E-03
  -2.79998779E-03
  -2.79998779E-03
  -2.70080566E-03
  -2.60066986E-03
  -2.59971619E-03
  -2.50053406E-03
  -2.49958038E-03
  -2.40039825E-03
  -2.40039825E-03
  -2.40039825E-03
  -2.39944458E-03
  -2.39944458E-03
  -2.30026245E-03
  -2.20012665E-03
  -2.20012665E-03
  -2.20012665E-03
  -2.09999084E-03
  -2.09999084E-03
  -2.09999084E-03
  -2.00080872E-03
  -2.00080872E-03
  -1.99985504E-03
  -1.99985504E-03
  -1.99985504E-03
  -1.90067291E-03
  -1.89971924E-03
  -1.80053711E-03
  -1.80053711E-03
  -1.79958344E-03
  -1.70040131E-03
  -1.70040131E-03
  -1.70040131E-03
  -1.70040131E-03
  -1.70040131E-03
  -1.70040131E-03
  -1.70040131E-03
  -1.60026550E-03
  -1.59931183E-03
  -1.50012970E-03
  -1.39999390E-03
  -1.39999390E-03
  -1.39999390E-03
  -1.39999390E-03
  -1.39999390E-03
  -1.39999390E-03
  -1.30081177E-03
  -1.20067596E-03
  -1.19972229E-03
  -1.19972229E-03
  -1.19972229E-03
  -1.19972229E-03
  -1.19972229E-03
  -1.19972229E-03
  -1.09958649E-03
  -1.00040436E-03
  -1.00040436E-03
  -1.00040436E-03
  -9.99450684E-04
  -9.00268555E-04
  -8.00132751E-04
  -8.00132751E-04
  -8.00132751E-04
  -8.00132751E-04
  -6.99996948E-04
  -6.99996948E-04
  -6.99996948E-04
  -6.99996948E-04
  -6.99996948E-04
  -5.99861145E-04
  -5.99861145E-04
  -5.99861145E-04
  -4.99725342E-04
  -4.99725342E-04
  -4.99725342E-04
  -4.99725342E-04
  -4.99725342E-04
  -4.00543213E-04
  -3.99589539E-04
  -3.99589539E-04
  -3.99589539E-04
  -3.00407410E-04
  -3.00407410E-04
  -3.00407410E-04
  -3.00407410E-04
  -3.00407410E-04
  -2.00271606E-04
  -2.00271606E-04
  -1.00135803E-04
  -1.00135803E-04
  -1.00135803E-04
   0.00000000    
   0.00000000    
   1.00135803E-04
   1.00135803E-04
   1.99317932E-04
   1.99317932E-04
   1.99317932E-04
   2.00271606E-04
   2.00271606E-04
   2.00271606E-04
   2.99453735E-04
   2.99453735E-04
   3.00407410E-04
   3.00407410E-04
   3.99589539E-04
   3.99589539E-04
   3.99589539E-04
   3.99589539E-04
   4.00543213E-04
   4.00543213E-04
   4.00543213E-04
   4.00543213E-04
   4.00543213E-04
   4.99725342E-04
   4.99725342E-04
   4.99725342E-04
   4.99725342E-04
   5.00679016E-04
   5.99861145E-04
   5.99861145E-04
   5.99861145E-04
   5.99861145E-04
   5.99861145E-04
   5.99861145E-04
   6.99996948E-04
   6.99996948E-04
   6.99996948E-04
   6.99996948E-04
   6.99996948E-04
   8.00132751E-04
   9.00268555E-04
   9.00268555E-04
   9.00268555E-04
   9.99450684E-04
   9.99450684E-04
   1.00040436E-03
   1.00040436E-03
   1.00040436E-03
   1.09958649E-03
   1.09958649E-03
   1.09958649E-03
   1.10054016E-03
   1.10054016E-03
   1.19972229E-03
   1.19972229E-03
   1.19972229E-03
   1.19972229E-03
   1.20067596E-03
   1.29985809E-03
   1.29985809E-03
   1.29985809E-03
   1.39999390E-03
   1.39999390E-03
   1.39999390E-03
   1.50012970E-03
   1.50012970E-03
   1.50012970E-03
   1.50012970E-03
   1.50012970E-03
   1.50012970E-03
   1.50012970E-03
   1.59931183E-03
   1.59931183E-03
   1.59931183E-03
   1.59931183E-03
   1.69944763E-03
   1.69944763E-03
   1.70040131E-03
   1.70040131E-03
   1.70040131E-03
   1.70040131E-03
   1.89971924E-03
   1.89971924E-03
   1.99985504E-03
   1.99985504E-03
   1.99985504E-03
   1.99985504E-03
   2.09999084E-03
   2.20012665E-03
   2.20012665E-03
   2.20012665E-03
   2.20012665E-03
   2.29930878E-03
   2.30026245E-03
   2.39944458E-03
   2.40039825E-03
   2.40039825E-03
   2.49958038E-03
   2.50053406E-03
   2.50053406E-03
   2.50053406E-03
   2.50053406E-03
   2.59971619E-03
   2.69985199E-03
   2.69985199E-03
   2.79998779E-03
   2.79998779E-03
   2.90012360E-03
   2.90012360E-03
   2.99930573E-03
   3.00025940E-03
   3.09944153E-03
   3.19957733E-03
   3.19957733E-03
   3.19957733E-03
   3.20053101E-03
   3.29971313E-03
   3.29971313E-03
   3.30066681E-03
   3.39984894E-03
   3.39984894E-03
   3.39984894E-03
   3.40080261E-03
   3.49998474E-03
   3.49998474E-03
   3.49998474E-03
   3.49998474E-03
   3.60012054E-03
   3.60012054E-03
   3.70025635E-03
   3.70025635E-03
   3.99971008E-03
   4.09984589E-03
   4.10079956E-03
   4.19998169E-03
   4.30011749E-03
   4.39929962E-03
   4.39929962E-03
   4.50038910E-03
   4.59957123E-03
   4.70066071E-03
   4.89997864E-03
   5.10025024E-03
   5.10025024E-03
   5.20038605E-03
   5.30052185E-03
   5.39970398E-03
   5.70011139E-03
   5.79929352E-03
   5.80024719E-03
   6.00051880E-03
   6.40010834E-03
   6.49929047E-03
   6.60037994E-03
   6.69956207E-03
   7.59983063E-03
   7.69996643E-03
   7.69996643E-03
   7.69996643E-03
   7.80010223E-03
   8.10050964E-03
   8.30078125E-03
   8.39996338E-03
   8.50009918E-03
   8.79955292E-03
   8.79955292E-03
   8.80050659E-03
   9.50050354E-03
   9.69982147E-03
   9.99927521E-03
   1.03006363E-02
   1.06992722E-02
   1.08995438E-02
   1.20000839E-02
   1.20000839E-02
   1.23004913E-02
   1.37996674E-02
   1.41000748E-02
   1.42002106E-02
   1.52997971E-02
   1.66997910E-02
   1.76000595E-02
   1.78995132E-02
   1.93004608E-02
   2.14996338E-02
   2.18000412E-02
   2.20003128E-02
   2.28996277E-02
   2.58007050E-02
   2.63004303E-02
   2.94008255E-02
   3.30991745E-02
   3.53002548E-02
   3.99999619E-02
   4.34007645E-02
   5.91001511E-02
   7.04002380E-02
   7.62004852E-02
   8.59003067E-02
   9.36002731E-02
  0.134099960    
  0.270199776    
  0.323800087    
  0.455100060    
  0.525400162    
