#Npts     Radius    Mag      Completeness
#  233 1843.5323  -14.324500 1.000000
# Verr
  -2.85005569E-02
  -2.11992264E-02
  -2.05001831E-02
  -2.01005936E-02
  -1.99995041E-02
  -1.79996490E-02
  -1.77993774E-02
  -1.76000595E-02
  -1.74999237E-02
  -1.52997971E-02
  -1.41000748E-02
  -1.36003494E-02
  -1.36003494E-02
  -1.28002167E-02
  -1.23996735E-02
  -1.22995377E-02
  -1.21002197E-02
  -1.21002197E-02
  -1.16996765E-02
  -1.07994080E-02
  -1.07002258E-02
  -1.06000900E-02
  -1.02996826E-02
  -1.00002289E-02
  -9.90009308E-03
  -9.90009308E-03
  -9.79995728E-03
  -9.79995728E-03
  -9.70077515E-03
  -9.59968567E-03
  -9.40036774E-03
  -9.40036774E-03
  -8.29982758E-03
  -8.29982758E-03
  -8.29982758E-03
  -8.20064545E-03
  -8.10050964E-03
  -8.09955597E-03
  -7.99942017E-03
  -7.99942017E-03
  -7.99942017E-03
  -7.90023804E-03
  -7.69996643E-03
  -7.59983063E-03
  -7.49969482E-03
  -7.40051270E-03
  -7.20024109E-03
  -7.19928741E-03
  -7.10010529E-03
  -6.89983368E-03
  -6.79969788E-03
  -6.79969788E-03
  -6.79969788E-03
  -6.69956207E-03
  -6.59942627E-03
  -6.50024414E-03
  -6.49929047E-03
  -6.49929047E-03
  -6.39915466E-03
  -6.20079041E-03
  -5.80024719E-03
  -5.79929352E-03
  -5.79929352E-03
  -5.70011139E-03
  -5.39970398E-03
  -5.29956818E-03
  -5.10025024E-03
  -5.10025024E-03
  -5.00011444E-03
  -5.00011444E-03
  -4.89997864E-03
  -4.79984283E-03
  -4.79984283E-03
  -4.50038910E-03
  -4.49943542E-03
  -4.19998169E-03
  -4.19998169E-03
  -3.70025635E-03
  -3.60012054E-03
  -3.49998474E-03
  -3.40080261E-03
  -3.29971313E-03
  -3.20053101E-03
  -3.20053101E-03
  -3.10039520E-03
  -3.09944153E-03
  -3.00025940E-03
  -2.90012360E-03
  -2.90012360E-03
  -2.79998779E-03
  -2.59971619E-03
  -2.59971619E-03
  -2.50053406E-03
  -2.49958038E-03
  -2.49958038E-03
  -2.39944458E-03
  -2.39944458E-03
  -1.99985504E-03
  -1.99985504E-03
  -1.90067291E-03
  -1.89971924E-03
  -1.80053711E-03
  -1.70040131E-03
  -1.70040131E-03
  -1.50012970E-03
  -1.49917603E-03
  -1.29985809E-03
  -9.99450684E-04
  -9.99450684E-04
  -8.00132751E-04
  -6.99996948E-04
  -6.99996948E-04
  -6.00814819E-04
  -5.99861145E-04
  -5.99861145E-04
  -4.00543213E-04
  -3.99589539E-04
  -3.00407410E-04
  -1.99317932E-04
  -1.00135803E-04
  -9.91821289E-05
   0.00000000    
   1.00135803E-04
   1.99317932E-04
   2.00271606E-04
   2.00271606E-04
   2.00271606E-04
   3.00407410E-04
   4.00543213E-04
   4.99725342E-04
   5.99861145E-04
   5.99861145E-04
   6.99996948E-04
   8.99314880E-04
   1.09958649E-03
   1.19972229E-03
   1.39999390E-03
   1.59931183E-03
   1.60026550E-03
   1.60026550E-03
   1.60026550E-03
   1.60026550E-03
   1.69944763E-03
   1.79958344E-03
   1.79958344E-03
   1.80053711E-03
   1.89971924E-03
   1.90067291E-03
   1.99985504E-03
   2.09999084E-03
   2.20012665E-03
   2.20012665E-03
   2.30026245E-03
   2.50053406E-03
   2.50053406E-03
   2.79998779E-03
   2.79998779E-03
   3.00025940E-03
   3.09944153E-03
   3.19957733E-03
   3.19957733E-03
   3.20053101E-03
   3.29971313E-03
   3.29971313E-03
   3.39984894E-03
   3.49998474E-03
   3.49998474E-03
   3.60012054E-03
   3.70025635E-03
   3.80039215E-03
   3.89957428E-03
   4.00066376E-03
   4.19998169E-03
   4.19998169E-03
   4.30011749E-03
   4.40025330E-03
   4.50038910E-03
   4.59957123E-03
   4.60052490E-03
   4.69970703E-03
   4.79984283E-03
   4.89997864E-03
   5.00011444E-03
   5.00011444E-03
   5.10025024E-03
   5.19943237E-03
   5.39970398E-03
   5.70011139E-03
   6.00051880E-03
   6.09970093E-03
   6.19983673E-03
   6.29997253E-03
   6.79969788E-03
   7.10010529E-03
   7.20024109E-03
   8.00037384E-03
   8.29982758E-03
   8.69941711E-03
   8.89968872E-03
   9.20009613E-03
   9.29927826E-03
   9.30023193E-03
   9.30023193E-03
   9.59968567E-03
   1.01003647E-02
   1.02005005E-02
   1.03006363E-02
   1.03998184E-02
   1.04999542E-02
   1.09004974E-02
   1.16004944E-02
   1.18999481E-02
   1.22003555E-02
   1.29003525E-02
   1.29003525E-02
   1.30004883E-02
   1.33991241E-02
   1.47008896E-02
   1.48000717E-02
   1.49993896E-02
   1.51996613E-02
   1.60999298E-02
   1.76000595E-02
   1.85003281E-02
   2.11000443E-02
   2.55002975E-02
   2.85997391E-02
   3.45993042E-02
   4.49008942E-02
   5.86004257E-02
   6.56003952E-02
   9.86003876E-02
  0.129799843    
