#Npts     Radius    Mag      Completeness
# 3214 2886.9617  -11.568000 0.998137
# Ierr
 -0.219499588    
  -8.44001770E-02
  -7.52000809E-02
  -7.49998093E-02
  -6.63995743E-02
  -5.63001633E-02
  -5.50003052E-02
  -5.45997620E-02
  -5.35001755E-02
  -4.83999252E-02
  -4.82997894E-02
  -3.88994217E-02
  -3.84998322E-02
  -3.67994308E-02
  -3.31001282E-02
  -3.20997238E-02
  -3.05995941E-02
  -2.91004181E-02
  -2.83994675E-02
  -2.74000168E-02
  -2.60000229E-02
  -2.58998871E-02
  -2.48003006E-02
  -2.32000351E-02
  -2.26001740E-02
  -2.00004578E-02
  -1.97000504E-02
  -1.73006058E-02
  -1.65004730E-02
  -1.64003372E-02
  -1.63002014E-02
  -1.60999298E-02
  -1.59997940E-02
  -1.57995224E-02
  -1.56002045E-02
  -1.56002045E-02
  -1.53999329E-02
  -1.52997971E-02
  -1.50995255E-02
  -1.50003433E-02
  -1.44004822E-02
  -1.43995285E-02
  -1.43003464E-02
  -1.38998032E-02
  -1.37004852E-02
  -1.36003494E-02
  -1.35002136E-02
  -1.31998062E-02
  -1.31998062E-02
  -1.31006241E-02
  -1.28002167E-02
  -1.25999451E-02
  -1.25999451E-02
  -1.23004913E-02
  -1.23004913E-02
  -1.21994019E-02
  -1.20992661E-02
  -1.20000839E-02
  -1.18999481E-02
  -1.18999481E-02
  -1.15003586E-02
  -1.13992691E-02
  -1.12991333E-02
  -1.10998154E-02
  -1.10006332E-02
  -1.09996796E-02
  -1.09996796E-02
  -1.09004974E-02
  -1.08003616E-02
  -1.08003616E-02
  -1.07994080E-02
  -1.06992722E-02
  -1.06000900E-02
  -1.04999542E-02
  -1.04007721E-02
  -1.03006363E-02
  -1.02996826E-02
  -1.02005005E-02
  -1.02005005E-02
  -1.01995468E-02
  -1.01995468E-02
  -1.01003647E-02
  -1.01003647E-02
  -1.00002289E-02
  -1.00002289E-02
  -9.90009308E-03
  -9.79995728E-03
  -9.79995728E-03
  -9.79995728E-03
  -9.70077515E-03
  -9.69982147E-03
  -9.59968567E-03
  -9.59968567E-03
  -9.59968567E-03
  -9.50050354E-03
  -9.50050354E-03
  -9.49954987E-03
  -9.30023193E-03
  -9.20009613E-03
  -9.19914246E-03
  -9.09996033E-03
  -9.09996033E-03
  -9.09996033E-03
  -9.00077820E-03
  -9.00077820E-03
  -8.89968872E-03
  -8.79955292E-03
  -8.70037079E-03
  -8.69941711E-03
  -8.69941711E-03
  -8.60023499E-03
  -8.60023499E-03
  -8.60023499E-03
  -8.60023499E-03
  -8.60023499E-03
  -8.59928131E-03
  -8.50009918E-03
  -8.50009918E-03
  -8.50009918E-03
  -8.50009918E-03
  -8.50009918E-03
  -8.39996338E-03
  -8.39996338E-03
  -8.29982758E-03
  -8.29982758E-03
  -8.29982758E-03
  -8.29982758E-03
  -8.20064545E-03
  -8.10050964E-03
  -8.00037384E-03
  -8.00037384E-03
  -8.00037384E-03
  -8.00037384E-03
  -7.99942017E-03
  -7.90023804E-03
  -7.90023804E-03
  -7.80010223E-03
  -7.80010223E-03
  -7.69996643E-03
  -7.69996643E-03
  -7.59983063E-03
  -7.59983063E-03
  -7.59983063E-03
  -7.59983063E-03
  -7.59983063E-03
  -7.59983063E-03
  -7.59983063E-03
  -7.50064850E-03
  -7.49969482E-03
  -7.40051270E-03
  -7.40051270E-03
  -7.40051270E-03
  -7.40051270E-03
  -7.40051270E-03
  -7.39955902E-03
  -7.39955902E-03
  -7.30037689E-03
  -7.29942322E-03
  -7.29942322E-03
  -7.20024109E-03
  -7.20024109E-03
  -7.20024109E-03
  -7.20024109E-03
  -7.10010529E-03
  -7.10010529E-03
  -7.10010529E-03
  -7.10010529E-03
  -7.10010529E-03
  -7.10010529E-03
  -7.09915161E-03
  -6.99996948E-03
  -6.99996948E-03
  -6.99996948E-03
  -6.99996948E-03
  -6.99996948E-03
  -6.90078735E-03
  -6.89983368E-03
  -6.89983368E-03
  -6.89983368E-03
  -6.89983368E-03
  -6.89983368E-03
  -6.80065155E-03
  -6.80065155E-03
  -6.80065155E-03
  -6.79969788E-03
  -6.79969788E-03
  -6.79969788E-03
  -6.70051575E-03
  -6.70051575E-03
  -6.70051575E-03
  -6.70051575E-03
  -6.69956207E-03
  -6.69956207E-03
  -6.69956207E-03
  -6.69956207E-03
  -6.69956207E-03
  -6.60037994E-03
  -6.60037994E-03
  -6.60037994E-03
  -6.60037994E-03
  -6.60037994E-03
  -6.60037994E-03
  -6.60037994E-03
  -6.60037994E-03
  -6.59942627E-03
  -6.59942627E-03
  -6.50024414E-03
  -6.50024414E-03
  -6.50024414E-03
  -6.49929047E-03
  -6.49929047E-03
  -6.49929047E-03
  -6.49929047E-03
  -6.40010834E-03
  -6.40010834E-03
  -6.40010834E-03
  -6.40010834E-03
  -6.40010834E-03
  -6.39915466E-03
  -6.29997253E-03
  -6.29997253E-03
  -6.29997253E-03
  -6.29997253E-03
  -6.29997253E-03
  -6.29997253E-03
  -6.29997253E-03
  -6.29997253E-03
  -6.29997253E-03
  -6.29997253E-03
  -6.29997253E-03
  -6.29997253E-03
  -6.20079041E-03
  -6.20079041E-03
  -6.20079041E-03
  -6.19983673E-03
  -6.19983673E-03
  -6.19983673E-03
  -6.19983673E-03
  -6.19983673E-03
  -6.19983673E-03
  -6.19983673E-03
  -6.09970093E-03
  -6.09970093E-03
  -6.09970093E-03
  -6.09970093E-03
  -6.09970093E-03
  -6.09970093E-03
  -6.00051880E-03
  -6.00051880E-03
  -6.00051880E-03
  -5.99956512E-03
  -5.99956512E-03
  -5.90038300E-03
  -5.90038300E-03
  -5.90038300E-03
  -5.90038300E-03
  -5.89942932E-03
  -5.89942932E-03
  -5.89942932E-03
  -5.80024719E-03
  -5.80024719E-03
  -5.80024719E-03
  -5.80024719E-03
  -5.80024719E-03
  -5.80024719E-03
  -5.80024719E-03
  -5.79929352E-03
  -5.70011139E-03
  -5.70011139E-03
  -5.70011139E-03
  -5.70011139E-03
  -5.70011139E-03
  -5.70011139E-03
  -5.70011139E-03
  -5.59997559E-03
  -5.59997559E-03
  -5.59997559E-03
  -5.59997559E-03
  -5.59997559E-03
  -5.59997559E-03
  -5.49983978E-03
  -5.49983978E-03
  -5.49983978E-03
  -5.49983978E-03
  -5.49983978E-03
  -5.49983978E-03
  -5.49983978E-03
  -5.49983978E-03
  -5.40065765E-03
  -5.40065765E-03
  -5.40065765E-03
  -5.40065765E-03
  -5.39970398E-03
  -5.39970398E-03
  -5.39970398E-03
  -5.39970398E-03
  -5.39970398E-03
  -5.39970398E-03
  -5.39970398E-03
  -5.30052185E-03
  -5.30052185E-03
  -5.30052185E-03
  -5.29956818E-03
  -5.29956818E-03
  -5.29956818E-03
  -5.29956818E-03
  -5.29956818E-03
  -5.29956818E-03
  -5.20038605E-03
  -5.20038605E-03
  -5.20038605E-03
  -5.20038605E-03
  -5.20038605E-03
  -5.20038605E-03
  -5.20038605E-03
  -5.19943237E-03
  -5.19943237E-03
  -5.19943237E-03
  -5.10025024E-03
  -5.10025024E-03
  -5.10025024E-03
  -5.10025024E-03
  -5.10025024E-03
  -5.10025024E-03
  -5.10025024E-03
  -5.10025024E-03
  -5.09929657E-03
  -5.09929657E-03
  -5.09929657E-03
  -5.00011444E-03
  -5.00011444E-03
  -5.00011444E-03
  -5.00011444E-03
  -5.00011444E-03
  -5.00011444E-03
  -5.00011444E-03
  -5.00011444E-03
  -4.99916077E-03
  -4.99916077E-03
  -4.90093231E-03
  -4.90093231E-03
  -4.89997864E-03
  -4.89997864E-03
  -4.89997864E-03
  -4.89997864E-03
  -4.89997864E-03
  -4.89997864E-03
  -4.89997864E-03
  -4.80079651E-03
  -4.80079651E-03
  -4.79984283E-03
  -4.79984283E-03
  -4.79984283E-03
  -4.79984283E-03
  -4.79984283E-03
  -4.79984283E-03
  -4.79984283E-03
  -4.79984283E-03
  -4.79984283E-03
  -4.79984283E-03
  -4.69970703E-03
  -4.69970703E-03
  -4.69970703E-03
  -4.69970703E-03
  -4.69970703E-03
  -4.69970703E-03
  -4.69970703E-03
  -4.69970703E-03
  -4.60052490E-03
  -4.60052490E-03
  -4.60052490E-03
  -4.60052490E-03
  -4.60052490E-03
  -4.60052490E-03
  -4.60052490E-03
  -4.59957123E-03
  -4.59957123E-03
  -4.59957123E-03
  -4.59957123E-03
  -4.59957123E-03
  -4.59957123E-03
  -4.59957123E-03
  -4.59957123E-03
  -4.59957123E-03
  -4.50038910E-03
  -4.50038910E-03
  -4.50038910E-03
  -4.50038910E-03
  -4.50038910E-03
  -4.50038910E-03
  -4.50038910E-03
  -4.49943542E-03
  -4.49943542E-03
  -4.49943542E-03
  -4.49943542E-03
  -4.40025330E-03
  -4.40025330E-03
  -4.40025330E-03
  -4.40025330E-03
  -4.40025330E-03
  -4.40025330E-03
  -4.40025330E-03
  -4.40025330E-03
  -4.40025330E-03
  -4.40025330E-03
  -4.40025330E-03
  -4.40025330E-03
  -4.40025330E-03
  -4.40025330E-03
  -4.40025330E-03
  -4.39929962E-03
  -4.39929962E-03
  -4.39929962E-03
  -4.39929962E-03
  -4.39929962E-03
  -4.30011749E-03
  -4.30011749E-03
  -4.30011749E-03
  -4.30011749E-03
  -4.30011749E-03
  -4.30011749E-03
  -4.30011749E-03
  -4.30011749E-03
  -4.30011749E-03
  -4.30011749E-03
  -4.30011749E-03
  -4.30011749E-03
  -4.30011749E-03
  -4.30011749E-03
  -4.30011749E-03
  -4.30011749E-03
  -4.30011749E-03
  -4.20093536E-03
  -4.19998169E-03
  -4.19998169E-03
  -4.19998169E-03
  -4.19998169E-03
  -4.19998169E-03
  -4.19998169E-03
  -4.19998169E-03
  -4.19998169E-03
  -4.19998169E-03
  -4.19998169E-03
  -4.19998169E-03
  -4.19998169E-03
  -4.19998169E-03
  -4.10079956E-03
  -4.10079956E-03
  -4.09984589E-03
  -4.09984589E-03
  -4.09984589E-03
  -4.09984589E-03
  -4.09984589E-03
  -4.09984589E-03
  -4.09984589E-03
  -4.09984589E-03
  -4.09984589E-03
  -4.09984589E-03
  -4.09984589E-03
  -4.09984589E-03
  -4.09984589E-03
  -4.00066376E-03
  -4.00066376E-03
  -4.00066376E-03
  -4.00066376E-03
  -4.00066376E-03
  -4.00066376E-03
  -4.00066376E-03
  -4.00066376E-03
  -4.00066376E-03
  -4.00066376E-03
  -4.00066376E-03
  -3.99971008E-03
  -3.99971008E-03
  -3.99971008E-03
  -3.99971008E-03
  -3.99971008E-03
  -3.99971008E-03
  -3.99971008E-03
  -3.99971008E-03
  -3.99971008E-03
  -3.99971008E-03
  -3.99971008E-03
  -3.90052795E-03
  -3.90052795E-03
  -3.90052795E-03
  -3.90052795E-03
  -3.90052795E-03
  -3.90052795E-03
  -3.90052795E-03
  -3.90052795E-03
  -3.90052795E-03
  -3.90052795E-03
  -3.90052795E-03
  -3.90052795E-03
  -3.90052795E-03
  -3.89957428E-03
  -3.89957428E-03
  -3.89957428E-03
  -3.89957428E-03
  -3.89957428E-03
  -3.89957428E-03
  -3.89957428E-03
  -3.89957428E-03
  -3.89957428E-03
  -3.89957428E-03
  -3.80039215E-03
  -3.80039215E-03
  -3.80039215E-03
  -3.80039215E-03
  -3.80039215E-03
  -3.80039215E-03
  -3.80039215E-03
  -3.80039215E-03
  -3.80039215E-03
  -3.80039215E-03
  -3.80039215E-03
  -3.80039215E-03
  -3.80039215E-03
  -3.80039215E-03
  -3.79943848E-03
  -3.79943848E-03
  -3.79943848E-03
  -3.79943848E-03
  -3.79943848E-03
  -3.79943848E-03
  -3.79943848E-03
  -3.79943848E-03
  -3.70025635E-03
  -3.70025635E-03
  -3.70025635E-03
  -3.70025635E-03
  -3.70025635E-03
  -3.70025635E-03
  -3.70025635E-03
  -3.70025635E-03
  -3.70025635E-03
  -3.70025635E-03
  -3.70025635E-03
  -3.70025635E-03
  -3.70025635E-03
  -3.70025635E-03
  -3.70025635E-03
  -3.70025635E-03
  -3.70025635E-03
  -3.70025635E-03
  -3.70025635E-03
  -3.70025635E-03
  -3.70025635E-03
  -3.70025635E-03
  -3.69930267E-03
  -3.69930267E-03
  -3.69930267E-03
  -3.69930267E-03
  -3.69930267E-03
  -3.60012054E-03
  -3.60012054E-03
  -3.60012054E-03
  -3.60012054E-03
  -3.60012054E-03
  -3.60012054E-03
  -3.60012054E-03
  -3.60012054E-03
  -3.60012054E-03
  -3.60012054E-03
  -3.60012054E-03
  -3.60012054E-03
  -3.60012054E-03
  -3.60012054E-03
  -3.60012054E-03
  -3.60012054E-03
  -3.60012054E-03
  -3.60012054E-03
  -3.60012054E-03
  -3.60012054E-03
  -3.60012054E-03
  -3.60012054E-03
  -3.59916687E-03
  -3.59916687E-03
  -3.59916687E-03
  -3.59916687E-03
  -3.59916687E-03
  -3.49998474E-03
  -3.49998474E-03
  -3.49998474E-03
  -3.49998474E-03
  -3.49998474E-03
  -3.49998474E-03
  -3.49998474E-03
  -3.49998474E-03
  -3.49998474E-03
  -3.49998474E-03
  -3.49998474E-03
  -3.49998474E-03
  -3.49998474E-03
  -3.49998474E-03
  -3.49998474E-03
  -3.49998474E-03
  -3.49998474E-03
  -3.49998474E-03
  -3.49998474E-03
  -3.49998474E-03
  -3.49998474E-03
  -3.49998474E-03
  -3.40080261E-03
  -3.40080261E-03
  -3.40080261E-03
  -3.40080261E-03
  -3.39984894E-03
  -3.39984894E-03
  -3.39984894E-03
  -3.39984894E-03
  -3.39984894E-03
  -3.39984894E-03
  -3.39984894E-03
  -3.39984894E-03
  -3.39984894E-03
  -3.39984894E-03
  -3.39984894E-03
  -3.39984894E-03
  -3.39984894E-03
  -3.39984894E-03
  -3.39984894E-03
  -3.39984894E-03
  -3.30066681E-03
  -3.30066681E-03
  -3.30066681E-03
  -3.30066681E-03
  -3.30066681E-03
  -3.30066681E-03
  -3.29971313E-03
  -3.29971313E-03
  -3.29971313E-03
  -3.29971313E-03
  -3.29971313E-03
  -3.29971313E-03
  -3.29971313E-03
  -3.29971313E-03
  -3.29971313E-03
  -3.29971313E-03
  -3.29971313E-03
  -3.29971313E-03
  -3.29971313E-03
  -3.29971313E-03
  -3.29971313E-03
  -3.20053101E-03
  -3.20053101E-03
  -3.20053101E-03
  -3.20053101E-03
  -3.20053101E-03
  -3.20053101E-03
  -3.20053101E-03
  -3.20053101E-03
  -3.20053101E-03
  -3.19957733E-03
  -3.19957733E-03
  -3.19957733E-03
  -3.19957733E-03
  -3.19957733E-03
  -3.19957733E-03
  -3.19957733E-03
  -3.19957733E-03
  -3.19957733E-03
  -3.19957733E-03
  -3.19957733E-03
  -3.10039520E-03
  -3.10039520E-03
  -3.10039520E-03
  -3.10039520E-03
  -3.10039520E-03
  -3.10039520E-03
  -3.10039520E-03
  -3.10039520E-03
  -3.10039520E-03
  -3.10039520E-03
  -3.10039520E-03
  -3.10039520E-03
  -3.10039520E-03
  -3.10039520E-03
  -3.10039520E-03
  -3.10039520E-03
  -3.09944153E-03
  -3.09944153E-03
  -3.09944153E-03
  -3.09944153E-03
  -3.09944153E-03
  -3.09944153E-03
  -3.09944153E-03
  -3.09944153E-03
  -3.09944153E-03
  -3.09944153E-03
  -3.09944153E-03
  -3.09944153E-03
  -3.09944153E-03
  -3.09944153E-03
  -3.09944153E-03
  -3.00025940E-03
  -3.00025940E-03
  -3.00025940E-03
  -3.00025940E-03
  -3.00025940E-03
  -3.00025940E-03
  -3.00025940E-03
  -3.00025940E-03
  -3.00025940E-03
  -3.00025940E-03
  -3.00025940E-03
  -3.00025940E-03
  -2.99930573E-03
  -2.99930573E-03
  -2.99930573E-03
  -2.99930573E-03
  -2.99930573E-03
  -2.99930573E-03
  -2.99930573E-03
  -2.99930573E-03
  -2.90012360E-03
  -2.90012360E-03
  -2.90012360E-03
  -2.90012360E-03
  -2.90012360E-03
  -2.90012360E-03
  -2.90012360E-03
  -2.90012360E-03
  -2.90012360E-03
  -2.90012360E-03
  -2.90012360E-03
  -2.90012360E-03
  -2.90012360E-03
  -2.90012360E-03
  -2.90012360E-03
  -2.90012360E-03
  -2.90012360E-03
  -2.90012360E-03
  -2.90012360E-03
  -2.89916992E-03
  -2.89916992E-03
  -2.79998779E-03
  -2.79998779E-03
  -2.79998779E-03
  -2.79998779E-03
  -2.79998779E-03
  -2.79998779E-03
  -2.79998779E-03
  -2.79998779E-03
  -2.79998779E-03
  -2.79998779E-03
  -2.79998779E-03
  -2.79998779E-03
  -2.79998779E-03
  -2.79998779E-03
  -2.79998779E-03
  -2.79998779E-03
  -2.79998779E-03
  -2.79998779E-03
  -2.79998779E-03
  -2.79998779E-03
  -2.70080566E-03
  -2.70080566E-03
  -2.70080566E-03
  -2.69985199E-03
  -2.69985199E-03
  -2.69985199E-03
  -2.69985199E-03
  -2.69985199E-03
  -2.69985199E-03
  -2.69985199E-03
  -2.69985199E-03
  -2.69985199E-03
  -2.69985199E-03
  -2.69985199E-03
  -2.69985199E-03
  -2.69985199E-03
  -2.69985199E-03
  -2.69985199E-03
  -2.69985199E-03
  -2.69985199E-03
  -2.69985199E-03
  -2.60066986E-03
  -2.60066986E-03
  -2.60066986E-03
  -2.60066986E-03
  -2.60066986E-03
  -2.60066986E-03
  -2.60066986E-03
  -2.60066986E-03
  -2.60066986E-03
  -2.60066986E-03
  -2.59971619E-03
  -2.59971619E-03
  -2.59971619E-03
  -2.59971619E-03
  -2.59971619E-03
  -2.59971619E-03
  -2.59971619E-03
  -2.59971619E-03
  -2.59971619E-03
  -2.59971619E-03
  -2.59971619E-03
  -2.59971619E-03
  -2.59971619E-03
  -2.59971619E-03
  -2.59971619E-03
  -2.59971619E-03
  -2.59971619E-03
  -2.59971619E-03
  -2.59971619E-03
  -2.59971619E-03
  -2.59971619E-03
  -2.59971619E-03
  -2.59971619E-03
  -2.50053406E-03
  -2.50053406E-03
  -2.50053406E-03
  -2.50053406E-03
  -2.50053406E-03
  -2.50053406E-03
  -2.50053406E-03
  -2.50053406E-03
  -2.50053406E-03
  -2.50053406E-03
  -2.50053406E-03
  -2.50053406E-03
  -2.49958038E-03
  -2.49958038E-03
  -2.49958038E-03
  -2.49958038E-03
  -2.49958038E-03
  -2.49958038E-03
  -2.49958038E-03
  -2.49958038E-03
  -2.49958038E-03
  -2.49958038E-03
  -2.49958038E-03
  -2.49958038E-03
  -2.49958038E-03
  -2.40039825E-03
  -2.40039825E-03
  -2.40039825E-03
  -2.40039825E-03
  -2.40039825E-03
  -2.40039825E-03
  -2.40039825E-03
  -2.40039825E-03
  -2.40039825E-03
  -2.40039825E-03
  -2.40039825E-03
  -2.39944458E-03
  -2.39944458E-03
  -2.39944458E-03
  -2.39944458E-03
  -2.39944458E-03
  -2.39944458E-03
  -2.39944458E-03
  -2.39944458E-03
  -2.39944458E-03
  -2.39944458E-03
  -2.30026245E-03
  -2.30026245E-03
  -2.30026245E-03
  -2.30026245E-03
  -2.30026245E-03
  -2.30026245E-03
  -2.30026245E-03
  -2.30026245E-03
  -2.30026245E-03
  -2.30026245E-03
  -2.30026245E-03
  -2.30026245E-03
  -2.30026245E-03
  -2.30026245E-03
  -2.29930878E-03
  -2.29930878E-03
  -2.29930878E-03
  -2.29930878E-03
  -2.29930878E-03
  -2.20012665E-03
  -2.20012665E-03
  -2.20012665E-03
  -2.20012665E-03
  -2.20012665E-03
  -2.20012665E-03
  -2.20012665E-03
  -2.20012665E-03
  -2.20012665E-03
  -2.20012665E-03
  -2.20012665E-03
  -2.20012665E-03
  -2.20012665E-03
  -2.20012665E-03
  -2.20012665E-03
  -2.20012665E-03
  -2.20012665E-03
  -2.20012665E-03
  -2.20012665E-03
  -2.20012665E-03
  -2.19917297E-03
  -2.19917297E-03
  -2.19917297E-03
  -2.19917297E-03
  -2.19917297E-03
  -2.09999084E-03
  -2.09999084E-03
  -2.09999084E-03
  -2.09999084E-03
  -2.09999084E-03
  -2.09999084E-03
  -2.09999084E-03
  -2.09999084E-03
  -2.09999084E-03
  -2.09999084E-03
  -2.09999084E-03
  -2.09999084E-03
  -2.09999084E-03
  -2.09999084E-03
  -2.09999084E-03
  -2.09999084E-03
  -2.09999084E-03
  -2.09999084E-03
  -2.09999084E-03
  -2.09999084E-03
  -2.09999084E-03
  -2.09999084E-03
  -2.09999084E-03
  -2.09999084E-03
  -2.09999084E-03
  -2.09999084E-03
  -2.09999084E-03
  -2.09999084E-03
  -2.09999084E-03
  -2.09999084E-03
  -2.09999084E-03
  -2.00080872E-03
  -2.00080872E-03
  -2.00080872E-03
  -1.99985504E-03
  -1.99985504E-03
  -1.99985504E-03
  -1.99985504E-03
  -1.99985504E-03
  -1.99985504E-03
  -1.99985504E-03
  -1.99985504E-03
  -1.99985504E-03
  -1.99985504E-03
  -1.99985504E-03
  -1.99985504E-03
  -1.99985504E-03
  -1.99985504E-03
  -1.99985504E-03
  -1.99985504E-03
  -1.99985504E-03
  -1.99985504E-03
  -1.99985504E-03
  -1.99985504E-03
  -1.99985504E-03
  -1.99985504E-03
  -1.99985504E-03
  -1.99985504E-03
  -1.99985504E-03
  -1.99985504E-03
  -1.99985504E-03
  -1.99985504E-03
  -1.99985504E-03
  -1.99985504E-03
  -1.99985504E-03
  -1.99985504E-03
  -1.99985504E-03
  -1.99985504E-03
  -1.99985504E-03
  -1.99985504E-03
  -1.99985504E-03
  -1.99985504E-03
  -1.99985504E-03
  -1.90067291E-03
  -1.90067291E-03
  -1.90067291E-03
  -1.90067291E-03
  -1.90067291E-03
  -1.90067291E-03
  -1.90067291E-03
  -1.90067291E-03
  -1.90067291E-03
  -1.90067291E-03
  -1.90067291E-03
  -1.90067291E-03
  -1.89971924E-03
  -1.89971924E-03
  -1.89971924E-03
  -1.89971924E-03
  -1.89971924E-03
  -1.89971924E-03
  -1.89971924E-03
  -1.89971924E-03
  -1.89971924E-03
  -1.89971924E-03
  -1.89971924E-03
  -1.89971924E-03
  -1.89971924E-03
  -1.89971924E-03
  -1.89971924E-03
  -1.89971924E-03
  -1.89971924E-03
  -1.89971924E-03
  -1.89971924E-03
  -1.89971924E-03
  -1.80053711E-03
  -1.80053711E-03
  -1.80053711E-03
  -1.80053711E-03
  -1.80053711E-03
  -1.80053711E-03
  -1.80053711E-03
  -1.80053711E-03
  -1.80053711E-03
  -1.80053711E-03
  -1.79958344E-03
  -1.79958344E-03
  -1.79958344E-03
  -1.79958344E-03
  -1.79958344E-03
  -1.79958344E-03
  -1.79958344E-03
  -1.79958344E-03
  -1.79958344E-03
  -1.79958344E-03
  -1.79958344E-03
  -1.79958344E-03
  -1.79958344E-03
  -1.79958344E-03
  -1.70040131E-03
  -1.70040131E-03
  -1.70040131E-03
  -1.70040131E-03
  -1.70040131E-03
  -1.70040131E-03
  -1.70040131E-03
  -1.70040131E-03
  -1.70040131E-03
  -1.70040131E-03
  -1.70040131E-03
  -1.70040131E-03
  -1.70040131E-03
  -1.70040131E-03
  -1.70040131E-03
  -1.70040131E-03
  -1.70040131E-03
  -1.70040131E-03
  -1.70040131E-03
  -1.70040131E-03
  -1.70040131E-03
  -1.70040131E-03
  -1.70040131E-03
  -1.70040131E-03
  -1.70040131E-03
  -1.70040131E-03
  -1.70040131E-03
  -1.69944763E-03
  -1.69944763E-03
  -1.69944763E-03
  -1.69944763E-03
  -1.69944763E-03
  -1.69944763E-03
  -1.69944763E-03
  -1.69944763E-03
  -1.69944763E-03
  -1.69944763E-03
  -1.69944763E-03
  -1.69944763E-03
  -1.69944763E-03
  -1.69944763E-03
  -1.69944763E-03
  -1.69944763E-03
  -1.60026550E-03
  -1.60026550E-03
  -1.60026550E-03
  -1.60026550E-03
  -1.60026550E-03
  -1.60026550E-03
  -1.60026550E-03
  -1.60026550E-03
  -1.60026550E-03
  -1.60026550E-03
  -1.60026550E-03
  -1.60026550E-03
  -1.60026550E-03
  -1.60026550E-03
  -1.60026550E-03
  -1.60026550E-03
  -1.60026550E-03
  -1.60026550E-03
  -1.60026550E-03
  -1.60026550E-03
  -1.60026550E-03
  -1.60026550E-03
  -1.60026550E-03
  -1.60026550E-03
  -1.60026550E-03
  -1.60026550E-03
  -1.60026550E-03
  -1.60026550E-03
  -1.60026550E-03
  -1.60026550E-03
  -1.60026550E-03
  -1.60026550E-03
  -1.60026550E-03
  -1.59931183E-03
  -1.59931183E-03
  -1.59931183E-03
  -1.59931183E-03
  -1.59931183E-03
  -1.59931183E-03
  -1.59931183E-03
  -1.50012970E-03
  -1.50012970E-03
  -1.50012970E-03
  -1.50012970E-03
  -1.50012970E-03
  -1.50012970E-03
  -1.50012970E-03
  -1.50012970E-03
  -1.50012970E-03
  -1.50012970E-03
  -1.50012970E-03
  -1.50012970E-03
  -1.50012970E-03
  -1.50012970E-03
  -1.50012970E-03
  -1.50012970E-03
  -1.50012970E-03
  -1.50012970E-03
  -1.50012970E-03
  -1.50012970E-03
  -1.50012970E-03
  -1.50012970E-03
  -1.50012970E-03
  -1.50012970E-03
  -1.50012970E-03
  -1.49917603E-03
  -1.49917603E-03
  -1.49917603E-03
  -1.49917603E-03
  -1.49917603E-03
  -1.39999390E-03
  -1.39999390E-03
  -1.39999390E-03
  -1.39999390E-03
  -1.39999390E-03
  -1.39999390E-03
  -1.39999390E-03
  -1.39999390E-03
  -1.39999390E-03
  -1.39999390E-03
  -1.39999390E-03
  -1.39999390E-03
  -1.39999390E-03
  -1.39999390E-03
  -1.39999390E-03
  -1.39999390E-03
  -1.39999390E-03
  -1.39999390E-03
  -1.39999390E-03
  -1.39999390E-03
  -1.39999390E-03
  -1.39999390E-03
  -1.39999390E-03
  -1.39999390E-03
  -1.39999390E-03
  -1.39999390E-03
  -1.39999390E-03
  -1.39999390E-03
  -1.39999390E-03
  -1.39999390E-03
  -1.39999390E-03
  -1.39999390E-03
  -1.39999390E-03
  -1.39999390E-03
  -1.39999390E-03
  -1.39999390E-03
  -1.39999390E-03
  -1.39999390E-03
  -1.39999390E-03
  -1.39999390E-03
  -1.30081177E-03
  -1.30081177E-03
  -1.30081177E-03
  -1.30081177E-03
  -1.29985809E-03
  -1.29985809E-03
  -1.29985809E-03
  -1.29985809E-03
  -1.29985809E-03
  -1.29985809E-03
  -1.29985809E-03
  -1.29985809E-03
  -1.29985809E-03
  -1.29985809E-03
  -1.29985809E-03
  -1.29985809E-03
  -1.29985809E-03
  -1.29985809E-03
  -1.29985809E-03
  -1.29985809E-03
  -1.29985809E-03
  -1.29985809E-03
  -1.29985809E-03
  -1.29985809E-03
  -1.29985809E-03
  -1.29985809E-03
  -1.29985809E-03
  -1.29985809E-03
  -1.29985809E-03
  -1.29985809E-03
  -1.29985809E-03
  -1.29985809E-03
  -1.29985809E-03
  -1.29985809E-03
  -1.29985809E-03
  -1.29985809E-03
  -1.29985809E-03
  -1.29985809E-03
  -1.20067596E-03
  -1.20067596E-03
  -1.20067596E-03
  -1.20067596E-03
  -1.20067596E-03
  -1.20067596E-03
  -1.20067596E-03
  -1.20067596E-03
  -1.20067596E-03
  -1.20067596E-03
  -1.20067596E-03
  -1.20067596E-03
  -1.20067596E-03
  -1.20067596E-03
  -1.19972229E-03
  -1.19972229E-03
  -1.19972229E-03
  -1.19972229E-03
  -1.19972229E-03
  -1.19972229E-03
  -1.19972229E-03
  -1.19972229E-03
  -1.19972229E-03
  -1.19972229E-03
  -1.19972229E-03
  -1.19972229E-03
  -1.19972229E-03
  -1.19972229E-03
  -1.19972229E-03
  -1.19972229E-03
  -1.19972229E-03
  -1.19972229E-03
  -1.19972229E-03
  -1.19972229E-03
  -1.19972229E-03
  -1.19972229E-03
  -1.19972229E-03
  -1.10054016E-03
  -1.10054016E-03
  -1.10054016E-03
  -1.10054016E-03
  -1.10054016E-03
  -1.10054016E-03
  -1.10054016E-03
  -1.10054016E-03
  -1.10054016E-03
  -1.10054016E-03
  -1.10054016E-03
  -1.09958649E-03
  -1.09958649E-03
  -1.09958649E-03
  -1.09958649E-03
  -1.09958649E-03
  -1.09958649E-03
  -1.09958649E-03
  -1.09958649E-03
  -1.09958649E-03
  -1.09958649E-03
  -1.09958649E-03
  -1.09958649E-03
  -1.09958649E-03
  -1.09958649E-03
  -1.09958649E-03
  -1.09958649E-03
  -1.09958649E-03
  -1.09958649E-03
  -1.00040436E-03
  -1.00040436E-03
  -1.00040436E-03
  -1.00040436E-03
  -1.00040436E-03
  -1.00040436E-03
  -1.00040436E-03
  -1.00040436E-03
  -1.00040436E-03
  -1.00040436E-03
  -1.00040436E-03
  -1.00040436E-03
  -1.00040436E-03
  -1.00040436E-03
  -1.00040436E-03
  -1.00040436E-03
  -1.00040436E-03
  -1.00040436E-03
  -1.00040436E-03
  -1.00040436E-03
  -1.00040436E-03
  -9.99450684E-04
  -9.99450684E-04
  -9.99450684E-04
  -9.99450684E-04
  -9.99450684E-04
  -9.99450684E-04
  -9.99450684E-04
  -9.99450684E-04
  -9.99450684E-04
  -9.99450684E-04
  -9.99450684E-04
  -9.00268555E-04
  -9.00268555E-04
  -9.00268555E-04
  -9.00268555E-04
  -9.00268555E-04
  -9.00268555E-04
  -9.00268555E-04
  -9.00268555E-04
  -9.00268555E-04
  -9.00268555E-04
  -9.00268555E-04
  -9.00268555E-04
  -9.00268555E-04
  -9.00268555E-04
  -9.00268555E-04
  -9.00268555E-04
  -9.00268555E-04
  -9.00268555E-04
  -9.00268555E-04
  -9.00268555E-04
  -9.00268555E-04
  -9.00268555E-04
  -9.00268555E-04
  -9.00268555E-04
  -9.00268555E-04
  -9.00268555E-04
  -9.00268555E-04
  -9.00268555E-04
  -8.99314880E-04
  -8.99314880E-04
  -8.99314880E-04
  -8.99314880E-04
  -8.99314880E-04
  -8.99314880E-04
  -8.99314880E-04
  -8.99314880E-04
  -8.99314880E-04
  -8.00132751E-04
  -8.00132751E-04
  -8.00132751E-04
  -8.00132751E-04
  -8.00132751E-04
  -8.00132751E-04
  -8.00132751E-04
  -8.00132751E-04
  -8.00132751E-04
  -8.00132751E-04
  -8.00132751E-04
  -8.00132751E-04
  -8.00132751E-04
  -8.00132751E-04
  -8.00132751E-04
  -8.00132751E-04
  -8.00132751E-04
  -8.00132751E-04
  -8.00132751E-04
  -8.00132751E-04
  -8.00132751E-04
  -8.00132751E-04
  -8.00132751E-04
  -8.00132751E-04
  -8.00132751E-04
  -8.00132751E-04
  -8.00132751E-04
  -8.00132751E-04
  -8.00132751E-04
  -7.99179077E-04
  -7.99179077E-04
  -7.99179077E-04
  -7.99179077E-04
  -7.99179077E-04
  -6.99996948E-04
  -6.99996948E-04
  -6.99996948E-04
  -6.99996948E-04
  -6.99996948E-04
  -6.99996948E-04
  -6.99996948E-04
  -6.99996948E-04
  -6.99996948E-04
  -6.99996948E-04
  -6.99996948E-04
  -6.99996948E-04
  -6.99996948E-04
  -6.99996948E-04
  -6.99996948E-04
  -6.99996948E-04
  -6.99996948E-04
  -6.99996948E-04
  -6.99996948E-04
  -6.99996948E-04
  -6.99996948E-04
  -6.99996948E-04
  -6.99996948E-04
  -6.99996948E-04
  -6.99996948E-04
  -6.99996948E-04
  -6.99996948E-04
  -6.99996948E-04
  -6.99996948E-04
  -6.99996948E-04
  -6.99996948E-04
  -6.99996948E-04
  -6.99996948E-04
  -6.99996948E-04
  -6.99996948E-04
  -6.00814819E-04
  -6.00814819E-04
  -6.00814819E-04
  -6.00814819E-04
  -6.00814819E-04
  -6.00814819E-04
  -5.99861145E-04
  -5.99861145E-04
  -5.99861145E-04
  -5.99861145E-04
  -5.99861145E-04
  -5.99861145E-04
  -5.99861145E-04
  -5.99861145E-04
  -5.99861145E-04
  -5.99861145E-04
  -5.99861145E-04
  -5.99861145E-04
  -5.99861145E-04
  -5.99861145E-04
  -5.99861145E-04
  -5.99861145E-04
  -5.99861145E-04
  -5.99861145E-04
  -5.99861145E-04
  -5.99861145E-04
  -5.99861145E-04
  -5.99861145E-04
  -5.99861145E-04
  -5.99861145E-04
  -5.99861145E-04
  -5.99861145E-04
  -5.99861145E-04
  -5.99861145E-04
  -5.00679016E-04
  -5.00679016E-04
  -5.00679016E-04
  -5.00679016E-04
  -5.00679016E-04
  -5.00679016E-04
  -5.00679016E-04
  -5.00679016E-04
  -5.00679016E-04
  -5.00679016E-04
  -5.00679016E-04
  -4.99725342E-04
  -4.99725342E-04
  -4.99725342E-04
  -4.99725342E-04
  -4.99725342E-04
  -4.99725342E-04
  -4.99725342E-04
  -4.99725342E-04
  -4.99725342E-04
  -4.99725342E-04
  -4.99725342E-04
  -4.99725342E-04
  -4.99725342E-04
  -4.99725342E-04
  -4.99725342E-04
  -4.99725342E-04
  -4.99725342E-04
  -4.99725342E-04
  -4.99725342E-04
  -4.99725342E-04
  -4.00543213E-04
  -4.00543213E-04
  -4.00543213E-04
  -4.00543213E-04
  -4.00543213E-04
  -4.00543213E-04
  -4.00543213E-04
  -4.00543213E-04
  -4.00543213E-04
  -4.00543213E-04
  -4.00543213E-04
  -4.00543213E-04
  -4.00543213E-04
  -3.99589539E-04
  -3.99589539E-04
  -3.99589539E-04
  -3.99589539E-04
  -3.99589539E-04
  -3.99589539E-04
  -3.99589539E-04
  -3.99589539E-04
  -3.99589539E-04
  -3.99589539E-04
  -3.99589539E-04
  -3.99589539E-04
  -3.99589539E-04
  -3.99589539E-04
  -3.99589539E-04
  -3.99589539E-04
  -3.99589539E-04
  -3.00407410E-04
  -3.00407410E-04
  -3.00407410E-04
  -3.00407410E-04
  -3.00407410E-04
  -3.00407410E-04
  -3.00407410E-04
  -3.00407410E-04
  -3.00407410E-04
  -3.00407410E-04
  -3.00407410E-04
  -3.00407410E-04
  -3.00407410E-04
  -3.00407410E-04
  -3.00407410E-04
  -3.00407410E-04
  -3.00407410E-04
  -3.00407410E-04
  -3.00407410E-04
  -3.00407410E-04
  -3.00407410E-04
  -3.00407410E-04
  -3.00407410E-04
  -3.00407410E-04
  -3.00407410E-04
  -3.00407410E-04
  -2.99453735E-04
  -2.99453735E-04
  -2.99453735E-04
  -2.99453735E-04
  -2.99453735E-04
  -2.99453735E-04
  -2.99453735E-04
  -2.99453735E-04
  -2.99453735E-04
  -2.99453735E-04
  -2.99453735E-04
  -2.99453735E-04
  -2.99453735E-04
  -2.00271606E-04
  -2.00271606E-04
  -2.00271606E-04
  -2.00271606E-04
  -2.00271606E-04
  -2.00271606E-04
  -2.00271606E-04
  -2.00271606E-04
  -2.00271606E-04
  -2.00271606E-04
  -2.00271606E-04
  -2.00271606E-04
  -2.00271606E-04
  -2.00271606E-04
  -2.00271606E-04
  -2.00271606E-04
  -2.00271606E-04
  -2.00271606E-04
  -2.00271606E-04
  -2.00271606E-04
  -2.00271606E-04
  -2.00271606E-04
  -2.00271606E-04
  -2.00271606E-04
  -2.00271606E-04
  -1.99317932E-04
  -1.99317932E-04
  -1.99317932E-04
  -1.99317932E-04
  -1.99317932E-04
  -1.99317932E-04
  -1.99317932E-04
  -1.99317932E-04
  -1.99317932E-04
  -1.00135803E-04
  -1.00135803E-04
  -1.00135803E-04
  -1.00135803E-04
  -1.00135803E-04
  -1.00135803E-04
  -1.00135803E-04
  -1.00135803E-04
  -1.00135803E-04
  -1.00135803E-04
  -1.00135803E-04
  -1.00135803E-04
  -1.00135803E-04
  -1.00135803E-04
  -1.00135803E-04
  -1.00135803E-04
  -1.00135803E-04
  -1.00135803E-04
  -1.00135803E-04
  -1.00135803E-04
  -1.00135803E-04
  -1.00135803E-04
  -1.00135803E-04
  -1.00135803E-04
  -1.00135803E-04
  -1.00135803E-04
  -1.00135803E-04
  -1.00135803E-04
  -1.00135803E-04
  -1.00135803E-04
  -1.00135803E-04
  -1.00135803E-04
  -1.00135803E-04
  -1.00135803E-04
  -1.00135803E-04
  -1.00135803E-04
  -1.00135803E-04
  -1.00135803E-04
  -1.00135803E-04
  -9.91821289E-05
  -9.91821289E-05
  -9.91821289E-05
   0.00000000    
   0.00000000    
   0.00000000    
   0.00000000    
   0.00000000    
   0.00000000    
   0.00000000    
   0.00000000    
   0.00000000    
   0.00000000    
   0.00000000    
   0.00000000    
   0.00000000    
   0.00000000    
   0.00000000    
   0.00000000    
   0.00000000    
   0.00000000    
   0.00000000    
   0.00000000    
   0.00000000    
   0.00000000    
   0.00000000    
   0.00000000    
   0.00000000    
   0.00000000    
   0.00000000    
   0.00000000    
   0.00000000    
   0.00000000    
   0.00000000    
   0.00000000    
   0.00000000    
   0.00000000    
   0.00000000    
   9.91821289E-05
   9.91821289E-05
   9.91821289E-05
   9.91821289E-05
   9.91821289E-05
   1.00135803E-04
   1.00135803E-04
   1.00135803E-04
   1.00135803E-04
   1.00135803E-04
   1.00135803E-04
   1.00135803E-04
   1.00135803E-04
   1.00135803E-04
   1.00135803E-04
   1.00135803E-04
   1.00135803E-04
   1.00135803E-04
   1.00135803E-04
   1.00135803E-04
   1.00135803E-04
   1.00135803E-04
   1.00135803E-04
   1.00135803E-04
   1.00135803E-04
   1.00135803E-04
   1.00135803E-04
   1.00135803E-04
   1.00135803E-04
   1.00135803E-04
   1.00135803E-04
   1.00135803E-04
   1.00135803E-04
   1.00135803E-04
   1.00135803E-04
   1.00135803E-04
   1.00135803E-04
   1.00135803E-04
   1.00135803E-04
   1.00135803E-04
   1.00135803E-04
   1.99317932E-04
   1.99317932E-04
   1.99317932E-04
   1.99317932E-04
   1.99317932E-04
   1.99317932E-04
   1.99317932E-04
   1.99317932E-04
   1.99317932E-04
   1.99317932E-04
   1.99317932E-04
   1.99317932E-04
   1.99317932E-04
   1.99317932E-04
   1.99317932E-04
   1.99317932E-04
   2.00271606E-04
   2.00271606E-04
   2.00271606E-04
   2.00271606E-04
   2.00271606E-04
   2.00271606E-04
   2.00271606E-04
   2.00271606E-04
   2.00271606E-04
   2.00271606E-04
   2.00271606E-04
   2.00271606E-04
   2.00271606E-04
   2.00271606E-04
   2.00271606E-04
   2.00271606E-04
   2.00271606E-04
   2.00271606E-04
   2.00271606E-04
   2.00271606E-04
   2.00271606E-04
   2.00271606E-04
   2.00271606E-04
   2.00271606E-04
   2.00271606E-04
   2.00271606E-04
   2.00271606E-04
   2.00271606E-04
   2.00271606E-04
   2.00271606E-04
   2.00271606E-04
   2.99453735E-04
   2.99453735E-04
   2.99453735E-04
   2.99453735E-04
   2.99453735E-04
   2.99453735E-04
   2.99453735E-04
   2.99453735E-04
   2.99453735E-04
   2.99453735E-04
   2.99453735E-04
   2.99453735E-04
   3.00407410E-04
   3.00407410E-04
   3.00407410E-04
   3.00407410E-04
   3.00407410E-04
   3.00407410E-04
   3.00407410E-04
   3.00407410E-04
   3.00407410E-04
   3.00407410E-04
   3.00407410E-04
   3.00407410E-04
   3.00407410E-04
   3.00407410E-04
   3.00407410E-04
   3.00407410E-04
   3.00407410E-04
   3.00407410E-04
   3.00407410E-04
   3.00407410E-04
   3.99589539E-04
   3.99589539E-04
   3.99589539E-04
   3.99589539E-04
   3.99589539E-04
   3.99589539E-04
   3.99589539E-04
   3.99589539E-04
   3.99589539E-04
   3.99589539E-04
   3.99589539E-04
   3.99589539E-04
   3.99589539E-04
   3.99589539E-04
   3.99589539E-04
   3.99589539E-04
   3.99589539E-04
   3.99589539E-04
   3.99589539E-04
   3.99589539E-04
   3.99589539E-04
   4.00543213E-04
   4.00543213E-04
   4.00543213E-04
   4.00543213E-04
   4.00543213E-04
   4.00543213E-04
   4.00543213E-04
   4.00543213E-04
   4.00543213E-04
   4.00543213E-04
   4.00543213E-04
   4.00543213E-04
   4.00543213E-04
   4.00543213E-04
   4.99725342E-04
   4.99725342E-04
   4.99725342E-04
   4.99725342E-04
   4.99725342E-04
   4.99725342E-04
   4.99725342E-04
   4.99725342E-04
   4.99725342E-04
   4.99725342E-04
   4.99725342E-04
   4.99725342E-04
   4.99725342E-04
   4.99725342E-04
   4.99725342E-04
   4.99725342E-04
   4.99725342E-04
   4.99725342E-04
   4.99725342E-04
   4.99725342E-04
   4.99725342E-04
   4.99725342E-04
   4.99725342E-04
   4.99725342E-04
   5.00679016E-04
   5.00679016E-04
   5.00679016E-04
   5.00679016E-04
   5.00679016E-04
   5.00679016E-04
   5.00679016E-04
   5.00679016E-04
   5.00679016E-04
   5.00679016E-04
   5.00679016E-04
   5.00679016E-04
   5.00679016E-04
   5.00679016E-04
   5.00679016E-04
   5.99861145E-04
   5.99861145E-04
   5.99861145E-04
   5.99861145E-04
   5.99861145E-04
   5.99861145E-04
   5.99861145E-04
   5.99861145E-04
   5.99861145E-04
   5.99861145E-04
   5.99861145E-04
   5.99861145E-04
   5.99861145E-04
   5.99861145E-04
   5.99861145E-04
   5.99861145E-04
   5.99861145E-04
   5.99861145E-04
   5.99861145E-04
   5.99861145E-04
   5.99861145E-04
   5.99861145E-04
   5.99861145E-04
   5.99861145E-04
   5.99861145E-04
   5.99861145E-04
   5.99861145E-04
   5.99861145E-04
   5.99861145E-04
   6.00814819E-04
   6.00814819E-04
   6.00814819E-04
   6.00814819E-04
   6.00814819E-04
   6.99996948E-04
   6.99996948E-04
   6.99996948E-04
   6.99996948E-04
   6.99996948E-04
   6.99996948E-04
   6.99996948E-04
   6.99996948E-04
   6.99996948E-04
   6.99996948E-04
   6.99996948E-04
   6.99996948E-04
   6.99996948E-04
   6.99996948E-04
   6.99996948E-04
   6.99996948E-04
   6.99996948E-04
   6.99996948E-04
   6.99996948E-04
   6.99996948E-04
   6.99996948E-04
   6.99996948E-04
   6.99996948E-04
   6.99996948E-04
   6.99996948E-04
   6.99996948E-04
   6.99996948E-04
   6.99996948E-04
   6.99996948E-04
   6.99996948E-04
   6.99996948E-04
   6.99996948E-04
   6.99996948E-04
   7.99179077E-04
   7.99179077E-04
   7.99179077E-04
   7.99179077E-04
   7.99179077E-04
   7.99179077E-04
   7.99179077E-04
   8.00132751E-04
   8.00132751E-04
   8.00132751E-04
   8.00132751E-04
   8.00132751E-04
   8.00132751E-04
   8.00132751E-04
   8.00132751E-04
   8.00132751E-04
   8.00132751E-04
   8.00132751E-04
   8.00132751E-04
   8.00132751E-04
   8.00132751E-04
   8.00132751E-04
   8.00132751E-04
   8.00132751E-04
   8.00132751E-04
   8.00132751E-04
   8.00132751E-04
   8.00132751E-04
   8.00132751E-04
   8.00132751E-04
   8.99314880E-04
   8.99314880E-04
   8.99314880E-04
   8.99314880E-04
   8.99314880E-04
   9.00268555E-04
   9.00268555E-04
   9.00268555E-04
   9.00268555E-04
   9.00268555E-04
   9.00268555E-04
   9.00268555E-04
   9.00268555E-04
   9.00268555E-04
   9.00268555E-04
   9.00268555E-04
   9.00268555E-04
   9.00268555E-04
   9.00268555E-04
   9.00268555E-04
   9.00268555E-04
   9.00268555E-04
   9.99450684E-04
   9.99450684E-04
   9.99450684E-04
   9.99450684E-04
   9.99450684E-04
   9.99450684E-04
   9.99450684E-04
   9.99450684E-04
   9.99450684E-04
   9.99450684E-04
   9.99450684E-04
   9.99450684E-04
   9.99450684E-04
   9.99450684E-04
   9.99450684E-04
   9.99450684E-04
   9.99450684E-04
   9.99450684E-04
   9.99450684E-04
   9.99450684E-04
   9.99450684E-04
   9.99450684E-04
   1.00040436E-03
   1.00040436E-03
   1.00040436E-03
   1.00040436E-03
   1.00040436E-03
   1.00040436E-03
   1.00040436E-03
   1.00040436E-03
   1.00040436E-03
   1.00040436E-03
   1.00040436E-03
   1.00040436E-03
   1.00040436E-03
   1.00040436E-03
   1.00040436E-03
   1.00040436E-03
   1.00040436E-03
   1.00040436E-03
   1.00040436E-03
   1.00040436E-03
   1.09958649E-03
   1.09958649E-03
   1.09958649E-03
   1.09958649E-03
   1.09958649E-03
   1.09958649E-03
   1.09958649E-03
   1.09958649E-03
   1.09958649E-03
   1.09958649E-03
   1.09958649E-03
   1.09958649E-03
   1.09958649E-03
   1.09958649E-03
   1.10054016E-03
   1.10054016E-03
   1.10054016E-03
   1.10054016E-03
   1.10054016E-03
   1.10054016E-03
   1.10054016E-03
   1.10054016E-03
   1.10054016E-03
   1.10054016E-03
   1.10054016E-03
   1.10054016E-03
   1.10054016E-03
   1.10054016E-03
   1.10054016E-03
   1.19972229E-03
   1.19972229E-03
   1.19972229E-03
   1.19972229E-03
   1.19972229E-03
   1.19972229E-03
   1.19972229E-03
   1.19972229E-03
   1.19972229E-03
   1.19972229E-03
   1.19972229E-03
   1.19972229E-03
   1.19972229E-03
   1.19972229E-03
   1.19972229E-03
   1.19972229E-03
   1.19972229E-03
   1.19972229E-03
   1.19972229E-03
   1.19972229E-03
   1.19972229E-03
   1.19972229E-03
   1.19972229E-03
   1.19972229E-03
   1.19972229E-03
   1.19972229E-03
   1.20067596E-03
   1.20067596E-03
   1.20067596E-03
   1.20067596E-03
   1.20067596E-03
   1.20067596E-03
   1.20067596E-03
   1.29985809E-03
   1.29985809E-03
   1.29985809E-03
   1.29985809E-03
   1.29985809E-03
   1.29985809E-03
   1.29985809E-03
   1.29985809E-03
   1.29985809E-03
   1.29985809E-03
   1.29985809E-03
   1.29985809E-03
   1.29985809E-03
   1.29985809E-03
   1.29985809E-03
   1.29985809E-03
   1.29985809E-03
   1.29985809E-03
   1.29985809E-03
   1.29985809E-03
   1.29985809E-03
   1.29985809E-03
   1.29985809E-03
   1.29985809E-03
   1.29985809E-03
   1.30081177E-03
   1.30081177E-03
   1.39999390E-03
   1.39999390E-03
   1.39999390E-03
   1.39999390E-03
   1.39999390E-03
   1.39999390E-03
   1.39999390E-03
   1.39999390E-03
   1.39999390E-03
   1.39999390E-03
   1.39999390E-03
   1.39999390E-03
   1.39999390E-03
   1.39999390E-03
   1.39999390E-03
   1.39999390E-03
   1.39999390E-03
   1.39999390E-03
   1.39999390E-03
   1.39999390E-03
   1.39999390E-03
   1.39999390E-03
   1.39999390E-03
   1.39999390E-03
   1.39999390E-03
   1.39999390E-03
   1.39999390E-03
   1.39999390E-03
   1.39999390E-03
   1.39999390E-03
   1.39999390E-03
   1.39999390E-03
   1.39999390E-03
   1.39999390E-03
   1.39999390E-03
   1.39999390E-03
   1.49917603E-03
   1.49917603E-03
   1.49917603E-03
   1.49917603E-03
   1.50012970E-03
   1.50012970E-03
   1.50012970E-03
   1.50012970E-03
   1.50012970E-03
   1.50012970E-03
   1.50012970E-03
   1.50012970E-03
   1.50012970E-03
   1.50012970E-03
   1.50012970E-03
   1.50012970E-03
   1.50012970E-03
   1.50012970E-03
   1.50012970E-03
   1.50012970E-03
   1.50012970E-03
   1.50012970E-03
   1.50012970E-03
   1.50012970E-03
   1.50012970E-03
   1.50012970E-03
   1.50012970E-03
   1.50012970E-03
   1.50012970E-03
   1.50012970E-03
   1.50012970E-03
   1.59931183E-03
   1.59931183E-03
   1.59931183E-03
   1.59931183E-03
   1.59931183E-03
   1.59931183E-03
   1.59931183E-03
   1.59931183E-03
   1.60026550E-03
   1.60026550E-03
   1.60026550E-03
   1.60026550E-03
   1.60026550E-03
   1.60026550E-03
   1.60026550E-03
   1.60026550E-03
   1.60026550E-03
   1.60026550E-03
   1.60026550E-03
   1.60026550E-03
   1.60026550E-03
   1.60026550E-03
   1.60026550E-03
   1.60026550E-03
   1.60026550E-03
   1.60026550E-03
   1.60026550E-03
   1.60026550E-03
   1.60026550E-03
   1.69944763E-03
   1.69944763E-03
   1.69944763E-03
   1.69944763E-03
   1.69944763E-03
   1.69944763E-03
   1.69944763E-03
   1.69944763E-03
   1.69944763E-03
   1.70040131E-03
   1.70040131E-03
   1.70040131E-03
   1.70040131E-03
   1.70040131E-03
   1.70040131E-03
   1.70040131E-03
   1.70040131E-03
   1.70040131E-03
   1.70040131E-03
   1.70040131E-03
   1.70040131E-03
   1.70040131E-03
   1.70040131E-03
   1.70040131E-03
   1.70040131E-03
   1.70040131E-03
   1.70040131E-03
   1.70040131E-03
   1.79958344E-03
   1.79958344E-03
   1.79958344E-03
   1.79958344E-03
   1.79958344E-03
   1.79958344E-03
   1.79958344E-03
   1.79958344E-03
   1.79958344E-03
   1.79958344E-03
   1.79958344E-03
   1.79958344E-03
   1.79958344E-03
   1.79958344E-03
   1.79958344E-03
   1.79958344E-03
   1.79958344E-03
   1.79958344E-03
   1.79958344E-03
   1.80053711E-03
   1.80053711E-03
   1.80053711E-03
   1.80053711E-03
   1.80053711E-03
   1.80053711E-03
   1.80053711E-03
   1.80053711E-03
   1.80053711E-03
   1.80053711E-03
   1.80053711E-03
   1.89971924E-03
   1.89971924E-03
   1.89971924E-03
   1.89971924E-03
   1.89971924E-03
   1.89971924E-03
   1.89971924E-03
   1.89971924E-03
   1.89971924E-03
   1.89971924E-03
   1.89971924E-03
   1.89971924E-03
   1.89971924E-03
   1.89971924E-03
   1.89971924E-03
   1.89971924E-03
   1.89971924E-03
   1.89971924E-03
   1.89971924E-03
   1.89971924E-03
   1.89971924E-03
   1.89971924E-03
   1.89971924E-03
   1.89971924E-03
   1.89971924E-03
   1.89971924E-03
   1.89971924E-03
   1.90067291E-03
   1.90067291E-03
   1.90067291E-03
   1.90067291E-03
   1.90067291E-03
   1.90067291E-03
   1.90067291E-03
   1.90067291E-03
   1.90067291E-03
   1.90067291E-03
   1.99985504E-03
   1.99985504E-03
   1.99985504E-03
   1.99985504E-03
   1.99985504E-03
   1.99985504E-03
   1.99985504E-03
   1.99985504E-03
   1.99985504E-03
   1.99985504E-03
   1.99985504E-03
   1.99985504E-03
   1.99985504E-03
   1.99985504E-03
   1.99985504E-03
   1.99985504E-03
   1.99985504E-03
   1.99985504E-03
   1.99985504E-03
   1.99985504E-03
   1.99985504E-03
   1.99985504E-03
   1.99985504E-03
   1.99985504E-03
   1.99985504E-03
   2.00080872E-03
   2.00080872E-03
   2.00080872E-03
   2.00080872E-03
   2.09999084E-03
   2.09999084E-03
   2.09999084E-03
   2.09999084E-03
   2.09999084E-03
   2.09999084E-03
   2.09999084E-03
   2.09999084E-03
   2.09999084E-03
   2.09999084E-03
   2.09999084E-03
   2.09999084E-03
   2.09999084E-03
   2.09999084E-03
   2.09999084E-03
   2.09999084E-03
   2.09999084E-03
   2.09999084E-03
   2.09999084E-03
   2.09999084E-03
   2.09999084E-03
   2.09999084E-03
   2.09999084E-03
   2.09999084E-03
   2.19917297E-03
   2.19917297E-03
   2.19917297E-03
   2.20012665E-03
   2.20012665E-03
   2.20012665E-03
   2.20012665E-03
   2.20012665E-03
   2.20012665E-03
   2.20012665E-03
   2.20012665E-03
   2.20012665E-03
   2.20012665E-03
   2.20012665E-03
   2.20012665E-03
   2.20012665E-03
   2.20012665E-03
   2.20012665E-03
   2.20012665E-03
   2.20012665E-03
   2.20012665E-03
   2.20012665E-03
   2.20012665E-03
   2.29930878E-03
   2.29930878E-03
   2.29930878E-03
   2.29930878E-03
   2.29930878E-03
   2.29930878E-03
   2.29930878E-03
   2.30026245E-03
   2.30026245E-03
   2.30026245E-03
   2.30026245E-03
   2.30026245E-03
   2.30026245E-03
   2.30026245E-03
   2.30026245E-03
   2.30026245E-03
   2.30026245E-03
   2.30026245E-03
   2.30026245E-03
   2.30026245E-03
   2.30026245E-03
   2.30026245E-03
   2.30026245E-03
   2.39944458E-03
   2.39944458E-03
   2.39944458E-03
   2.39944458E-03
   2.39944458E-03
   2.39944458E-03
   2.40039825E-03
   2.40039825E-03
   2.40039825E-03
   2.40039825E-03
   2.40039825E-03
   2.40039825E-03
   2.40039825E-03
   2.40039825E-03
   2.40039825E-03
   2.40039825E-03
   2.40039825E-03
   2.40039825E-03
   2.40039825E-03
   2.40039825E-03
   2.40039825E-03
   2.40039825E-03
   2.40039825E-03
   2.40039825E-03
   2.40039825E-03
   2.49958038E-03
   2.49958038E-03
   2.49958038E-03
   2.49958038E-03
   2.49958038E-03
   2.49958038E-03
   2.49958038E-03
   2.49958038E-03
   2.49958038E-03
   2.49958038E-03
   2.49958038E-03
   2.49958038E-03
   2.50053406E-03
   2.50053406E-03
   2.50053406E-03
   2.50053406E-03
   2.50053406E-03
   2.50053406E-03
   2.50053406E-03
   2.50053406E-03
   2.59971619E-03
   2.59971619E-03
   2.59971619E-03
   2.59971619E-03
   2.59971619E-03
   2.59971619E-03
   2.59971619E-03
   2.59971619E-03
   2.59971619E-03
   2.59971619E-03
   2.59971619E-03
   2.59971619E-03
   2.59971619E-03
   2.59971619E-03
   2.59971619E-03
   2.59971619E-03
   2.59971619E-03
   2.59971619E-03
   2.60066986E-03
   2.60066986E-03
   2.60066986E-03
   2.60066986E-03
   2.60066986E-03
   2.60066986E-03
   2.60066986E-03
   2.60066986E-03
   2.60066986E-03
   2.69985199E-03
   2.69985199E-03
   2.69985199E-03
   2.69985199E-03
   2.69985199E-03
   2.69985199E-03
   2.69985199E-03
   2.69985199E-03
   2.69985199E-03
   2.69985199E-03
   2.69985199E-03
   2.69985199E-03
   2.69985199E-03
   2.69985199E-03
   2.69985199E-03
   2.69985199E-03
   2.69985199E-03
   2.69985199E-03
   2.69985199E-03
   2.70080566E-03
   2.70080566E-03
   2.70080566E-03
   2.70080566E-03
   2.70080566E-03
   2.70080566E-03
   2.79998779E-03
   2.79998779E-03
   2.79998779E-03
   2.79998779E-03
   2.79998779E-03
   2.79998779E-03
   2.79998779E-03
   2.79998779E-03
   2.79998779E-03
   2.79998779E-03
   2.79998779E-03
   2.79998779E-03
   2.79998779E-03
   2.79998779E-03
   2.79998779E-03
   2.79998779E-03
   2.79998779E-03
   2.79998779E-03
   2.79998779E-03
   2.79998779E-03
   2.79998779E-03
   2.79998779E-03
   2.79998779E-03
   2.79998779E-03
   2.79998779E-03
   2.79998779E-03
   2.79998779E-03
   2.79998779E-03
   2.89916992E-03
   2.89916992E-03
   2.89916992E-03
   2.90012360E-03
   2.90012360E-03
   2.90012360E-03
   2.90012360E-03
   2.90012360E-03
   2.90012360E-03
   2.90012360E-03
   2.90012360E-03
   2.90012360E-03
   2.90012360E-03
   2.90012360E-03
   2.90012360E-03
   2.90012360E-03
   2.90012360E-03
   2.90012360E-03
   2.90012360E-03
   2.90012360E-03
   2.99930573E-03
   2.99930573E-03
   2.99930573E-03
   2.99930573E-03
   2.99930573E-03
   3.00025940E-03
   3.00025940E-03
   3.00025940E-03
   3.00025940E-03
   3.00025940E-03
   3.00025940E-03
   3.00025940E-03
   3.00025940E-03
   3.00025940E-03
   3.00025940E-03
   3.09944153E-03
   3.09944153E-03
   3.09944153E-03
   3.09944153E-03
   3.09944153E-03
   3.09944153E-03
   3.09944153E-03
   3.09944153E-03
   3.09944153E-03
   3.09944153E-03
   3.09944153E-03
   3.09944153E-03
   3.09944153E-03
   3.09944153E-03
   3.10039520E-03
   3.10039520E-03
   3.10039520E-03
   3.10039520E-03
   3.10039520E-03
   3.10039520E-03
   3.10039520E-03
   3.10039520E-03
   3.10039520E-03
   3.10039520E-03
   3.10039520E-03
   3.10039520E-03
   3.10039520E-03
   3.19957733E-03
   3.19957733E-03
   3.19957733E-03
   3.19957733E-03
   3.19957733E-03
   3.19957733E-03
   3.19957733E-03
   3.19957733E-03
   3.19957733E-03
   3.20053101E-03
   3.20053101E-03
   3.20053101E-03
   3.20053101E-03
   3.20053101E-03
   3.20053101E-03
   3.20053101E-03
   3.20053101E-03
   3.29971313E-03
   3.29971313E-03
   3.29971313E-03
   3.29971313E-03
   3.29971313E-03
   3.29971313E-03
   3.29971313E-03
   3.29971313E-03
   3.29971313E-03
   3.29971313E-03
   3.29971313E-03
   3.29971313E-03
   3.29971313E-03
   3.29971313E-03
   3.30066681E-03
   3.30066681E-03
   3.30066681E-03
   3.30066681E-03
   3.39984894E-03
   3.39984894E-03
   3.39984894E-03
   3.39984894E-03
   3.39984894E-03
   3.39984894E-03
   3.39984894E-03
   3.39984894E-03
   3.39984894E-03
   3.39984894E-03
   3.39984894E-03
   3.39984894E-03
   3.39984894E-03
   3.40080261E-03
   3.40080261E-03
   3.40080261E-03
   3.40080261E-03
   3.49998474E-03
   3.49998474E-03
   3.49998474E-03
   3.49998474E-03
   3.49998474E-03
   3.49998474E-03
   3.49998474E-03
   3.49998474E-03
   3.49998474E-03
   3.49998474E-03
   3.49998474E-03
   3.49998474E-03
   3.49998474E-03
   3.49998474E-03
   3.49998474E-03
   3.49998474E-03
   3.59916687E-03
   3.59916687E-03
   3.60012054E-03
   3.60012054E-03
   3.60012054E-03
   3.60012054E-03
   3.60012054E-03
   3.60012054E-03
   3.60012054E-03
   3.60012054E-03
   3.60012054E-03
   3.60012054E-03
   3.60012054E-03
   3.60012054E-03
   3.60012054E-03
   3.69930267E-03
   3.69930267E-03
   3.69930267E-03
   3.69930267E-03
   3.69930267E-03
   3.70025635E-03
   3.70025635E-03
   3.70025635E-03
   3.70025635E-03
   3.70025635E-03
   3.70025635E-03
   3.70025635E-03
   3.70025635E-03
   3.70025635E-03
   3.70025635E-03
   3.70025635E-03
   3.70025635E-03
   3.70025635E-03
   3.79943848E-03
   3.79943848E-03
   3.79943848E-03
   3.79943848E-03
   3.79943848E-03
   3.79943848E-03
   3.80039215E-03
   3.80039215E-03
   3.80039215E-03
   3.80039215E-03
   3.80039215E-03
   3.80039215E-03
   3.80039215E-03
   3.80039215E-03
   3.80039215E-03
   3.89957428E-03
   3.89957428E-03
   3.89957428E-03
   3.89957428E-03
   3.90052795E-03
   3.90052795E-03
   3.90052795E-03
   3.90052795E-03
   3.99971008E-03
   3.99971008E-03
   3.99971008E-03
   3.99971008E-03
   3.99971008E-03
   3.99971008E-03
   3.99971008E-03
   3.99971008E-03
   3.99971008E-03
   3.99971008E-03
   4.00066376E-03
   4.00066376E-03
   4.00066376E-03
   4.09984589E-03
   4.09984589E-03
   4.09984589E-03
   4.09984589E-03
   4.09984589E-03
   4.09984589E-03
   4.09984589E-03
   4.09984589E-03
   4.09984589E-03
   4.09984589E-03
   4.09984589E-03
   4.09984589E-03
   4.10079956E-03
   4.19998169E-03
   4.19998169E-03
   4.19998169E-03
   4.19998169E-03
   4.19998169E-03
   4.19998169E-03
   4.19998169E-03
   4.19998169E-03
   4.19998169E-03
   4.19998169E-03
   4.29916382E-03
   4.29916382E-03
   4.29916382E-03
   4.30011749E-03
   4.30011749E-03
   4.30011749E-03
   4.30011749E-03
   4.30011749E-03
   4.30011749E-03
   4.30011749E-03
   4.30011749E-03
   4.30011749E-03
   4.30011749E-03
   4.30011749E-03
   4.30011749E-03
   4.30011749E-03
   4.30011749E-03
   4.30011749E-03
   4.30011749E-03
   4.30011749E-03
   4.30011749E-03
   4.30011749E-03
   4.39929962E-03
   4.39929962E-03
   4.39929962E-03
   4.39929962E-03
   4.40025330E-03
   4.40025330E-03
   4.40025330E-03
   4.40025330E-03
   4.40025330E-03
   4.40025330E-03
   4.40025330E-03
   4.40025330E-03
   4.40025330E-03
   4.40025330E-03
   4.40025330E-03
   4.49943542E-03
   4.49943542E-03
   4.49943542E-03
   4.49943542E-03
   4.49943542E-03
   4.49943542E-03
   4.49943542E-03
   4.49943542E-03
   4.50038910E-03
   4.50038910E-03
   4.50038910E-03
   4.50038910E-03
   4.50038910E-03
   4.50038910E-03
   4.50038910E-03
   4.50038910E-03
   4.50038910E-03
   4.50038910E-03
   4.59957123E-03
   4.59957123E-03
   4.59957123E-03
   4.59957123E-03
   4.59957123E-03
   4.59957123E-03
   4.59957123E-03
   4.59957123E-03
   4.60052490E-03
   4.60052490E-03
   4.60052490E-03
   4.60052490E-03
   4.69970703E-03
   4.69970703E-03
   4.69970703E-03
   4.69970703E-03
   4.69970703E-03
   4.69970703E-03
   4.69970703E-03
   4.70066071E-03
   4.70066071E-03
   4.70066071E-03
   4.79984283E-03
   4.79984283E-03
   4.79984283E-03
   4.79984283E-03
   4.79984283E-03
   4.79984283E-03
   4.89997864E-03
   4.89997864E-03
   4.89997864E-03
   4.89997864E-03
   4.89997864E-03
   4.89997864E-03
   4.89997864E-03
   4.89997864E-03
   4.89997864E-03
   4.89997864E-03
   4.89997864E-03
   4.89997864E-03
   4.89997864E-03
   4.89997864E-03
   4.89997864E-03
   4.89997864E-03
   4.99916077E-03
   4.99916077E-03
   5.00011444E-03
   5.00011444E-03
   5.00011444E-03
   5.00011444E-03
   5.00011444E-03
   5.00011444E-03
   5.00011444E-03
   5.09929657E-03
   5.10025024E-03
   5.10025024E-03
   5.10025024E-03
   5.19943237E-03
   5.19943237E-03
   5.19943237E-03
   5.19943237E-03
   5.20038605E-03
   5.20038605E-03
   5.20038605E-03
   5.20038605E-03
   5.20038605E-03
   5.20038605E-03
   5.20038605E-03
   5.29956818E-03
   5.29956818E-03
   5.29956818E-03
   5.29956818E-03
   5.30052185E-03
   5.30052185E-03
   5.30052185E-03
   5.39970398E-03
   5.39970398E-03
   5.39970398E-03
   5.39970398E-03
   5.39970398E-03
   5.40065765E-03
   5.49983978E-03
   5.49983978E-03
   5.49983978E-03
   5.49983978E-03
   5.49983978E-03
   5.49983978E-03
   5.49983978E-03
   5.49983978E-03
   5.49983978E-03
   5.49983978E-03
   5.49983978E-03
   5.49983978E-03
   5.50079346E-03
   5.59997559E-03
   5.59997559E-03
   5.59997559E-03
   5.59997559E-03
   5.59997559E-03
   5.59997559E-03
   5.59997559E-03
   5.69915771E-03
   5.70011139E-03
   5.70011139E-03
   5.70011139E-03
   5.70011139E-03
   5.70011139E-03
   5.70011139E-03
   5.79929352E-03
   5.80024719E-03
   5.80024719E-03
   5.80024719E-03
   5.89942932E-03
   5.89942932E-03
   5.89942932E-03
   5.89942932E-03
   5.90038300E-03
   5.90038300E-03
   5.90038300E-03
   5.90038300E-03
   5.99956512E-03
   5.99956512E-03
   6.00051880E-03
   6.09970093E-03
   6.09970093E-03
   6.10065460E-03
   6.10065460E-03
   6.19983673E-03
   6.19983673E-03
   6.19983673E-03
   6.19983673E-03
   6.19983673E-03
   6.19983673E-03
   6.19983673E-03
   6.19983673E-03
   6.20079041E-03
   6.29997253E-03
   6.29997253E-03
   6.29997253E-03
   6.29997253E-03
   6.29997253E-03
   6.29997253E-03
   6.39915466E-03
   6.39915466E-03
   6.40010834E-03
   6.40010834E-03
   6.40010834E-03
   6.40010834E-03
   6.40010834E-03
   6.40010834E-03
   6.49929047E-03
   6.50024414E-03
   6.50024414E-03
   6.50024414E-03
   6.60037994E-03
   6.60037994E-03
   6.60037994E-03
   6.69956207E-03
   6.69956207E-03
   6.69956207E-03
   6.69956207E-03
   6.69956207E-03
   6.70051575E-03
   6.70051575E-03
   6.79969788E-03
   6.79969788E-03
   6.79969788E-03
   6.79969788E-03
   6.79969788E-03
   6.79969788E-03
   6.79969788E-03
   6.79969788E-03
   6.80065155E-03
   6.80065155E-03
   6.89983368E-03
   6.89983368E-03
   6.89983368E-03
   6.89983368E-03
   6.90078735E-03
   6.99996948E-03
   6.99996948E-03
   6.99996948E-03
   6.99996948E-03
   6.99996948E-03
   6.99996948E-03
   6.99996948E-03
   7.09915161E-03
   7.10010529E-03
   7.10010529E-03
   7.10010529E-03
   7.19928741E-03
   7.20024109E-03
   7.29942322E-03
   7.29942322E-03
   7.29942322E-03
   7.29942322E-03
   7.30037689E-03
   7.39955902E-03
   7.40051270E-03
   7.40051270E-03
   7.40051270E-03
   7.40051270E-03
   7.49969482E-03
   7.49969482E-03
   7.50064850E-03
   7.59983063E-03
   7.59983063E-03
   7.59983063E-03
   7.59983063E-03
   7.59983063E-03
   7.60078430E-03
   7.69996643E-03
   7.69996643E-03
   7.80010223E-03
   7.80010223E-03
   7.80010223E-03
   7.90023804E-03
   7.90023804E-03
   7.99942017E-03
   8.00037384E-03
   8.09955597E-03
   8.10050964E-03
   8.19969177E-03
   8.19969177E-03
   8.19969177E-03
   8.19969177E-03
   8.20064545E-03
   8.39996338E-03
   8.39996338E-03
   8.50009918E-03
   8.50009918E-03
   8.70037079E-03
   8.70037079E-03
   8.70037079E-03
   8.70037079E-03
   8.70037079E-03
   8.79955292E-03
   8.90064240E-03
   8.90064240E-03
   8.99982452E-03
   8.99982452E-03
   8.99982452E-03
   9.09996033E-03
   9.09996033E-03
   9.20009613E-03
   9.20009613E-03
   9.29927826E-03
   9.30023193E-03
   9.30023193E-03
   9.39941406E-03
   9.40036774E-03
   9.59968567E-03
   9.59968567E-03
   9.60063934E-03
   9.69982147E-03
   9.69982147E-03
   9.69982147E-03
   9.90009308E-03
   9.90009308E-03
   9.99927521E-03
   9.99927521E-03
   1.00002289E-02
   1.00002289E-02
   1.00994110E-02
   1.01003647E-02
   1.01003647E-02
   1.01003647E-02
   1.01995468E-02
   1.02005005E-02
   1.03006363E-02
   1.03998184E-02
   1.05991364E-02
   1.06000900E-02
   1.06000900E-02
   1.06992722E-02
   1.07002258E-02
   1.08003616E-02
   1.08995438E-02
   1.09004974E-02
   1.09004974E-02
   1.09996796E-02
   1.10998154E-02
   1.10998154E-02
   1.10998154E-02
   1.11007690E-02
   1.11999512E-02
   1.12991333E-02
   1.14002228E-02
   1.15003586E-02
   1.16004944E-02
   1.18999481E-02
   1.20000839E-02
   1.20000839E-02
   1.21002197E-02
   1.21002197E-02
   1.21002197E-02
   1.21002197E-02
   1.23996735E-02
   1.24006271E-02
   1.24998093E-02
   1.24998093E-02
   1.29995346E-02
   1.31998062E-02
   1.31998062E-02
   1.31998062E-02
   1.35993958E-02
   1.36003494E-02
   1.36995316E-02
   1.37996674E-02
   1.38998032E-02
   1.43003464E-02
   1.43003464E-02
   1.43995285E-02
   1.45998001E-02
   1.48000717E-02
   1.51004791E-02
   1.52997971E-02
   1.57003403E-02
   1.58996582E-02
   1.58996582E-02
   1.60007477E-02
   1.60999298E-02
   1.62000656E-02
   1.69000626E-02
   1.72004700E-02
   1.72004700E-02
   1.72996521E-02
   1.76000595E-02
   1.79996490E-02
   1.80997849E-02
   1.86996460E-02
   1.87997818E-02
   1.90992355E-02
   1.90992355E-02
   1.91993713E-02
   1.99003220E-02
   1.99003220E-02
   2.00996399E-02
   2.00996399E-02
   2.00996399E-02
   2.01997757E-02
   2.04992294E-02
   2.05001831E-02
   2.08997726E-02
   2.11000443E-02
   2.13003159E-02
   2.13003159E-02
   2.16999054E-02
   2.16999054E-02
   2.18000412E-02
   2.25000381E-02
   2.32000351E-02
   2.40001678E-02
   2.42004395E-02
   2.43997574E-02
   2.54993439E-02
   2.55994797E-02
   2.56004333E-02
   2.56004333E-02
   2.56004333E-02
   2.63996124E-02
   2.66008377E-02
   2.71997452E-02
   2.75001526E-02
   2.78005600E-02
   2.81000137E-02
   2.84996033E-02
   2.89001465E-02
   2.96993256E-02
   3.02991867E-02
   3.06997299E-02
   3.17001343E-02
   3.22999954E-02
   3.24001312E-02
   3.26004028E-02
   3.36999893E-02
   3.81994247E-02
   3.96003723E-02
   3.96995544E-02
   3.98006439E-02
   4.01000977E-02
   4.23002243E-02
   4.34999466E-02
   4.36000824E-02
   4.43992615E-02
   4.72993851E-02
   5.00993729E-02
   5.13000488E-02
   5.20000458E-02
   5.24997711E-02
   5.52005768E-02
   5.58004379E-02
   5.91001511E-02
   7.00006485E-02
   7.45000839E-02
   7.61003494E-02
   7.69996643E-02
   7.83004761E-02
   8.15000534E-02
  0.110400200    
  0.124300003    
  0.129199982    
  0.136899948    
  0.185099602    
  0.294400215    
  0.450999260    
  0.467700005    
  0.634099960    
