#Npts     Radius    Mag      Completeness
#   42 1690.9362  -14.913865 1.000000
# Ierr
  -3.88221741E-02
  -1.24044418E-02
  -1.06325150E-02
  -8.12339783E-03
  -8.01467896E-03
  -7.68089294E-03
  -6.90460205E-03
  -5.57231903E-03
  -4.89521027E-03
  -4.54902649E-03
  -4.21047211E-03
  -2.95162201E-03
  -2.82859802E-03
  -2.45761871E-03
  -2.14385986E-03
  -2.03418732E-03
  -1.98459625E-03
  -1.90639496E-03
  -1.82819366E-03
  -1.64413452E-03
  -6.89506531E-04
  -1.57356262E-04
  -1.41143799E-04
  -8.20159912E-05
   1.33514404E-05
   1.23977661E-04
   1.61170959E-04
   3.81469727E-04
   4.28199768E-04
   1.31130219E-03
   2.23350525E-03
   2.31456757E-03
   2.36988068E-03
   2.57968903E-03
   2.65026093E-03
   3.21960449E-03
   3.26824188E-03
   4.97722626E-03
   5.91659546E-03
   6.70146942E-03
   7.01522827E-03
   9.16957855E-03
