#Npts     Radius    Mag      Completeness
#   24 1898.5950  -15.126844 1.000000
# Ierr
  -1.94454193E-02
  -1.49192810E-02
  -8.78524780E-03
  -7.81631470E-03
  -5.29384613E-03
  -5.14793396E-03
  -4.63199615E-03
  -3.64971161E-03
  -3.49903107E-03
  -2.14099884E-03
  -2.00271606E-03
  -1.66511536E-03
  -1.11484528E-03
  -5.38825989E-04
   1.37329102E-04
   8.45909119E-04
   9.88006592E-04
   1.08337402E-03
   2.20108032E-03
   2.97260284E-03
   3.25012207E-03
   4.65106964E-03
   1.08480453E-02
   1.19390488E-02
