#Npts     Radius    Mag      Completeness
#   40 1067.9597  -14.913865 1.000000
# Ierr
  -2.06785202E-02
  -1.78079605E-02
  -9.79328156E-03
  -7.88211823E-03
  -4.40406799E-03
  -3.94248962E-03
  -3.73268127E-03
  -3.69548798E-03
  -3.54099274E-03
  -3.42178345E-03
  -3.40652466E-03
  -3.32641602E-03
  -3.17001343E-03
  -2.69699097E-03
  -1.16443634E-03
  -8.06808472E-04
  -5.08308411E-04
  -3.60488892E-04
  -2.68936157E-04
  -8.86917114E-05
   3.72886658E-04
   4.15802002E-04
   5.64575195E-04
   5.77926636E-04
   8.61167908E-04
   9.89913940E-04
   1.22451782E-03
   1.26075745E-03
   1.33037567E-03
   1.47151947E-03
   1.82056427E-03
   1.82533264E-03
   1.86634064E-03
   2.38227844E-03
   3.17382812E-03
   3.26061249E-03
   3.30829620E-03
   4.89997864E-03
   5.39779663E-03
   1.02357864E-02
