#Npts     Radius    Mag      Completeness
#   32  444.9832  -14.700886 1.000000
# Ierr
  -2.77585983E-02
  -2.04143524E-02
  -1.91373825E-02
  -1.76877975E-02
  -1.57699585E-02
  -1.23090744E-02
  -7.99369812E-03
  -5.34629822E-03
  -3.25775146E-03
  -3.17668915E-03
  -2.68554688E-03
  -1.81198120E-03
  -1.21784210E-03
  -8.68797302E-04
  -7.65800476E-04
  -4.76837158E-05
   1.85012817E-04
   2.22206116E-04
   5.44548035E-04
   8.78334045E-04
   9.74655151E-04
   1.07860565E-03
   1.15585327E-03
   1.97029114E-03
   3.09658051E-03
   3.27491760E-03
   3.29303741E-03
   3.58963013E-03
   3.81755829E-03
   4.10270691E-03
   5.96714020E-03
   2.40230560E-02
