#Npts     Radius    Mag      Completeness
#   63 1690.9362  -14.061948 1.000000
# Ierr
  -3.99999619E-02
  -3.35655212E-02
  -1.58166885E-02
  -1.10054016E-02
  -1.08671188E-02
  -9.92584229E-03
  -7.61222839E-03
  -7.08770752E-03
  -6.69765472E-03
  -6.37149811E-03
  -5.96809387E-03
  -4.39357758E-03
  -4.13322449E-03
  -3.66973877E-03
  -3.48091125E-03
  -3.06320190E-03
  -2.89154053E-03
  -2.65884399E-03
  -2.28309631E-03
  -1.97601318E-03
  -1.95312500E-03
  -1.90925598E-03
  -1.87587738E-03
  -1.40857697E-03
  -1.01566315E-03
  -8.91685486E-04
  -7.72476196E-04
  -7.13348389E-04
  -6.13212585E-04
  -6.12258911E-04
  -5.49316406E-04
  -6.86645508E-05
   4.47273254E-04
   5.77926636E-04
   6.76155090E-04
   7.82966614E-04
   7.86781311E-04
   8.48770142E-04
   1.27029419E-03
   1.49154663E-03
   1.69181824E-03
   1.91497803E-03
   1.96361542E-03
   2.32887268E-03
   2.36797333E-03
   2.41374969E-03
   2.58445740E-03
   2.70938873E-03
   3.16524506E-03
   3.76605988E-03
   3.80611420E-03
   3.85856628E-03
   4.02545929E-03
   4.28485870E-03
   4.62341309E-03
   5.63907623E-03
   5.92517853E-03
   5.92899323E-03
   6.70337677E-03
   7.96794891E-03
   1.21040344E-02
   2.11277008E-02
   3.33776474E-02
