#Npts     Radius    Mag      Completeness
#   45  860.3009  -14.487906 1.000000
# Ierr
  -4.12120819E-02
  -2.58522034E-02
  -2.46486664E-02
  -2.35376358E-02
  -1.75275803E-02
  -1.07641220E-02
  -8.22257996E-03
  -7.90977478E-03
  -5.32817841E-03
  -4.19139862E-03
  -3.46183777E-03
  -3.30257416E-03
  -3.16333771E-03
  -2.88200378E-03
  -2.76470184E-03
  -2.58064270E-03
  -2.45571136E-03
  -1.82723999E-03
  -9.41276550E-04
  -8.50677490E-04
  -7.92503357E-04
  -3.03268433E-04
  -1.30653381E-04
   3.04222107E-04
   3.22341919E-04
   4.78744507E-04
   7.52449036E-04
   7.85827637E-04
   8.66889954E-04
   1.53160095E-03
   1.53636932E-03
   1.75094604E-03
   2.40898132E-03
   2.52056122E-03
   2.75039673E-03
   2.80380249E-03
   3.05461884E-03
   3.19290161E-03
   3.37314606E-03
   4.47368622E-03
   5.66959381E-03
   5.72967529E-03
   5.76305389E-03
   1.09806061E-02
   1.29613876E-02
