#Npts     Radius    Mag      Completeness
#   40  444.9832  -14.487906 1.000000
# Ierr
  -2.54945755E-02
  -2.34365463E-02
  -2.27909088E-02
  -2.07462311E-02
  -1.88760757E-02
  -1.71880722E-02
  -1.68552399E-02
  -1.57527924E-02
  -1.36651993E-02
  -1.14955902E-02
  -1.03902817E-02
  -1.02634430E-02
  -8.09097290E-03
  -7.57598877E-03
  -6.28852844E-03
  -5.96046448E-03
  -4.66060638E-03
  -3.09276581E-03
  -3.03554535E-03
  -2.87342072E-03
  -2.79808044E-03
  -2.24304199E-03
  -1.57451630E-03
  -1.41143799E-03
  -5.27381897E-04
  -4.76837158E-04
   4.86373901E-05
   8.20159912E-05
   1.25598907E-03
   1.53636932E-03
   1.81865692E-03
   2.22682953E-03
   2.37369537E-03
   2.60925293E-03
   2.80666351E-03
   2.91061401E-03
   3.98826599E-03
   4.47368622E-03
   4.68540192E-03
   6.61182404E-03
