#Npts     Radius    Mag      Completeness
#   35 1275.6185  -14.700886 1.000000
# Ierr
  -3.11517715E-02
  -2.03094482E-02
  -1.96676254E-02
  -1.48506165E-02
  -1.03654861E-02
  -9.31453705E-03
  -8.82053375E-03
  -8.00418854E-03
  -7.28893280E-03
  -6.97994232E-03
  -3.33118439E-03
  -2.04658508E-03
  -1.79862976E-03
  -1.63173676E-03
  -1.42574310E-03
  -1.34658813E-03
  -5.96046448E-04
  -8.10623169E-05
   2.91824341E-04
   3.23295593E-04
   4.35829163E-04
   5.77926636E-04
   6.67572021E-04
   1.06239319E-03
   1.10149384E-03
   1.74140930E-03
   1.95503235E-03
   2.36415863E-03
   2.52151489E-03
   2.80475616E-03
   3.32736969E-03
   3.66401672E-03
   4.07791138E-03
   7.22312927E-03
   3.30095291E-02
