#Npts     Radius    Mag      Completeness
#   51 1275.6185  -14.487906 1.000000
# Ierr
  -2.78739929E-02
  -1.92785263E-02
  -1.87225342E-02
  -1.48963928E-02
  -6.93988800E-03
  -6.24561310E-03
  -6.18648529E-03
  -5.98049164E-03
  -4.65679169E-03
  -4.50897217E-03
  -4.33540344E-03
  -4.06837463E-03
  -3.29971313E-03
  -3.22246552E-03
  -3.13568115E-03
  -2.89058685E-03
  -2.17056274E-03
  -1.97410583E-03
  -1.92832947E-03
  -1.46961212E-03
  -5.41687012E-04
  -3.79562378E-04
  -3.77655029E-04
  -3.39508057E-04
  -2.14576721E-04
  -1.26838684E-04
  -1.09672546E-04
  -1.81198120E-05
   2.34603882E-04
   4.12940979E-04
   5.47409058E-04
   7.31468201E-04
   1.00898743E-03
   1.19781494E-03
   1.66320801E-03
   1.71375275E-03
   1.93500519E-03
   2.23636627E-03
   2.30026245E-03
   2.56633759E-03
   2.62928009E-03
   2.96115875E-03
   2.96878815E-03
   3.40747833E-03
   3.43227386E-03
   3.86428833E-03
   4.01878357E-03
   4.47177887E-03
   4.47273254E-03
   7.19928741E-03
   2.86817551E-02
