#Npts     Radius    Mag      Completeness
#   77 1690.9362  -13.635989 1.000000
# Ierr
  -3.14283371E-02
  -2.71110535E-02
  -2.64968872E-02
  -1.07469559E-02
  -9.17243958E-03
  -7.66372681E-03
  -7.11441040E-03
  -7.05337524E-03
  -5.57136536E-03
  -5.01537323E-03
  -4.83322144E-03
  -3.65924835E-03
  -3.62205505E-03
  -3.61156464E-03
  -3.43418121E-03
  -2.99835205E-03
  -2.83908844E-03
  -2.76279449E-03
  -2.47955322E-03
  -2.43854523E-03
  -1.73377991E-03
  -1.71184540E-03
  -1.35135651E-03
  -7.78198242E-04
  -7.24792480E-04
  -7.09533691E-04
  -6.65664673E-04
  -6.34193420E-04
  -5.60760498E-04
  -5.40733337E-04
  -4.39643860E-04
  -3.27110291E-04
  -1.23977661E-04
  -7.43865967E-05
   2.86102295E-06
   1.13487244E-04
   2.47001648E-04
   2.98500061E-04
   3.39508057E-04
   4.38690186E-04
   5.24520874E-04
   7.55310059E-04
   8.77380371E-04
   9.33647156E-04
   9.72747803E-04
   1.00421906E-03
   1.03473663E-03
   1.21212006E-03
   1.48677826E-03
   1.81961060E-03
   2.08091736E-03
   2.20775604E-03
   2.31170654E-03
   2.32124329E-03
   2.35748291E-03
   2.36797333E-03
   2.42996216E-03
   2.54440308E-03
   3.17573547E-03
   3.40747833E-03
   3.53908539E-03
   3.73268127E-03
   3.82328033E-03
   4.06360626E-03
   4.39739227E-03
   4.92858887E-03
   5.46455383E-03
   5.65624237E-03
   5.69343567E-03
   5.89179993E-03
   6.21128082E-03
   6.64615631E-03
   7.16781616E-03
   9.66358185E-03
   1.55248642E-02
   1.73254013E-02
   1.83849335E-02
