#Npts     Radius    Mag      Completeness
#   46  444.9832  -14.274927 1.000000
# Ierr
  -3.20110321E-02
  -3.13119888E-02
  -3.12900543E-02
  -2.96554565E-02
  -2.78387070E-02
  -2.75506973E-02
  -2.44150162E-02
  -2.18162537E-02
  -8.82816315E-03
  -8.13674927E-03
  -5.21278381E-03
  -4.03118134E-03
  -3.46851349E-03
  -2.98023224E-03
  -2.71129608E-03
  -2.69985199E-03
  -2.68554688E-03
  -1.32846832E-03
  -1.31511688E-03
  -1.16252899E-03
  -6.55174255E-04
  -6.34193420E-04
  -6.08444214E-04
  -4.02450562E-04
  -2.77519226E-04
  -2.05993652E-04
   2.30789185E-04
   4.92095947E-04
   9.24110413E-04
   1.02901459E-03
   1.14822388E-03
   1.24835968E-03
   1.29604340E-03
   1.51062012E-03
   1.98554993E-03
   2.29740143E-03
   2.61497498E-03
   2.82573700E-03
   3.30448151E-03
   4.01306152E-03
   4.20761108E-03
   4.72640991E-03
   4.73022461E-03
   5.38253784E-03
   5.55419922E-03
   1.15680695E-02
