#Npts     Radius    Mag      Completeness
#   49  444.9832  -13.848969 1.000000
# Ierr
  -4.71553802E-02
  -4.55150604E-02
  -3.69997025E-02
  -2.71825790E-02
  -2.62279510E-02
  -2.58674622E-02
  -2.11019516E-02
  -1.58348083E-02
  -1.35402679E-02
  -1.10750198E-02
  -1.06449127E-02
  -7.32326508E-03
  -5.74970245E-03
  -5.11932373E-03
  -2.71415710E-03
  -2.43473053E-03
  -2.30026245E-03
  -2.18868256E-03
  -1.63364410E-03
  -1.28936768E-03
  -1.15108490E-03
  -2.88963318E-04
  -9.82284546E-05
   8.96453857E-05
   2.38418579E-04
   6.74247742E-04
   7.57217407E-04
   7.94410706E-04
   8.99314880E-04
   1.32465363E-03
   1.96552277E-03
   2.18772888E-03
   2.41756439E-03
   2.43091583E-03
   2.51674652E-03
   3.27301025E-03
   3.74507904E-03
   4.41646576E-03
   4.65202332E-03
   4.66537476E-03
   5.21945953E-03
   5.41496277E-03
   5.46073914E-03
   5.66005707E-03
   5.95378876E-03
   7.54070282E-03
   8.71467590E-03
   9.12094116E-03
   9.41181183E-03
