#Npts     Radius    Mag      Completeness
#   33  652.6420  -14.061948 1.000000
# Ierr
  -3.84206772E-02
  -2.80761719E-02
  -2.36234665E-02
  -8.31413269E-03
  -6.37245178E-03
  -5.23662567E-03
  -4.44698334E-03
  -4.42218781E-03
  -2.78282166E-03
  -2.15530396E-03
  -1.81674957E-03
  -1.49440765E-03
  -1.33609772E-03
  -1.21116638E-03
  -1.13868713E-03
  -2.68936157E-04
  -1.50680542E-04
   1.10912323E-03
   1.53923035E-03
   1.74999237E-03
   1.97887421E-03
   2.21729279E-03
   2.34413147E-03
   3.11374664E-03
   3.42750549E-03
   3.92150879E-03
   4.24385071E-03
   4.27532196E-03
   4.30965424E-03
   5.94806671E-03
   6.27708435E-03
   8.71467590E-03
   1.05295181E-02
