#Npts     Radius    Mag      Completeness
#   66 1275.6185  -13.635989 1.000000
# Ierr
  -2.81620026E-02
  -2.72569656E-02
  -2.02722549E-02
  -2.00881958E-02
  -1.52845383E-02
  -7.90977478E-03
  -6.96468353E-03
  -4.80556488E-03
  -4.63676453E-03
  -4.16183472E-03
  -3.95870209E-03
  -3.42464447E-03
  -2.82192230E-03
  -2.40707397E-03
  -2.14099884E-03
  -1.90925598E-03
  -1.44386292E-03
  -1.33419037E-03
  -7.76290894E-04
  -4.24385071E-04
  -4.14848328E-04
  -1.47819519E-04
  -3.52859497E-05
   1.00135803E-04
   1.27792358E-04
   1.46865845E-04
   2.24113464E-04
   3.41415405E-04
   4.35829163E-04
   5.26428223E-04
   9.68933105E-04
   1.27506256E-03
   1.33419037E-03
   1.38759613E-03
   1.47438049E-03
   1.86347961E-03
   2.19058990E-03
   2.21061707E-03
   2.43473053E-03
   2.44808197E-03
   2.49290466E-03
   2.64739990E-03
   2.70462036E-03
   3.25965881E-03
   3.43227386E-03
   3.54957581E-03
   3.55529785E-03
   4.57668304E-03
   4.65393066E-03
   5.18035889E-03
   5.45883179E-03
   5.55610657E-03
   5.57422638E-03
   5.87558746E-03
   5.90610504E-03
   6.90460205E-03
   7.01141357E-03
   7.08389282E-03
   7.67612457E-03
   7.94792175E-03
   8.26168060E-03
   8.43715668E-03
   9.75990295E-03
   1.16147995E-02
   1.23901367E-02
   1.74884796E-02
