#Npts     Radius    Mag      Completeness
#   55  860.3009  -14.061948 1.000000
# Ierr
  -3.67202759E-02
  -3.39632034E-02
  -3.02734375E-02
  -3.02352905E-02
  -9.40418243E-03
  -8.78429413E-03
  -8.67557526E-03
  -7.91072845E-03
  -7.75432587E-03
  -7.58838654E-03
  -7.29465485E-03
  -5.86509705E-03
  -4.94194031E-03
  -3.49235535E-03
  -2.68459320E-03
  -2.28118896E-03
  -1.96647644E-03
  -1.62506104E-03
  -1.49917603E-03
  -1.17492676E-03
  -1.02233887E-03
  -6.92367554E-04
  -2.95639038E-04
  -2.86102295E-05
   6.10351562E-05
   1.52587891E-04
   1.85012817E-04
   1.93595886E-04
   8.52584839E-04
   9.37461853E-04
   2.16865540E-03
   2.28977203E-03
   2.42233276E-03
   2.63690948E-03
   3.13568115E-03
   3.67832184E-03
   3.92818451E-03
   4.24575806E-03
   4.58908081E-03
   4.62722778E-03
   4.80842590E-03
   5.16033173E-03
   5.39398193E-03
   5.52749634E-03
   5.60379028E-03
   5.71823120E-03
   6.29711151E-03
   6.66713715E-03
   6.68430328E-03
   1.35478973E-02
   1.95779800E-02
   2.06251144E-02
   2.07633972E-02
   2.27890015E-02
   2.34556198E-02
