#Npts     Radius    Mag      Completeness
#   28  860.3009  -14.700886 1.000000
# Ierr
  -1.57022476E-02
  -1.25312805E-02
  -5.84697723E-03
  -4.85992432E-03
  -3.97300720E-03
  -3.82232666E-03
  -3.65352631E-03
  -2.67982483E-03
  -2.36701965E-03
  -2.20489502E-03
  -1.57070160E-03
  -1.04045868E-03
  -9.46044922E-04
  -9.09805298E-04
  -7.06672668E-04
  -4.26292419E-04
  -2.76565552E-05
   1.85966492E-04
   3.25202942E-04
   4.38690186E-04
   6.08444214E-04
   1.25694275E-03
   1.42288208E-03
   2.36511230E-03
   2.78091431E-03
   3.38935852E-03
   4.58431244E-03
   7.09056854E-03
