#Npts     Radius    Mag      Completeness
#   50 1067.9597  -14.700886 1.000000
# Ierr
  -2.56872177E-02
  -1.84249878E-02
  -1.66769028E-02
  -1.18236542E-02
  -8.34369659E-03
  -5.55896759E-03
  -5.42736053E-03
  -5.40161133E-03
  -5.26046753E-03
  -5.04970551E-03
  -5.04207611E-03
  -3.98349762E-03
  -3.79467010E-03
  -3.73935699E-03
  -3.12042236E-03
  -2.70366669E-03
  -2.22873688E-03
  -2.05612183E-03
  -1.99031830E-03
  -1.80912018E-03
  -1.71947479E-03
  -1.37424469E-03
  -7.53402710E-04
  -4.19616699E-04
  -1.44958496E-04
   1.43051147E-05
   2.73704529E-04
   3.51905823E-04
   4.50134277E-04
   6.38961792E-04
   8.03947449E-04
   8.62121582E-04
   1.07860565E-03
   1.20258331E-03
   1.94263458E-03
   2.01129913E-03
   2.09617615E-03
   2.12383270E-03
   2.14576721E-03
   2.21633911E-03
   2.55584717E-03
   2.83432007E-03
   3.11183929E-03
   3.16333771E-03
   3.71742249E-03
   4.06837463E-03
   4.35924530E-03
   4.56619263E-03
   4.96959686E-03
   5.96809387E-03
