#Npts     Radius    Mag      Completeness
#  107 2966.5547  -13.635989 1.000000
# Ierr
  -3.46403122E-02
  -2.31113434E-02
  -1.71709061E-02
  -1.21145248E-02
  -1.07402802E-02
  -1.03425980E-02
  -9.46331024E-03
  -9.11998749E-03
  -8.87298584E-03
  -8.49914551E-03
  -7.36141205E-03
  -7.02476501E-03
  -6.70337677E-03
  -6.64901733E-03
  -5.89179993E-03
  -5.05542755E-03
  -4.90283966E-03
  -4.83322144E-03
  -4.33444977E-03
  -3.98731232E-03
  -3.88240814E-03
  -3.34262848E-03
  -3.32355499E-03
  -3.26824188E-03
  -3.19480896E-03
  -3.12995911E-03
  -3.12900543E-03
  -3.05461884E-03
  -2.86388397E-03
  -2.80761719E-03
  -2.75611877E-03
  -2.57396698E-03
  -2.55298615E-03
  -1.69754028E-03
  -1.55162811E-03
  -1.46770477E-03
  -1.15394592E-03
  -1.12533569E-03
  -8.99314880E-04
  -8.94546509E-04
  -8.84056091E-04
  -8.31604004E-04
  -7.32421875E-04
  -4.56809998E-04
  -3.33786011E-04
  -3.26156616E-04
  -1.28746033E-04
   1.46865845E-04
   2.16484070E-04
   4.12940979E-04
   4.16755676E-04
   4.41551208E-04
   5.68389893E-04
   8.44955444E-04
   8.80241394E-04
   9.22203064E-04
   9.42230225E-04
   1.14727020E-03
   1.16252899E-03
   1.27887726E-03
   1.32942200E-03
   1.42002106E-03
   1.45149231E-03
   1.62792206E-03
   1.65176392E-03
   1.67560577E-03
   1.85680389E-03
   1.91402435E-03
   1.97887421E-03
   2.11524963E-03
   2.41088867E-03
   2.88963318E-03
   3.20816040E-03
   3.24916840E-03
   3.27682495E-03
   3.37409973E-03
   3.37505341E-03
   3.43990326E-03
   3.95488739E-03
   3.97109985E-03
   4.51564789E-03
   4.60147858E-03
   4.69875336E-03
   4.88281250E-03
   5.20038605E-03
   5.34820557E-03
   5.45024872E-03
   5.47599792E-03
   5.48839569E-03
   5.59139252E-03
   5.60951233E-03
   5.67436218E-03
   6.60705566E-03
   6.96372986E-03
   7.53211975E-03
   7.80677795E-03
   7.91263580E-03
   8.40377808E-03
   9.75513458E-03
   1.06945038E-02
   1.11494064E-02
   1.16157532E-02
   1.19066238E-02
   1.30052567E-02
   1.30224228E-02
   1.46598816E-02
   1.67274475E-02
