#Npts     Radius    Mag      Completeness
#   54 1483.2773  -14.487906 1.000000
# Ierr
  -2.63452530E-02
  -1.95302963E-02
  -1.22489929E-02
  -1.17101669E-02
  -7.92884827E-03
  -7.23552704E-03
  -6.06632233E-03
  -5.63430786E-03
  -4.65011597E-03
  -4.30870056E-03
  -3.77178192E-03
  -3.75652313E-03
  -3.65066528E-03
  -2.86102295E-03
  -2.83145905E-03
  -2.68554688E-03
  -2.67696381E-03
  -2.65598297E-03
  -2.46334076E-03
  -2.14958191E-03
  -2.10762024E-03
  -1.80053711E-03
  -1.78432465E-03
  -1.10435486E-03
  -9.11712646E-04
  -8.87870789E-04
  -8.16345215E-04
  -6.58035278E-04
  -3.46183777E-04
  -2.24113464E-04
   2.57492065E-05
   4.57763672E-05
   1.69754028E-04
   2.05993652E-04
   7.18116760E-04
   1.17206573E-03
   1.26647949E-03
   1.43051147E-03
   1.54685974E-03
   1.82342529E-03
   2.16865540E-03
   2.34127045E-03
   2.49195099E-03
   2.85816193E-03
   3.03077698E-03
   3.34739685E-03
   3.52382660E-03
   3.86905670E-03
   3.99208069E-03
   4.56619263E-03
   4.75502014E-03
   6.20841980E-03
   6.91986084E-03
   1.74026489E-02
