#Npts     Radius    Mag      Completeness
#   51 1067.9597  -14.274927 1.000000
# Ierr
  -3.37276459E-02
  -2.32315063E-02
  -1.48086548E-02
  -8.30936432E-03
  -7.16495514E-03
  -5.92327118E-03
  -4.72068787E-03
  -4.54139709E-03
  -3.99017334E-03
  -3.94821167E-03
  -3.82423401E-03
  -3.65829468E-03
  -3.53527069E-03
  -3.36647034E-03
  -3.28636169E-03
  -2.65121460E-03
  -1.95789337E-03
  -1.27792358E-03
  -7.51495361E-04
  -7.41004944E-04
  -4.65393066E-04
  -4.37736511E-04
  -4.20570374E-04
   7.34329224E-05
   1.28746033E-04
   1.47819519E-04
   3.71932983E-04
   6.37054443E-04
   9.39369202E-04
   1.19686127E-03
   1.27887726E-03
   1.69849396E-03
   1.95598602E-03
   2.09331512E-03
   2.12764740E-03
   2.35176086E-03
   3.31974030E-03
   3.36265564E-03
   4.08840179E-03
   4.24957275E-03
   4.26578522E-03
   4.50420380E-03
   4.52136993E-03
   4.69875336E-03
   4.74643707E-03
   5.92136383E-03
   6.09302521E-03
   6.40487671E-03
   1.19342804E-02
   2.02379227E-02
   2.37417221E-02
