#Npts     Radius    Mag      Completeness
#   73 1690.9362  -13.848969 1.000000
# Ierr
  -2.54077911E-02
  -1.95255280E-02
  -1.34916306E-02
  -1.18808746E-02
  -1.08566284E-02
  -1.01737976E-02
  -8.33797455E-03
  -7.86685944E-03
  -7.55596161E-03
  -7.15827942E-03
  -6.82353973E-03
  -6.56986237E-03
  -6.05201721E-03
  -5.66482544E-03
  -4.97341156E-03
  -4.88758087E-03
  -4.62341309E-03
  -3.98063660E-03
  -3.63731384E-03
  -3.27491760E-03
  -3.03649902E-03
  -2.75993347E-03
  -2.68936157E-03
  -2.42328644E-03
  -2.33459473E-03
  -2.32315063E-03
  -2.04563141E-03
  -2.03800201E-03
  -1.99508667E-03
  -1.48677826E-03
  -1.31416321E-03
  -1.07097626E-03
  -8.26835632E-04
  -6.98089600E-04
  -6.55174255E-04
  -6.55174255E-04
  -6.06536865E-04
  -5.79833984E-04
  -5.72204590E-04
  -1.97410583E-04
  -1.23023987E-04
  -1.15394592E-04
   1.18255615E-04
   3.67164612E-04
   4.20570374E-04
   1.01757050E-03
   1.24168396E-03
   1.50680542E-03
   1.76334381E-03
   1.91020966E-03
   1.92451477E-03
   2.03990936E-03
   2.07614899E-03
   2.10189819E-03
   2.12574005E-03
   2.12955475E-03
   3.07083130E-03
   3.12328339E-03
   3.31974030E-03
   3.48854065E-03
   3.60393524E-03
   4.21333313E-03
   4.63676453E-03
   4.90093231E-03
   4.93335724E-03
   4.99725342E-03
   5.00011444E-03
   6.34002686E-03
   6.59847260E-03
   7.47203827E-03
   7.49206543E-03
   8.02040100E-03
   9.10854340E-03
