#Npts     Radius    Mag      Completeness
#   92 2966.5547  -14.061948 1.000000
# Ierr
  -3.38411331E-02
  -3.31602097E-02
  -2.36196518E-02
  -2.00176239E-02
  -1.82495117E-02
  -1.26810074E-02
  -1.25102997E-02
  -1.24759674E-02
  -1.17034912E-02
  -1.10120773E-02
  -8.07476044E-03
  -7.63034821E-03
  -7.26127625E-03
  -7.22122192E-03
  -6.53743744E-03
  -5.65814972E-03
  -5.51795959E-03
  -4.40597534E-03
  -4.04453278E-03
  -3.96537781E-03
  -3.71456146E-03
  -3.65447998E-03
  -3.63540649E-03
  -2.83813477E-03
  -2.29644775E-03
  -1.77764893E-03
  -1.71852112E-03
  -1.28269196E-03
  -1.27029419E-03
  -9.96589661E-04
  -9.68933105E-04
  -7.49588013E-04
  -4.62532043E-04
  -3.08990479E-04
  -2.38418579E-04
  -2.29835510E-04
  -4.76837158E-06
   6.86645508E-05
   1.19209290E-04
   1.58309937E-04
   3.16619873E-04
   5.57899475E-04
   6.32286072E-04
   7.22885132E-04
   8.09669495E-04
   8.98361206E-04
   1.07955933E-03
   1.37519836E-03
   1.38282776E-03
   1.63269043E-03
   1.64127350E-03
   1.84154510E-03
   1.84440613E-03
   1.88636780E-03
   1.90353394E-03
   1.95312500E-03
   2.02751160E-03
   2.37369537E-03
   2.83145905E-03
   2.93540955E-03
   2.93827057E-03
   3.07941437E-03
   3.13949585E-03
   3.14617157E-03
   3.24535370E-03
   3.62682343E-03
   3.74031067E-03
   3.82709503E-03
   3.91674042E-03
   3.98159027E-03
   4.24861908E-03
   4.28104401E-03
   4.35256958E-03
   4.60433960E-03
   5.58090210E-03
   5.80883026E-03
   5.94902039E-03
   6.05201721E-03
   6.12831116E-03
   6.14547729E-03
   6.18171692E-03
   6.35814667E-03
   6.44588470E-03
   6.65760040E-03
   8.01944733E-03
   8.20159912E-03
   8.83388519E-03
   9.51480865E-03
   1.10864639E-02
   1.13325119E-02
   1.45025253E-02
   1.55153275E-02
