#Npts     Radius    Mag      Completeness
#   43 2966.5547  -15.126844 1.000000
# Ierr
  -1.63536072E-02
  -1.60341263E-02
  -1.55143738E-02
  -1.52416229E-02
  -1.26266479E-02
  -1.15756989E-02
  -1.00116730E-02
  -7.91740417E-03
  -6.45923615E-03
  -4.61864471E-03
  -2.25353241E-03
  -1.91211700E-03
  -1.54876709E-03
  -6.17980957E-04
  -5.49316406E-04
  -5.36918640E-04
  -1.58309937E-04
  -3.71932983E-05
   3.14712524E-05
   6.60896301E-04
   1.12628937E-03
   1.61838531E-03
   1.72138214E-03
   2.08473206E-03
   2.84385681E-03
   2.88009644E-03
   3.05747986E-03
   3.84712219E-03
   3.92055511E-03
   4.25720215E-03
   4.96101379E-03
   5.01441956E-03
   5.29956818E-03
   6.12068176E-03
   6.46972656E-03
   6.60037994E-03
   7.07244873E-03
   7.19451904E-03
   7.78198242E-03
   7.97367096E-03
   8.50772858E-03
   9.92774963E-03
   1.53369904E-02
