#Npts     Radius    Mag      Completeness
#   46  652.6420  -13.848969 1.000000
# Ierr
  -3.77769470E-02
  -2.97899246E-02
  -1.21278763E-02
  -9.20963287E-03
  -8.10813904E-03
  -7.34043121E-03
  -5.64479828E-03
  -4.49180603E-03
  -4.41169739E-03
  -4.28390503E-03
  -4.25434113E-03
  -4.09317017E-03
  -3.48758698E-03
  -2.82955170E-03
  -2.80570984E-03
  -2.35176086E-03
  -2.33936310E-03
  -1.51348114E-03
  -1.29222870E-03
  -1.19590759E-03
  -1.17969513E-03
  -5.14984131E-04
  -4.28199768E-04
   2.21252441E-04
   4.67300415E-04
   7.62939453E-04
   8.02993774E-04
   9.61303711E-04
   1.46102905E-03
   1.64031982E-03
   1.93500519E-03
   2.32505798E-03
   2.50720978E-03
   2.63214111E-03
   2.68459320E-03
   2.72941589E-03
   2.98309326E-03
   3.08227539E-03
   3.48567963E-03
   5.61428070E-03
   5.78594208E-03
   6.11877441E-03
   7.49397278E-03
   9.81426239E-03
   1.06630325E-02
   1.83658600E-02
