#Npts     Radius    Mag      Completeness
#   24 1690.9362  -15.126844 1.000000
# Ierr
  -1.40647888E-02
  -1.16539001E-02
  -1.06678009E-02
  -6.58988953E-03
  -5.23185730E-03
  -4.80175018E-03
  -4.74929810E-03
  -4.01496887E-03
  -3.68213654E-03
  -3.53336334E-03
  -3.14617157E-03
  -1.65081024E-03
  -1.38664246E-03
  -1.22261047E-03
  -1.00135803E-03
   6.61849976E-04
   1.69372559E-03
   1.69467926E-03
   1.89399719E-03
   3.42655182E-03
   4.75597382E-03
   7.20977783E-03
   8.66127014E-03
   1.56621933E-02
