#Npts     Radius    Mag      Completeness
#   55 2106.2539  -14.274927 1.000000
# Ierr
  -3.29189301E-02
  -3.22113037E-02
  -2.51808167E-02
  -1.81112289E-02
  -1.15299225E-02
  -1.15003586E-02
  -9.10091400E-03
  -7.00283051E-03
  -6.24942780E-03
  -6.16645813E-03
  -4.97436523E-03
  -4.94861603E-03
  -4.93240356E-03
  -4.62436676E-03
  -4.36878204E-03
  -3.04985046E-03
  -2.99167633E-03
  -2.68077850E-03
  -2.57205963E-03
  -1.91116333E-03
  -1.66034698E-03
  -1.57260895E-03
  -1.15585327E-03
  -1.04141235E-03
  -9.06944275E-04
  -8.71658325E-04
  -6.41822815E-04
  -3.83377075E-04
  -3.37600708E-04
  -3.31878662E-04
  -2.39372253E-04
  -3.81469727E-05
   1.81198120E-05
   1.54495239E-04
   7.10487366E-04
   1.32369995E-03
   1.40666962E-03
   1.60217285E-03
   1.80912018E-03
   2.09712982E-03
   2.29072571E-03
   2.39086151E-03
   2.86483765E-03
   3.11565399E-03
   3.97872925E-03
   4.11987305E-03
   4.29916382E-03
   4.82654572E-03
   5.51986694E-03
   5.67913055E-03
   5.90991974E-03
   6.95133209E-03
   7.27558136E-03
   7.63225555E-03
   2.07328796E-02
