#Npts     Radius    Mag      Completeness
#   63 1483.2773  -13.848969 1.000000
# Ierr
  -4.09421921E-02
  -3.48882675E-02
  -2.82001495E-02
  -2.81028748E-02
  -2.25973129E-02
  -2.17475891E-02
  -1.84087753E-02
  -1.50079727E-02
  -1.29041672E-02
  -8.35990906E-03
  -4.24098969E-03
  -3.91101837E-03
  -3.00216675E-03
  -2.52532959E-03
  -2.47097015E-03
  -2.24113464E-03
  -2.13527679E-03
  -1.66320801E-03
  -1.63269043E-03
  -1.53064728E-03
  -1.42955780E-03
  -1.28841400E-03
  -1.09386444E-03
  -9.28878784E-04
  -8.35418701E-04
  -5.79833984E-04
  -4.73022461E-04
  -1.17301941E-04
  -1.90734863E-06
   1.79290771E-04
   2.65121460E-04
   5.00679016E-04
   5.36918640E-04
   8.13484192E-04
   8.16345215E-04
   1.56688690E-03
   1.58596039E-03
   1.64318085E-03
   2.11524963E-03
   2.25257874E-03
   2.29740143E-03
   2.31742859E-03
   2.51674652E-03
   2.71606445E-03
   2.81810760E-03
   2.83241272E-03
   2.91442871E-03
   3.28826904E-03
   3.41987610E-03
   3.68022919E-03
   3.77750397E-03
   4.05979156E-03
   4.20188904E-03
   4.92858887E-03
   5.37967682E-03
   5.43975830E-03
   5.83648682E-03
   7.11727142E-03
   7.83061981E-03
   8.37898254E-03
   8.48293304E-03
   1.19314194E-02
   2.11963654E-02
