#Npts     Radius    Mag      Completeness
#   37  652.6420  -14.274927 1.000000
# Ierr
  -2.74238586E-02
  -1.18322372E-02
  -9.86576080E-03
  -9.05513763E-03
  -8.41045380E-03
  -5.27191162E-03
  -5.01918793E-03
  -4.45652008E-03
  -4.37259674E-03
  -3.97491455E-03
  -3.88240814E-03
  -3.19194794E-03
  -3.10325623E-03
  -2.03037262E-03
  -1.49822235E-03
  -7.64846802E-04
  -2.52723694E-04
  -1.23977661E-05
   2.20298767E-04
   3.27110291E-04
   4.97817993E-04
   1.04808807E-03
   1.21498108E-03
   1.68895721E-03
   2.69889832E-03
   3.06415558E-03
   3.39508057E-03
   3.50856781E-03
   3.55815887E-03
   3.74698639E-03
   3.92913818E-03
   4.14657593E-03
   4.26292419E-03
   4.70733643E-03
   5.32436371E-03
   6.77871704E-03
   8.11004639E-03
