#Npts     Radius    Mag      Completeness
#   60  652.6420  -13.635989 1.000000
# Ierr
  -4.53195572E-02
  -2.40135193E-02
  -2.12230682E-02
  -1.10588074E-02
  -9.34314728E-03
  -7.15637207E-03
  -7.13539124E-03
  -6.09779358E-03
  -6.04534149E-03
  -5.98907471E-03
  -5.05638123E-03
  -4.36210632E-03
  -3.89480591E-03
  -3.40270996E-03
  -2.73132324E-03
  -2.69508362E-03
  -1.82151794E-03
  -1.58691406E-03
  -1.53732300E-03
  -1.26838684E-03
  -1.11579895E-03
  -1.05571747E-03
  -6.77108765E-04
  -6.64710999E-04
  -5.38825989E-04
  -5.25474548E-04
  -1.45912170E-04
  -1.23977661E-04
  -8.20159912E-05
   3.52859497E-05
   4.00543213E-05
   1.66893005E-04
   3.90052795E-04
   5.85556030E-04
   6.23703003E-04
   1.76906586E-03
   1.99031830E-03
   3.07083130E-03
   3.08895111E-03
   3.16715240E-03
   3.19194794E-03
   3.21960449E-03
   4.25720215E-03
   4.90570068E-03
   5.15937805E-03
   5.24330139E-03
   5.32436371E-03
   5.54656982E-03
   6.30760193E-03
   6.46877289E-03
   8.34846497E-03
   8.35895538E-03
   8.38947296E-03
   8.67843628E-03
   9.36412811E-03
   9.61017609E-03
   1.05943680E-02
   1.08108521E-02
   1.09119415E-02
   1.31034851E-02
