#Npts     Radius    Mag      Completeness
#   78 2966.5547  -14.487906 1.000000
# Ierr
  -2.46353149E-02
  -1.66473389E-02
  -1.16062164E-02
  -1.08098984E-02
  -7.49969482E-03
  -7.19547272E-03
  -6.87980652E-03
  -6.80446625E-03
  -6.49452209E-03
  -5.79166412E-03
  -5.72109222E-03
  -4.98390198E-03
  -4.67109680E-03
  -4.63676453E-03
  -3.92818451E-03
  -3.59916687E-03
  -3.50284576E-03
  -3.42273712E-03
  -3.22723389E-03
  -3.07846069E-03
  -2.52628326E-03
  -2.52056122E-03
  -2.32219696E-03
  -2.21157074E-03
  -2.19631195E-03
  -1.74427032E-03
  -1.20925903E-03
  -9.09805298E-04
  -5.54084778E-04
  -5.12123108E-04
  -4.71115112E-04
  -2.09808350E-04
  -1.85012817E-04
   1.72615051E-04
   2.69889832E-04
   4.22477722E-04
   5.11169434E-04
   5.22613525E-04
   6.63757324E-04
   9.93728638E-04
   1.14345551E-03
   1.21784210E-03
   1.41811371E-03
   1.56116486E-03
   1.60789490E-03
   2.09712982E-03
   2.64930725E-03
   2.95925140E-03
   3.15952301E-03
   3.16047668E-03
   3.23677063E-03
   3.96347046E-03
   4.29153442E-03
   4.43363190E-03
   4.48131561E-03
   4.78553772E-03
   4.86850739E-03
   5.77259064E-03
   5.91945648E-03
   6.28280640E-03
   6.29711151E-03
   6.37817383E-03
   6.40392303E-03
   6.66522980E-03
   6.84356689E-03
   7.00950623E-03
   7.07435608E-03
   7.59220123E-03
   7.63511658E-03
   8.02707672E-03
   8.69369507E-03
   9.14859772E-03
   9.91821289E-03
   1.01041794E-02
   1.14688873E-02
   1.40161514E-02
   2.57987976E-02
   5.17406464E-02
