#Npts     Radius    Mag      Completeness
#   23  652.6420  -14.913865 1.000000
# Ierr
  -1.32770538E-02
  -6.46400452E-03
  -6.04343414E-03
  -4.78839874E-03
  -4.70638275E-03
  -4.23145294E-03
  -3.48186493E-03
  -2.82478333E-03
  -2.82192230E-03
  -2.23636627E-03
  -1.56784058E-03
  -8.77380371E-04
  -7.22885132E-04
  -1.11579895E-04
   5.34057617E-05
   7.82012939E-05
   1.08718872E-04
   3.26156616E-04
   1.18446350E-03
   1.56402588E-03
   2.14862823E-03
   2.50911713E-03
   3.02028656E-03
