#Npts     Radius    Mag      Completeness
#   55 1067.9597  -13.848969 1.000000
# Ierr
  -4.25462723E-02
  -3.62663269E-02
  -3.36771011E-02
  -3.24335098E-02
  -1.29852295E-02
  -1.29175186E-02
  -1.06887817E-02
  -8.82530212E-03
  -8.65936279E-03
  -8.61930847E-03
  -7.27748871E-03
  -6.79302216E-03
  -5.22613525E-03
  -4.39834595E-03
  -4.28485870E-03
  -3.61442566E-03
  -2.58636475E-03
  -1.95121765E-03
  -1.80149078E-03
  -1.69372559E-03
  -1.46579742E-03
  -1.29699707E-03
  -1.21116638E-03
  -4.54902649E-04
  -3.90052795E-04
  -2.65121460E-04
  -2.33650208E-04
  -2.38418579E-05
   6.67572021E-05
   1.14440918E-04
   1.63078308E-04
   2.81333923E-04
   7.61985779E-04
   1.04808807E-03
   1.05285645E-03
   1.05762482E-03
   1.06906891E-03
   1.08528137E-03
   1.37424469E-03
   1.75380707E-03
   1.78050995E-03
   1.81770325E-03
   1.95407867E-03
   2.03514099E-03
   2.31361389E-03
   2.38418579E-03
   2.64453888E-03
   2.86006927E-03
   2.86769867E-03
   3.03745270E-03
   3.51905823E-03
   4.43267822E-03
   5.49125671E-03
   6.67667389E-03
   7.31372833E-03
