#Npts     Radius    Mag      Completeness
#   47 2106.2539  -14.487906 1.000000
# Ierr
  -1.54104233E-02
  -1.47199631E-02
  -1.32694244E-02
  -1.22575760E-02
  -1.04494095E-02
  -8.26358795E-03
  -6.93893433E-03
  -6.48784637E-03
  -6.35433197E-03
  -6.04534149E-03
  -5.88130951E-03
  -5.35202026E-03
  -3.79943848E-03
  -3.73935699E-03
  -2.03609467E-03
  -1.97696686E-03
  -1.88350677E-03
  -1.51634216E-03
  -1.48296356E-03
  -1.08814240E-03
  -2.98500061E-04
   1.33514404E-04
   3.93867493E-04
   4.15802002E-04
   7.34329224E-04
   1.02615356E-03
   1.34086609E-03
   1.42192841E-03
   1.70993805E-03
   1.86347961E-03
   1.91211700E-03
   2.27355957E-03
   2.48622894E-03
   3.10039520E-03
   3.32164764E-03
   3.50952148E-03
   3.60012054E-03
   3.72695923E-03
   3.75270844E-03
   3.79467010E-03
   4.38880920E-03
   4.66537476E-03
   5.79929352E-03
   8.58020782E-03
   9.10091400E-03
   9.49001312E-03
   1.13649368E-02
