#Npts     Radius    Mag      Completeness
#   26  860.3009  -15.126844 1.000000
# Ierr
  -1.13201141E-02
  -1.05791092E-02
  -8.75663757E-03
  -8.30841064E-03
  -4.98771667E-03
  -4.28009033E-03
  -3.35693359E-03
  -3.31878662E-03
  -2.14958191E-03
  -2.11143494E-03
  -1.83391571E-03
  -1.74617767E-03
  -1.36947632E-03
  -1.03282928E-03
  -8.85963440E-04
  -8.59260559E-04
  -2.99453735E-04
  -1.34468079E-04
   2.57492065E-04
   6.79016113E-04
   7.28607178E-04
   2.79045105E-03
   4.04071808E-03
   4.04644012E-03
   4.39643860E-03
   8.53824615E-03
