#Npts     Radius    Mag      Completeness
#   35 2106.2539  -15.126844 1.000000
# Ierr
  -2.95848846E-02
  -1.21679306E-02
  -9.45281982E-03
  -7.16400146E-03
  -7.12585449E-03
  -5.74398041E-03
  -5.48553467E-03
  -5.45883179E-03
  -4.68826294E-03
  -3.45706940E-03
  -2.34699249E-03
  -1.99127197E-03
  -1.87206268E-03
  -1.36661530E-03
  -7.60078430E-04
   2.47955322E-04
   1.02329254E-03
   1.10626221E-03
   1.62792206E-03
   2.16674805E-03
   2.46334076E-03
   2.83336639E-03
   2.98118591E-03
   3.28159332E-03
   3.73935699E-03
   4.73022461E-03
   4.75025177E-03
   5.00774384E-03
   5.03730774E-03
   5.97000122E-03
   6.29425049E-03
   6.83879852E-03
   7.81536102E-03
   9.32216644E-03
   9.53102112E-03
