#Npts     Radius    Mag      Completeness
#   47 1067.7759  -14.105684 1.000000
# Verr
  -5.65433502E-03
  -5.21755219E-03
  -5.08880615E-03
  -4.87899780E-03
  -3.70597839E-03
  -2.65789032E-03
  -1.84059143E-03
  -1.81102753E-03
  -1.58691406E-03
  -1.48296356E-03
  -1.30367279E-03
  -1.27124786E-03
  -1.13773346E-03
  -9.71794128E-04
  -8.45909119E-04
  -2.60353088E-04
  -1.00135803E-04
  -8.29696655E-05
   8.77380371E-05
   1.43051147E-04
   2.46047974E-04
   4.20570374E-04
   4.31060791E-04
   5.19752502E-04
   1.11865997E-03
   1.56307220E-03
   1.66320801E-03
   1.69944763E-03
   1.80149078E-03
   1.92451477E-03
   2.66075134E-03
   2.89249420E-03
   4.12273407E-03
   6.29615784E-03
   6.63185120E-03
   6.76250458E-03
   7.64942169E-03
   8.11290741E-03
   8.17871094E-03
   1.20344162E-02
   1.91841125E-02
   2.50520706E-02
   3.06959152E-02
   3.37095261E-02
   3.38544846E-02
   3.74469757E-02
   4.04338837E-02
