#Npts     Radius    Mag      Completeness
#   45  444.9066  -14.511112 1.000000
# Verr
  -1.09691620E-02
  -5.10501862E-03
  -4.48608398E-03
  -4.48226929E-03
  -4.46128845E-03
  -4.28009033E-03
  -3.99017334E-03
  -3.79085541E-03
  -3.12042236E-03
  -2.77137756E-03
  -2.48050690E-03
  -2.26020813E-03
  -2.12955475E-03
  -1.42765045E-03
  -1.22928619E-03
  -1.18350983E-03
  -9.76562500E-04
  -8.77380371E-04
  -4.65393066E-04
  -7.82012939E-05
   1.95503235E-04
   2.63214111E-04
   3.79562378E-04
   5.76972961E-04
   1.35040283E-03
   1.50680542E-03
   2.54631042E-03
   2.57110596E-03
   2.66456604E-03
   2.89058685E-03
   3.27587128E-03
   3.82328033E-03
   4.45938110E-03
   4.94384766E-03
   6.01673126E-03
   7.21549988E-03
   8.37230682E-03
   9.89532471E-03
   1.09977722E-02
   1.50022507E-02
   1.60512924E-02
   2.06890106E-02
   2.18019485E-02
   2.24208832E-02
   2.31523514E-02
