#Npts     Radius    Mag      Completeness
#   35 2966.0442  -15.524683 1.000000
# Verr
  -1.95150375E-02
  -1.82971954E-02
  -1.67245865E-02
  -1.07841492E-02
  -1.01804733E-02
  -8.62312317E-03
  -7.95841217E-03
  -6.39247894E-03
  -6.15024567E-03
  -5.68866730E-03
  -5.19180298E-03
  -5.16700745E-03
  -4.93621826E-03
  -4.13513184E-03
  -4.05597687E-03
  -3.73077393E-03
  -2.70938873E-03
  -1.67560577E-03
  -3.77655029E-04
  -3.41415405E-04
  -2.78472900E-04
  -2.59399414E-04
   4.61578369E-04
   5.81741333E-04
   1.99222565E-03
   1.99508667E-03
   2.91156769E-03
   3.25584412E-03
   3.58009338E-03
   4.30965424E-03
   5.87749481E-03
   6.72054291E-03
   6.75868988E-03
   6.90555573E-03
   1.31578445E-02
