#Npts     Radius    Mag      Completeness
#   25  652.5297  -14.308398 1.000000
# Verr
  -5.01060486E-03
  -4.02450562E-03
  -4.01115417E-03
  -3.96347046E-03
  -3.90148163E-03
  -3.67546082E-03
  -3.52573395E-03
  -3.29971313E-03
  -3.20529938E-03
  -2.87246704E-03
  -2.53963470E-03
  -1.58882141E-03
  -1.44290924E-03
  -9.86099243E-04
  -4.68254089E-04
  -3.08990479E-04
   1.14440918E-05
   1.41143799E-04
   7.17163086E-04
   1.06334686E-03
   2.60925293E-03
   3.01456451E-03
   4.11415100E-03
   9.28306580E-03
   2.58045197E-02
