#Npts     Radius    Mag      Completeness
#   27 1067.7759  -15.321969 1.000000
# Verr
  -6.17313385E-03
  -5.08975983E-03
  -4.81128693E-03
  -3.96442413E-03
  -2.23350525E-03
  -6.77108765E-04
  -6.37054443E-04
  -3.68118286E-04
   1.90734863E-04
   3.94821167E-04
   7.71522522E-04
   8.37326050E-04
   1.15489960E-03
   1.39713287E-03
   1.70612335E-03
   1.92451477E-03
   2.36034393E-03
   3.22818756E-03
   3.34930420E-03
   4.06837463E-03
   4.29821014E-03
   5.73539734E-03
   6.16836548E-03
   7.32898712E-03
   7.36331940E-03
   9.11998749E-03
   1.74932480E-02
