#Npts     Radius    Mag      Completeness
#   41  860.1528  -14.105684 1.000000
# Verr
  -1.14355087E-02
  -6.21795654E-03
  -6.20269775E-03
  -5.37490845E-03
  -5.34057617E-03
  -5.19371033E-03
  -5.14125824E-03
  -5.01918793E-03
  -4.80175018E-03
  -4.50706482E-03
  -3.93390656E-03
  -3.65447998E-03
  -3.51524353E-03
  -3.42178345E-03
  -2.45380402E-03
  -2.24494934E-03
  -2.12287903E-03
  -2.01702118E-03
  -8.74519348E-04
  -7.92503357E-04
  -7.62939453E-04
  -7.30514526E-04
  -1.71661377E-04
  -3.43322754E-05
   2.76565552E-05
   2.74658203E-04
   1.09672546E-03
   2.12192535E-03
   2.28500366E-03
   3.38363647E-03
   4.59671021E-03
   5.45597076E-03
   6.78634644E-03
   7.38811493E-03
   8.07094574E-03
   8.17298889E-03
   8.74900818E-03
   2.82363892E-02
   2.82726288E-02
   3.15971375E-02
   3.40318680E-02
