#Npts     Radius    Mag      Completeness
#   40 2966.0442  -15.321969 1.000000
# Verr
  -1.60675049E-02
  -1.08957291E-02
  -8.91304016E-03
  -8.15200806E-03
  -7.57312775E-03
  -7.53688812E-03
  -6.92939758E-03
  -6.91509247E-03
  -6.55555725E-03
  -5.55324554E-03
  -5.37014008E-03
  -5.31291962E-03
  -4.96196747E-03
  -4.19807434E-03
  -3.13949585E-03
  -3.01742554E-03
  -2.84767151E-03
  -2.23255157E-03
  -1.84249878E-03
  -1.73377991E-03
  -1.48773193E-04
  -3.43322754E-05
   3.91006470E-05
   1.66893005E-04
   6.01768494E-04
   2.01320648E-03
   2.16960907E-03
   2.41374969E-03
   3.27873230E-03
   3.62586975E-03
   4.83894348E-03
   5.10406494E-03
   6.33430481E-03
   7.08866119E-03
   8.47911835E-03
   1.20229721E-02
   1.23968124E-02
   1.66149139E-02
   1.67255402E-02
   1.79471970E-02
