#Npts     Radius    Mag      Completeness
#   39 1483.0220  -14.916541 1.000000
# Verr
  -2.08530426E-02
  -4.56428528E-03
  -4.55570221E-03
  -4.09793854E-03
  -3.86810303E-03
  -3.05938721E-03
  -2.80094147E-03
  -2.64072418E-03
  -2.55489349E-03
  -2.30121613E-03
  -2.16865540E-03
  -1.95789337E-03
  -1.89018250E-03
  -1.85394287E-03
  -1.75952911E-03
  -1.34086609E-03
  -1.28936768E-03
  -9.67025757E-04
  -4.40597534E-04
  -1.00135803E-04
  -5.53131104E-05
   1.23977661E-05
   9.72747803E-05
   9.06944275E-04
   9.54627991E-04
   1.83677673E-03
   2.41851807E-03
   3.66973877E-03
   3.82518768E-03
   3.95298004E-03
   4.82463837E-03
   5.40542603E-03
   5.61523438E-03
   6.54029846E-03
   6.94274902E-03
   1.46284103E-02
   1.75390244E-02
   1.93300247E-02
   3.07922363E-02
