#Npts     Radius    Mag      Completeness
#   62 1275.3989  -14.105684 1.000000
# Verr
  -8.78143311E-03
  -7.25269318E-03
  -6.93988800E-03
  -6.37626648E-03
  -5.98621368E-03
  -5.96809387E-03
  -5.72586060E-03
  -5.34820557E-03
  -4.71591949E-03
  -3.59916687E-03
  -2.90584564E-03
  -2.82382965E-03
  -2.65407562E-03
  -2.35843658E-03
  -2.07233429E-03
  -1.77288055E-03
  -1.44863129E-03
  -1.05476379E-03
  -7.69615173E-04
  -5.17845154E-04
  -4.69207764E-04
  -4.16755676E-04
  -4.11987305E-04
  -1.80244446E-04
  -7.15255737E-05
   3.66210938E-04
   4.40597534E-04
   4.74929810E-04
   5.38825989E-04
   5.71250916E-04
   8.84056091E-04
   1.16062164E-03
   1.68895721E-03
   1.77955627E-03
   1.87587738E-03
   1.98268890E-03
   1.98459625E-03
   2.20012665E-03
   2.28023529E-03
   2.32887268E-03
   2.45285034E-03
   2.87151337E-03
   2.92015076E-03
   3.03173065E-03
   3.32927704E-03
   3.78322601E-03
   4.04262543E-03
   4.12273407E-03
   4.81510162E-03
   5.16128540E-03
   5.77640533E-03
   5.89084625E-03
   5.92613220E-03
   6.86359406E-03
   7.10868835E-03
   9.06848907E-03
   1.33409500E-02
   1.56183243E-02
   2.69937515E-02
   3.22227478E-02
   3.93075943E-02
   4.31985855E-02
