#Npts     Radius    Mag      Completeness
#   58 1898.2681  -14.308398 1.000000
# Verr
  -1.42745972E-02
  -8.43811035E-03
  -6.46209717E-03
  -5.65814972E-03
  -5.51128387E-03
  -5.35392761E-03
  -5.22136688E-03
  -4.94289398E-03
  -4.53090668E-03
  -3.47709656E-03
  -3.45516205E-03
  -2.83432007E-03
  -2.53391266E-03
  -2.34317780E-03
  -1.66893005E-03
  -1.64604187E-03
  -1.36375427E-03
  -1.22928619E-03
  -1.16157532E-03
  -1.12915039E-03
  -4.55856323E-04
  -3.50952148E-04
  -1.80244446E-04
  -1.31607056E-04
  -2.19345093E-05
   3.33786011E-05
   1.53541565E-04
   6.42776489E-04
   7.74383545E-04
   8.61167908E-04
   1.09195709E-03
   1.13773346E-03
   1.21307373E-03
   1.24073029E-03
   1.30081177E-03
   1.33228302E-03
   1.42765045E-03
   1.97315216E-03
   2.28118896E-03
   2.61211395E-03
   2.76947021E-03
   3.90720367E-03
   4.00733948E-03
   4.45556641E-03
   4.65583801E-03
   5.21564484E-03
   5.91087341E-03
   5.94615936E-03
   6.06155396E-03
   6.18171692E-03
   7.02285767E-03
   7.97843933E-03
   8.30745697E-03
   9.90581512E-03
   1.06000900E-02
   1.27277374E-02
   2.01835632E-02
   2.27165222E-02
