#Npts     Radius    Mag      Completeness
#   41  444.9066  -14.105684 1.000000
# Verr
  -6.96182251E-03
  -5.35392761E-03
  -5.26428223E-03
  -5.06019592E-03
  -5.01918793E-03
  -4.13417816E-03
  -4.07695770E-03
  -3.57627869E-03
  -2.65121460E-03
  -2.47097015E-03
  -2.24018097E-03
  -1.91307068E-03
  -7.36236572E-04
  -5.14984131E-04
  -9.63211060E-05
  -6.77108765E-05
   2.35557556E-04
   4.96864319E-04
   5.12123108E-04
   7.94410706E-04
   1.11198425E-03
   1.37519836E-03
   1.55925751E-03
   2.02846527E-03
   2.13146210E-03
   3.31020355E-03
   5.32817841E-03
   5.38730621E-03
   5.47409058E-03
   6.00528717E-03
   6.69860840E-03
   7.27844238E-03
   7.52639771E-03
   7.74478912E-03
   1.03092194E-02
   2.92911530E-02
   3.23848724E-02
   3.47995758E-02
   3.60164642E-02
   3.70388031E-02
   3.75890732E-02
