#Npts     Radius    Mag      Completeness
#   33 1898.2681  -14.916541 1.000000
# Verr
  -2.84118652E-02
  -7.81059265E-03
  -7.18116760E-03
  -6.68048859E-03
  -4.16278839E-03
  -3.64971161E-03
  -3.16905975E-03
  -3.14331055E-03
  -2.74944305E-03
  -2.60448456E-03
  -2.56919861E-03
  -1.91879272E-03
  -1.03378296E-03
  -7.10487366E-04
  -1.60217285E-04
  -1.43051147E-04
   1.62124634E-05
   4.10079956E-05
   1.13487244E-04
   2.99453735E-04
   5.98907471E-04
   1.17015839E-03
   1.38187408E-03
   3.50379944E-03
   4.07600403E-03
   4.21333313E-03
   5.16891479E-03
   5.18703461E-03
   5.48648834E-03
   5.60474396E-03
   6.31713867E-03
   7.30323792E-03
   2.84404755E-02
