#Npts     Radius    Mag      Completeness
#   52  652.5297  -13.700255 1.000000
# Verr
  -1.18579865E-02
  -9.87625122E-03
  -9.78469849E-03
  -8.76712799E-03
  -7.91835785E-03
  -7.56549835E-03
  -7.55596161E-03
  -5.85460663E-03
  -5.75351715E-03
  -5.04016876E-03
  -4.74548340E-03
  -4.45747375E-03
  -3.88336182E-03
  -2.92587280E-03
  -2.88772583E-03
  -2.86674500E-03
  -2.80761719E-03
  -2.79140472E-03
  -1.80816650E-03
  -1.60789490E-03
  -5.64575195E-04
  -5.33103943E-04
  -3.54766846E-04
  -1.51634216E-04
  -3.71932983E-05
  -3.14712524E-05
   7.43865967E-05
   1.11579895E-04
   1.32560730E-04
   4.78744507E-04
   4.87327576E-04
   6.00814819E-04
   6.13212585E-04
   9.55581665E-04
   1.00994110E-03
   1.14822388E-03
   1.39141083E-03
   1.66225433E-03
   2.44903564E-03
   3.09181213E-03
   3.55434418E-03
   3.96347046E-03
   4.59480286E-03
   5.44166565E-03
   5.49411774E-03
   5.51891327E-03
   6.51073456E-03
   8.45623016E-03
   1.00078583E-02
   1.92842484E-02
   2.19097137E-02
   4.13465500E-02
