#Npts     Radius    Mag      Completeness
#   29 1483.0220  -15.321969 1.000000
# Verr
  -3.57799530E-02
  -1.21212006E-02
  -7.17830658E-03
  -7.04383850E-03
  -6.69097900E-03
  -6.26277924E-03
  -4.81414795E-03
  -3.86905670E-03
  -3.64780426E-03
  -2.91824341E-03
  -2.03990936E-03
  -1.19972229E-03
  -1.04045868E-03
  -7.65800476E-04
  -4.46319580E-04
   3.22341919E-04
   4.19616699E-04
   8.42094421E-04
   1.56116486E-03
   2.88963318E-03
   2.97069550E-03
   2.97164917E-03
   3.55243683E-03
   4.56142426E-03
   4.75120544E-03
   5.19943237E-03
   6.16073608E-03
   1.04150772E-02
   1.19562149E-02
