#Npts     Radius    Mag      Completeness
#   75 2105.8911  -13.700255 1.000000
# Verr
  -1.17254257E-02
  -1.15642548E-02
  -1.02329254E-02
  -7.51304626E-03
  -7.42244720E-03
  -6.55364990E-03
  -6.48403168E-03
  -5.70964813E-03
  -5.51891327E-03
  -5.38158417E-03
  -4.74643707E-03
  -4.69589233E-03
  -4.30583954E-03
  -4.16183472E-03
  -4.03785706E-03
  -3.85856628E-03
  -3.72314453E-03
  -3.48663330E-03
  -3.28540802E-03
  -3.12519073E-03
  -2.99835205E-03
  -2.95066833E-03
  -2.92110443E-03
  -2.76565552E-03
  -2.45952606E-03
  -2.30407715E-03
  -2.29644775E-03
  -2.06756592E-03
  -1.98364258E-03
  -1.95026398E-03
  -1.94740295E-03
  -1.73854828E-03
  -1.33419037E-03
  -1.12342834E-03
  -1.00040436E-03
  -9.81330872E-04
  -8.79287720E-04
  -7.90596008E-04
  -7.84873962E-04
  -7.57217407E-04
  -7.28607178E-04
  -6.59942627E-04
  -5.61714172E-04
  -6.10351562E-05
  -9.53674316E-06
   3.13758850E-04
   3.95774841E-04
   4.50134277E-04
   1.06430054E-03
   1.28078461E-03
   1.39427185E-03
   1.53541565E-03
   1.96552277E-03
   2.06661224E-03
   2.20680237E-03
   2.39086151E-03
   2.61783600E-03
   2.79998779E-03
   2.87914276E-03
   3.02505493E-03
   3.04126740E-03
   3.10707092E-03
   3.52859497E-03
   3.56864929E-03
   3.70597839E-03
   4.41741943E-03
   4.56142426E-03
   4.68444824E-03
   6.88743591E-03
   7.05146790E-03
   7.80200958E-03
   8.15773010E-03
   8.93306732E-03
   1.14192963E-02
   1.24673843E-02
