#Npts     Radius    Mag      Completeness
#   68 1483.0220  -13.700255 1.000000
# Verr
  -1.63927078E-02
  -1.16491318E-02
  -9.75799561E-03
  -8.58306885E-03
  -7.09819794E-03
  -6.72149658E-03
  -6.68621063E-03
  -6.36768341E-03
  -4.83512878E-03
  -4.81033325E-03
  -4.74071503E-03
  -4.01782990E-03
  -3.50379944E-03
  -2.86579132E-03
  -2.74753571E-03
  -2.51770020E-03
  -2.48146057E-03
  -2.41088867E-03
  -2.07519531E-03
  -1.69372559E-03
  -1.63841248E-03
  -1.50871277E-03
  -1.05571747E-03
  -1.05476379E-03
  -1.50680542E-04
  -4.19616699E-05
  -3.05175781E-05
   1.09672546E-04
   1.24931335E-04
   4.40597534E-04
   5.66482544E-04
   5.92231750E-04
   6.63757324E-04
   6.81877136E-04
   7.04765320E-04
   9.44137573E-04
   9.95635986E-04
   1.14822388E-03
   1.32751465E-03
   1.49917603E-03
   1.89685822E-03
   1.98364258E-03
   2.02655792E-03
   2.28404999E-03
   2.50244141E-03
   2.62641907E-03
   2.82955170E-03
   2.94017792E-03
   2.98309326E-03
   3.17478180E-03
   3.61156464E-03
   4.46033478E-03
   4.68158722E-03
   5.29575348E-03
   5.54752350E-03
   6.49070740E-03
   9.69219208E-03
   1.22613907E-02
   1.27677917E-02
   1.57728195E-02
   1.67951584E-02
   1.73654556E-02
   2.06165314E-02
   2.60028839E-02
   2.80017853E-02
   3.15065384E-02
   3.29170227E-02
   3.73535156E-02
