#Npts     Radius    Mag      Completeness
#   38  444.9066  -14.308398 1.000000
# Verr
  -1.33256912E-02
  -1.04475021E-02
  -7.15637207E-03
  -6.73580170E-03
  -6.17790222E-03
  -5.24616241E-03
  -2.66838074E-03
  -2.16197968E-03
  -1.87492371E-03
  -1.65843964E-03
  -1.64127350E-03
  -1.18732452E-03
  -1.08051300E-03
  -8.35418701E-04
  -2.19345093E-04
   6.38961792E-05
   5.38825989E-04
   5.94139099E-04
   6.18934631E-04
   1.09386444E-03
   1.24168396E-03
   1.25026703E-03
   1.95980072E-03
   2.02655792E-03
   2.54058838E-03
   2.80380249E-03
   7.65609741E-03
   9.30500031E-03
   9.37175751E-03
   9.49192047E-03
   1.41553879E-02
   2.46868134E-02
   2.58274078E-02
   2.61945724E-02
   2.79035568E-02
   2.93521881E-02
   2.94418335E-02
   3.00083160E-02
