#Npts     Radius    Mag      Completeness
#   54 2105.8911  -14.308398 1.000000
# Verr
  -1.95074081E-02
  -6.87217712E-03
  -6.54125214E-03
  -6.44397736E-03
  -5.99479675E-03
  -5.58185577E-03
  -5.34343719E-03
  -5.19275665E-03
  -4.55856323E-03
  -4.26197052E-03
  -2.97451019E-03
  -2.93254852E-03
  -2.83908844E-03
  -2.70557404E-03
  -2.25830078E-03
  -2.15625763E-03
  -1.97982788E-03
  -1.70230865E-03
  -1.64794922E-03
  -1.50680542E-03
  -1.31797791E-03
  -1.24645233E-03
  -8.32557678E-04
  -6.66618347E-04
  -4.25338745E-04
  -3.96728516E-04
  -1.03950500E-04
  -1.71661377E-05
   2.25067139E-04
   3.12805176E-04
   3.17573547E-04
   4.14848328E-04
   6.06536865E-04
   8.47816467E-04
   9.67979431E-04
   9.83238220E-04
   1.08718872E-03
   1.56784058E-03
   2.39944458E-03
   2.41088867E-03
   2.66647339E-03
   3.02219391E-03
   4.01401520E-03
   4.11128998E-03
   4.35066223E-03
   4.58812714E-03
   4.64057922E-03
   4.67395782E-03
   4.68063354E-03
   7.71045685E-03
   1.08499527E-02
   1.70421600E-02
   2.36940384E-02
   3.01952362E-02
