#Npts     Radius    Mag      Completeness
#   29  860.1528  -15.930112 1.000000
# Verr
  -4.09021378E-02
  -2.58903503E-02
  -2.45885849E-02
  -2.45885849E-02
  -8.97884369E-03
  -4.91428375E-03
   1.94549561E-04
   2.57492065E-04
   3.96728516E-04
   4.04357910E-04
   8.58306885E-04
   3.85570526E-03
   4.53090668E-03
   6.95228577E-03
   7.88021088E-03
   8.60881805E-03
   8.72421265E-03
   9.85336304E-03
   1.02853775E-02
   1.03273392E-02
   1.09443665E-02
   1.17483139E-02
   1.33247375E-02
   1.33590698E-02
   1.42230988E-02
   1.45578384E-02
   1.72863007E-02
   1.96752548E-02
   2.01454163E-02
