#Npts     Radius    Mag      Completeness
#   38  652.5297  -14.511112 1.000000
# Verr
  -7.69042969E-03
  -6.40201569E-03
  -4.44602966E-03
  -3.71170044E-03
  -3.37505341E-03
  -2.55393982E-03
  -2.51674652E-03
  -1.66416168E-03
  -1.63841248E-03
  -1.15299225E-03
  -1.08146667E-03
  -4.94956970E-04
  -2.08854675E-04
  -3.71932983E-05
   1.39236450E-04
   2.26020813E-04
   2.40325928E-04
   1.34372711E-03
   1.42097473E-03
   1.79386139E-03
   1.92546844E-03
   2.43759155E-03
   2.93064117E-03
   3.66687775E-03
   3.76987457E-03
   4.07028198E-03
   4.20951843E-03
   4.75978851E-03
   4.97913361E-03
   5.14221191E-03
   5.53417206E-03
   7.94315338E-03
   8.58688354E-03
   1.08489990E-02
   1.10673904E-02
   1.12209320E-02
   1.23949051E-02
   2.52923965E-02
