#Npts     Radius    Mag      Completeness
#   61 1898.2681  -14.105684 1.000000
# Verr
  -8.56399536E-03
  -7.97653198E-03
  -7.22217560E-03
  -6.72912598E-03
  -5.10406494E-03
  -4.72736359E-03
  -4.42886353E-03
  -3.90911102E-03
  -3.68213654E-03
  -3.63445282E-03
  -3.37219238E-03
  -3.08799744E-03
  -2.97641754E-03
  -2.84862518E-03
  -2.78854370E-03
  -2.77233124E-03
  -2.64358521E-03
  -2.49385834E-03
  -2.39467621E-03
  -2.30789185E-03
  -1.96933746E-03
  -1.57928467E-03
  -1.56784058E-03
  -1.49726868E-03
  -1.31034851E-03
  -1.27601624E-03
  -1.20258331E-03
  -1.20067596E-03
  -1.00135803E-03
  -8.32557678E-04
  -7.29560852E-04
  -5.14030457E-04
  -2.03132629E-04
  -3.05175781E-05
   3.81469727E-05
   7.15255737E-05
   1.63078308E-04
   2.34603882E-04
   2.98500061E-04
   3.21388245E-04
   4.67300415E-04
   5.34057617E-04
   6.10351562E-04
   9.72747803E-04
   1.77383423E-03
   2.20108032E-03
   2.38037109E-03
   2.52056122E-03
   3.10611725E-03
   3.38459015E-03
   3.65829468E-03
   3.91197205E-03
   4.04834747E-03
   4.15420532E-03
   4.38880920E-03
   5.73825836E-03
   7.70378113E-03
   8.17966461E-03
   1.77927017E-02
   1.92165375E-02
   2.12774277E-02
