#Npts     Radius    Mag      Completeness
#   60 1275.3989  -14.511112 1.000000
# Verr
  -1.81875229E-02
  -9.01889801E-03
  -8.95500183E-03
  -4.57000732E-03
  -4.25910950E-03
  -3.84426117E-03
  -3.59535217E-03
  -3.26919556E-03
  -3.24440002E-03
  -2.98881531E-03
  -2.83908844E-03
  -2.82001495E-03
  -2.76851654E-03
  -2.58255005E-03
  -2.26306915E-03
  -2.19058990E-03
  -2.12955475E-03
  -1.95407867E-03
  -1.85108185E-03
  -1.63173676E-03
  -1.25122070E-03
  -9.72747803E-04
  -9.60350037E-04
  -9.40322876E-04
  -6.97135925E-04
  -5.63621521E-04
  -3.53813171E-04
  -2.62260437E-04
  -1.58309937E-04
  -1.90734863E-05
   4.76837158E-06
   1.71661377E-05
   3.63349915E-04
   9.84191895E-04
   1.25980377E-03
   1.39904022E-03
   1.69086456E-03
   1.87969208E-03
   2.06756592E-03
   2.24590302E-03
   2.52151489E-03
   3.06797028E-03
   3.09944153E-03
   3.15666199E-03
   4.31442261E-03
   4.57668304E-03
   5.47695160E-03
   5.89275360E-03
   5.94806671E-03
   6.50787354E-03
   6.56223297E-03
   6.60896301E-03
   6.76727295E-03
   7.65514374E-03
   7.90500641E-03
   9.13715363E-03
   1.41258240E-02
   1.82819366E-02
   2.60887146E-02
   2.65455246E-02
