#Npts     Radius    Mag      Completeness
#   63 1483.0220  -14.308398 1.000000
# Verr
  -1.13439560E-02
  -6.45160675E-03
  -5.95188141E-03
  -5.62858582E-03
  -5.58853149E-03
  -5.02777100E-03
  -4.85038757E-03
  -4.51469421E-03
  -4.08744812E-03
  -2.84290314E-03
  -2.74848938E-03
  -2.72560120E-03
  -2.01511383E-03
  -1.59931183E-03
  -1.36566162E-03
  -1.30081177E-03
  -9.34600830E-04
  -8.69750977E-04
  -8.60214233E-04
  -8.22067261E-04
  -7.92503357E-04
  -4.93049622E-04
  -4.09126282E-04
  -3.02314758E-04
  -2.91824341E-04
  -2.73704529E-04
  -2.22206116E-04
  -2.07901001E-04
  -1.62124634E-04
  -1.13487244E-04
   2.09808350E-05
   1.19209290E-04
   3.76701355E-04
   3.78608704E-04
   6.73294067E-04
   6.80923462E-04
   7.33375549E-04
   8.49723816E-04
   1.24645233E-03
   1.27601624E-03
   1.29127502E-03
   1.45435333E-03
   1.72805786E-03
   2.06947327E-03
   2.14195251E-03
   2.39562988E-03
   2.52056122E-03
   2.54631042E-03
   2.75421143E-03
   2.92396545E-03
   3.30543518E-03
   3.40747833E-03
   3.73363495E-03
   4.49371338E-03
   5.29766083E-03
   6.64901733E-03
   1.53799057E-02
   1.66120529E-02
   1.92213058E-02
   2.10819244E-02
   2.49042511E-02
   2.62498856E-02
   3.03668976E-02
