#Npts     Radius    Mag      Completeness
#   70 2966.0442  -15.119255 1.000000
# Verr
  -1.26714706E-02
  -1.03883743E-02
  -1.01270676E-02
  -8.19110870E-03
  -7.77244568E-03
  -7.67707825E-03
  -7.60746002E-03
  -6.91604614E-03
  -6.62040710E-03
  -6.29806519E-03
  -6.04915619E-03
  -6.00719452E-03
  -5.81932068E-03
  -5.70774078E-03
  -4.45938110E-03
  -4.35256958E-03
  -4.27532196E-03
  -4.24671173E-03
  -4.20379639E-03
  -4.11319733E-03
  -3.95202637E-03
  -3.72409821E-03
  -3.45611572E-03
  -3.20148468E-03
  -3.14140320E-03
  -2.92110443E-03
  -2.62451172E-03
  -2.44808197E-03
  -1.65176392E-03
  -1.27792358E-03
  -1.18064880E-03
  -1.03950500E-03
  -6.91413879E-04
  -6.78062439E-04
  -6.59942627E-04
   9.53674316E-06
   4.10079956E-05
   1.61170959E-04
   4.65393066E-04
   5.41687012E-04
   5.49316406E-04
   5.51223755E-04
   6.35147095E-04
   8.67843628E-04
   1.24263763E-03
   1.29890442E-03
   1.44386292E-03
   1.59072876E-03
   1.65367126E-03
   1.70803070E-03
   1.96456909E-03
   2.69699097E-03
   2.73323059E-03
   2.84290314E-03
   2.88581848E-03
   2.97451019E-03
   3.22341919E-03
   3.87287140E-03
   4.20379639E-03
   4.24671173E-03
   4.79793549E-03
   5.98526001E-03
   7.12585449E-03
   7.99751282E-03
   8.43334198E-03
   1.02844238E-02
   1.08470917E-02
   1.11379623E-02
   1.29718781E-02
   1.64728165E-02
