#Npts     Radius    Mag      Completeness
#   50 2966.0442  -14.916541 1.000000
# Verr
  -3.68833542E-02
  -1.18598938E-02
  -1.08976364E-02
  -9.18960571E-03
  -9.01412964E-03
  -7.79533386E-03
  -7.20119476E-03
  -6.84452057E-03
  -6.12735748E-03
  -5.76114655E-03
  -5.52558899E-03
  -4.66918945E-03
  -4.36210632E-03
  -4.04930115E-03
  -4.01306152E-03
  -2.95257568E-03
  -2.83813477E-03
  -2.83527374E-03
  -2.72560120E-03
  -1.82247162E-03
  -1.78909302E-03
  -1.76525116E-03
  -1.28936768E-03
  -1.17778778E-03
  -1.04522705E-03
  -9.09805298E-04
  -8.47816467E-04
  -6.34193420E-04
  -6.33239746E-04
  -4.64439392E-04
  -2.15530396E-04
   3.43322754E-05
   6.29425049E-05
   1.35421753E-04
   3.90052795E-04
   7.63893127E-04
   9.28878784E-04
   9.51766968E-04
   1.62506104E-03
   1.92928314E-03
   1.97982788E-03
   1.99508667E-03
   2.03609467E-03
   2.18009949E-03
   3.27014923E-03
   3.30162048E-03
   3.52573395E-03
   5.14984131E-03
   8.32176208E-03
   1.93243027E-02
