#Npts     Radius    Mag      Completeness
#   60 1690.6450  -13.902969 1.000000
# Verr
  -1.67732239E-02
  -1.58691406E-02
  -9.20486450E-03
  -7.34615326E-03
  -6.88934326E-03
  -6.87122345E-03
  -6.04438782E-03
  -5.80787659E-03
  -4.59575653E-03
  -4.50611115E-03
  -4.24766541E-03
  -3.85951996E-03
  -3.20816040E-03
  -3.05366516E-03
  -2.86102295E-03
  -2.82382965E-03
  -2.32124329E-03
  -1.95789337E-03
  -1.94740295E-03
  -1.88255310E-03
  -1.76239014E-03
  -1.39236450E-03
  -1.36089325E-03
  -1.14154816E-03
  -1.10626221E-03
  -3.87191772E-04
  -3.37600708E-04
  -2.25067139E-04
  -1.08718872E-04
   6.77108765E-05
   1.04904175E-04
   1.12533569E-04
   5.33103943E-04
   5.55038452E-04
   6.01768494E-04
   1.20353699E-03
   1.36756897E-03
   1.87301636E-03
   1.88159943E-03
   2.13813782E-03
   2.21920013E-03
   2.47192383E-03
   2.53772736E-03
   3.02314758E-03
   3.34548950E-03
   3.66020203E-03
   4.26769257E-03
   4.57382202E-03
   5.22994995E-03
   5.54466248E-03
   6.04248047E-03
   6.27613068E-03
   6.58226013E-03
   6.97612762E-03
   7.23457336E-03
   9.31930542E-03
   1.08833313E-02
   1.23586655E-02
   1.79557800E-02
   2.34556198E-02
