#Npts     Radius    Mag      Completeness
#   24 1483.0220  -15.930112 1.000000
# Verr
  -1.86710358E-02
  -1.63679123E-02
  -1.23682022E-02
  -9.48143005E-03
  -4.79698181E-03
  -3.58486176E-03
  -2.58064270E-03
   3.43322754E-05
   3.52859497E-05
   1.39236450E-04
   3.48091125E-04
   6.32286072E-04
   1.60408020E-03
   2.62069702E-03
   3.78131866E-03
   4.47082520E-03
   5.54180145E-03
   1.00536346E-02
   1.10549927E-02
   1.23424530E-02
   1.31540298E-02
   1.48468018E-02
   1.61676407E-02
   1.97944641E-02
