#Npts     Radius    Mag      Completeness
#   26 1067.7759  -15.930112 1.000000
# Verr
  -2.08559036E-02
  -5.96237183E-03
  -5.51414490E-03
  -4.24575806E-03
  -1.56593323E-03
  -8.68797302E-04
   4.68254089E-03
   5.51605225E-03
   6.00910187E-03
   6.88552856E-03
   7.23361969E-03
   7.36999512E-03
   7.83538818E-03
   8.31413269E-03
   8.66985321E-03
   9.91249084E-03
   1.08585358E-02
   1.18780136E-02
   1.19581223E-02
   1.27286911E-02
   1.28602982E-02
   1.43098831E-02
   1.54924393E-02
   1.60856247E-02
   1.75466537E-02
   2.49881744E-02
