#Npts     Radius    Mag      Completeness
#   36 2105.8911  -14.916541 1.000000
# Verr
  -5.16710281E-02
  -8.81385803E-03
  -8.19015503E-03
  -5.57899475E-03
  -4.52327728E-03
  -4.39643860E-03
  -4.22096252E-03
  -4.06551361E-03
  -3.37028503E-03
  -3.26061249E-03
  -3.19576263E-03
  -2.83813477E-03
  -2.77519226E-03
  -2.33173370E-03
  -2.29454041E-03
  -2.01511383E-03
  -7.15255737E-04
  -6.86645508E-04
  -3.30924988E-04
  -1.08718872E-04
   1.19209290E-04
   1.21212006E-03
   1.48487091E-03
   2.88963318E-03
   2.92873383E-03
   3.51524353E-03
   3.58963013E-03
   4.58526611E-03
   4.70542908E-03
   4.96578217E-03
   5.37872314E-03
   8.99124146E-03
   9.26303864E-03
   1.02319717E-02
   1.20506287E-02
   1.40771866E-02
