#Npts     Radius    Mag      Completeness
#   30 2966.0442  -15.930112 1.000000
# Verr
  -2.16598511E-02
  -2.05812454E-02
  -2.03533173E-02
  -1.78785324E-02
  -1.74236298E-02
  -1.21498108E-02
  -9.55104828E-03
  -7.46822357E-03
  -6.72245026E-03
  -5.97381592E-03
  -4.44126129E-03
  -4.23622131E-03
  -2.86102295E-03
  -2.04372406E-03
  -1.66416168E-03
  -1.07860565E-03
  -1.07097626E-03
   3.62396240E-05
   2.79712677E-03
   4.60338593E-03
   6.13689423E-03
   9.52911377E-03
   1.18703842E-02
   1.51300430E-02
   1.53703690E-02
   1.91001892E-02
   2.46982574E-02
   2.59370804E-02
   2.89211273E-02
   3.50332260E-02
