#Npts     Radius    Mag      Completeness
#   65 1898.2681  -13.902969 1.000000
# Verr
  -8.13007355E-03
  -7.92407990E-03
  -7.71808624E-03
  -7.11727142E-03
  -6.65950775E-03
  -6.00624084E-03
  -5.64765930E-03
  -5.08785248E-03
  -4.50515747E-03
  -4.42790985E-03
  -4.37641144E-03
  -3.98159027E-03
  -3.87668610E-03
  -3.72314453E-03
  -2.87437439E-03
  -2.83145905E-03
  -2.81715393E-03
  -2.75325775E-03
  -2.69985199E-03
  -2.46143341E-03
  -2.26783752E-03
  -2.25067139E-03
  -2.21920013E-03
  -2.16102600E-03
  -1.76334381E-03
  -1.46675110E-03
  -1.27601624E-03
  -1.17778778E-03
  -9.41276550E-04
  -9.12666321E-04
  -3.56674194E-04
   4.76837158E-05
   5.34057617E-05
   8.29696655E-05
   1.56402588E-04
   5.73158264E-04
   6.65664673E-04
   9.39369202E-04
   1.12915039E-03
   1.28746033E-03
   1.52111053E-03
   1.71756744E-03
   1.85966492E-03
   2.13813782E-03
   2.19154358E-03
   2.51388550E-03
   2.56347656E-03
   2.67124176E-03
   2.98213959E-03
   3.02410126E-03
   3.04889679E-03
   3.24535370E-03
   3.46469879E-03
   3.95011902E-03
   4.13608551E-03
   5.15651703E-03
   6.29901886E-03
   6.98852539E-03
   7.54833221E-03
   7.66372681E-03
   8.60691071E-03
   8.71181488E-03
   9.64736938E-03
   1.50337219E-02
   2.55613327E-02
