#Npts     Radius    Mag      Completeness
#   88 2966.0442  -13.902969 1.000000
# Verr
  -2.89535522E-02
  -1.24998093E-02
  -1.11179352E-02
  -1.09901428E-02
  -9.85908508E-03
  -8.81004333E-03
  -8.56113434E-03
  -7.26413727E-03
  -7.21168518E-03
  -6.99615479E-03
  -6.25324249E-03
  -5.90515137E-03
  -5.86318970E-03
  -5.13839722E-03
  -5.01537323E-03
  -4.45556641E-03
  -4.36115265E-03
  -4.19807434E-03
  -4.18758392E-03
  -4.15039062E-03
  -3.68499756E-03
  -3.30543518E-03
  -3.30066681E-03
  -3.00121307E-03
  -2.84957886E-03
  -2.30693817E-03
  -2.19249725E-03
  -1.95121765E-03
  -1.93786621E-03
  -1.88350677E-03
  -1.85108185E-03
  -1.71279907E-03
  -1.22547150E-03
  -1.21212006E-03
  -8.81195068E-04
  -8.73565674E-04
  -6.83784485E-04
  -6.38961792E-04
  -5.19752502E-04
  -2.41279602E-04
  -2.40325928E-04
  -2.26974487E-04
  -2.23159790E-04
   1.17301941E-04
   1.80244446E-04
   3.24249268E-04
   4.27246094E-04
   5.01632690E-04
   7.74383545E-04
   1.03187561E-03
   1.37424469E-03
   1.41525269E-03
   1.47342682E-03
   1.49536133E-03
   1.56307220E-03
   1.70326233E-03
   2.05707550E-03
   2.22969055E-03
   2.28786469E-03
   2.29072571E-03
   2.49862671E-03
   2.51483917E-03
   2.86579132E-03
   3.47805023E-03
   3.54099274E-03
   3.61919403E-03
   3.65257263E-03
   3.96347046E-03
   4.69207764E-03
   4.98485565E-03
   5.80024719E-03
   6.27326965E-03
   6.28376007E-03
   6.40964508E-03
   6.41632080E-03
   6.91318512E-03
   7.76100159E-03
   8.54682922E-03
   1.00297928E-02
   1.04427338E-02
   1.07755661E-02
   1.39093399E-02
   1.47228241E-02
   1.47724152E-02
   1.99575424E-02
   2.15654373E-02
   2.70061493E-02
   3.73725891E-02
