#Npts     Radius    Mag      Completeness
#   55 1275.3989  -13.700255 1.000000
# Verr
  -1.58271790E-02
  -1.13048553E-02
  -1.05113983E-02
  -1.02033615E-02
  -8.83293152E-03
  -7.66754150E-03
  -7.50732422E-03
  -7.19356537E-03
  -7.00283051E-03
  -6.43634796E-03
  -5.38825989E-03
  -5.29670715E-03
  -5.06496429E-03
  -5.04875183E-03
  -4.70733643E-03
  -4.23049927E-03
  -4.17518616E-03
  -3.21674347E-03
  -3.19957733E-03
  -3.10707092E-03
  -2.94971466E-03
  -2.45761871E-03
  -2.40516663E-03
  -2.27451324E-03
  -2.21443176E-03
  -2.19440460E-03
  -2.00843811E-03
  -1.32942200E-03
  -1.26171112E-03
  -1.20735168E-03
  -1.15871429E-03
  -8.83102417E-04
  -4.79698181E-04
  -3.93867493E-04
  -2.02178955E-04
  -1.34468079E-04
  -1.15394592E-04
  -9.05990601E-05
   3.24249268E-05
   1.34468079E-04
   3.84330750E-04
   1.21212006E-03
   1.31130219E-03
   1.74236298E-03
   2.17914581E-03
   2.55393982E-03
   3.09944153E-03
   3.61156464E-03
   3.76701355E-03
   4.21428680E-03
   6.32858276E-03
   7.21740723E-03
   1.39455795E-02
   1.84221268E-02
   2.46686935E-02
