#Npts     Radius    Mag      Completeness
#   60 1275.3989  -13.902969 1.000000
# Verr
  -8.12435150E-03
  -6.88076019E-03
  -6.85882568E-03
  -6.77680969E-03
  -6.76345825E-03
  -6.39724731E-03
  -6.32476807E-03
  -5.98239899E-03
  -5.40161133E-03
  -5.37967682E-03
  -5.36918640E-03
  -5.11455536E-03
  -5.00011444E-03
  -4.52041626E-03
  -3.85761261E-03
  -3.73649597E-03
  -3.05461884E-03
  -2.55203247E-03
  -2.29644775E-03
  -2.25925446E-03
  -1.99890137E-03
  -1.72710419E-03
  -1.66320801E-03
  -1.12915039E-03
  -7.80105591E-04
  -7.78198242E-04
  -7.17163086E-04
  -3.12805176E-04
  -1.82151794E-04
  -9.44137573E-05
   1.28746033E-04
   1.70707703E-04
   2.56538391E-04
   3.78608704E-04
   3.80516052E-04
   4.00543213E-04
   4.69207764E-04
   6.66618347E-04
   7.08580017E-04
   8.71658325E-04
   8.80241394E-04
   1.05094910E-03
   1.77383423E-03
   2.78282166E-03
   2.93922424E-03
   3.07464600E-03
   3.46279144E-03
   3.52287292E-03
   3.68785858E-03
   4.52232361E-03
   4.96768951E-03
   5.19657135E-03
   7.10868835E-03
   7.19642639E-03
   9.23061371E-03
   1.67694092E-02
   1.82352066E-02
   1.86033249E-02
   3.06463242E-02
   3.52344513E-02
