#Npts     Radius    Mag      Completeness
#   57 1690.6450  -14.105684 1.000000
# Verr
  -1.12609863E-02
  -8.44192505E-03
  -7.41291046E-03
  -6.23798370E-03
  -5.51509857E-03
  -5.51223755E-03
  -5.22613525E-03
  -4.61578369E-03
  -4.55379486E-03
  -4.31156158E-03
  -4.30107117E-03
  -3.50379944E-03
  -3.34072113E-03
  -2.93445587E-03
  -2.51197815E-03
  -2.39562988E-03
  -2.20298767E-03
  -2.16770172E-03
  -1.94835663E-03
  -1.92356110E-03
  -1.76334381E-03
  -1.63364410E-03
  -1.56784058E-03
  -9.43183899E-04
  -7.89642334E-04
  -7.32421875E-04
  -7.26699829E-04
  -5.38825989E-04
  -4.15802002E-04
   6.48498535E-05
   1.82151794E-04
   5.30242920E-04
   5.72204590E-04
   6.07490540E-04
   6.47544861E-04
   7.20977783E-04
   7.66754150E-04
   8.32557678E-04
   9.48905945E-04
   9.91821289E-04
   1.74522400E-03
   1.84822083E-03
   2.12383270E-03
   2.14385986E-03
   2.47383118E-03
   2.80380249E-03
   2.86006927E-03
   4.52899933E-03
   5.53131104E-03
   5.92803955E-03
   6.59370422E-03
   7.08198547E-03
   7.72666931E-03
   9.23442841E-03
   1.00622177E-02
   3.12271118E-02
   3.72142792E-02
