#Npts     Radius    Mag      Completeness
#   71 1483.0220  -14.105684 1.000000
# Verr
  -1.10139847E-02
  -7.22980499E-03
  -7.21454620E-03
  -5.22994995E-03
  -5.20324707E-03
  -5.04207611E-03
  -4.96482849E-03
  -4.54998016E-03
  -3.83949280E-03
  -3.76415253E-03
  -3.76224518E-03
  -3.73363495E-03
  -3.72219086E-03
  -3.71456146E-03
  -3.50093842E-03
  -3.15761566E-03
  -3.04794312E-03
  -3.02791595E-03
  -2.74562836E-03
  -2.70080566E-03
  -2.59304047E-03
  -2.28595734E-03
  -2.12001801E-03
  -2.07138062E-03
  -1.80530548E-03
  -1.69658661E-03
  -1.49059296E-03
  -1.44577026E-03
  -8.72612000E-04
  -7.20977783E-04
  -7.11441040E-04
  -6.47544861E-04
  -4.64439392E-04
  -1.81198120E-04
  -1.65939331E-04
  -8.86917114E-05
   2.86102295E-06
   7.91549683E-05
   1.07765198E-04
   5.36918640E-04
   7.41004944E-04
   7.57217407E-04
   8.60214233E-04
   8.63075256E-04
   1.08623505E-03
   1.19781494E-03
   1.61743164E-03
   1.72615051E-03
   1.86538696E-03
   1.97124481E-03
   2.07614899E-03
   2.26211548E-03
   2.33078003E-03
   2.52819061E-03
   2.55107880E-03
   2.63595581E-03
   2.67219543E-03
   3.11374664E-03
   3.12805176E-03
   3.61061096E-03
   4.48989868E-03
   4.55856323E-03
   7.00473785E-03
   7.52830505E-03
   7.66944885E-03
   7.74765015E-03
   8.04424286E-03
   8.82625580E-03
   2.60353088E-02
   2.79951096E-02
   2.83975601E-02
