#Npts     Radius    Mag      Completeness
#   33 2105.8911  -15.321969 1.000000
# Verr
  -9.98497009E-03
  -8.57734680E-03
  -8.10813904E-03
  -7.16400146E-03
  -6.59465790E-03
  -6.55174255E-03
  -5.39493561E-03
  -5.08594513E-03
  -3.91769409E-03
  -3.19194794E-03
  -3.08132172E-03
  -3.03459167E-03
  -2.57968903E-03
  -2.32028961E-03
  -2.06756592E-03
  -1.82342529E-03
  -1.74331665E-03
  -1.18350983E-03
  -1.09672546E-03
   8.13484192E-04
   2.00462341E-03
   2.13336945E-03
   2.51293182E-03
   2.54631042E-03
   3.79371643E-03
   5.02109528E-03
   5.84602356E-03
   5.87368011E-03
   6.15215302E-03
   1.01232529E-02
   1.30310059E-02
   1.31387711E-02
   3.09944153E-02
