#Npts     Radius    Mag      Completeness
#   37  652.5297  -14.105684 1.000000
# Verr
  -9.88197327E-03
  -9.75894928E-03
  -8.07666779E-03
  -6.94561005E-03
  -5.83934784E-03
  -5.67054749E-03
  -5.55515289E-03
  -5.36155701E-03
  -3.99303436E-03
  -3.18813324E-03
  -2.90775299E-03
  -2.75421143E-03
  -2.17247009E-03
  -2.05516815E-03
  -1.83391571E-03
  -1.62124634E-03
  -1.03092194E-03
  -8.91685486E-04
  -7.05718994E-04
  -2.04086304E-04
   2.50816345E-04
   1.12628937E-03
   1.23882294E-03
   1.38473511E-03
   1.69658661E-03
   2.00557709E-03
   2.61211395E-03
   3.97109985E-03
   4.11415100E-03
   4.12178040E-03
   4.85324860E-03
   5.92899323E-03
   6.80351257E-03
   7.70473480E-03
   2.20613480E-02
   2.60200500E-02
   3.57437134E-02
