#Npts     Radius    Mag      Completeness
#   39 1690.6450  -14.916541 1.000000
# Verr
  -2.78835297E-02
  -1.90868378E-02
  -1.67493820E-02
  -6.46400452E-03
  -6.09970093E-03
  -4.74452972E-03
  -3.76701355E-03
  -3.50284576E-03
  -2.86674500E-03
  -2.67410278E-03
  -2.20012665E-03
  -1.93119049E-03
  -1.76620483E-03
  -1.00708008E-03
  -9.84191895E-04
  -2.33650208E-04
  -1.22070312E-04
  -1.90734863E-05
   8.20159912E-05
   1.31607056E-04
   1.38282776E-04
   1.54495239E-04
   2.75611877E-04
   5.00679016E-04
   9.69886780E-04
   1.25980377E-03
   1.61170959E-03
   1.77288055E-03
   1.78432465E-03
   1.80053711E-03
   2.18868256E-03
   2.78568268E-03
   3.80802155E-03
   4.14562225E-03
   5.48744202E-03
   6.23226166E-03
   6.87599182E-03
   7.99846649E-03
   1.40724182E-02
