#Npts     Radius    Mag      Completeness
#   42  652.5297  -13.902969 1.000000
# Verr
  -1.68228149E-02
  -9.66548920E-03
  -9.02557373E-03
  -8.57734680E-03
  -7.65419006E-03
  -5.14221191E-03
  -4.87613678E-03
  -4.70638275E-03
  -3.20529938E-03
  -2.84576416E-03
  -2.51007080E-03
  -2.46810913E-03
  -2.42137909E-03
  -2.29549408E-03
  -2.13909149E-03
  -1.77860260E-03
  -1.50871277E-03
  -1.34849548E-03
  -7.38143921E-04
  -4.31060791E-04
   3.95774841E-04
   4.73976135E-04
   1.08528137E-03
   1.09577179E-03
   1.19400024E-03
   1.38664246E-03
   1.44767761E-03
   2.14195251E-03
   2.17151642E-03
   2.49099731E-03
   2.57015228E-03
   3.21960449E-03
   3.74984741E-03
   3.91197205E-03
   4.05693054E-03
   4.13036346E-03
   5.19180298E-03
   7.45677948E-03
   8.40187073E-03
   1.11532211E-02
   2.75020599E-02
   3.47394943E-02
