#Npts     Radius    Mag      Completeness
#   49 1483.0220  -14.713826 1.000000
# Verr
  -1.67264938E-02
  -6.65092468E-03
  -5.98049164E-03
  -5.93948364E-03
  -4.59289551E-03
  -4.36878204E-03
  -3.71932983E-03
  -3.23390961E-03
  -2.91252136E-03
  -2.74753571E-03
  -2.40612030E-03
  -2.24018097E-03
  -2.07424164E-03
  -1.74522400E-03
  -1.21784210E-03
  -1.14250183E-03
  -1.12628937E-03
  -6.86645508E-04
  -3.12805176E-04
  -2.12669373E-04
  -4.48226929E-05
   7.82012939E-05
   2.17437744E-04
   2.45094299E-04
   3.33786011E-04
   6.31332397E-04
   7.84873962E-04
   8.57353210E-04
   8.75473022E-04
   1.06620789E-03
   1.18160248E-03
   1.73091888E-03
   2.02560425E-03
   2.06565857E-03
   2.37941742E-03
   2.50339508E-03
   2.55203247E-03
   2.58064270E-03
   2.58636475E-03
   2.76374817E-03
   3.59344482E-03
   3.62586975E-03
   3.65161896E-03
   4.71878052E-03
   5.65338135E-03
   6.12163544E-03
   7.62176514E-03
   1.12028122E-02
   2.47039795E-02
