#Npts     Radius    Mag      Completeness
#   27  860.1528  -15.119255 1.000000
# Verr
  -5.96523285E-03
  -4.15611267E-03
  -2.69794464E-03
  -1.33705139E-03
  -7.48634338E-04
  -3.49044800E-04
  -5.81741333E-05
   8.48770142E-05
   1.14440918E-04
   8.83102417E-04
   9.09805298E-04
   9.32693481E-04
   1.06143951E-03
   1.38854980E-03
   2.02751160E-03
   2.04753876E-03
   2.26783752E-03
   3.09085846E-03
   3.27491760E-03
   3.44944000E-03
   1.08451843E-02
   1.16300583E-02
   1.21297836E-02
   1.34344101E-02
   1.45473480E-02
   1.67484283E-02
   2.03323364E-02
