#Npts     Radius    Mag      Completeness
#   56 1067.7759  -13.700255 1.000000
# Verr
  -1.14097595E-02
  -7.83729553E-03
  -7.77244568E-03
  -7.58552551E-03
  -6.94751740E-03
  -6.26945496E-03
  -5.84030151E-03
  -5.30624390E-03
  -5.30052185E-03
  -5.16986847E-03
  -5.11360168E-03
  -4.56047058E-03
  -4.03785706E-03
  -3.96728516E-03
  -3.56483459E-03
  -3.34167480E-03
  -3.02314758E-03
  -2.63023376E-03
  -2.60829926E-03
  -2.55870819E-03
  -2.39944458E-03
  -1.98841095E-03
  -1.77288055E-03
  -1.76906586E-03
  -1.66702271E-03
  -1.66320801E-03
  -1.51062012E-03
  -1.50585175E-03
  -1.45912170E-03
  -1.29032135E-03
  -1.14631653E-03
  -1.11389160E-03
  -7.47680664E-04
  -6.21795654E-04
  -5.28335571E-04
  -4.74929810E-04
   1.19209290E-04
   2.19345093E-04
   1.29127502E-03
   1.33800507E-03
   1.69086456E-03
   2.18105316E-03
   2.34317780E-03
   2.41947174E-03
   2.45189667E-03
   3.37219238E-03
   3.64017487E-03
   3.79467010E-03
   4.23049927E-03
   4.27246094E-03
   4.30297852E-03
   4.42981720E-03
   5.62095642E-03
   6.05201721E-03
   6.94179535E-03
   2.25210190E-02
