#Npts     Radius    Mag      Completeness
#   36 1067.7759  -14.511112 1.000000
# Verr
  -2.26106644E-02
  -1.91154480E-02
  -1.13172531E-02
  -6.07395172E-03
  -5.77926636E-03
  -5.59139252E-03
  -4.51946259E-03
  -4.45556641E-03
  -4.04548645E-03
  -4.03022766E-03
  -3.86142731E-03
  -3.65257263E-03
  -2.22110748E-03
  -2.00939178E-03
  -1.97696686E-03
  -1.60408020E-03
  -1.57546997E-03
  -1.13105774E-03
  -8.87870789E-04
  -8.56399536E-04
  -3.52859497E-04
  -1.41143799E-04
   7.12394714E-04
   1.54018402E-03
   1.85680389E-03
   2.74753571E-03
   3.10420990E-03
   3.19290161E-03
   3.33976746E-03
   4.45842743E-03
   6.48880005E-03
   7.67898560E-03
   8.82911682E-03
   1.94654465E-02
   2.07138062E-02
   2.20298767E-02
