#Npts     Radius    Mag      Completeness
#   23  652.5297  -15.119255 1.000000
# Verr
  -3.10230255E-03
  -2.49862671E-03
  -1.81293488E-03
  -1.55735016E-03
  -1.08718872E-04
  -7.91549683E-05
   3.32832336E-04
   7.20977783E-04
   8.85963440E-04
   2.25925446E-03
   2.84957886E-03
   2.90203094E-03
   3.25489044E-03
   3.43704224E-03
   3.79467010E-03
   4.21428680E-03
   4.76932526E-03
   4.83512878E-03
   6.10351562E-03
   6.64138794E-03
   9.41944122E-03
   1.28459930E-02
   1.34115219E-02
