#Npts     Radius    Mag      Completeness
#   52 1898.1661  -13.557727 1.000000
# Ierr
  -6.52027130E-03
  -5.13362885E-03
  -4.36592102E-03
  -3.98635864E-03
  -3.67450714E-03
  -3.59725952E-03
  -3.51810455E-03
  -3.08990479E-03
  -3.07083130E-03
  -2.55966187E-03
  -2.43949890E-03
  -2.42614746E-03
  -2.19154358E-03
  -2.11334229E-03
  -1.96647644E-03
  -8.29696655E-04
  -1.87873840E-04
   1.93595886E-04
   2.20298767E-04
   9.09805298E-04
   9.31739807E-04
   1.43909454E-03
   1.58882141E-03
   1.66511536E-03
   2.04372406E-03
   2.11715698E-03
   2.27165222E-03
   2.34222412E-03
   2.39276886E-03
   2.49099731E-03
   3.23867798E-03
   3.38077545E-03
   3.62110138E-03
   3.74126434E-03
   3.75747681E-03
   3.80897522E-03
   4.01496887E-03
   4.21047211E-03
   4.28104401E-03
   5.16414642E-03
   5.43212891E-03
   5.46741486E-03
   5.55229187E-03
   5.83839417E-03
   6.11019135E-03
   6.35147095E-03
   6.48689270E-03
   6.93511963E-03
   7.21168518E-03
   7.87258148E-03
   7.98130035E-03
   9.28020477E-03
