#Npts     Radius    Mag      Completeness
#   43 1898.1661  -14.045545 1.000000
# Ierr
  -1.26047134E-02
  -1.16853714E-02
  -6.92462921E-03
  -3.51047516E-03
  -3.32546234E-03
  -2.48336792E-03
  -2.02655792E-03
  -1.91497803E-03
  -1.41716003E-03
  -9.96589661E-04
  -7.09533691E-04
  -2.76565552E-04
  -3.24249268E-05
   8.29696655E-05
   2.04086304E-04
   5.58853149E-04
   5.76972961E-04
   1.46579742E-03
   1.52111053E-03
   1.63078308E-03
   1.79767609E-03
   2.05039978E-03
   2.08568573E-03
   2.15625763E-03
   2.67219543E-03
   3.07750702E-03
   3.08895111E-03
   3.47423553E-03
   3.59344482E-03
   4.02164459E-03
   4.10747528E-03
   4.32205200E-03
   4.40883636E-03
   4.50706482E-03
   4.57382202E-03
   4.97245789E-03
   5.34629822E-03
   7.03525543E-03
   7.77149200E-03
   8.80718231E-03
   8.90922546E-03
   9.18483734E-03
   9.61399078E-03
