#Npts     Radius    Mag      Completeness
#   24 1235.7852  -14.777272 1.000000
# Ierr
  -5.31482697E-03
  -4.97150421E-03
  -4.87232208E-03
  -3.47042084E-03
  -2.10571289E-03
  -1.51824951E-03
  -1.28459930E-03
  -1.20639801E-03
  -1.16348267E-03
   2.09808350E-05
   1.78337097E-04
   5.54084778E-04
   1.13391876E-03
   1.22833252E-03
   1.87397003E-03
   2.13336945E-03
   2.35843658E-03
   2.58731842E-03
   3.45611572E-03
   4.00161743E-03
   4.07981873E-03
   4.12750244E-03
   4.88948822E-03
   4.92572784E-03
