#Npts     Radius    Mag      Completeness
#   40 1482.9423  -14.045545 1.000000
# Ierr
  -1.18350983E-02
  -1.11980438E-02
  -1.04141235E-02
  -7.86399841E-03
  -7.57408142E-03
  -6.00528717E-03
  -4.45175171E-03
  -4.42886353E-03
  -4.09030914E-03
  -3.39603424E-03
  -3.30066681E-03
  -3.29589844E-03
  -3.27205658E-03
  -2.86674500E-03
  -2.86674500E-03
  -2.29167938E-03
  -1.95598602E-03
  -1.87492371E-03
  -1.87492371E-03
  -1.81865692E-03
  -1.56688690E-03
  -5.64575195E-04
   6.67572021E-06
   2.27928162E-04
   4.53948975E-04
   9.41276550E-04
   2.00366974E-03
   2.03227997E-03
   2.44903564E-03
   2.72274017E-03
   4.96768951E-03
   5.07450104E-03
   5.25093079E-03
   6.39724731E-03
   6.50405884E-03
   6.53266907E-03
   7.01713562E-03
   7.24411011E-03
   7.90119171E-03
   7.94029236E-03
