#Npts     Radius    Mag      Completeness
#   68  741.4711  -15.021181 1.000000
# Ierr
  -1.17073059E-02
  -1.06201172E-02
  -8.37230682E-03
  -7.93266296E-03
  -7.17067719E-03
  -6.77871704E-03
  -6.01387024E-03
  -5.80596924E-03
  -5.37109375E-03
  -5.32627106E-03
  -5.13648987E-03
  -4.78935242E-03
  -4.77123260E-03
  -4.55570221E-03
  -4.32395935E-03
  -3.66401672E-03
  -3.48091125E-03
  -3.25584412E-03
  -3.12137604E-03
  -2.93922424E-03
  -2.58731842E-03
  -2.18868256E-03
  -2.09045410E-03
  -2.08377838E-03
  -1.62315369E-03
  -1.51062012E-03
  -1.35517120E-03
  -1.20162964E-03
  -1.13201141E-03
  -1.05190277E-03
  -9.94682312E-04
  -9.48905945E-04
  -9.18388367E-04
  -8.37326050E-04
  -5.91278076E-04
  -5.90324402E-04
  -3.74794006E-04
   1.93595886E-04
   3.38554382E-04
   3.91006470E-04
   5.66482544E-04
   9.51766968E-04
   9.73701477E-04
   1.07192993E-03
   1.18350983E-03
   1.18732452E-03
   1.99985504E-03
   2.01034546E-03
   2.31742859E-03
   2.47669220E-03
   2.56824493E-03
   2.69508362E-03
   2.92205811E-03
   3.99208069E-03
   4.07791138E-03
   4.41932678E-03
   5.92136383E-03
   6.09302521E-03
   7.10678101E-03
   7.45677948E-03
   8.17012787E-03
   9.13524628E-03
   9.65690613E-03
   1.27334595E-02
   1.48382187E-02
   1.62391663E-02
   1.81961060E-02
   2.27718353E-02
