#Npts     Radius    Mag      Completeness
#   73 1898.1661  -13.069908 1.000000
# Ierr
  -1.98078156E-02
  -1.45168304E-02
  -7.84397125E-03
  -7.79724121E-03
  -6.48212433E-03
  -6.17790222E-03
  -5.82790375E-03
  -5.50842285E-03
  -5.43022156E-03
  -5.39588928E-03
  -5.24902344E-03
  -3.91960144E-03
  -3.35693359E-03
  -3.24058533E-03
  -2.65884399E-03
  -2.52056122E-03
  -2.35271454E-03
  -2.18391418E-03
  -2.00653076E-03
  -1.69658661E-03
  -1.25503540E-03
  -1.04331970E-03
  -7.76290894E-04
  -6.53266907E-04
  -5.89370728E-04
  -2.40325928E-04
   5.63621521E-04
   6.29425049E-04
   1.01184845E-03
   1.02424622E-03
   1.17015839E-03
   1.33132935E-03
   1.39141083E-03
   1.39236450E-03
   1.47819519E-03
   1.48391724E-03
   1.62506104E-03
   1.66893005E-03
   1.90162659E-03
   1.93405151E-03
   2.12478638E-03
   2.27642059E-03
   2.30407715E-03
   2.41374969E-03
   2.43186951E-03
   2.70557404E-03
   3.49521637E-03
   3.50189209E-03
   3.78513336E-03
   3.82709503E-03
   3.88240814E-03
   3.95202637E-03
   4.34780121E-03
   4.52423096E-03
   4.66251373E-03
   4.82845306E-03
   5.03158569E-03
   5.34343719E-03
   5.67913055E-03
   6.10637665E-03
   6.28566742E-03
   6.54792786E-03
   6.90364838E-03
   7.31754303E-03
   7.44628906E-03
   7.69615173E-03
   8.01944733E-03
   8.26454163E-03
   8.48197937E-03
   8.65268707E-03
   1.04904175E-02
   1.05876923E-02
   1.17216110E-02
