#Npts     Radius    Mag      Completeness
#   26  988.6281  -14.777272 1.000000
# Ierr
  -7.08007812E-03
  -5.68580627E-03
  -4.35543060E-03
  -3.30162048E-03
  -3.21197510E-03
  -2.77900696E-03
  -2.73990631E-03
  -2.55680084E-03
  -1.24073029E-03
  -4.76837158E-04
  -3.60488892E-04
  -3.03268433E-04
   3.99589539E-04
   8.63075256E-04
   1.03950500E-03
   1.22928619E-03
   1.69467926E-03
   1.94835663E-03
   1.94835663E-03
   1.94835663E-03
   2.37369537E-03
   2.98976898E-03
   3.21006775E-03
   3.42845917E-03
   3.47614288E-03
   3.96156311E-03
