#Npts     Radius    Mag      Completeness
#  321  444.8827  -13.313818 1.000000
# Ierr
  -3.95469666E-02
  -3.54146957E-02
  -3.46002579E-02
  -3.36017609E-02
  -3.31544876E-02
  -3.22360992E-02
  -3.17277908E-02
  -3.15847397E-02
  -3.04603577E-02
  -2.82402039E-02
  -2.79769897E-02
  -2.65512466E-02
  -2.60095596E-02
  -2.42881775E-02
  -2.21052170E-02
  -2.16226578E-02
  -2.10075378E-02
  -2.09932327E-02
  -2.09674835E-02
  -2.06260681E-02
  -1.98764801E-02
  -1.95636749E-02
  -1.83486938E-02
  -1.67646408E-02
  -1.61666870E-02
  -1.60894394E-02
  -1.53636932E-02
  -1.49745941E-02
  -1.42936707E-02
  -1.38063431E-02
  -1.34401321E-02
  -1.32083893E-02
  -1.31425858E-02
  -1.31092072E-02
  -1.30138397E-02
  -1.29089355E-02
  -1.26409531E-02
  -1.24092102E-02
  -1.23481750E-02
  -1.19848251E-02
  -1.18808746E-02
  -1.18570328E-02
  -1.17464066E-02
  -1.15976334E-02
  -1.14231110E-02
  -1.10263824E-02
  -1.10254288E-02
  -1.07784271E-02
  -1.07774734E-02
  -1.07622147E-02
  -1.06019974E-02
  -1.05962753E-02
  -1.03321075E-02
  -1.02510452E-02
  -1.00173950E-02
  -9.95349884E-03
  -9.74559784E-03
  -9.67502594E-03
  -9.61780548E-03
  -9.46903229E-03
  -9.45854187E-03
  -9.22298431E-03
  -9.02938843E-03
  -8.59355927E-03
  -8.51726532E-03
  -8.50105286E-03
  -8.42857361E-03
  -8.33606720E-03
  -8.05950165E-03
  -7.88497925E-03
  -7.88307190E-03
  -7.78388977E-03
  -7.74383545E-03
  -7.65037537E-03
  -7.58457184E-03
  -7.50827789E-03
  -7.39669800E-03
  -7.31658936E-03
  -7.20500946E-03
  -7.19642639E-03
  -7.10105896E-03
  -7.07244873E-03
  -7.02857971E-03
  -6.82926178E-03
  -6.74915314E-03
  -6.54983521E-03
  -6.52122498E-03
  -6.15882874E-03
  -6.08825684E-03
  -6.05773926E-03
  -6.04915619E-03
  -5.99002838E-03
  -5.98716736E-03
  -5.95664978E-03
  -5.90229034E-03
  -5.90133667E-03
  -5.76114655E-03
  -5.75828552E-03
  -5.51319122E-03
  -5.47790527E-03
  -5.47599792E-03
  -5.18989563E-03
  -5.09452820E-03
  -5.06496429E-03
  -5.02586365E-03
  -4.94861603E-03
  -4.84275818E-03
  -4.82845306E-03
  -4.66632843E-03
  -4.65393066E-03
  -4.46701050E-03
  -4.39834595E-03
  -4.36782837E-03
  -4.30774689E-03
  -4.26578522E-03
  -4.24289703E-03
  -4.22859192E-03
  -4.21905518E-03
  -4.16374207E-03
  -4.16278839E-03
  -4.12940979E-03
  -4.08077240E-03
  -4.06837463E-03
  -4.04644012E-03
  -4.02641296E-03
  -3.93581390E-03
  -3.89385223E-03
  -3.89289856E-03
  -3.82709503E-03
  -3.80611420E-03
  -3.78131866E-03
  -3.69071960E-03
  -3.62682343E-03
  -3.62682343E-03
  -3.61156464E-03
  -3.56578827E-03
  -3.46660614E-03
  -3.43322754E-03
  -3.34644318E-03
  -3.22055817E-03
  -3.16810608E-03
  -3.15761566E-03
  -3.09848785E-03
  -3.06129456E-03
  -3.03459167E-03
  -2.97260284E-03
  -2.94494629E-03
  -2.80189514E-03
  -2.76851654E-03
  -2.75897980E-03
  -2.75897980E-03
  -2.75707245E-03
  -2.52532959E-03
  -2.51483917E-03
  -2.37941742E-03
  -2.37751007E-03
  -2.25925446E-03
  -2.21920013E-03
  -2.10094452E-03
  -2.07424164E-03
  -2.06851959E-03
  -1.98078156E-03
  -1.97315216E-03
  -1.91020966E-03
  -1.87492371E-03
  -1.87301636E-03
  -1.81579590E-03
  -1.80149078E-03
  -1.63364410E-03
  -1.53827667E-03
  -1.45244598E-03
  -1.45053864E-03
  -1.43623352E-03
  -1.39999390E-03
  -1.26647949E-03
  -1.22547150E-03
  -1.20544434E-03
  -1.20449066E-03
  -1.00135803E-03
  -9.66072083E-04
  -9.47952271E-04
  -9.37461853E-04
  -9.34600830E-04
  -8.52584839E-04
  -8.03947449E-04
  -7.77244568E-04
  -7.25746155E-04
  -6.36100769E-04
  -5.80787659E-04
  -4.71115112E-04
  -3.69071960E-04
  -3.07083130E-04
  -2.38418579E-04
  -2.28881836E-04
  -2.27928162E-04
  -2.07901001E-04
  -2.01225281E-04
  -1.16348267E-04
  -1.04904175E-04
  -3.62396240E-05
  -2.76565552E-05
  -2.57492065E-05
   6.10351562E-05
   8.67843628E-05
   1.50680542E-04
   1.50680542E-04
   2.25067139E-04
   3.03268433E-04
   3.37600708E-04
   3.46183777E-04
   4.07218933E-04
   4.73022461E-04
   4.95910645E-04
   5.69343567E-04
   6.93321228E-04
   7.29560852E-04
   8.29696655E-04
   8.35418701E-04
   8.35418701E-04
   8.89778137E-04
   8.98361206E-04
   9.94682312E-04
   1.18160248E-03
   1.18923187E-03
   1.22833252E-03
   1.36184692E-03
   1.50394440E-03
   1.51634216E-03
   1.52873993E-03
   1.57928467E-03
   1.58977509E-03
   1.59168243E-03
   1.59168243E-03
   1.65557861E-03
   1.65939331E-03
   1.69277191E-03
   1.83010101E-03
   1.83296204E-03
   1.87301636E-03
   1.96361542E-03
   2.12097168E-03
   2.14481354E-03
   2.29072571E-03
   2.35271454E-03
   2.41947174E-03
   2.62546539E-03
   2.73036957E-03
   2.77996063E-03
   2.82287598E-03
   3.09181213E-03
   3.12519073E-03
   3.49044800E-03
   3.49521637E-03
   3.71932983E-03
   3.77368927E-03
   3.79467010E-03
   3.79753113E-03
   3.91101837E-03
   3.97014618E-03
   4.02355194E-03
   4.03690338E-03
   4.04071808E-03
   4.17232513E-03
   4.18758392E-03
   4.20856476E-03
   4.22668457E-03
   4.51850891E-03
   4.53376770E-03
   4.65011597E-03
   4.71591949E-03
   4.79698181E-03
   4.87136841E-03
   5.05065918E-03
   5.22041321E-03
   5.24711609E-03
   5.29193878E-03
   5.35488129E-03
   5.37014008E-03
   5.53131104E-03
   5.54943085E-03
   5.57422638E-03
   5.68103790E-03
   5.81836700E-03
   6.00814819E-03
   6.18171692E-03
   6.35242462E-03
   6.42871857E-03
   7.34710693E-03
   7.61413574E-03
   8.05473328E-03
   8.17203522E-03
   8.17489624E-03
   8.67271423E-03
   8.80908966E-03
   8.91017914E-03
   9.47475433E-03
   9.65785980E-03
   9.74082947E-03
   1.05714798E-02
   1.10673904E-02
   1.11293793E-02
   1.12066269E-02
   1.14059448E-02
   1.19972229E-02
   1.23147964E-02
   1.32255554E-02
   1.34630203E-02
   1.35478973E-02
   1.36594772E-02
   1.56669617E-02
   1.57957077E-02
   1.73463821E-02
   1.73635483E-02
   1.91545486E-02
   2.13651657E-02
   2.18582153E-02
   2.26612091E-02
   2.28614807E-02
   2.90203094E-02
   3.37886810E-02
   3.76596451E-02
