#Npts     Radius    Mag      Completeness
#  132  860.1064  -13.557727 1.000000
# Ierr
  -2.56719589E-02
  -2.34804153E-02
  -2.16112137E-02
  -1.97896957E-02
  -1.40399933E-02
  -1.21364594E-02
  -1.07145309E-02
  -1.02186203E-02
  -9.04560089E-03
  -7.73715973E-03
  -7.52544403E-03
  -7.52162933E-03
  -6.95800781E-03
  -6.43157959E-03
  -6.33239746E-03
  -6.28185272E-03
  -6.08444214E-03
  -5.89275360E-03
  -5.66005707E-03
  -5.63049316E-03
  -5.55038452E-03
  -5.45978546E-03
  -5.04112244E-03
  -5.02681732E-03
  -4.62245941E-03
  -4.46510315E-03
  -4.45270538E-03
  -4.42314148E-03
  -4.21237946E-03
  -4.12654877E-03
  -4.02641296E-03
  -3.90243530E-03
  -3.80134583E-03
  -3.77941132E-03
  -3.54766846E-03
  -3.06129456E-03
  -2.87723541E-03
  -2.68650055E-03
  -2.51770020E-03
  -2.44903564E-03
  -2.27260590E-03
  -2.25448608E-03
  -2.15339661E-03
  -2.02941895E-03
  -2.02751160E-03
  -2.00080872E-03
  -1.80244446E-03
  -1.75189972E-03
  -1.72233582E-03
  -1.67942047E-03
  -1.66606903E-03
  -1.63078308E-03
  -1.39904022E-03
  -1.28936768E-03
  -1.20353699E-03
  -1.18732452E-03
  -1.12724304E-03
  -1.06430054E-03
  -1.05571747E-03
  -1.03569031E-03
  -9.06944275E-04
  -7.77244568E-04
  -5.89370728E-04
  -4.42504883E-04
  -2.62260437E-04
  -1.31607056E-04
  -5.62667847E-05
   1.19209290E-04
   1.21116638E-04
   1.55448914E-04
   1.65939331E-04
   4.68254089E-04
   6.41822815E-04
   7.51495361E-04
   8.86917114E-04
   1.28746033E-03
   1.39617920E-03
   1.44958496E-03
   1.46484375E-03
   1.49250031E-03
   1.52492523E-03
   1.70516968E-03
   1.74999237E-03
   2.09617615E-03
   2.11811066E-03
   2.12383270E-03
   2.16865540E-03
   2.36415863E-03
   2.36511230E-03
   2.40039825E-03
   3.68595123E-03
   3.74507904E-03
   3.77082825E-03
   3.78513336E-03
   3.91578674E-03
   3.99112701E-03
   4.29534912E-03
   4.40502167E-03
   4.53853607E-03
   4.54902649E-03
   4.58526611E-03
   5.06114960E-03
   5.06496429E-03
   5.09071350E-03
   5.44166565E-03
   5.54752350E-03
   5.81073761E-03
   5.82122803E-03
   5.86318970E-03
   5.92899323E-03
   6.42204285E-03
   7.20691681E-03
   7.46059418E-03
   7.74765015E-03
   7.99274445E-03
   7.99274445E-03
   8.48293304E-03
   8.68320465E-03
   8.95500183E-03
   9.00745392E-03
   9.38034058E-03
   1.07278824E-02
   1.26914978E-02
   1.28259659E-02
   1.30939484E-02
   1.32570267E-02
   1.35059357E-02
   1.78585052E-02
   2.01768875E-02
   2.71739960E-02
   3.32984924E-02
   3.65476608E-02
