#Npts     Radius    Mag      Completeness
#   92 1235.7852  -13.801636 1.000000
# Ierr
  -7.57408142E-03
  -6.70433044E-03
  -6.31713867E-03
  -5.51891327E-03
  -5.41019440E-03
  -5.40637970E-03
  -5.34248352E-03
  -4.37450409E-03
  -4.26673889E-03
  -4.14752960E-03
  -3.52859497E-03
  -3.04889679E-03
  -2.98023224E-03
  -2.96878815E-03
  -2.89058685E-03
  -2.81238556E-03
  -2.64835358E-03
  -2.62832642E-03
  -2.58827209E-03
  -2.51293182E-03
  -2.48146057E-03
  -2.41184235E-03
  -2.26783752E-03
  -2.08950043E-03
  -2.04849243E-03
  -1.93023682E-03
  -1.91211700E-03
  -1.90830231E-03
  -1.82819366E-03
  -1.48773193E-03
  -1.40857697E-03
  -1.25122070E-03
  -1.23310089E-03
  -1.20353699E-03
  -1.18732452E-03
  -1.03759766E-03
  -1.02424622E-03
  -6.17027283E-04
  -6.00814819E-04
  -5.51223755E-04
  -3.11851501E-04
  -3.08990479E-04
  -3.00407410E-04
  -2.75611877E-04
  -1.17301941E-04
  -1.01089478E-04
  -5.14984131E-05
   1.14440918E-05
   3.91006470E-05
   2.47955322E-04
   2.88009644E-04
   5.68389893E-04
   5.69343567E-04
   5.88417053E-04
   6.28471375E-04
   8.29696655E-04
   8.33511353E-04
   8.86917114E-04
   1.06048584E-03
   1.06716156E-03
   1.12628937E-03
   1.46865845E-03
   1.68228149E-03
   1.84822083E-03
   2.03418732E-03
   2.09331512E-03
   2.28691101E-03
   2.36415863E-03
   2.59971619E-03
   2.66551971E-03
   3.14998627E-03
   3.19862366E-03
   3.26442719E-03
   3.28540802E-03
   3.39889526E-03
   3.44657898E-03
   3.58104706E-03
   3.82709503E-03
   4.38594818E-03
   4.47273254E-03
   4.55665588E-03
   4.59480286E-03
   4.62532043E-03
   4.96578217E-03
   5.36632538E-03
   5.76019287E-03
   5.82885742E-03
   6.31332397E-03
   6.33430481E-03
   6.82544708E-03
   6.92462921E-03
   1.11865997E-02
