#Npts     Radius    Mag      Completeness
#  217  444.8827  -14.045545 1.000000
# Ierr
  -3.12795639E-02
  -2.76184082E-02
  -2.15721130E-02
  -2.15206146E-02
  -1.86281204E-02
  -1.66063309E-02
  -1.63936615E-02
  -1.60341263E-02
  -1.53102875E-02
  -1.51910782E-02
  -1.50051117E-02
  -1.48935318E-02
  -1.41010284E-02
  -1.40905380E-02
  -1.39942169E-02
  -1.35374069E-02
  -1.33571625E-02
  -1.30596161E-02
  -1.26171112E-02
  -1.17349625E-02
  -1.10435486E-02
  -1.07975006E-02
  -1.00231171E-02
  -9.94491577E-03
  -9.27066803E-03
  -8.99314880E-03
  -8.93115997E-03
  -8.72421265E-03
  -8.52298737E-03
  -8.39328766E-03
  -8.06522369E-03
  -7.90214539E-03
  -7.89356232E-03
  -7.68089294E-03
  -7.45487213E-03
  -7.04860687E-03
  -7.00187683E-03
  -6.99901581E-03
  -6.73198700E-03
  -6.69956207E-03
  -6.69193268E-03
  -6.61277771E-03
  -6.51931763E-03
  -6.42490387E-03
  -6.23130798E-03
  -6.20079041E-03
  -6.09683990E-03
  -6.09588623E-03
  -6.02149963E-03
  -6.01768494E-03
  -5.99288940E-03
  -5.91659546E-03
  -5.90229034E-03
  -5.55515289E-03
  -5.54370880E-03
  -5.46741486E-03
  -5.39970398E-03
  -5.37014008E-03
  -5.05065918E-03
  -5.05065918E-03
  -5.01251221E-03
  -5.01060486E-03
  -4.91714478E-03
  -4.89997864E-03
  -4.77504730E-03
  -4.75597382E-03
  -4.68730927E-03
  -4.55856323E-03
  -4.52804565E-03
  -4.46033478E-03
  -4.45556641E-03
  -4.44126129E-03
  -4.43363190E-03
  -4.41646576E-03
  -4.31823730E-03
  -4.28771973E-03
  -4.17709351E-03
  -4.00257111E-03
  -3.97777557E-03
  -3.97396088E-03
  -3.96347046E-03
  -3.82709503E-03
  -3.77273560E-03
  -3.70025635E-03
  -3.69071960E-03
  -3.57437134E-03
  -3.55815887E-03
  -3.53813171E-03
  -3.50189209E-03
  -3.47232819E-03
  -3.45516205E-03
  -3.43990326E-03
  -3.43132019E-03
  -3.42273712E-03
  -3.38172913E-03
  -3.27491760E-03
  -3.16810608E-03
  -2.97832489E-03
  -2.95829773E-03
  -2.91061401E-03
  -2.77137756E-03
  -2.76374817E-03
  -2.69222260E-03
  -2.47097015E-03
  -2.42614746E-03
  -2.39562988E-03
  -2.16865540E-03
  -1.97029114E-03
  -1.95217133E-03
  -1.56593323E-03
  -1.56593323E-03
  -1.44958496E-03
  -1.44672394E-03
  -1.27315521E-03
  -1.23214722E-03
  -1.10626221E-03
  -1.08242035E-03
  -1.08242035E-03
  -1.05381012E-03
  -9.71794128E-04
  -9.55581665E-04
  -8.79287720E-04
  -8.76426697E-04
  -8.58306885E-04
  -8.46862793E-04
  -7.24792480E-04
  -6.53266907E-04
  -6.53266907E-04
  -5.01632690E-04
  -3.91006470E-04
  -3.91006470E-04
  -2.64167786E-04
  -2.25067139E-04
  -2.09808350E-04
  -1.77383423E-04
  -1.29699707E-04
  -1.13487244E-04
   2.86102295E-06
   1.64031982E-04
   2.59399414E-04
   2.86102295E-04
   3.53813171E-04
   4.17709351E-04
   4.44412231E-04
   4.61578369E-04
   4.64439392E-04
   4.71115112E-04
   5.32150269E-04
   5.46455383E-04
   7.43865967E-04
   7.53402710E-04
   7.73429871E-04
   7.99179077E-04
   9.33647156E-04
   9.38415527E-04
   9.48905945E-04
   9.53674316E-04
   9.86099243E-04
   1.03092194E-03
   1.05857849E-03
   1.09863281E-03
   1.10054016E-03
   1.10912323E-03
   1.13296509E-03
   1.18827820E-03
   1.21974945E-03
   1.45435333E-03
   1.52206421E-03
   1.54113770E-03
   1.54209137E-03
   1.55258179E-03
   1.59358978E-03
   1.73568726E-03
   1.79862976E-03
   1.92070007E-03
   1.94454193E-03
   2.01225281E-03
   2.04181671E-03
   2.23541260E-03
   2.31742859E-03
   2.48050690E-03
   2.53582001E-03
   2.53582001E-03
   2.55012512E-03
   2.67124176E-03
   3.03554535E-03
   3.03554535E-03
   3.06034088E-03
   3.06510925E-03
   3.09848785E-03
   3.12614441E-03
   3.43227386E-03
   3.45325470E-03
   3.46851349E-03
   3.47042084E-03
   3.57151031E-03
   3.74412537E-03
   4.03881073E-03
   4.49752808E-03
   4.59766388E-03
   5.26714325E-03
   5.51986694E-03
   5.52940369E-03
   5.59139252E-03
   5.72681427E-03
   5.98049164E-03
   6.49261475E-03
   6.57081604E-03
   6.70719147E-03
   7.69805908E-03
   8.00609589E-03
   9.04464722E-03
   1.09443665E-02
   1.49383545E-02
   2.08282471E-02
   2.66485214E-02
   3.41501236E-02
