#Npts     Radius    Mag      Completeness
#   34  652.4946  -14.533363 1.000000
# Ierr
  -1.92785263E-02
  -6.02531433E-03
  -5.83744049E-03
  -5.74970245E-03
  -5.11264801E-03
  -4.88281250E-03
  -4.55093384E-03
  -4.03594971E-03
  -3.20625305E-03
  -3.04412842E-03
  -2.68650055E-03
  -2.67887115E-03
  -2.36129761E-03
  -1.59358978E-03
  -1.24645233E-03
  -5.66482544E-04
  -2.18391418E-04
  -6.86645508E-05
   2.19345093E-04
   6.93321228E-04
   8.10623169E-04
   1.05953217E-03
   1.40190125E-03
   1.81484222E-03
   2.36415863E-03
   2.66075134E-03
   2.77328491E-03
   3.06415558E-03
   3.91769409E-03
   4.09030914E-03
   4.52709198E-03
   4.67109680E-03
   5.53035736E-03
   5.59711456E-03
