#Npts     Radius    Mag      Completeness
#  277  444.8827  -13.801636 1.000000
# Ierr
  -3.58018875E-02
  -3.46450806E-02
  -2.52294540E-02
  -2.44369507E-02
  -2.21920013E-02
  -2.04629898E-02
  -2.02522278E-02
  -2.01072693E-02
  -1.79882050E-02
  -1.64461136E-02
  -1.59435272E-02
  -1.56421661E-02
  -1.50270462E-02
  -1.48782730E-02
  -1.46226883E-02
  -1.41963959E-02
  -1.33342743E-02
  -1.31597519E-02
  -1.29966736E-02
  -1.29938126E-02
  -1.27305984E-02
  -1.25083923E-02
  -1.23119354E-02
  -1.15613937E-02
  -1.10816956E-02
  -1.09958649E-02
  -1.08232498E-02
  -1.06477737E-02
  -1.05218887E-02
  -1.02977753E-02
  -1.02014542E-02
  -9.98210907E-03
  -9.92202759E-03
  -9.88483429E-03
  -9.51957703E-03
  -9.49668884E-03
  -9.26399231E-03
  -9.14859772E-03
  -9.09328461E-03
  -9.08470154E-03
  -9.04846191E-03
  -8.86249542E-03
  -8.62979889E-03
  -8.56018066E-03
  -8.50486755E-03
  -8.31604004E-03
  -8.26358795E-03
  -8.21018219E-03
  -8.02326202E-03
  -7.96318054E-03
  -7.65800476E-03
  -7.36236572E-03
  -7.13539124E-03
  -7.12394714E-03
  -7.01141357E-03
  -6.93130493E-03
  -6.88266754E-03
  -6.81877136E-03
  -6.71100616E-03
  -6.59084320E-03
  -6.50596619E-03
  -6.38675690E-03
  -6.30569458E-03
  -6.22749329E-03
  -6.14643097E-03
  -5.90610504E-03
  -5.84602356E-03
  -5.70487976E-03
  -5.63812256E-03
  -5.48171997E-03
  -5.42545319E-03
  -5.38730621E-03
  -5.34248352E-03
  -5.30624390E-03
  -5.30624390E-03
  -5.25188446E-03
  -5.16033173E-03
  -5.06210327E-03
  -4.93621826E-03
  -4.93335724E-03
  -4.83322144E-03
  -4.82368469E-03
  -4.72927094E-03
  -4.70161438E-03
  -4.66632843E-03
  -4.59289551E-03
  -4.51183319E-03
  -4.30870056E-03
  -4.16946411E-03
  -4.16183472E-03
  -3.98254395E-03
  -3.98063660E-03
  -3.95011902E-03
  -3.95011902E-03
  -3.91197205E-03
  -3.72982025E-03
  -3.71170044E-03
  -3.69834900E-03
  -3.64971161E-03
  -3.61156464E-03
  -3.54957581E-03
  -3.46851349E-03
  -3.34739685E-03
  -3.32164764E-03
  -3.28731537E-03
  -3.24916840E-03
  -3.21197510E-03
  -3.18717957E-03
  -3.08895111E-03
  -2.99930573E-03
  -2.89726257E-03
  -2.89058685E-03
  -2.82192230E-03
  -2.80761719E-03
  -2.79808044E-03
  -2.66647339E-03
  -2.66265869E-03
  -2.49958038E-03
  -2.47478485E-03
  -2.47192383E-03
  -2.43473053E-03
  -2.41279602E-03
  -2.36797333E-03
  -2.26974487E-03
  -2.17533112E-03
  -2.09999084E-03
  -2.08377838E-03
  -2.03800201E-03
  -2.00080872E-03
  -1.97505951E-03
  -1.97219849E-03
  -1.88922882E-03
  -1.80244446E-03
  -1.73187256E-03
  -1.72996521E-03
  -1.71184540E-03
  -1.64985657E-03
  -1.60884857E-03
  -1.32369995E-03
  -1.31988525E-03
  -1.29127502E-03
  -1.19972229E-03
  -1.07383728E-03
  -1.05094910E-03
  -1.02424622E-03
  -9.38415527E-04
  -9.37461853E-04
  -8.01086426E-04
  -7.78198242E-04
  -7.70568848E-04
  -7.33375549E-04
  -7.30514526E-04
  -6.90460205E-04
  -6.75201416E-04
  -6.18934631E-04
  -4.69207764E-04
  -4.60624695E-04
  -4.60624695E-04
  -3.90052795E-04
  -3.70979309E-04
  -3.16619873E-04
  -2.37464905E-04
  -2.20298767E-04
  -1.51634216E-04
  -1.13487244E-04
  -3.81469727E-05
  -3.14712524E-05
   1.81198120E-05
   8.96453857E-05
   1.46865845E-04
   1.52587891E-04
   2.29835510E-04
   2.47955322E-04
   2.48908997E-04
   2.88009644E-04
   3.47137451E-04
   6.30378723E-04
   6.79016113E-04
   7.33375549E-04
   7.74383545E-04
   7.88688660E-04
   8.61167908E-04
   9.37461853E-04
   1.06334686E-03
   1.07669830E-03
   1.24168396E-03
   1.26171112E-03
   1.26743317E-03
   1.28650665E-03
   1.34849548E-03
   1.42669678E-03
   1.46579742E-03
   1.52778625E-03
   1.54685974E-03
   1.55925751E-03
   1.62315369E-03
   1.62696838E-03
   1.76429749E-03
   1.78623199E-03
   1.82819366E-03
   1.91211700E-03
   1.94644928E-03
   2.03609467E-03
   2.04277039E-03
   2.07614899E-03
   2.12669373E-03
   2.14767456E-03
   2.17437744E-03
   2.32696533E-03
   2.36129761E-03
   2.44426727E-03
   2.44522095E-03
   2.60448456E-03
   2.64549255E-03
   2.74562836E-03
   3.03554535E-03
   3.17192078E-03
   3.22818756E-03
   3.28826904E-03
   3.40557098E-03
   3.42464447E-03
   3.50475311E-03
   3.82709503E-03
   3.84330750E-03
   3.93676758E-03
   4.08554077E-03
   4.15802002E-03
   4.16088104E-03
   4.23908234E-03
   4.46510315E-03
   4.48608398E-03
   4.57859039E-03
   4.72736359E-03
   4.76360321E-03
   4.86469269E-03
   4.99916077E-03
   5.07926941E-03
   5.12504578E-03
   5.18989563E-03
   5.20420074E-03
   5.61046600E-03
   5.78498840E-03
   5.82313538E-03
   6.06536865E-03
   6.11400604E-03
   6.20365143E-03
   6.32858276E-03
   6.60037994E-03
   6.60037994E-03
   6.77585602E-03
   6.96182251E-03
   7.10010529E-03
   7.25936890E-03
   7.33470917E-03
   8.02230835E-03
   8.21208954E-03
   8.52680206E-03
   9.57107544E-03
   9.75704193E-03
   9.98306274E-03
   1.06210709E-02
   1.07202530E-02
   1.09720230E-02
   1.12600327E-02
   1.23176575E-02
   1.28421783E-02
   1.29976273E-02
   1.49450302E-02
   1.51557922E-02
   1.81350708E-02
   1.94559097E-02
   2.26516724E-02
   2.43101120E-02
   2.43492126E-02
   2.43501663E-02
   2.57158279E-02
   3.54595184E-02
