#Npts     Radius    Mag      Completeness
#   93 1067.7184  -13.801636 1.000000
# Ierr
  -1.99413300E-02
  -6.70433044E-03
  -6.13117218E-03
  -5.39684296E-03
  -5.34248352E-03
  -4.74739075E-03
  -4.37450409E-03
  -4.26673889E-03
  -3.52859497E-03
  -3.12709808E-03
  -3.09467316E-03
  -3.05271149E-03
  -2.89058685E-03
  -2.72750854E-03
  -2.62832642E-03
  -2.58827209E-03
  -2.58731842E-03
  -2.51293182E-03
  -2.48146057E-03
  -2.41374969E-03
  -2.41184235E-03
  -2.33173370E-03
  -2.26783752E-03
  -2.16960907E-03
  -1.93023682E-03
  -1.82819366E-03
  -1.81102753E-03
  -1.48773193E-03
  -1.40857697E-03
  -1.33800507E-03
  -1.23310089E-03
  -1.20353699E-03
  -1.13391876E-03
  -1.03759766E-03
  -1.02424622E-03
  -6.54220581E-04
  -5.97000122E-04
  -5.51223755E-04
  -3.69071960E-04
  -3.01361084E-04
  -1.72615051E-04
  -1.01089478E-04
  -7.53402710E-05
  -5.14984131E-05
  -2.19345093E-05
  -1.90734863E-05
   1.97410583E-04
   2.47955322E-04
   3.24249268E-04
   5.88417053E-04
   8.33511353E-04
   1.06048584E-03
   1.12915039E-03
   1.16348267E-03
   1.18732452E-03
   1.19590759E-03
   1.20735168E-03
   1.22928619E-03
   1.24931335E-03
   1.29985809E-03
   1.60026550E-03
   1.67369843E-03
   1.92356110E-03
   2.03418732E-03
   2.36415863E-03
   2.36415863E-03
   2.40612030E-03
   2.46810913E-03
   2.48527527E-03
   2.59971619E-03
   2.66551971E-03
   2.88105011E-03
   3.14998627E-03
   3.28540802E-03
   3.36074829E-03
   3.46660614E-03
   3.67736816E-03
   4.01210785E-03
   4.38594818E-03
   4.55665588E-03
   4.62532043E-03
   4.80461121E-03
   5.07926941E-03
   5.76019287E-03
   5.82885742E-03
   6.33430481E-03
   6.48403168E-03
   6.89792633E-03
   7.01045990E-03
   7.70854950E-03
   8.10241699E-03
   8.59928131E-03
   9.84764099E-03
