#Npts     Radius    Mag      Completeness
#   23 2965.8843  -14.533363 1.000000
# Ierr
  -9.40513611E-03
  -7.99560547E-03
  -7.50255585E-03
  -4.87518311E-03
  -4.09507751E-03
  -3.27110291E-03
  -1.86443329E-03
  -1.24835968E-03
   3.14712524E-05
   5.40733337E-04
   6.77108765E-04
   1.51538849E-03
   1.53923035E-03
   1.74522400E-03
   2.58255005E-03
   3.20053101E-03
   3.29208374E-03
   5.04875183E-03
   5.09357452E-03
   6.47544861E-03
   6.86836243E-03
   7.20405579E-03
   7.72476196E-03
