#Npts     Radius    Mag      Completeness
#  360  741.4711  -14.045545 1.000000
# Ierr
  -3.12795639E-02
  -2.76184082E-02
  -2.15721130E-02
  -2.15206146E-02
  -2.15072632E-02
  -1.86281204E-02
  -1.66063309E-02
  -1.63936615E-02
  -1.60341263E-02
  -1.60017014E-02
  -1.55315399E-02
  -1.53102875E-02
  -1.51910782E-02
  -1.50051117E-02
  -1.48935318E-02
  -1.41010284E-02
  -1.40905380E-02
  -1.39942169E-02
  -1.36203766E-02
  -1.35374069E-02
  -1.33571625E-02
  -1.30596161E-02
  -1.26171112E-02
  -1.18350983E-02
  -1.17349625E-02
  -1.10435486E-02
  -1.08995438E-02
  -1.07975006E-02
  -1.00231171E-02
  -9.94491577E-03
  -9.27066803E-03
  -9.02843475E-03
  -8.99314880E-03
  -8.93115997E-03
  -8.90159607E-03
  -8.76331329E-03
  -8.72421265E-03
  -8.52298737E-03
  -8.44860077E-03
  -8.44764709E-03
  -8.39328766E-03
  -8.06522369E-03
  -8.04328918E-03
  -7.90214539E-03
  -7.89356232E-03
  -7.68089294E-03
  -7.45487213E-03
  -7.40146637E-03
  -7.06291199E-03
  -7.04860687E-03
  -7.04002380E-03
  -7.00187683E-03
  -7.00187683E-03
  -6.99901581E-03
  -6.73198700E-03
  -6.69956207E-03
  -6.69193268E-03
  -6.61277771E-03
  -6.55364990E-03
  -6.51931763E-03
  -6.43444061E-03
  -6.42490387E-03
  -6.24752045E-03
  -6.23130798E-03
  -6.20079041E-03
  -6.09683990E-03
  -6.09588623E-03
  -6.06250763E-03
  -6.02149963E-03
  -6.01768494E-03
  -6.01005554E-03
  -5.99288940E-03
  -5.91659546E-03
  -5.90229034E-03
  -5.81264496E-03
  -5.55515289E-03
  -5.54370880E-03
  -5.46741486E-03
  -5.46360016E-03
  -5.42354584E-03
  -5.39970398E-03
  -5.37014008E-03
  -5.30910492E-03
  -5.05065918E-03
  -5.05065918E-03
  -5.01251221E-03
  -5.01060486E-03
  -4.91714478E-03
  -4.89997864E-03
  -4.87422943E-03
  -4.77504730E-03
  -4.77123260E-03
  -4.75597382E-03
  -4.68730927E-03
  -4.55856323E-03
  -4.52804565E-03
  -4.46033478E-03
  -4.45556641E-03
  -4.44984436E-03
  -4.44126129E-03
  -4.43363190E-03
  -4.41646576E-03
  -4.39929962E-03
  -4.39071655E-03
  -4.31823730E-03
  -4.28771973E-03
  -4.20856476E-03
  -4.17709351E-03
  -4.13703918E-03
  -4.12940979E-03
  -4.00257111E-03
  -3.97777557E-03
  -3.97396088E-03
  -3.96347046E-03
  -3.82709503E-03
  -3.77273560E-03
  -3.71265411E-03
  -3.70025635E-03
  -3.69071960E-03
  -3.57437134E-03
  -3.55815887E-03
  -3.53813171E-03
  -3.51905823E-03
  -3.50189209E-03
  -3.47232819E-03
  -3.45516205E-03
  -3.43990326E-03
  -3.43132019E-03
  -3.42273712E-03
  -3.41606140E-03
  -3.38172913E-03
  -3.27491760E-03
  -3.16810608E-03
  -3.01933289E-03
  -2.97832489E-03
  -2.95829773E-03
  -2.91442871E-03
  -2.91061401E-03
  -2.91061401E-03
  -2.89821625E-03
  -2.77137756E-03
  -2.76374817E-03
  -2.69222260E-03
  -2.69222260E-03
  -2.47097015E-03
  -2.42614746E-03
  -2.39562988E-03
  -2.38704681E-03
  -2.35462189E-03
  -2.16865540E-03
  -1.97982788E-03
  -1.97029114E-03
  -1.95217133E-03
  -1.93691254E-03
  -1.92546844E-03
  -1.83582306E-03
  -1.76334381E-03
  -1.56593323E-03
  -1.56593323E-03
  -1.54399872E-03
  -1.53541565E-03
  -1.44958496E-03
  -1.44672394E-03
  -1.39236450E-03
  -1.32751465E-03
  -1.27315521E-03
  -1.23214722E-03
  -1.20925903E-03
  -1.10626221E-03
  -1.08242035E-03
  -1.08242035E-03
  -1.05381012E-03
  -1.01089478E-03
  -1.00231171E-03
  -9.83238220E-04
  -9.71794128E-04
  -9.55581665E-04
  -9.31739807E-04
  -9.14573669E-04
  -8.79287720E-04
  -8.76426697E-04
  -8.58306885E-04
  -8.46862793E-04
  -7.24792480E-04
  -7.13348389E-04
  -7.00950623E-04
  -6.53266907E-04
  -6.53266907E-04
  -5.52177429E-04
  -5.01632690E-04
  -4.16755676E-04
  -3.91006470E-04
  -3.91006470E-04
  -3.13758850E-04
  -2.71797180E-04
  -2.64167786E-04
  -2.38418579E-04
  -2.32696533E-04
  -2.25067139E-04
  -2.09808350E-04
  -1.77383423E-04
  -1.29699707E-04
  -1.13487244E-04
  -6.77108765E-05
  -5.24520874E-05
  -2.67028809E-05
   2.86102295E-06
   8.01086426E-05
   9.44137573E-05
   1.00135803E-04
   1.39236450E-04
   1.64031982E-04
   2.59399414E-04
   2.86102295E-04
   3.53813171E-04
   4.09126282E-04
   4.17709351E-04
   4.41551208E-04
   4.44412231E-04
   4.61578369E-04
   4.64439392E-04
   4.71115112E-04
   5.13076782E-04
   5.32150269E-04
   5.39779663E-04
   5.46455383E-04
   5.50270081E-04
   6.85691833E-04
   7.43865967E-04
   7.53402710E-04
   7.73429871E-04
   7.99179077E-04
   8.06808472E-04
   8.10623169E-04
   9.33647156E-04
   9.38415527E-04
   9.48905945E-04
   9.53674316E-04
   9.59396362E-04
   9.86099243E-04
   1.01566315E-03
   1.03092194E-03
   1.03569031E-03
   1.04427338E-03
   1.05857849E-03
   1.09863281E-03
   1.10054016E-03
   1.10912323E-03
   1.13296509E-03
   1.16443634E-03
   1.18827820E-03
   1.21974945E-03
   1.24835968E-03
   1.31416321E-03
   1.45435333E-03
   1.48010254E-03
   1.48963928E-03
   1.52206421E-03
   1.52778625E-03
   1.54113770E-03
   1.54209137E-03
   1.55258179E-03
   1.56784058E-03
   1.58309937E-03
   1.59358978E-03
   1.73568726E-03
   1.79862976E-03
   1.92070007E-03
   1.92451477E-03
   1.94454193E-03
   2.01225281E-03
   2.04181671E-03
   2.05707550E-03
   2.10189819E-03
   2.15625763E-03
   2.23541260E-03
   2.31742859E-03
   2.43759155E-03
   2.46524811E-03
   2.47383118E-03
   2.48050690E-03
   2.48718262E-03
   2.49481201E-03
   2.53582001E-03
   2.53582001E-03
   2.55012512E-03
   2.58350372E-03
   2.67124176E-03
   2.98023224E-03
   3.03554535E-03
   3.03554535E-03
   3.06034088E-03
   3.06510925E-03
   3.07941437E-03
   3.09848785E-03
   3.12328339E-03
   3.12614441E-03
   3.43227386E-03
   3.45325470E-03
   3.46565247E-03
   3.46851349E-03
   3.47042084E-03
   3.57151031E-03
   3.66306305E-03
   3.72600555E-03
   3.74412537E-03
   4.03881073E-03
   4.05311584E-03
   4.07123566E-03
   4.08363342E-03
   4.08363342E-03
   4.09889221E-03
   4.11033630E-03
   4.43172455E-03
   4.49752808E-03
   4.54139709E-03
   4.54998016E-03
   4.59766388E-03
   4.62245941E-03
   4.96768951E-03
   5.04302979E-03
   5.23471832E-03
   5.26714325E-03
   5.48267365E-03
   5.51986694E-03
   5.52940369E-03
   5.59139252E-03
   5.72681427E-03
   5.98049164E-03
   6.00910187E-03
   6.15406036E-03
   6.26659393E-03
   6.45923615E-03
   6.49261475E-03
   6.51359558E-03
   6.57081604E-03
   6.60705566E-03
   6.70719147E-03
   7.10201263E-03
   7.34615326E-03
   7.69805908E-03
   7.93552399E-03
   8.00609589E-03
   8.17108154E-03
   8.37707520E-03
   8.40091705E-03
   8.50963593E-03
   8.50963593E-03
   8.77094269E-03
   9.04464722E-03
   9.47189331E-03
   9.96780396E-03
   1.02577209E-02
   1.09443665E-02
   1.17416382E-02
   1.49383545E-02
   2.08282471E-02
   2.66485214E-02
   2.80170441E-02
   3.41501236E-02
