#Npts     Radius    Mag      Completeness
#  143  860.1064  -13.069908 1.000000
# Ierr
  -3.01523209E-02
  -2.88228989E-02
  -1.72681808E-02
  -1.64623260E-02
  -1.63526535E-02
  -1.57184601E-02
  -1.53980255E-02
  -1.36871338E-02
  -1.19266510E-02
  -1.18980408E-02
  -9.65785980E-03
  -9.63020325E-03
  -9.27162170E-03
  -9.04369354E-03
  -8.33988190E-03
  -7.81250000E-03
  -7.47585297E-03
  -7.35664368E-03
  -7.09533691E-03
  -6.81591034E-03
  -6.47163391E-03
  -6.37245178E-03
  -6.27994537E-03
  -6.22558594E-03
  -5.84602356E-03
  -5.83076477E-03
  -5.76305389E-03
  -5.74398041E-03
  -5.35297394E-03
  -5.06496429E-03
  -5.01823425E-03
  -4.91523743E-03
  -4.64630127E-03
  -4.63008881E-03
  -3.84235382E-03
  -3.81088257E-03
  -3.76415253E-03
  -3.74794006E-03
  -3.74698639E-03
  -3.55148315E-03
  -3.53336334E-03
  -3.35788727E-03
  -3.18527222E-03
  -3.15093994E-03
  -3.09848785E-03
  -2.69889832E-03
  -2.62165070E-03
  -2.57110596E-03
  -2.48241425E-03
  -2.36225128E-03
  -2.32505798E-03
  -2.26783752E-03
  -2.21538544E-03
  -2.13432312E-03
  -2.06851959E-03
  -2.00939178E-03
  -1.94740295E-03
  -1.90925598E-03
  -1.85680389E-03
  -1.84631348E-03
  -1.78050995E-03
  -1.74522400E-03
  -1.74331665E-03
  -1.69181824E-03
  -1.68037415E-03
  -1.51443481E-03
  -1.21593475E-03
  -9.52720642E-04
  -6.15119934E-04
  -5.89370728E-04
  -5.28335571E-04
  -3.70025635E-04
  -2.98500061E-04
  -2.83241272E-04
  -2.80380249E-04
  -1.64985657E-04
  -1.62124634E-05
   3.32832336E-04
   3.35693359E-04
   3.39508057E-04
   4.21524048E-04
   4.22477722E-04
   4.39643860E-04
   5.52177429E-04
   5.96046448E-04
   8.44001770E-04
   9.85145569E-04
   1.07860565E-03
   1.10816956E-03
   1.14154816E-03
   1.31893158E-03
   1.41906738E-03
   1.50299072E-03
   1.65081024E-03
   1.65653229E-03
   1.67179108E-03
   1.75762177E-03
   1.77383423E-03
   1.77860260E-03
   1.86157227E-03
   2.08568573E-03
   2.28404999E-03
   2.33840942E-03
   2.34317780E-03
   2.75039673E-03
   2.78854370E-03
   2.87342072E-03
   2.92396545E-03
   3.07941437E-03
   3.37028503E-03
   3.41892242E-03
   3.49617004E-03
   4.49848175E-03
   4.61483002E-03
   4.74166870E-03
   4.99057770E-03
   5.12218475E-03
   5.27572632E-03
   5.28717041E-03
   5.30242920E-03
   5.44738770E-03
   5.45406342E-03
   5.45692444E-03
   5.80215454E-03
   5.93471527E-03
   6.39820099E-03
   6.67667389E-03
   6.90364838E-03
   7.33184814E-03
   7.45010376E-03
   7.69424438E-03
   7.72666931E-03
   7.73715973E-03
   8.30459595E-03
   8.44097137E-03
   8.60118866E-03
   8.64124298E-03
   8.87680054E-03
   1.17263794E-02
   1.28059387E-02
   1.87368393E-02
   1.93939209E-02
   2.25162506E-02
