#Npts     Radius    Mag      Completeness
#   33 1275.3303  -14.289454 1.000000
# Ierr
  -1.06353760E-02
  -6.08730316E-03
  -5.76019287E-03
  -5.35964966E-03
  -2.63023376E-03
  -2.38895416E-03
  -2.02178955E-03
  -1.93595886E-03
  -1.88159943E-03
  -1.83010101E-03
  -5.91278076E-04
  -2.12669373E-04
   1.43051147E-04
   4.05311584E-04
   6.56127930E-04
   1.23691559E-03
   1.24549866E-03
   1.90830231E-03
   2.06184387E-03
   2.29454041E-03
   2.59780884E-03
   3.09658051E-03
   3.42273712E-03
   3.57151031E-03
   3.70407104E-03
   3.84044647E-03
   4.01687622E-03
   4.34398651E-03
   4.54521179E-03
   5.70869446E-03
   7.12585449E-03
   7.95269012E-03
   8.53347778E-03
