#Npts     Radius    Mag      Completeness
#   27  860.1064  -14.777272 1.000000
# Ierr
  -7.08007812E-03
  -5.68580627E-03
  -4.67300415E-03
  -4.35543060E-03
  -4.10842896E-03
  -3.30162048E-03
  -2.73990631E-03
  -2.55680084E-03
  -2.51388550E-03
  -2.13336945E-03
  -1.51062012E-03
  -1.46865845E-03
  -1.24073029E-03
  -4.76837158E-04
   2.97546387E-04
   3.99589539E-04
   8.63075256E-04
   9.74655151E-04
   1.18923187E-03
   1.63841248E-03
   2.16484070E-03
   2.37369537E-03
   2.98976898E-03
   3.42845917E-03
   3.82328033E-03
   3.96156311E-03
   4.34017181E-03
