#Npts     Radius    Mag      Completeness
#   35  860.1064  -15.509000 1.000000
# Ierr
  -8.18634033E-03
  -7.66944885E-03
  -6.87789917E-03
  -6.63185120E-03
  -6.22081757E-03
  -5.82790375E-03
  -5.05924225E-03
  -4.04548645E-03
  -3.66401672E-03
  -3.12137604E-03
  -3.08513641E-03
  -3.04698944E-03
  -2.57587433E-03
  -2.21538544E-03
  -7.79151917E-04
  -7.15255737E-04
  -7.00950623E-04
   1.51920319E-03
   1.95217133E-03
   4.30011749E-03
   4.30202484E-03
   4.47177887E-03
   4.89044189E-03
   4.89234924E-03
   5.02586365E-03
   5.06210327E-03
   5.57994843E-03
   5.69915771E-03
   6.83784485E-03
   7.24124908E-03
   9.13524628E-03
   1.11837387E-02
   1.51100159E-02
   1.69448853E-02
   1.97496414E-02
