#Npts     Radius    Mag      Completeness
#   69 1898.1661  -13.313818 1.000000
# Ierr
  -2.86302567E-02
  -9.98592377E-03
  -8.15773010E-03
  -8.00228119E-03
  -7.39669800E-03
  -7.02381134E-03
  -6.43634796E-03
  -6.11305237E-03
  -6.09970093E-03
  -5.32817841E-03
  -5.10406494E-03
  -4.95815277E-03
  -4.91523743E-03
  -4.83036041E-03
  -4.51755524E-03
  -3.46660614E-03
  -3.43227386E-03
  -3.38172913E-03
  -2.93254852E-03
  -2.56443024E-03
  -2.36892700E-03
  -1.75666809E-03
  -1.69277191E-03
  -1.54685974E-03
  -1.43241882E-03
  -1.42478943E-03
  -1.28746033E-03
  -1.15871429E-03
  -1.07097626E-03
  -8.52584839E-04
  -8.14437866E-04
  -7.82012939E-04
  -3.84330750E-04
  -3.62396240E-05
   1.09672546E-04
   1.25885010E-04
   1.30653381E-04
   3.58581543E-04
   7.56263733E-04
   9.46998596E-04
   1.20735168E-03
   1.25312805E-03
   1.46484375E-03
   1.75857544E-03
   1.78241730E-03
   1.93405151E-03
   2.22682953E-03
   2.98786163E-03
   3.47423553E-03
   4.28676605E-03
   4.51469421E-03
   4.51660156E-03
   4.52232361E-03
   4.61006165E-03
   4.92000580E-03
   5.18417358E-03
   5.41687012E-03
   5.64765930E-03
   5.66959381E-03
   5.71918488E-03
   5.82218170E-03
   5.98144531E-03
   6.18171692E-03
   6.35051727E-03
   6.44111633E-03
   7.72571564E-03
   7.91931152E-03
   8.32557678E-03
   1.09405518E-02
