#Npts     Radius    Mag      Completeness
#   96  741.4711  -14.777272 1.000000
# Ierr
  -1.30815506E-02
  -1.05819702E-02
  -1.04160309E-02
  -8.83960724E-03
  -7.47108459E-03
  -6.12926483E-03
  -6.02436066E-03
  -5.60283661E-03
  -5.08022308E-03
  -5.08022308E-03
  -5.02967834E-03
  -4.97531891E-03
  -4.73785400E-03
  -4.67300415E-03
  -4.57859039E-03
  -4.38499451E-03
  -4.35066223E-03
  -4.26387787E-03
  -4.10842896E-03
  -4.04262543E-03
  -4.03118134E-03
  -3.82518768E-03
  -3.79943848E-03
  -3.70693207E-03
  -3.38363647E-03
  -3.31211090E-03
  -3.08513641E-03
  -2.58064270E-03
  -2.51388550E-03
  -2.45571136E-03
  -2.43759155E-03
  -2.39658356E-03
  -2.36988068E-03
  -2.28977203E-03
  -2.13336945E-03
  -2.02655792E-03
  -1.92737579E-03
  -1.91020966E-03
  -1.88446045E-03
  -1.78432465E-03
  -1.58214569E-03
  -1.53350830E-03
  -1.51062012E-03
  -1.46865845E-03
  -1.46198273E-03
  -1.43909454E-03
  -1.27410889E-03
  -1.27315521E-03
  -1.02519989E-03
  -9.50813293E-04
  -9.31739807E-04
  -6.94274902E-04
  -5.99861145E-04
  -5.97000122E-04
  -5.79833984E-04
  -5.10215759E-04
  -2.00271606E-04
  -1.10626221E-04
  -2.38418579E-05
   8.01086426E-05
   1.10626221E-04
   1.75476074E-04
   2.87055969E-04
   2.97546387E-04
   4.31060791E-04
   6.19888306E-04
   6.51359558E-04
   7.87734985E-04
   7.94410706E-04
   9.74655151E-04
   9.88006592E-04
   1.11484528E-03
   1.18923187E-03
   1.46961212E-03
   1.63841248E-03
   1.98745728E-03
   2.16484070E-03
   2.39658356E-03
   2.54344940E-03
   3.06797028E-03
   3.73268127E-03
   3.82328033E-03
   3.94058228E-03
   4.21524048E-03
   4.27722931E-03
   4.34017181E-03
   4.97245789E-03
   5.53798676E-03
   5.59043884E-03
   5.80120087E-03
   6.40201569E-03
   6.86454773E-03
   6.95896149E-03
   1.42936707E-02
   1.54218674E-02
   2.87771225E-02
