#Npts     Radius    Mag      Completeness
#  126 1067.7184  -13.313818 1.000000
# Ierr
  -3.70845795E-02
  -1.41038895E-02
  -9.79137421E-03
  -9.63973999E-03
  -7.49683380E-03
  -7.07530975E-03
  -6.72817230E-03
  -6.69288635E-03
  -6.62136078E-03
  -6.28662109E-03
  -6.13689423E-03
  -6.07776642E-03
  -5.97476959E-03
  -5.82599640E-03
  -5.72395325E-03
  -5.58757782E-03
  -5.40256500E-03
  -4.95815277E-03
  -4.72640991E-03
  -4.64630127E-03
  -4.64057922E-03
  -4.57000732E-03
  -4.50038910E-03
  -4.33921814E-03
  -4.26006317E-03
  -4.10938263E-03
  -3.85951996E-03
  -3.50093842E-03
  -3.38268280E-03
  -2.88295746E-03
  -2.84576416E-03
  -2.69126892E-03
  -2.56443024E-03
  -2.56156921E-03
  -2.47192383E-03
  -2.42996216E-03
  -2.37369537E-03
  -2.31456757E-03
  -2.31361389E-03
  -2.05707550E-03
  -1.99890137E-03
  -1.67083740E-03
  -1.56974792E-03
  -1.54685974E-03
  -1.50585175E-03
  -1.43814087E-03
  -1.40094757E-03
  -1.34658813E-03
  -1.27601624E-03
  -1.03855133E-03
  -1.00040436E-03
  -9.88960266E-04
  -9.60350037E-04
  -8.64028931E-04
  -7.88688660E-04
  -7.82012939E-04
  -7.61985779E-04
  -6.97135925E-04
  -4.52995300E-04
  -4.23431396E-04
  -3.73840332E-04
  -3.43322754E-04
  -1.85966492E-04
  -7.91549683E-05
  -4.00543213E-05
   7.62939453E-06
   1.43051147E-05
   2.09808350E-05
   2.86102295E-05
   3.33786011E-05
   3.33786011E-05
   6.48498535E-05
   1.15394592E-04
   1.94549561E-04
   2.26020813E-04
   7.95364380E-04
   9.28878784E-04
   9.88960266E-04
   1.27029419E-03
   1.28841400E-03
   1.41048431E-03
   1.41048431E-03
   1.72996521E-03
   1.79290771E-03
   2.03418732E-03
   2.11048126E-03
   2.14099884E-03
   2.33173370E-03
   2.35652924E-03
   2.37655640E-03
   2.55298615E-03
   2.58159637E-03
   2.66361237E-03
   2.69603729E-03
   2.82478333E-03
   2.82764435E-03
   2.85243988E-03
   2.92491913E-03
   2.98786163E-03
   3.12042236E-03
   3.18813324E-03
   3.29113007E-03
   3.35502625E-03
   3.39984894E-03
   3.49998474E-03
   3.54194641E-03
   3.67069244E-03
   3.89862061E-03
   4.24671173E-03
   4.59861755E-03
   4.82654572E-03
   5.29193878E-03
   5.29575348E-03
   5.80501556E-03
   5.94902039E-03
   6.21223450E-03
   6.28757477E-03
   6.41727448E-03
   7.17639923E-03
   7.41195679E-03
   7.67993927E-03
   8.06903839E-03
   9.62257385E-03
   1.24874115E-02
   1.87664032E-02
   2.34031677E-02
