#Npts     Radius    Mag      Completeness
#  116  860.1064  -13.313818 1.000000
# Ierr
  -3.74832153E-02
  -1.81550980E-02
  -1.75514221E-02
  -1.73692703E-02
  -1.37605667E-02
  -1.26953125E-02
  -1.25770569E-02
  -1.13239288E-02
  -1.06821060E-02
  -9.62734222E-03
  -8.13293457E-03
  -8.06999207E-03
  -7.22217560E-03
  -6.42967224E-03
  -6.12354279E-03
  -6.05869293E-03
  -4.85324860E-03
  -4.29344177E-03
  -4.05883789E-03
  -3.95202637E-03
  -3.80611420E-03
  -3.63445282E-03
  -3.12709808E-03
  -3.10039520E-03
  -2.70080566E-03
  -2.52056122E-03
  -2.23159790E-03
  -2.22206116E-03
  -1.81674957E-03
  -1.75952911E-03
  -1.72901154E-03
  -1.57260895E-03
  -1.35135651E-03
  -1.35040283E-03
  -1.31130219E-03
  -1.24073029E-03
  -1.23691559E-03
  -1.13391876E-03
  -1.13391876E-03
  -1.13391876E-03
  -1.03569031E-03
  -1.02329254E-03
  -8.68797302E-04
  -4.43458557E-04
  -4.40597534E-04
  -4.19616699E-04
  -2.26974487E-04
  -2.25067139E-04
  -2.25067139E-04
  -2.07901001E-04
   3.14712524E-05
   3.57627869E-04
   4.42504883E-04
   4.78744507E-04
   5.28335571E-04
   5.59806824E-04
   6.19888306E-04
   7.14302063E-04
   7.28607178E-04
   8.82148743E-04
   1.08146667E-03
   1.35898590E-03
   1.50394440E-03
   1.57928467E-03
   1.69086456E-03
   1.88922882E-03
   1.97792053E-03
   2.12097168E-03
   2.17342377E-03
   2.18963623E-03
   2.19631195E-03
   2.23827362E-03
   2.36034393E-03
   2.42328644E-03
   2.51388550E-03
   2.57301331E-03
   2.83050537E-03
   2.97546387E-03
   3.08704376E-03
   3.37409973E-03
   3.49044800E-03
   3.54862213E-03
   3.59153748E-03
   3.64494324E-03
   3.76415253E-03
   3.95584106E-03
   4.15420532E-03
   4.18281555E-03
   4.22191620E-03
   4.78172302E-03
   4.82177734E-03
   4.90188599E-03
   5.00297546E-03
   5.09643555E-03
   5.12027740E-03
   5.35678864E-03
   5.50746918E-03
   5.53131104E-03
   5.63240051E-03
   5.81741333E-03
   5.93090057E-03
   6.59275055E-03
   6.69670105E-03
   6.83403015E-03
   7.22885132E-03
   7.55214691E-03
   7.60459900E-03
   7.84206390E-03
   8.16154480E-03
   8.48007202E-03
   8.88156891E-03
   9.99355316E-03
   1.00965500E-02
   1.02844238E-02
   1.07517242E-02
   1.07803345E-02
