#Npts     Radius    Mag      Completeness
#   54 2965.8843  -15.509000 1.000000
# Ierr
  -3.27949524E-02
  -3.21741104E-02
  -3.14607620E-02
  -2.85205841E-02
  -2.27746964E-02
  -1.89046860E-02
  -1.50289536E-02
  -1.28459930E-02
  -1.24063492E-02
  -1.01604462E-02
  -9.84573364E-03
  -9.56439972E-03
  -9.02748108E-03
  -8.59451294E-03
  -8.43334198E-03
  -7.87162781E-03
  -7.48825073E-03
  -6.89792633E-03
  -6.45923615E-03
  -6.44874573E-03
  -6.42108917E-03
  -6.39343262E-03
  -6.39057159E-03
  -5.74588776E-03
  -5.40637970E-03
  -5.10120392E-03
  -3.86619568E-03
  -3.79753113E-03
  -3.78131866E-03
  -2.43759155E-03
  -2.30026245E-03
  -2.29549408E-03
  -2.19535828E-03
  -2.03990936E-03
  -1.89876556E-03
  -1.82723999E-03
  -1.43337250E-03
  -2.30789185E-04
   4.18663025E-04
   1.61743164E-03
   2.11811066E-03
   2.29740143E-03
   2.39849091E-03
   2.62928009E-03
   3.02791595E-03
   3.19480896E-03
   3.28063965E-03
   3.39508057E-03
   3.91006470E-03
   5.03349304E-03
   7.82299042E-03
   1.09882355E-02
   1.23052597E-02
   3.74784470E-02
