#Npts     Radius    Mag      Completeness
#  103 1275.3303  -13.557727 1.000000
# Ierr
  -2.05326080E-02
  -1.15747452E-02
  -9.60159302E-03
  -9.20963287E-03
  -9.14478302E-03
  -7.64656067E-03
  -6.64520264E-03
  -6.37531281E-03
  -5.72490692E-03
  -5.67340851E-03
  -4.91333008E-03
  -4.86469269E-03
  -4.25624847E-03
  -3.92055511E-03
  -3.86714935E-03
  -3.80325317E-03
  -3.77941132E-03
  -3.72791290E-03
  -3.67736816E-03
  -3.37886810E-03
  -3.30257416E-03
  -3.12423706E-03
  -3.02886963E-03
  -2.95352936E-03
  -2.79426575E-03
  -2.71511078E-03
  -2.55966187E-03
  -2.50434875E-03
  -2.43949890E-03
  -2.42233276E-03
  -2.30216980E-03
  -2.20584869E-03
  -2.20203400E-03
  -2.00557709E-03
  -1.35803223E-03
  -1.34563446E-03
  -1.28269196E-03
  -1.27410889E-03
  -8.25881958E-04
  -8.14437866E-04
  -7.74383545E-04
  -4.54902649E-04
  -4.41551208E-04
  -4.00543213E-04
  -3.02314758E-04
  -2.09808350E-04
  -1.32560730E-04
   1.90734863E-05
   1.69754028E-04
   2.42233276E-04
   2.51770020E-04
   3.70979309E-04
   4.44412231E-04
   4.68254089E-04
   5.05447388E-04
   5.58853149E-04
   8.04901123E-04
   9.24110413E-04
   1.00994110E-03
   1.30367279E-03
   1.46198273E-03
   1.56116486E-03
   1.61933899E-03
   1.64794922E-03
   1.75857544E-03
   1.82914734E-03
   1.85585022E-03
   1.93214417E-03
   1.96075439E-03
   2.01702118E-03
   2.04181671E-03
   2.11906433E-03
   2.19154358E-03
   2.49385834E-03
   2.63977051E-03
   2.67791748E-03
   2.92873383E-03
   3.52859497E-03
   3.70216370E-03
   4.25910950E-03
   4.31060791E-03
   4.33635712E-03
   4.35256958E-03
   4.40502167E-03
   4.41455841E-03
   4.58717346E-03
   4.59480286E-03
   4.65869904E-03
   5.24425507E-03
   5.32150269E-03
   5.41400909E-03
   5.69152832E-03
   5.81073761E-03
   5.86032867E-03
   5.95378876E-03
   6.86168671E-03
   7.07626343E-03
   7.07912445E-03
   7.76386261E-03
   8.63647461E-03
   9.90867615E-03
   1.25761032E-02
   1.90420151E-02
