#Npts     Radius    Mag      Completeness
#   88 1482.9421  -13.801636 1.000000
# Ierr
  -9.79232788E-03
  -9.29832458E-03
  -7.16209412E-03
  -6.60514832E-03
  -5.52368164E-03
  -5.08594513E-03
  -5.06973267E-03
  -4.65202332E-03
  -4.55188751E-03
  -4.38404083E-03
  -4.35066223E-03
  -4.32014465E-03
  -3.61919403E-03
  -3.43513489E-03
  -3.14044952E-03
  -2.78949738E-03
  -2.78759003E-03
  -2.73132324E-03
  -2.71224976E-03
  -2.67028809E-03
  -2.61211395E-03
  -2.54917145E-03
  -2.40039825E-03
  -2.06279755E-03
  -2.03704834E-03
  -2.01416016E-03
  -2.01320648E-03
  -1.87587738E-03
  -1.75285339E-03
  -1.16729736E-03
  -7.70568848E-04
  -7.70568848E-04
  -5.31196594E-04
  -3.35693359E-04
  -2.20298767E-04
   9.44137573E-05
   1.06811523E-04
   2.24113464E-04
   2.62260437E-04
   3.49998474E-04
   5.60760498E-04
   6.90460205E-04
   8.55445862E-04
   9.99450684E-04
   1.02806091E-03
   1.12819672E-03
   1.26171112E-03
   1.46579742E-03
   1.53732300E-03
   1.66320801E-03
   1.72901154E-03
   1.94835663E-03
   2.09331512E-03
   2.19535828E-03
   2.19535828E-03
   2.19917297E-03
   2.32696533E-03
   2.40612030E-03
   2.51388550E-03
   2.85339355E-03
   3.03649902E-03
   3.16619873E-03
   3.44467163E-03
   3.61156464E-03
   3.71074677E-03
   3.82709503E-03
   4.63104248E-03
   4.85992432E-03
   5.22518158E-03
   5.68389893E-03
   5.80596924E-03
   5.93566895E-03
   5.97381592E-03
   6.03485107E-03
   6.10160828E-03
   6.28280640E-03
   6.34574890E-03
   6.48403168E-03
   7.02381134E-03
   7.74669647E-03
   8.42761993E-03
   8.96167755E-03
   9.68837738E-03
   1.00059509E-02
   1.03464127E-02
   1.22365952E-02
   1.80311203E-02
   1.86996460E-02
