#Npts     Radius    Mag      Completeness
#   73 1275.3303  -13.801636 1.000000
# Ierr
  -7.57408142E-03
  -6.31713867E-03
  -5.51891327E-03
  -5.41019440E-03
  -5.40637970E-03
  -4.38404083E-03
  -4.35066223E-03
  -4.32014465E-03
  -4.14752960E-03
  -3.61919403E-03
  -3.04889679E-03
  -2.98023224E-03
  -2.96878815E-03
  -2.81238556E-03
  -2.73132324E-03
  -2.67028809E-03
  -2.64835358E-03
  -2.08950043E-03
  -2.04849243E-03
  -2.03704834E-03
  -1.91211700E-03
  -1.90830231E-03
  -1.25122070E-03
  -1.18732452E-03
  -6.17027283E-04
  -6.00814819E-04
  -3.11851501E-04
  -3.08990479E-04
  -3.00407410E-04
  -2.75611877E-04
  -1.17301941E-04
   1.14440918E-05
   3.91006470E-05
   9.44137573E-05
   2.88009644E-04
   5.60760498E-04
   5.68389893E-04
   5.69343567E-04
   6.28471375E-04
   6.90460205E-04
   8.29696655E-04
   8.86917114E-04
   1.06716156E-03
   1.12628937E-03
   1.26171112E-03
   1.46865845E-03
   1.68228149E-03
   1.72901154E-03
   1.84822083E-03
   1.94835663E-03
   2.09331512E-03
   2.28691101E-03
   3.19862366E-03
   3.26442719E-03
   3.39889526E-03
   3.44657898E-03
   3.58104706E-03
   3.82709503E-03
   4.47273254E-03
   4.59480286E-03
   4.63104248E-03
   4.96578217E-03
   5.36632538E-03
   5.97381592E-03
   6.03485107E-03
   6.10160828E-03
   6.31332397E-03
   6.34574890E-03
   6.82544708E-03
   6.92462921E-03
   8.96167755E-03
   1.11865997E-02
   1.22365952E-02
