#Npts     Radius    Mag      Completeness
#   34  444.8827  -15.265091 1.000000
# Ierr
  -2.64625549E-02
  -1.94549561E-02
  -1.45235062E-02
  -1.16872787E-02
  -1.10092163E-02
  -1.04103088E-02
  -1.01747513E-02
  -8.29505920E-03
  -7.82966614E-03
  -7.72666931E-03
  -7.46059418E-03
  -5.54466248E-03
  -5.22327423E-03
  -2.22492218E-03
  -2.03323364E-03
  -6.03675842E-04
  -4.46319580E-04
  -2.67028809E-05
   1.09004974E-03
   1.28173828E-03
   2.10952759E-03
   2.38513947E-03
   2.72083282E-03
   3.11183929E-03
   3.30448151E-03
   3.55911255E-03
   3.60965729E-03
   3.89194489E-03
   4.05216217E-03
   5.64002991E-03
   5.94329834E-03
   6.17027283E-03
   7.21359253E-03
   2.63566971E-02
