#Npts     Radius    Mag      Completeness
#   40 1067.7184  -14.289454 1.000000
# Ierr
  -7.57217407E-03
  -6.44588470E-03
  -5.55419922E-03
  -4.28009033E-03
  -4.08077240E-03
  -3.85665894E-03
  -3.67164612E-03
  -2.03609467E-03
  -1.88636780E-03
  -1.81198120E-03
  -1.70040131E-03
  -1.51824951E-03
  -1.25694275E-03
  -9.21249390E-04
  -8.90731812E-04
  -6.45637512E-04
  -6.41822815E-04
  -1.49726868E-04
  -1.21116638E-04
   1.34468079E-04
   3.73840332E-04
   5.82695007E-04
   6.09397888E-04
   7.45773315E-04
   8.63075256E-04
   1.13677979E-03
   1.59835815E-03
   1.84917450E-03
   1.91020966E-03
   2.11811066E-03
   2.30979919E-03
   2.38227844E-03
   2.73704529E-03
   2.75039673E-03
   3.17287445E-03
   3.20720673E-03
   3.45039368E-03
   5.23567200E-03
   5.87177277E-03
   7.34329224E-03
