#Npts     Radius    Mag      Completeness
#   37  988.6281  -14.533363 1.000000
# Ierr
  -1.72033310E-02
  -3.83853912E-03
  -3.63731384E-03
  -3.41796875E-03
  -2.64644623E-03
  -2.53868103E-03
  -2.24399567E-03
  -1.84917450E-03
  -1.37710571E-03
  -1.24073029E-03
  -1.08051300E-03
  -8.32557678E-04
  -8.05854797E-04
  -7.07626343E-04
   5.53131104E-05
   1.89781189E-04
   3.27110291E-04
   5.00679016E-04
   7.19070435E-04
   1.29985809E-03
   1.68704987E-03
   2.14004517E-03
   2.18296051E-03
   2.67410278E-03
   2.98595428E-03
   3.00121307E-03
   3.08036804E-03
   3.82995605E-03
   4.15325165E-03
   4.67777252E-03
   6.85214996E-03
   7.09629059E-03
   7.19261169E-03
   9.16290283E-03
   9.43851471E-03
   9.48810577E-03
   1.19667053E-02
