#Npts     Radius    Mag      Completeness
#  201  860.1064  -12.825999 1.000000
# Ierr
  -3.00760269E-02
  -2.33936310E-02
  -2.31409073E-02
  -2.17676163E-02
  -1.95503235E-02
  -1.94044113E-02
  -1.52759552E-02
  -1.40275955E-02
  -1.39617920E-02
  -1.37281418E-02
  -1.21622086E-02
  -1.19256973E-02
  -1.09291077E-02
  -1.03740692E-02
  -9.50241089E-03
  -9.07611847E-03
  -8.05473328E-03
  -7.87639618E-03
  -7.60746002E-03
  -7.01618195E-03
  -7.00664520E-03
  -6.95800781E-03
  -6.86550140E-03
  -6.79683685E-03
  -6.79206848E-03
  -6.73770905E-03
  -6.40201569E-03
  -6.35051727E-03
  -6.05392456E-03
  -6.01959229E-03
  -5.90991974E-03
  -5.90801239E-03
  -5.83648682E-03
  -5.82313538E-03
  -5.75256348E-03
  -5.12409210E-03
  -5.10215759E-03
  -4.94670868E-03
  -4.63962555E-03
  -4.60815430E-03
  -4.49466705E-03
  -4.47845459E-03
  -4.45747375E-03
  -4.31060791E-03
  -4.20188904E-03
  -3.97396088E-03
  -3.94725800E-03
  -3.91960144E-03
  -3.69930267E-03
  -3.54003906E-03
  -3.45706940E-03
  -3.42941284E-03
  -3.26824188E-03
  -3.25489044E-03
  -3.19004059E-03
  -3.14807892E-03
  -3.13854218E-03
  -3.12995911E-03
  -2.94399261E-03
  -2.93064117E-03
  -2.73704529E-03
  -2.65979767E-03
  -2.57205963E-03
  -2.56443024E-03
  -2.45380402E-03
  -2.28214264E-03
  -2.12574005E-03
  -1.72424316E-03
  -1.67560577E-03
  -1.57546997E-03
  -1.43623352E-03
  -1.38282776E-03
  -1.11770630E-03
  -1.11007690E-03
  -8.76426697E-04
  -8.32557678E-04
  -7.16209412E-04
  -6.42776489E-04
  -4.39643860E-04
  -4.08172607E-04
  -4.05311584E-04
  -3.26156616E-04
  -2.63214111E-04
  -2.30789185E-04
  -2.20298767E-04
  -1.64031982E-04
  -1.24931335E-04
   4.76837158E-06
   1.90734863E-05
   8.01086426E-05
   1.64985657E-04
   2.21252441E-04
   2.71797180E-04
   2.87055969E-04
   3.51905823E-04
   4.43458557E-04
   5.10215759E-04
   6.10351562E-04
   6.68525696E-04
   7.03811646E-04
   7.78198242E-04
   8.77380371E-04
   8.77380371E-04
   8.85009766E-04
   9.35554504E-04
   9.39369202E-04
   1.01947784E-03
   1.04427338E-03
   1.08242035E-03
   1.23405457E-03
   1.36756897E-03
   1.51920319E-03
   1.52683258E-03
   1.53255463E-03
   1.56497955E-03
   1.64890289E-03
   1.72519684E-03
   1.74713135E-03
   1.95980072E-03
   1.95980072E-03
   2.11620331E-03
   2.19345093E-03
   2.24781036E-03
   2.36320496E-03
   2.37083435E-03
   2.47001648E-03
   2.48432159E-03
   2.57492065E-03
   2.67314911E-03
   2.71129608E-03
   2.73418427E-03
   2.87532806E-03
   2.96306610E-03
   3.01265717E-03
   3.17192078E-03
   3.35121155E-03
   3.40938568E-03
   3.45993042E-03
   3.59249115E-03
   3.66020203E-03
   3.70121002E-03
   3.81946564E-03
   3.87191772E-03
   3.96060944E-03
   3.97872925E-03
   4.03690338E-03
   4.08935547E-03
   4.09030914E-03
   4.13227081E-03
   4.16660309E-03
   4.22477722E-03
   4.35352325E-03
   4.48226929E-03
   4.57763672E-03
   4.65774536E-03
   4.69207764E-03
   4.71496582E-03
   4.80365753E-03
   4.81128693E-03
   4.91428375E-03
   4.93431091E-03
   5.01823425E-03
   5.17559052E-03
   5.18035889E-03
   5.19847870E-03
   5.46264648E-03
   5.47218323E-03
   5.52082062E-03
   5.72586060E-03
   5.74684143E-03
   5.88607788E-03
   5.97476959E-03
   6.29138947E-03
   6.29997253E-03
   6.73675537E-03
   6.94465637E-03
   7.03716278E-03
   7.11345673E-03
   7.28607178E-03
   7.30133057E-03
   7.39097595E-03
   7.95269012E-03
   8.02516937E-03
   8.17680359E-03
   8.31508636E-03
   8.39328766E-03
   8.39900970E-03
   8.45527649E-03
   8.76712799E-03
   9.06467438E-03
   9.83142853E-03
   1.02787018E-02
   1.06029510E-02
   1.07812881E-02
   1.09310150E-02
   1.16701126E-02
   1.17559433E-02
   1.34201050E-02
   1.35192871E-02
   1.47113800E-02
   1.51786804E-02
