#Npts     Radius    Mag      Completeness
#  475  741.4711  -13.557727 1.000000
# Ierr
  -3.81155014E-02
  -3.48148346E-02
  -2.81963348E-02
  -2.80952454E-02
  -2.30512619E-02
  -2.08520889E-02
  -2.03332901E-02
  -1.99089050E-02
  -1.95379257E-02
  -1.93586349E-02
  -1.87473297E-02
  -1.84078217E-02
  -1.74016953E-02
  -1.71260834E-02
  -1.61561966E-02
  -1.60017014E-02
  -1.52406693E-02
  -1.47752762E-02
  -1.45587921E-02
  -1.36651993E-02
  -1.27935410E-02
  -1.23834610E-02
  -1.20887756E-02
  -1.16415024E-02
  -1.11799240E-02
  -1.11532211E-02
  -1.11217499E-02
  -1.10750198E-02
  -1.06592178E-02
  -1.05600357E-02
  -1.02472305E-02
  -9.74082947E-03
  -9.66072083E-03
  -9.50241089E-03
  -9.39464569E-03
  -9.11235809E-03
  -9.04560089E-03
  -8.94451141E-03
  -8.91399384E-03
  -8.86821747E-03
  -8.79573822E-03
  -8.77094269E-03
  -8.71944427E-03
  -8.32366943E-03
  -8.23593140E-03
  -8.14437866E-03
  -8.01181793E-03
  -7.94792175E-03
  -7.92884827E-03
  -7.86018372E-03
  -7.83061981E-03
  -7.77053833E-03
  -7.73715973E-03
  -7.64942169E-03
  -7.61508942E-03
  -7.52544403E-03
  -7.52162933E-03
  -7.44628906E-03
  -7.33280182E-03
  -7.31563568E-03
  -7.27081299E-03
  -7.25841522E-03
  -7.24887848E-03
  -7.24792480E-03
  -7.21454620E-03
  -7.12203979E-03
  -7.08293915E-03
  -7.04860687E-03
  -6.95800781E-03
  -6.79397583E-03
  -6.77108765E-03
  -6.66236877E-03
  -6.60705566E-03
  -6.55364990E-03
  -6.44588470E-03
  -6.33430481E-03
  -6.28185272E-03
  -6.26850128E-03
  -6.25514984E-03
  -6.18171692E-03
  -6.17980957E-03
  -6.12068176E-03
  -6.10160828E-03
  -5.97095490E-03
  -5.96332550E-03
  -5.94806671E-03
  -5.89275360E-03
  -5.87558746E-03
  -5.82599640E-03
  -5.80692291E-03
  -5.74207306E-03
  -5.70297241E-03
  -5.67817688E-03
  -5.66005707E-03
  -5.63049316E-03
  -5.47504425E-03
  -5.43022156E-03
  -5.41210175E-03
  -5.28335571E-03
  -5.27667999E-03
  -5.27477264E-03
  -5.24234772E-03
  -5.20229340E-03
  -5.16128540E-03
  -5.04112244E-03
  -5.02681732E-03
  -5.02681732E-03
  -5.00965118E-03
  -4.92286682E-03
  -4.87995148E-03
  -4.83989716E-03
  -4.80651855E-03
  -4.80461121E-03
  -4.80079651E-03
  -4.79793549E-03
  -4.77313995E-03
  -4.72736359E-03
  -4.66442108E-03
  -4.65106964E-03
  -4.62245941E-03
  -4.62245941E-03
  -4.59003448E-03
  -4.58335876E-03
  -4.50229645E-03
  -4.47368622E-03
  -4.46510315E-03
  -4.45270538E-03
  -4.35066223E-03
  -4.32395935E-03
  -4.27246094E-03
  -4.22096252E-03
  -4.21237946E-03
  -4.16278839E-03
  -4.15611267E-03
  -4.15325165E-03
  -4.12654877E-03
  -4.11796570E-03
  -4.02641296E-03
  -4.02355194E-03
  -3.89575958E-03
  -3.85761261E-03
  -3.85761261E-03
  -3.80134583E-03
  -3.73077393E-03
  -3.72505188E-03
  -3.72123718E-03
  -3.70597839E-03
  -3.69262695E-03
  -3.53145599E-03
  -3.40461731E-03
  -3.37314606E-03
  -3.32641602E-03
  -3.32546234E-03
  -3.30257416E-03
  -3.29399109E-03
  -3.15570831E-03
  -3.12423706E-03
  -3.11756134E-03
  -3.07083130E-03
  -3.06129456E-03
  -3.04889679E-03
  -3.02696228E-03
  -3.01265717E-03
  -3.00502777E-03
  -2.95066833E-03
  -2.92778015E-03
  -2.89440155E-03
  -2.87723541E-03
  -2.87532806E-03
  -2.80094147E-03
  -2.79426575E-03
  -2.78663635E-03
  -2.78186798E-03
  -2.77900696E-03
  -2.75039673E-03
  -2.70938873E-03
  -2.64167786E-03
  -2.62165070E-03
  -2.59113312E-03
  -2.58064270E-03
  -2.54917145E-03
  -2.52914429E-03
  -2.51770020E-03
  -2.46620178E-03
  -2.44903564E-03
  -2.40421295E-03
  -2.37560272E-03
  -2.35271454E-03
  -2.30503082E-03
  -2.30026245E-03
  -2.28786469E-03
  -2.28786469E-03
  -2.28023529E-03
  -2.27260590E-03
  -2.25448608E-03
  -2.17247009E-03
  -2.05993652E-03
  -2.02941895E-03
  -2.02751160E-03
  -2.01797485E-03
  -2.00080872E-03
  -1.95217133E-03
  -1.88922882E-03
  -1.84249878E-03
  -1.80244446E-03
  -1.76143646E-03
  -1.75189972E-03
  -1.75189972E-03
  -1.74808502E-03
  -1.70421600E-03
  -1.67942047E-03
  -1.62601471E-03
  -1.56402588E-03
  -1.55353546E-03
  -1.40857697E-03
  -1.39904022E-03
  -1.37519836E-03
  -1.35517120E-03
  -1.34563446E-03
  -1.34372711E-03
  -1.32846832E-03
  -1.29699707E-03
  -1.20353699E-03
  -1.15966797E-03
  -1.15776062E-03
  -1.15776062E-03
  -1.10244751E-03
  -1.06430054E-03
  -1.03569031E-03
  -1.02901459E-03
  -1.02233887E-03
  -8.52584839E-04
  -8.15391541E-04
  -7.77244568E-04
  -7.65800476E-04
  -7.57217407E-04
  -7.53402710E-04
  -7.51495361E-04
  -6.15119934E-04
  -6.13212585E-04
  -6.07490540E-04
  -5.58853149E-04
  -5.52177429E-04
  -5.34057617E-04
  -5.08308411E-04
  -5.04493713E-04
  -5.00679016E-04
  -4.87327576E-04
  -4.42504883E-04
  -4.12940979E-04
  -3.78608704E-04
  -3.19480896E-04
  -2.30789185E-04
  -1.82151794E-04
  -1.31607056E-04
  -1.25885010E-04
  -6.00814819E-05
  -1.71661377E-05
  -6.67572021E-06
   2.19345093E-05
   3.24249268E-05
   7.15255737E-05
   1.13487244E-04
   1.21116638E-04
   1.65939331E-04
   1.78337097E-04
   2.33650208E-04
   2.47001648E-04
   2.65121460E-04
   2.81333923E-04
   4.32968140E-04
   4.45365906E-04
   4.68254089E-04
   4.68254089E-04
   5.39779663E-04
   5.94139099E-04
   6.41822815E-04
   6.41822815E-04
   6.71386719E-04
   7.45773315E-04
   7.77244568E-04
   8.86917114E-04
   9.19342041E-04
   9.31739807E-04
   1.00517273E-03
   1.04522705E-03
   1.04618073E-03
   1.05857849E-03
   1.07097626E-03
   1.11675262E-03
   1.11675262E-03
   1.11865997E-03
   1.11961365E-03
   1.14154816E-03
   1.20544434E-03
   1.24168396E-03
   1.31511688E-03
   1.35707855E-03
   1.39331818E-03
   1.39617920E-03
   1.40190125E-03
   1.44958496E-03
   1.47342682E-03
   1.49250031E-03
   1.51443481E-03
   1.52492523E-03
   1.58309937E-03
   1.63745880E-03
   1.67942047E-03
   1.70612335E-03
   1.75666809E-03
   1.80625916E-03
   1.80625916E-03
   1.86443329E-03
   1.88064575E-03
   1.90830231E-03
   1.91020966E-03
   1.96361542E-03
   1.96361542E-03
   1.98841095E-03
   1.99222565E-03
   2.09617615E-03
   2.11811066E-03
   2.14385986E-03
   2.19726562E-03
   2.21157074E-03
   2.23922729E-03
   2.27165222E-03
   2.27165222E-03
   2.27355957E-03
   2.31838226E-03
   2.33173370E-03
   2.33554840E-03
   2.36415863E-03
   2.36511230E-03
   2.49004364E-03
   2.53582001E-03
   2.59113312E-03
   2.61783600E-03
   2.62260437E-03
   2.64072418E-03
   2.71797180E-03
   2.73227692E-03
   2.77423859E-03
   2.82764435E-03
   2.84957886E-03
   2.87914276E-03
   2.87914276E-03
   2.90584564E-03
   2.94589996E-03
   3.01647186E-03
   3.22914124E-03
   3.25870514E-03
   3.27205658E-03
   3.35407257E-03
   3.45897675E-03
   3.49998474E-03
   3.68595123E-03
   3.74507904E-03
   3.77082825E-03
   3.78513336E-03
   3.80229950E-03
   3.85093689E-03
   3.86142731E-03
   3.95965576E-03
   3.96156311E-03
   3.98731232E-03
   3.98826599E-03
   4.06360626E-03
   4.09317017E-03
   4.11605835E-03
   4.16469574E-03
   4.23717499E-03
   4.29534912E-03
   4.32395935E-03
   4.40502167E-03
   4.48894501E-03
   4.54902649E-03
   4.76074219E-03
   4.79412079E-03
   4.81033325E-03
   4.94289398E-03
   4.96768951E-03
   5.05256653E-03
   5.06114960E-03
   5.06114960E-03
   5.09071350E-03
   5.17749786E-03
   5.18608093E-03
   5.26618958E-03
   5.44166565E-03
   5.52463531E-03
   5.53512573E-03
   5.73921204E-03
   5.82122803E-03
   5.92899323E-03
   5.95569611E-03
   6.02149963E-03
   6.08921051E-03
   6.20460510E-03
   6.22653961E-03
   6.37245178E-03
   6.42204285E-03
   6.77776337E-03
   6.95991516E-03
   6.97994232E-03
   7.15732574E-03
   7.16114044E-03
   7.26032257E-03
   7.42149353E-03
   7.45391846E-03
   7.46059418E-03
   7.46059418E-03
   7.73334503E-03
   7.74765015E-03
   7.75718689E-03
   7.82108307E-03
   7.82585144E-03
   7.95650482E-03
   7.99274445E-03
   7.99274445E-03
   7.99274445E-03
   8.07476044E-03
   8.09001923E-03
   8.13293457E-03
   8.14151764E-03
   8.26072693E-03
   8.45623016E-03
   8.48293304E-03
   8.64315033E-03
   8.70037079E-03
   8.80432129E-03
   9.40322876E-03
   9.83810425E-03
   9.85813141E-03
   1.02825165E-02
   1.04570389E-02
   1.07278824E-02
   1.17092133E-02
   1.18045807E-02
   1.22795105E-02
   1.23291016E-02
   1.23558044E-02
   1.25942230E-02
   1.26228333E-02
   1.26914978E-02
   1.32246017E-02
   1.35059357E-02
   1.45111084E-02
   1.48773193E-02
   1.49230957E-02
   1.51519775E-02
   1.55773163E-02
   1.66168213E-02
   1.68447495E-02
   1.75237656E-02
   1.79815292E-02
   1.89456940E-02
   1.89666748E-02
   1.90181732E-02
   1.96819305E-02
   2.01768875E-02
   2.14662552E-02
   2.22654343E-02
   2.29253769E-02
   2.37665176E-02
   2.40640640E-02
   2.41518021E-02
   2.47001648E-02
   2.52637863E-02
   2.70118713E-02
   2.93092728E-02
   3.13796997E-02
   3.32984924E-02
   3.49941254E-02
