#Npts     Radius    Mag      Completeness
#   48 1898.1661  -13.801636 1.000000
# Ierr
  -6.81686401E-03
  -5.78594208E-03
  -5.18798828E-03
  -3.82900238E-03
  -3.78799438E-03
  -3.70788574E-03
  -2.88963318E-03
  -2.48050690E-03
  -2.36797333E-03
  -2.33745575E-03
  -2.03800201E-03
  -1.68704987E-03
  -1.47056580E-03
  -1.46961212E-03
  -8.49723816E-04
  -5.72204590E-04
  -2.89916992E-04
  -2.62260437E-04
   1.86920166E-04
   2.69889832E-04
   5.35011292E-04
   6.00814819E-04
   6.87599182E-04
   7.11441040E-04
   7.29560852E-04
   9.74655151E-04
   9.92774963E-04
   1.01470947E-03
   2.01416016E-03
   2.04658508E-03
   2.19535828E-03
   2.26879120E-03
   2.56633759E-03
   2.97451019E-03
   2.97927856E-03
   3.28636169E-03
   3.76224518E-03
   3.84521484E-03
   3.89671326E-03
   4.14085388E-03
   4.28104401E-03
   4.48513031E-03
   4.64725494E-03
   4.69398499E-03
   4.92382050E-03
   6.54315948E-03
   6.54411316E-03
   8.46195221E-03
