#Npts     Radius    Mag      Completeness
#   24 2965.8843  -15.509000 1.000000
# Ierr
  -3.27949524E-02
  -3.21741104E-02
  -2.85205841E-02
  -2.27746964E-02
  -1.89046860E-02
  -1.24063492E-02
  -1.01604462E-02
  -9.56439972E-03
  -8.43334198E-03
  -7.48825073E-03
  -6.45923615E-03
  -5.10120392E-03
  -3.79753113E-03
  -3.78131866E-03
  -2.30026245E-03
  -1.89876556E-03
  -1.82723999E-03
   2.11811066E-03
   3.19480896E-03
   3.28063965E-03
   3.39508057E-03
   3.91006470E-03
   1.23052597E-02
   3.74784470E-02
