#Npts     Radius    Mag      Completeness
#   72 1482.9423  -13.557727 1.000000
# Ierr
  -8.92066956E-03
  -7.10010529E-03
  -6.52122498E-03
  -6.26850128E-03
  -5.62191010E-03
  -5.46264648E-03
  -5.42449951E-03
  -4.97627258E-03
  -4.84752655E-03
  -4.74929810E-03
  -4.68444824E-03
  -4.49657440E-03
  -3.68976593E-03
  -3.65352631E-03
  -2.81047821E-03
  -2.55012512E-03
  -2.50053406E-03
  -2.28786469E-03
  -2.21920013E-03
  -2.15339661E-03
  -2.13623047E-03
  -2.13050842E-03
  -2.08473206E-03
  -1.37233734E-03
  -1.12819672E-03
  -1.06430054E-03
  -9.70840454E-04
  -8.56399536E-04
  -8.47816467E-04
  -7.22885132E-04
  -1.57356262E-04
  -1.28746033E-04
   1.36375427E-04
   1.92642212E-04
   4.24385071E-04
   5.68389893E-04
   9.24110413E-04
   1.24549866E-03
   1.37329102E-03
   1.61933899E-03
   1.64127350E-03
   1.86824799E-03
   1.92260742E-03
   2.48813629E-03
   2.68077850E-03
   2.77042389E-03
   3.21674347E-03
   3.41606140E-03
   3.42750549E-03
   3.61442566E-03
   3.76701355E-03
   3.84044647E-03
   3.86619568E-03
   4.14657593E-03
   4.44316864E-03
   4.54235077E-03
   4.79030609E-03
   5.29384613E-03
   5.39684296E-03
   5.87368011E-03
   5.92899323E-03
   6.02436066E-03
   6.06536865E-03
   6.25038147E-03
   6.27803802E-03
   8.16822052E-03
   8.59451294E-03
   8.62312317E-03
   9.39655304E-03
   9.70935822E-03
   1.05867386E-02
   1.91965103E-02
