#Npts     Radius    Mag      Completeness
#  195 2965.8843  -13.313818 1.000000
# Ierr
  -2.86302567E-02
  -2.21920013E-02
  -1.77869797E-02
  -1.55372620E-02
  -1.38711929E-02
  -1.17483139E-02
  -1.05962753E-02
  -9.08374786E-03
  -8.85391235E-03
  -8.44383240E-03
  -8.15773010E-03
  -8.00228119E-03
  -7.97080994E-03
  -7.90119171E-03
  -7.39669800E-03
  -7.06195831E-03
  -7.02381134E-03
  -6.43634796E-03
  -6.22367859E-03
  -6.19888306E-03
  -6.11305237E-03
  -5.93662262E-03
  -5.32817841E-03
  -5.29098511E-03
  -5.16510010E-03
  -5.10406494E-03
  -5.09071350E-03
  -4.95815277E-03
  -4.90665436E-03
  -4.89139557E-03
  -4.51755524E-03
  -4.49180603E-03
  -4.42600250E-03
  -3.65734100E-03
  -3.64303589E-03
  -3.63540649E-03
  -3.61156464E-03
  -3.46660614E-03
  -3.44181061E-03
  -3.43227386E-03
  -3.39603424E-03
  -3.12805176E-03
  -2.86769867E-03
  -2.84767151E-03
  -2.76660919E-03
  -2.56443024E-03
  -2.53295898E-03
  -2.47478485E-03
  -2.36892700E-03
  -2.20298767E-03
  -2.16674805E-03
  -2.09808350E-03
  -1.97601318E-03
  -1.70326233E-03
  -1.69277191E-03
  -1.66797638E-03
  -1.63745880E-03
  -1.59358978E-03
  -1.54685974E-03
  -1.53923035E-03
  -1.42478943E-03
  -1.38854980E-03
  -1.38759613E-03
  -1.28746033E-03
  -1.19972229E-03
  -1.15871429E-03
  -1.13773346E-03
  -1.06525421E-03
  -1.00040436E-03
  -9.67979431E-04
  -8.52584839E-04
  -8.14437866E-04
  -7.82012939E-04
  -5.03540039E-04
  -4.99725342E-04
  -4.99725342E-04
  -4.43458557E-04
  -4.35829163E-04
  -3.84330750E-04
  -1.96456909E-04
  -1.77383423E-04
  -1.52587891E-04
  -1.40190125E-04
  -3.62396240E-05
   7.62939453E-06
   6.10351562E-05
   1.09672546E-04
   1.25885010E-04
   1.30653381E-04
   1.60217285E-04
   1.82151794E-04
   1.93595886E-04
   3.58581543E-04
   3.96728516E-04
   5.28335571E-04
   5.52177429E-04
   6.54220581E-04
   7.56263733E-04
   8.24928284E-04
   8.60214233E-04
   9.46998596E-04
   1.05857849E-03
   1.20735168E-03
   1.25312805E-03
   1.25503540E-03
   1.42383575E-03
   1.46484375E-03
   1.48773193E-03
   1.55448914E-03
   1.55735016E-03
   1.59168243E-03
   1.62220001E-03
   1.64222717E-03
   1.75476074E-03
   1.75857544E-03
   1.78241730E-03
   1.80435181E-03
   2.18772888E-03
   2.20298767E-03
   2.40230560E-03
   2.45571136E-03
   2.60257721E-03
   2.63881683E-03
   2.63977051E-03
   2.67696381E-03
   2.71320343E-03
   2.78759003E-03
   2.80189514E-03
   2.82287598E-03
   2.92587280E-03
   2.92682648E-03
   2.98786163E-03
   3.08704376E-03
   3.13758850E-03
   3.31878662E-03
   3.46374512E-03
   3.47423553E-03
   3.54671478E-03
   3.76033783E-03
   3.81183624E-03
   3.98445129E-03
   4.28676605E-03
   4.32300568E-03
   4.45461273E-03
   4.48513031E-03
   4.49752808E-03
   4.50325012E-03
   4.51469421E-03
   4.51660156E-03
   4.52232361E-03
   4.61006165E-03
   4.73308563E-03
   4.78363037E-03
   4.83989716E-03
   4.89616394E-03
   4.92000580E-03
   4.99725342E-03
   5.05352020E-03
   5.18417358E-03
   5.22041321E-03
   5.34439087E-03
   5.64765930E-03
   5.64956665E-03
   5.66959381E-03
   5.86509705E-03
   5.98049164E-03
   5.98144531E-03
   6.07013702E-03
   6.11782074E-03
   6.27708435E-03
   6.29520416E-03
   6.35051727E-03
   6.41727448E-03
   6.44111633E-03
   6.59275055E-03
   6.85214996E-03
   7.11059570E-03
   7.33280182E-03
   7.57598877E-03
   7.72571564E-03
   8.03661346E-03
   8.47339630E-03
   8.48579407E-03
   8.50677490E-03
   8.74614716E-03
   8.92162323E-03
   9.09614563E-03
   9.39178467E-03
   9.44042206E-03
   9.94110107E-03
   1.02691650E-02
   1.09405518E-02
   1.12800598E-02
   1.16567612E-02
   1.20010376E-02
