#Npts     Radius    Mag      Completeness
#  131 1275.3303  -12.825999 1.000000
# Ierr
  -2.92091370E-02
  -2.24647522E-02
  -1.60808563E-02
  -1.37653351E-02
  -1.28717422E-02
  -1.11865997E-02
  -9.87625122E-03
  -9.72843170E-03
  -9.72557068E-03
  -8.24451447E-03
  -7.69805908E-03
  -7.39383698E-03
  -7.29751587E-03
  -6.98375702E-03
  -6.35719299E-03
  -6.16264343E-03
  -5.18894196E-03
  -5.18894196E-03
  -5.08785248E-03
  -5.00011444E-03
  -4.96864319E-03
  -4.64820862E-03
  -4.56619263E-03
  -4.42409515E-03
  -4.40406799E-03
  -4.21619415E-03
  -4.12845612E-03
  -4.05693054E-03
  -3.95202637E-03
  -3.89385223E-03
  -3.81469727E-03
  -3.79753113E-03
  -3.55529785E-03
  -3.47423553E-03
  -3.34835052E-03
  -3.26442719E-03
  -3.21865082E-03
  -3.17668915E-03
  -3.16143036E-03
  -3.06129456E-03
  -2.89726257E-03
  -2.89440155E-03
  -2.85148621E-03
  -2.79998779E-03
  -2.70652771E-03
  -2.59971619E-03
  -2.33173370E-03
  -2.17628479E-03
  -2.13813782E-03
  -2.09903717E-03
  -1.64604187E-03
  -1.50203705E-03
  -1.48582458E-03
  -1.46961212E-03
  -1.42192841E-03
  -1.21498108E-03
  -1.12056732E-03
  -1.11389160E-03
  -1.10816956E-03
  -9.97543335E-04
  -8.84056091E-04
  -6.95228577E-04
  -6.42776489E-04
  -5.04493713E-04
  -5.02586365E-04
  -3.94821167E-04
  -3.88145447E-04
  -3.37600708E-04
  -3.13758850E-04
   4.76837158E-06
   1.03950500E-04
   1.56402588E-04
   2.24113464E-04
   2.24113464E-04
   2.98500061E-04
   3.30924988E-04
   3.51905823E-04
   4.34875488E-04
   6.66618347E-04
   6.68525696E-04
   8.22067261E-04
   8.74519348E-04
   1.05571747E-03
   1.37710571E-03
   1.38473511E-03
   1.52015686E-03
   1.67942047E-03
   1.69944763E-03
   1.93595886E-03
   1.98173523E-03
   2.00271606E-03
   2.20489502E-03
   2.22682953E-03
   2.25925446E-03
   2.37846375E-03
   2.40230560E-03
   2.43186951E-03
   2.59113312E-03
   2.75325775E-03
   2.93254852E-03
   2.94494629E-03
   2.97546387E-03
   3.19766998E-03
   3.50856781E-03
   3.54003906E-03
   3.75366211E-03
   3.91769409E-03
   3.92818451E-03
   4.14276123E-03
   4.32395935E-03
   4.44126129E-03
   4.47750092E-03
   4.69398499E-03
   5.08975983E-03
   5.16414642E-03
   5.40924072E-03
   5.42354584E-03
   5.52272797E-03
   5.72681427E-03
   5.96332550E-03
   6.01482391E-03
   6.41155243E-03
   6.46114349E-03
   6.46209717E-03
   6.57939911E-03
   6.60705566E-03
   6.68334961E-03
   8.06617737E-03
   8.12530518E-03
   1.54342651E-02
   1.74627304E-02
