#Npts     Radius    Mag      Completeness
#   85 1690.5542  -13.313818 1.000000
# Ierr
  -3.57799530E-02
  -3.38773727E-02
  -2.31304169E-02
  -9.55295563E-03
  -8.64315033E-03
  -8.38088989E-03
  -7.47966766E-03
  -6.85405731E-03
  -6.73580170E-03
  -6.46591187E-03
  -6.46495819E-03
  -6.28662109E-03
  -5.60283661E-03
  -5.52749634E-03
  -4.62913513E-03
  -4.08267975E-03
  -3.84044647E-03
  -3.79657745E-03
  -3.64494324E-03
  -3.63063812E-03
  -3.16810608E-03
  -2.86865234E-03
  -2.43186951E-03
  -2.33554840E-03
  -1.80053711E-03
  -1.36280060E-03
  -1.16634369E-03
  -9.66072083E-04
  -9.21249390E-04
  -6.40869141E-04
  -5.55038452E-04
  -5.01632690E-04
  -3.19480896E-04
  -3.08036804E-04
  -1.77383423E-04
   1.25885010E-04
   1.44958496E-04
   4.48226929E-04
   6.76155090E-04
   7.94410706E-04
   9.22203064E-04
   1.02329254E-03
   1.26934052E-03
   1.44004822E-03
   1.57070160E-03
   1.65081024E-03
   1.84249878E-03
   1.86347961E-03
   1.91688538E-03
   1.92737579E-03
   1.93881989E-03
   2.02369690E-03
   2.06470490E-03
   2.26688385E-03
   2.60925293E-03
   2.75230408E-03
   2.75707245E-03
   3.07846069E-03
   3.62491608E-03
   3.70216370E-03
   3.99780273E-03
   4.30107117E-03
   4.32777405E-03
   4.38785553E-03
   4.57954407E-03
   4.65869904E-03
   4.95815277E-03
   5.13935089E-03
   5.44452667E-03
   5.48076630E-03
   5.74874878E-03
   6.03580475E-03
   6.05773926E-03
   6.08634949E-03
   6.09207153E-03
   7.10391998E-03
   7.81917572E-03
   7.88116455E-03
   8.18061829E-03
   8.62407684E-03
   1.00355148E-02
   1.01203918E-02
   1.03683472E-02
   1.05686188E-02
   1.31607056E-02
