#Npts     Radius    Mag      Completeness
#  108 1690.5542  -12.825999 1.000000
# Ierr
  -3.94153595E-02
  -1.81818008E-02
  -1.64031982E-02
  -1.04475021E-02
  -9.32788849E-03
  -8.37516785E-03
  -8.30841064E-03
  -7.63511658E-03
  -7.23552704E-03
  -7.19261169E-03
  -6.58702850E-03
  -6.50882721E-03
  -5.79071045E-03
  -5.53321838E-03
  -5.36155701E-03
  -5.00774384E-03
  -4.95052338E-03
  -4.52518463E-03
  -4.14848328E-03
  -4.10270691E-03
  -4.08840179E-03
  -4.08649445E-03
  -3.75556946E-03
  -3.62110138E-03
  -3.60107422E-03
  -3.42178345E-03
  -3.29685211E-03
  -3.25870514E-03
  -3.09848785E-03
  -2.59780884E-03
  -2.57778168E-03
  -2.55966187E-03
  -2.37941742E-03
  -2.26593018E-03
  -1.88732147E-03
  -1.81198120E-03
  -1.60789490E-03
  -1.50966644E-03
  -1.44386292E-03
  -1.11770630E-03
  -1.10626221E-03
  -9.40322876E-04
  -8.31604004E-04
  -7.10487366E-04
  -4.37736511E-04
  -4.24385071E-04
  -3.93867493E-04
  -3.87191772E-04
  -3.11851501E-04
  -1.21116638E-04
  -7.05718994E-05
  -5.14984131E-05
  -3.24249268E-05
   1.13487244E-04
   2.19345093E-04
   3.07083130E-04
   6.40869141E-04
   6.76155090E-04
   7.16209412E-04
   7.41004944E-04
   9.87052917E-04
   1.33228302E-03
   1.82437897E-03
   1.84440613E-03
   1.93500519E-03
   2.09140778E-03
   2.10285187E-03
   2.14481354E-03
   2.14576721E-03
   2.35557556E-03
   2.37846375E-03
   2.51483917E-03
   2.56061554E-03
   2.59590149E-03
   2.64263153E-03
   2.81524658E-03
   2.85053253E-03
   2.92205811E-03
   3.08609009E-03
   3.25393677E-03
   3.56006622E-03
   3.76510620E-03
   3.89480591E-03
   4.20284271E-03
   4.40692902E-03
   4.67014313E-03
   5.35488129E-03
   5.44357300E-03
   5.45501709E-03
   5.49316406E-03
   5.71060181E-03
   5.76114655E-03
   5.88512421E-03
   6.20841980E-03
   6.22367859E-03
   6.24465942E-03
   6.88743591E-03
   6.90174103E-03
   7.05242157E-03
   7.17163086E-03
   7.44438171E-03
   7.92598724E-03
   8.17680359E-03
   8.88824463E-03
   1.21784210E-02
   1.29098892E-02
   1.94787979E-02
   2.31246948E-02
