#Npts     Radius    Mag      Completeness
#   63 2965.8843  -14.289454 1.000000
# Ierr
  -9.72557068E-03
  -6.68907166E-03
  -4.48513031E-03
  -4.20475006E-03
  -4.01973724E-03
  -3.79276276E-03
  -3.60870361E-03
  -3.52287292E-03
  -3.21483612E-03
  -3.12042236E-03
  -3.01456451E-03
  -2.13718414E-03
  -2.12097168E-03
  -1.98268890E-03
  -1.80912018E-03
  -1.62124634E-03
  -1.43527985E-03
  -1.29890442E-03
  -1.02710724E-03
  -9.27925110E-04
   4.32014465E-04
   4.56809998E-04
   5.45501709E-04
   1.03092194E-03
   1.43623352E-03
   1.55067444E-03
   1.56879425E-03
   1.64604187E-03
   1.93595886E-03
   2.06756592E-03
   2.19154358E-03
   2.26116180E-03
   2.28214264E-03
   2.52437592E-03
   2.84862518E-03
   3.13472748E-03
   3.21865082E-03
   3.45325470E-03
   3.51810455E-03
   3.55339050E-03
   3.70693207E-03
   4.01115417E-03
   4.07218933E-03
   4.38022614E-03
   4.59957123E-03
   4.63771820E-03
   4.68444824E-03
   4.86850739E-03
   4.87136841E-03
   4.98199463E-03
   5.01728058E-03
   5.11837006E-03
   5.15842438E-03
   5.83362579E-03
   6.03485107E-03
   6.09493256E-03
   6.32762909E-03
   7.62557983E-03
   7.74765015E-03
   8.06236267E-03
   8.18920135E-03
   9.14669037E-03
   2.31599808E-02
