#Npts     Radius    Mag      Completeness
#  105  652.4946  -14.045545 1.000000
# Ierr
  -1.60017014E-02
  -1.55315399E-02
  -1.36203766E-02
  -1.08995438E-02
  -9.02843475E-03
  -8.90159607E-03
  -8.76331329E-03
  -8.44860077E-03
  -8.44764709E-03
  -8.04328918E-03
  -7.06291199E-03
  -7.04002380E-03
  -7.00187683E-03
  -6.55364990E-03
  -6.43444061E-03
  -6.24752045E-03
  -6.06250763E-03
  -6.01005554E-03
  -5.46360016E-03
  -5.42354584E-03
  -5.30910492E-03
  -4.77123260E-03
  -4.44984436E-03
  -4.39929962E-03
  -4.39071655E-03
  -4.20856476E-03
  -4.13703918E-03
  -4.12940979E-03
  -3.71265411E-03
  -3.51905823E-03
  -3.01933289E-03
  -2.91442871E-03
  -2.91061401E-03
  -2.89821625E-03
  -2.69222260E-03
  -2.38704681E-03
  -2.35462189E-03
  -1.97982788E-03
  -1.93691254E-03
  -1.92546844E-03
  -1.53541565E-03
  -1.39236450E-03
  -1.32751465E-03
  -1.20925903E-03
  -1.01089478E-03
  -9.31739807E-04
  -7.00950623E-04
  -4.16755676E-04
  -3.13758850E-04
  -2.67028809E-05
   9.44137573E-05
   1.00135803E-04
   1.39236450E-04
   4.09126282E-04
   5.13076782E-04
   5.39779663E-04
   6.85691833E-04
   8.06808472E-04
   9.59396362E-04
   1.01566315E-03
   1.16443634E-03
   1.24835968E-03
   1.31416321E-03
   1.48010254E-03
   1.48963928E-03
   1.52778625E-03
   1.56784058E-03
   2.05707550E-03
   2.10189819E-03
   2.15625763E-03
   2.43759155E-03
   2.46524811E-03
   2.47383118E-03
   2.48718262E-03
   2.49481201E-03
   2.58350372E-03
   3.07941437E-03
   3.46565247E-03
   3.66306305E-03
   4.05311584E-03
   4.07123566E-03
   4.08363342E-03
   4.09889221E-03
   4.11033630E-03
   4.43172455E-03
   4.54139709E-03
   4.54998016E-03
   4.62245941E-03
   4.96768951E-03
   5.23471832E-03
   5.48267365E-03
   6.00910187E-03
   6.15406036E-03
   6.26659393E-03
   6.60705566E-03
   7.10201263E-03
   7.34615326E-03
   8.17108154E-03
   8.37707520E-03
   8.40091705E-03
   8.50963593E-03
   8.50963593E-03
   9.47189331E-03
   9.96780396E-03
   1.02577209E-02
