#Npts     Radius    Mag      Completeness
#   24  860.1064  -14.533363 1.000000
# Ierr
  -1.72033310E-02
  -3.63731384E-03
  -2.64644623E-03
  -2.53868103E-03
  -2.24399567E-03
  -1.37710571E-03
  -8.32557678E-04
  -8.05854797E-04
  -7.07626343E-04
  -6.47544861E-04
   1.21116638E-04
   1.89781189E-04
   1.49154663E-03
   1.68704987E-03
   1.83486938E-03
   2.98595428E-03
   4.15325165E-03
   5.23948669E-03
   5.25283813E-03
   6.85214996E-03
   7.19261169E-03
   9.16290283E-03
   9.43851471E-03
   9.48810577E-03
