#Npts     Radius    Mag      Completeness
#   24 2105.7781  -14.289454 1.000000
# Ierr
  -3.79276276E-03
  -3.60870361E-03
  -3.21483612E-03
  -3.12042236E-03
  -3.01456451E-03
  -2.13718414E-03
  -1.43527985E-03
  -1.02710724E-03
  -9.27925110E-04
   5.45501709E-04
   1.64604187E-03
   2.06756592E-03
   2.26116180E-03
   3.13472748E-03
   3.21865082E-03
   3.55339050E-03
   3.70693207E-03
   4.01115417E-03
   4.86850739E-03
   4.98199463E-03
   5.01728058E-03
   5.83362579E-03
   6.03485107E-03
   8.18920135E-03
