#Npts     Radius    Mag      Completeness
#   86 2965.8843  -13.313818 1.000000
# Ierr
  -2.21920013E-02
  -1.77869797E-02
  -1.55372620E-02
  -1.38711929E-02
  -1.17483139E-02
  -1.05962753E-02
  -9.08374786E-03
  -7.97080994E-03
  -7.06195831E-03
  -5.93662262E-03
  -5.29098511E-03
  -5.16510010E-03
  -5.09071350E-03
  -4.90665436E-03
  -4.89139557E-03
  -4.49180603E-03
  -4.42600250E-03
  -3.44181061E-03
  -3.12805176E-03
  -2.86769867E-03
  -2.76660919E-03
  -2.53295898E-03
  -2.20298767E-03
  -2.09808350E-03
  -1.97601318E-03
  -1.70326233E-03
  -1.59358978E-03
  -1.00040436E-03
  -9.67979431E-04
  -5.03540039E-04
  -4.43458557E-04
  -4.35829163E-04
  -1.96456909E-04
  -1.77383423E-04
  -1.52587891E-04
   6.10351562E-05
   1.60217285E-04
   1.82151794E-04
   1.93595886E-04
   3.96728516E-04
   6.54220581E-04
   8.24928284E-04
   1.42383575E-03
   1.48773193E-03
   1.55448914E-03
   1.55735016E-03
   1.59168243E-03
   1.62220001E-03
   1.64222717E-03
   1.75476074E-03
   1.80435181E-03
   2.18772888E-03
   2.20298767E-03
   2.40230560E-03
   2.45571136E-03
   2.60257721E-03
   2.67696381E-03
   2.71320343E-03
   2.78759003E-03
   2.80189514E-03
   2.82287598E-03
   2.92587280E-03
   2.92682648E-03
   3.46374512E-03
   3.76033783E-03
   3.98445129E-03
   4.32300568E-03
   4.48513031E-03
   4.50325012E-03
   4.73308563E-03
   4.78363037E-03
   5.64956665E-03
   5.86509705E-03
   5.98049164E-03
   6.07013702E-03
   6.27708435E-03
   6.59275055E-03
   6.85214996E-03
   7.57598877E-03
   8.03661346E-03
   8.92162323E-03
   9.39178467E-03
   9.94110107E-03
   1.02691650E-02
   1.16567612E-02
   1.20010376E-02
