#Npts     Radius    Mag      Completeness
#  136 1067.7184  -13.069908 1.000000
# Ierr
  -2.79417038E-02
  -2.53381729E-02
  -1.58262253E-02
  -1.22880936E-02
  -9.71221924E-03
  -9.71221924E-03
  -8.72707367E-03
  -8.17394257E-03
  -8.13674927E-03
  -7.80677795E-03
  -6.65283203E-03
  -6.63948059E-03
  -6.62231445E-03
  -6.50882721E-03
  -6.49261475E-03
  -6.21700287E-03
  -6.19792938E-03
  -6.01387024E-03
  -5.89084625E-03
  -5.49697876E-03
  -4.97436523E-03
  -4.70638275E-03
  -4.56333160E-03
  -4.50897217E-03
  -4.44412231E-03
  -4.39357758E-03
  -4.39167023E-03
  -4.38976288E-03
  -4.01115417E-03
  -3.87382507E-03
  -3.80802155E-03
  -3.65161896E-03
  -3.61919403E-03
  -3.17382812E-03
  -3.15284729E-03
  -3.14712524E-03
  -2.82287598E-03
  -2.81810760E-03
  -2.52914429E-03
  -2.50720978E-03
  -2.44808197E-03
  -2.35843658E-03
  -2.23922729E-03
  -2.18963623E-03
  -2.16865540E-03
  -2.02369690E-03
  -1.95312500E-03
  -1.88159943E-03
  -1.87206268E-03
  -1.82247162E-03
  -1.81484222E-03
  -1.61170959E-03
  -1.54781342E-03
  -1.44195557E-03
  -1.31130219E-03
  -1.25312805E-03
  -1.23214722E-03
  -9.68933105E-04
  -9.51766968E-04
  -9.46998596E-04
  -8.35418701E-04
  -5.26428223E-04
  -4.82559204E-04
  -2.03132629E-04
  -7.91549683E-05
  -1.81198120E-05
   4.48226929E-05
   2.24113464E-04
   4.79698181E-04
   4.87327576E-04
   5.06401062E-04
   8.76426697E-04
   1.05476379E-03
   1.07002258E-03
   1.11579895E-03
   1.14345551E-03
   1.18350983E-03
   1.33132935E-03
   1.33705139E-03
   1.36280060E-03
   1.42002106E-03
   1.75094604E-03
   1.81484222E-03
   2.00748444E-03
   2.04563141E-03
   2.05707550E-03
   2.10475922E-03
   2.43186951E-03
   2.44331360E-03
   2.50339508E-03
   2.58159637E-03
   2.70271301E-03
   2.70652771E-03
   2.71224976E-03
   2.85339355E-03
   2.91633606E-03
   2.94971466E-03
   3.05843353E-03
   3.16143036E-03
   3.30829620E-03
   3.56006622E-03
   3.64398956E-03
   3.91006470E-03
   4.32014465E-03
   4.33158875E-03
   4.42600250E-03
   4.57954407E-03
   4.59289551E-03
   4.77600098E-03
   4.79125977E-03
   5.10692596E-03
   5.44738770E-03
   5.49411774E-03
   5.57804108E-03
   5.58948517E-03
   5.95474243E-03
   6.02531433E-03
   6.32381439E-03
   6.51741028E-03
   6.51931763E-03
   6.73770905E-03
   6.87885284E-03
   7.33757019E-03
   7.45677948E-03
   7.46059418E-03
   7.69138336E-03
   7.99846649E-03
   8.21781158E-03
   8.23116302E-03
   8.60595703E-03
   9.81426239E-03
   1.29280090E-02
   1.41496658E-02
   1.76210403E-02
   1.90963745E-02
   2.25496292E-02
