#Npts     Radius    Mag      Completeness
#   48 2965.8843  -13.801636 1.000000
# Ierr
  -2.21319199E-02
  -1.37634277E-02
  -1.21574402E-02
  -9.49764252E-03
  -8.21208954E-03
  -7.79438019E-03
  -7.23552704E-03
  -4.71782684E-03
  -4.41169739E-03
  -4.22477722E-03
  -3.62873077E-03
  -3.10039520E-03
  -2.81906128E-03
  -2.26974487E-03
  -2.16960907E-03
  -2.05039978E-03
  -9.14573669E-04
  -9.05036926E-04
  -8.30650330E-04
  -2.10762024E-04
   1.33514404E-04
   3.98635864E-04
   1.42383575E-03
   1.54685974E-03
   1.58691406E-03
   1.64890289E-03
   1.76143646E-03
   2.09999084E-03
   2.13241577E-03
   2.64930725E-03
   2.93064117E-03
   2.94876099E-03
   3.07273865E-03
   3.78513336E-03
   3.81088257E-03
   3.94439697E-03
   3.98921967E-03
   4.01210785E-03
   4.22763824E-03
   4.58526611E-03
   4.81033325E-03
   5.16986847E-03
   5.23090363E-03
   5.46455383E-03
   5.80978394E-03
   9.39083099E-03
   1.15575790E-02
   1.33666992E-02
