#Npts     Radius    Mag      Completeness
#   93  988.6281  -14.045545 1.000000
# Ierr
  -3.59096527E-02
  -2.28319168E-02
  -1.11522675E-02
  -1.09863281E-02
  -9.02557373E-03
  -7.85064697E-03
  -6.38675690E-03
  -5.20801544E-03
  -5.07640839E-03
  -4.25434113E-03
  -4.04071808E-03
  -4.01020050E-03
  -3.54003906E-03
  -3.34262848E-03
  -3.27205658E-03
  -3.05271149E-03
  -2.95829773E-03
  -2.92873383E-03
  -2.89916992E-03
  -2.57682800E-03
  -2.55393982E-03
  -2.43091583E-03
  -2.22778320E-03
  -2.06279755E-03
  -1.92260742E-03
  -1.57928467E-03
  -1.56688690E-03
  -1.47724152E-03
  -1.46961212E-03
  -1.40190125E-03
  -1.38473511E-03
  -1.19304657E-03
  -1.06430054E-03
  -9.24110413E-04
  -8.19206238E-04
  -5.97953796E-04
  -5.35011292E-04
  -4.84466553E-04
  -4.64439392E-04
  -3.43322754E-04
  -3.09944153E-04
  -2.00271606E-04
  -1.82151794E-04
  -6.48498535E-05
  -4.95910645E-05
   1.00135803E-04
   2.51770020E-04
   3.53813171E-04
   8.54492188E-04
   9.24110413E-04
   9.29832458E-04
   9.55581665E-04
   1.03092194E-03
   1.04141235E-03
   1.08337402E-03
   1.28555298E-03
   1.57356262E-03
   1.57737732E-03
   1.64699554E-03
   1.95693970E-03
   2.07519531E-03
   2.63500214E-03
   2.75325775E-03
   2.76088715E-03
   2.77233124E-03
   2.81429291E-03
   2.98023224E-03
   3.03649902E-03
   3.28540802E-03
   3.35407257E-03
   3.46565247E-03
   3.59439850E-03
   3.61442566E-03
   3.95298004E-03
   4.06551361E-03
   4.10461426E-03
   4.19902802E-03
   4.20379639E-03
   4.22763824E-03
   4.40597534E-03
   4.52518463E-03
   5.09929657E-03
   5.41210175E-03
   5.45597076E-03
   5.71155548E-03
   5.94234467E-03
   6.07776642E-03
   6.30950928E-03
   6.91413879E-03
   7.93743134E-03
   8.05854797E-03
   8.62503052E-03
   1.24731064E-02
