#Npts     Radius    Mag      Completeness
#  140  652.4946  -13.557727 1.000000
# Ierr
  -2.81963348E-02
  -1.71260834E-02
  -1.47752762E-02
  -1.02472305E-02
  -9.74082947E-03
  -9.66072083E-03
  -8.71944427E-03
  -8.32366943E-03
  -8.01181793E-03
  -7.94792175E-03
  -7.92884827E-03
  -7.61508942E-03
  -7.33280182E-03
  -7.27081299E-03
  -7.24887848E-03
  -7.08293915E-03
  -7.04860687E-03
  -6.66236877E-03
  -6.12068176E-03
  -6.10160828E-03
  -5.82599640E-03
  -5.70297241E-03
  -5.41210175E-03
  -5.28335571E-03
  -5.27667999E-03
  -5.16128540E-03
  -5.00965118E-03
  -4.80079651E-03
  -4.72736359E-03
  -4.66442108E-03
  -4.65106964E-03
  -4.62245941E-03
  -4.47368622E-03
  -4.22096252E-03
  -4.16278839E-03
  -4.02355194E-03
  -3.85761261E-03
  -3.70597839E-03
  -3.53145599E-03
  -3.37314606E-03
  -3.15570831E-03
  -3.04889679E-03
  -2.92778015E-03
  -2.89440155E-03
  -2.87532806E-03
  -2.80094147E-03
  -2.79426575E-03
  -2.77900696E-03
  -2.59113312E-03
  -2.54917145E-03
  -2.46620178E-03
  -2.35271454E-03
  -2.30503082E-03
  -2.28023529E-03
  -1.95217133E-03
  -1.84249878E-03
  -1.70421600E-03
  -1.37519836E-03
  -1.35517120E-03
  -1.32846832E-03
  -1.29699707E-03
  -1.15966797E-03
  -1.15776062E-03
  -8.15391541E-04
  -7.65800476E-04
  -7.53402710E-04
  -6.15119934E-04
  -6.13212585E-04
  -5.58853149E-04
  -5.08308411E-04
  -5.00679016E-04
  -4.87327576E-04
  -4.12940979E-04
  -3.78608704E-04
  -1.82151794E-04
   2.19345093E-05
   2.33650208E-04
   2.65121460E-04
   4.32968140E-04
   6.71386719E-04
   1.00517273E-03
   1.04522705E-03
   1.07097626E-03
   1.14154816E-03
   1.24168396E-03
   1.39331818E-03
   1.40190125E-03
   1.58309937E-03
   1.63745880E-03
   1.86443329E-03
   1.91020966E-03
   1.96361542E-03
   1.96361542E-03
   2.19726562E-03
   2.27165222E-03
   2.31838226E-03
   2.61783600E-03
   2.62260437E-03
   2.87914276E-03
   3.01647186E-03
   3.27205658E-03
   3.49998474E-03
   3.86142731E-03
   3.96156311E-03
   4.06360626E-03
   4.16469574E-03
   4.23717499E-03
   4.32395935E-03
   4.79412079E-03
   4.81033325E-03
   4.94289398E-03
   4.96768951E-03
   5.06114960E-03
   5.18608093E-03
   5.53512573E-03
   5.95569611E-03
   6.22653961E-03
   6.37245178E-03
   6.77776337E-03
   6.95991516E-03
   6.97994232E-03
   7.42149353E-03
   7.45391846E-03
   7.73334503E-03
   7.75718689E-03
   7.99274445E-03
   8.09001923E-03
   8.14151764E-03
   8.70037079E-03
   8.80432129E-03
   9.40322876E-03
   1.23558044E-02
   1.32246017E-02
   1.55773163E-02
   1.89666748E-02
   1.96819305E-02
   2.40640640E-02
   2.41518021E-02
   2.52637863E-02
   3.49941254E-02
