#Npts     Radius    Mag      Completeness
#  184 2965.2517  -13.569727 1.000000
# Verr
  -2.38857269E-02
  -1.83773041E-02
  -1.35650635E-02
  -1.23596191E-02
  -1.13935471E-02
  -1.07374191E-02
  -1.02462769E-02
  -1.01890564E-02
  -9.78660583E-03
  -9.69123840E-03
  -9.64164734E-03
  -9.54246521E-03
  -9.15718079E-03
  -8.64601135E-03
  -8.44287872E-03
  -8.32748413E-03
  -8.09192657E-03
  -7.98511505E-03
  -7.56454468E-03
  -7.56359100E-03
  -7.10964203E-03
  -7.10201263E-03
  -7.04860687E-03
  -6.99138641E-03
  -6.87217712E-03
  -6.68334961E-03
  -6.52885437E-03
  -6.46209717E-03
  -5.63812256E-03
  -5.61237335E-03
  -5.59902191E-03
  -5.33676147E-03
  -5.19752502E-03
  -5.16891479E-03
  -4.94194031E-03
  -4.91333008E-03
  -4.72259521E-03
  -4.72164154E-03
  -4.67872620E-03
  -4.64153290E-03
  -4.52327728E-03
  -4.45556641E-03
  -4.44698334E-03
  -4.30297852E-03
  -4.02545929E-03
  -3.99684906E-03
  -3.85761261E-03
  -3.84426117E-03
  -3.72695923E-03
  -3.56769562E-03
  -3.50379944E-03
  -3.49807739E-03
  -3.30829620E-03
  -3.15380096E-03
  -3.06606293E-03
  -2.83718109E-03
  -2.66265869E-03
  -2.65693665E-03
  -2.57873535E-03
  -2.57587433E-03
  -2.52342224E-03
  -2.35080719E-03
  -2.33650208E-03
  -2.29358673E-03
  -2.21633911E-03
  -2.18868256E-03
  -2.10952759E-03
  -2.10189819E-03
  -2.08377838E-03
  -2.04181671E-03
  -1.86634064E-03
  -1.84917450E-03
  -1.81484222E-03
  -1.76239014E-03
  -1.58119202E-03
  -1.52683258E-03
  -1.51634216E-03
  -1.45053864E-03
  -1.35898590E-03
  -1.35898590E-03
  -1.27792358E-03
  -1.27506256E-03
  -1.27506256E-03
  -1.27315521E-03
  -1.21974945E-03
  -1.12342834E-03
  -9.45091248E-04
  -8.55445862E-04
  -6.96182251E-04
  -6.70433044E-04
  -6.65664673E-04
  -5.14984131E-04
  -4.69207764E-04
  -3.86238098E-04
  -3.35693359E-04
  -2.15530396E-04
  -1.67846680E-04
  -1.52587891E-04
  -4.95910645E-05
   1.45912170E-04
   1.55448914E-04
   1.62124634E-04
   1.90734863E-04
   2.22206116E-04
   3.34739685E-04
   3.66210938E-04
   5.42640686E-04
   5.53131104E-04
   6.59942627E-04
   7.58171082E-04
   8.12530518E-04
   1.01470947E-03
   1.09767914E-03
   1.10435486E-03
   1.44767761E-03
   1.55353546E-03
   1.75380707E-03
   1.80912018E-03
   2.00748444E-03
   2.02465057E-03
   2.03323364E-03
   2.04277039E-03
   2.09617615E-03
   2.13241577E-03
   2.15435028E-03
   2.15435028E-03
   2.19058990E-03
   2.32982635E-03
   2.35652924E-03
   2.42519379E-03
   2.49481201E-03
   2.65598297E-03
   2.67124176E-03
   2.83622742E-03
   2.97832489E-03
   3.08513641E-03
   3.15093994E-03
   3.27396393E-03
   3.33213806E-03
   3.44085693E-03
   3.49426270E-03
   3.55243683E-03
   3.58772278E-03
   3.59630585E-03
   3.70693207E-03
   3.78990173E-03
   3.82995605E-03
   4.04453278E-03
   4.15134430E-03
   4.43649292E-03
   4.60243225E-03
   4.62722778E-03
   4.78076935E-03
   4.79888916E-03
   4.82463837E-03
   5.01155853E-03
   5.06305695E-03
   5.08117676E-03
   5.20133972E-03
   5.22613525E-03
   5.33390045E-03
   5.33485413E-03
   5.76305389E-03
   5.79071045E-03
   5.85842133E-03
   5.90991974E-03
   6.02722168E-03
   6.20937347E-03
   6.21795654E-03
   6.51741028E-03
   6.63661957E-03
   7.18212128E-03
   7.19642639E-03
   7.20882416E-03
   7.30037689E-03
   7.35282898E-03
   8.50009918E-03
   8.52584839E-03
   9.64069366E-03
   1.08804703E-02
   1.22575760E-02
   1.32875443E-02
   1.37119293E-02
   3.41100693E-02
