#Npts     Radius    Mag      Completeness
#   28 1275.0583  -15.058818 1.000000
# Verr
  -9.17911530E-03
  -7.87639618E-03
  -5.16033173E-03
  -4.88281250E-03
  -4.49371338E-03
  -4.02641296E-03
  -3.98349762E-03
  -3.58486176E-03
  -3.03554535E-03
  -2.87532806E-03
  -1.58023834E-03
  -1.50108337E-03
  -1.36089325E-03
  -1.33991241E-03
  -6.65664673E-04
  -3.42369080E-04
  -1.53541565E-04
   1.98364258E-04
   7.49588013E-04
   1.80149078E-03
   2.27928162E-03
   2.30979919E-03
   2.48527527E-03
   2.82955170E-03
   4.94861603E-03
   5.69820404E-03
   5.76400757E-03
   1.06639862E-02
