#Npts     Radius    Mag      Completeness
#   28 1482.6260  -14.846090 1.000000
# Verr
  -7.48825073E-03
  -7.37762451E-03
  -6.52694702E-03
  -5.91564178E-03
  -5.29479980E-03
  -5.18417358E-03
  -4.95243073E-03
  -3.16524506E-03
  -2.53486633E-03
  -1.88446045E-03
  -5.09262085E-04
  -5.09262085E-04
  -2.41279602E-04
  -2.15530396E-04
  -9.91821289E-05
   6.14166260E-04
   1.85203552E-03
   1.88636780E-03
   1.88636780E-03
   2.33364105E-03
   2.73990631E-03
   3.56388092E-03
   3.65352631E-03
   4.20951843E-03
   4.28199768E-03
   4.87899780E-03
   5.43403625E-03
   7.68375397E-03
