#Npts     Radius    Mag      Completeness
#   78 2105.3289  -13.356999 1.000000
# Verr
  -8.93783569E-03
  -8.29124451E-03
  -6.61087036E-03
  -6.23321533E-03
  -6.17218018E-03
  -6.10065460E-03
  -5.87177277E-03
  -5.86986542E-03
  -5.82027435E-03
  -5.71441650E-03
  -5.63621521E-03
  -5.52368164E-03
  -5.29479980E-03
  -4.92858887E-03
  -4.65011597E-03
  -4.52327728E-03
  -4.32777405E-03
  -4.28009033E-03
  -4.12654877E-03
  -4.04548645E-03
  -3.93199921E-03
  -3.92341614E-03
  -3.79276276E-03
  -3.71742249E-03
  -3.69834900E-03
  -3.40747833E-03
  -3.20816040E-03
  -3.09848785E-03
  -3.08513641E-03
  -2.58445740E-03
  -2.50625610E-03
  -2.48432159E-03
  -2.43949890E-03
  -2.38132477E-03
  -2.28786469E-03
  -2.02941895E-03
  -1.96838379E-03
  -1.64985657E-03
  -1.64985657E-03
  -1.57928467E-03
  -1.51729584E-03
  -1.29318237E-03
  -1.12533569E-03
  -1.04427338E-03
  -8.47816467E-04
  -5.79833984E-04
  -5.29289246E-04
  -2.01225281E-04
   1.65939331E-04
   2.18391418E-04
   2.46047974E-04
   3.48091125E-04
   8.12530518E-04
   1.01089478E-03
   1.35421753E-03
   1.81484222E-03
   2.13432312E-03
   2.24494934E-03
   2.38704681E-03
   2.53963470E-03
   2.58350372E-03
   2.63500214E-03
   3.19766998E-03
   3.73649597E-03
   3.90148163E-03
   4.47940826E-03
   4.81987000E-03
   5.01155853E-03
   5.14125824E-03
   5.21564484E-03
   5.82790375E-03
   6.60800934E-03
   6.65950775E-03
   7.14588165E-03
   7.25269318E-03
   7.70759583E-03
   7.88402557E-03
   2.65550613E-02
