#Npts     Radius    Mag      Completeness
#  397  741.3129  -14.207909 1.000000
# Verr
  -3.30743790E-02
  -3.17182541E-02
  -2.98900604E-02
  -2.79178619E-02
  -2.58378983E-02
  -2.31008530E-02
  -2.29225159E-02
  -2.19287872E-02
  -2.12097168E-02
  -2.04544067E-02
  -1.86748505E-02
  -1.80673599E-02
  -1.80454254E-02
  -1.79071426E-02
  -1.70612335E-02
  -1.66921616E-02
  -1.59835815E-02
  -1.57051086E-02
  -1.47809982E-02
  -1.44329071E-02
  -1.42164230E-02
  -1.41162872E-02
  -1.37147903E-02
  -1.27649307E-02
  -1.25970840E-02
  -1.20420456E-02
  -1.17692947E-02
  -1.17435455E-02
  -1.16958618E-02
  -1.12447739E-02
  -1.11999512E-02
  -9.96112823E-03
  -9.79328156E-03
  -9.54914093E-03
  -9.35268402E-03
  -9.33265686E-03
  -9.29737091E-03
  -9.11426544E-03
  -8.88729095E-03
  -8.38661194E-03
  -8.20159912E-03
  -8.08048248E-03
  -8.05473328E-03
  -7.86876678E-03
  -7.74669647E-03
  -7.72476196E-03
  -7.67707825E-03
  -7.55310059E-03
  -7.55310059E-03
  -7.55310059E-03
  -7.42053986E-03
  -7.39002228E-03
  -7.36618042E-03
  -7.10773468E-03
  -7.10773468E-03
  -7.07244873E-03
  -6.91604614E-03
  -6.82067871E-03
  -6.81304932E-03
  -6.79206848E-03
  -6.79111481E-03
  -6.62994385E-03
  -6.42204285E-03
  -6.31427765E-03
  -6.31332397E-03
  -6.11782074E-03
  -5.86509705E-03
  -5.75542450E-03
  -5.71346283E-03
  -5.65147400E-03
  -5.62572479E-03
  -5.50270081E-03
  -5.48839569E-03
  -5.46646118E-03
  -5.27191162E-03
  -5.22232056E-03
  -5.16319275E-03
  -4.90188599E-03
  -4.89330292E-03
  -4.85801697E-03
  -4.81128693E-03
  -4.79412079E-03
  -4.78363037E-03
  -4.78363037E-03
  -4.69589233E-03
  -4.69017029E-03
  -4.64153290E-03
  -4.55474854E-03
  -4.53090668E-03
  -4.29439545E-03
  -4.08649445E-03
  -4.05883789E-03
  -4.05502319E-03
  -3.96633148E-03
  -3.94630432E-03
  -3.92055511E-03
  -3.88336182E-03
  -3.88145447E-03
  -3.84044647E-03
  -3.83758545E-03
  -3.79753113E-03
  -3.78417969E-03
  -3.75843048E-03
  -3.65447998E-03
  -3.62014771E-03
  -3.55339050E-03
  -3.51142883E-03
  -3.30734253E-03
  -3.28254700E-03
  -3.18336487E-03
  -3.14235687E-03
  -3.09181213E-03
  -3.06320190E-03
  -2.92587280E-03
  -2.90393829E-03
  -2.79426575E-03
  -2.75707245E-03
  -2.73227692E-03
  -2.73227692E-03
  -2.68363953E-03
  -2.63214111E-03
  -2.59971619E-03
  -2.59208679E-03
  -2.51579285E-03
  -2.49290466E-03
  -2.49099731E-03
  -2.48813629E-03
  -2.46810913E-03
  -2.44808197E-03
  -2.39753723E-03
  -2.37178802E-03
  -2.33936310E-03
  -2.24399567E-03
  -2.23064423E-03
  -2.20775604E-03
  -2.15625763E-03
  -2.15625763E-03
  -2.13336945E-03
  -2.09045410E-03
  -2.04181671E-03
  -1.98841095E-03
  -1.88350677E-03
  -1.87110901E-03
  -1.86252594E-03
  -1.86061859E-03
  -1.81293488E-03
  -1.78432465E-03
  -1.77574158E-03
  -1.68800354E-03
  -1.55448914E-03
  -1.53636932E-03
  -1.49250031E-03
  -1.44195557E-03
  -1.37615204E-03
  -1.32656097E-03
  -1.32465363E-03
  -1.28746033E-03
  -1.24835968E-03
  -1.18827820E-03
  -1.18350983E-03
  -1.14345551E-03
  -1.12247467E-03
  -1.08718872E-03
  -1.06239319E-03
  -1.06239319E-03
  -1.01566315E-03
  -1.00421906E-03
  -9.94682312E-04
  -9.92774963E-04
  -9.52720642E-04
  -8.75473022E-04
  -8.39233398E-04
  -8.18252563E-04
  -7.37190247E-04
  -6.09397888E-04
  -5.79833984E-04
  -5.65528870E-04
  -5.36918640E-04
  -5.10215759E-04
  -4.71115112E-04
  -4.45365906E-04
  -3.19480896E-04
  -2.75611877E-04
  -2.54631042E-04
  -2.21252441E-04
  -1.89781189E-04
  -1.45912170E-04
  -1.15394592E-04
  -1.07765198E-04
  -6.77108765E-05
  -3.14712524E-05
  -2.09808350E-05
   6.67572021E-06
   1.62124634E-05
   1.23977661E-04
   1.74522400E-04
   2.20298767E-04
   3.03268433E-04
   3.91006470E-04
   4.60624695E-04
   4.80651855E-04
   4.81605530E-04
   5.28335571E-04
   5.78880310E-04
   5.82695007E-04
   5.84602356E-04
   5.93185425E-04
   7.01904297E-04
   7.01904297E-04
   7.20977783E-04
   7.25746155E-04
   7.38143921E-04
   7.44819641E-04
   7.66754150E-04
   8.12530518E-04
   8.75473022E-04
   8.96453857E-04
   8.96453857E-04
   9.79423523E-04
   1.02710724E-03
   1.04236603E-03
   1.07002258E-03
   1.09767914E-03
   1.09767914E-03
   1.26552582E-03
   1.26647949E-03
   1.27696991E-03
   1.29127502E-03
   1.32751465E-03
   1.47914886E-03
   1.59931183E-03
   1.62315369E-03
   1.65653229E-03
   1.67179108E-03
   1.71089172E-03
   1.80912018E-03
   1.83105469E-03
   1.83105469E-03
   1.85203552E-03
   1.90639496E-03
   1.91593170E-03
   1.93119049E-03
   1.95503235E-03
   2.15625763E-03
   2.15721130E-03
   2.17056274E-03
   2.17151642E-03
   2.18200684E-03
   2.19535828E-03
   2.26306915E-03
   2.26497650E-03
   2.30884552E-03
   2.30884552E-03
   2.32315063E-03
   2.38895416E-03
   2.45761871E-03
   2.57015228E-03
   2.64358521E-03
   2.69889832E-03
   2.73895264E-03
   2.74085999E-03
   2.74658203E-03
   2.78854370E-03
   2.79998779E-03
   2.84671783E-03
   2.85053253E-03
   2.85148621E-03
   2.88295746E-03
   2.90203094E-03
   2.96401978E-03
   2.98118591E-03
   3.09085846E-03
   3.14521790E-03
   3.16810608E-03
   3.16905975E-03
   3.17764282E-03
   3.50379944E-03
   3.54862213E-03
   3.56864929E-03
   3.56864929E-03
   3.62110138E-03
   3.69644165E-03
   3.69834900E-03
   3.74221802E-03
   3.80706787E-03
   3.83281708E-03
   3.83567810E-03
   3.90052795E-03
   3.92818451E-03
   3.95584106E-03
   3.98063660E-03
   4.05406952E-03
   4.11891937E-03
   4.12845612E-03
   4.20761108E-03
   4.21905518E-03
   4.24385071E-03
   4.27246094E-03
   4.34875488E-03
   4.38594818E-03
   4.40311432E-03
   4.42600250E-03
   4.43077087E-03
   4.50325012E-03
   4.52423096E-03
   4.57096100E-03
   4.57191467E-03
   4.63008881E-03
   4.65202332E-03
   4.65393066E-03
   4.73499298E-03
   4.76932526E-03
   4.76932526E-03
   4.78363037E-03
   4.93621826E-03
   4.93621826E-03
   4.97341156E-03
   5.01251221E-03
   5.02300262E-03
   5.02395630E-03
   5.11074066E-03
   5.13172150E-03
   5.15270233E-03
   5.15270233E-03
   5.21564484E-03
   5.24044037E-03
   5.39207458E-03
   5.54943085E-03
   5.57518005E-03
   5.59139252E-03
   5.66577911E-03
   5.66673279E-03
   5.81073761E-03
   5.83076477E-03
   5.84220886E-03
   5.92517853E-03
   5.93471527E-03
   5.95664978E-03
   5.96046448E-03
   6.10923767E-03
   6.11591339E-03
   6.21795654E-03
   6.26945496E-03
   6.30474091E-03
   6.32095337E-03
   6.44683838E-03
   6.44969940E-03
   6.52217865E-03
   6.62994385E-03
   6.71386719E-03
   6.73198700E-03
   6.84547424E-03
   6.90364838E-03
   6.93416595E-03
   7.09247589E-03
   7.14111328E-03
   7.28130341E-03
   7.28607178E-03
   7.40146637E-03
   7.52353668E-03
   7.57026672E-03
   7.72857666E-03
   7.86685944E-03
   7.95459747E-03
   8.37802887E-03
   8.41140747E-03
   8.44764709E-03
   8.45718384E-03
   8.52012634E-03
   8.94832611E-03
   9.08470154E-03
   9.10663605E-03
   1.00202560E-02
   1.03664398E-02
   1.05085373E-02
   1.05180740E-02
   1.05829239E-02
   1.06906891E-02
   1.10883713E-02
   1.15146637E-02
   1.16901398E-02
   1.17778778E-02
   1.24282837E-02
   1.27553940E-02
   1.30167007E-02
   1.35803223E-02
   1.42316818E-02
   1.44605637E-02
   1.65109634E-02
   1.84392929E-02
   1.85747147E-02
   1.89638138E-02
   1.95741653E-02
   2.33745575E-02
   2.68583298E-02
   3.31621170E-02
   3.61661911E-02
