#Npts     Radius    Mag      Completeness
#  126  988.4172  -13.569727 1.000000
# Verr
  -2.06403732E-02
  -1.72214508E-02
  -1.19304657E-02
  -1.08222961E-02
  -9.05704498E-03
  -7.90500641E-03
  -7.56454468E-03
  -7.55405426E-03
  -6.83021545E-03
  -6.71005249E-03
  -6.37149811E-03
  -6.13594055E-03
  -5.99002838E-03
  -5.83553314E-03
  -5.45406342E-03
  -5.33294678E-03
  -5.10597229E-03
  -5.03349304E-03
  -4.99534607E-03
  -4.92477417E-03
  -4.87899780E-03
  -4.85324860E-03
  -4.72736359E-03
  -4.72164154E-03
  -4.70542908E-03
  -4.58717346E-03
  -4.40311432E-03
  -4.24098969E-03
  -4.22573090E-03
  -4.11701202E-03
  -3.97109985E-03
  -3.59344482E-03
  -3.04031372E-03
  -2.81810760E-03
  -2.69985199E-03
  -2.69126892E-03
  -2.62355804E-03
  -2.53868103E-03
  -2.48813629E-03
  -2.43568420E-03
  -2.24590302E-03
  -1.99890137E-03
  -1.93405151E-03
  -1.88350677E-03
  -1.70421600E-03
  -1.57260895E-03
  -1.54304504E-03
  -1.51634216E-03
  -1.45721436E-03
  -1.42669678E-03
  -1.31034851E-03
  -1.24835968E-03
  -1.22451782E-03
  -1.08718872E-03
  -1.05094910E-03
  -1.04522705E-03
  -1.02138519E-03
  -9.28878784E-04
  -7.08580017E-04
  -5.09262085E-04
  -3.86238098E-04
  -3.13758850E-04
  -4.10079956E-05
   2.60353088E-04
   4.40597534E-04
   4.84466553E-04
   5.42640686E-04
   8.70704651E-04
   8.73565674E-04
   8.76426697E-04
   8.90731812E-04
   9.88006592E-04
   1.13201141E-03
   1.14631653E-03
   1.19972229E-03
   1.23882294E-03
   1.33037567E-03
   1.39141083E-03
   1.48773193E-03
   1.53732300E-03
   1.67465210E-03
   1.69658661E-03
   1.71375275E-03
   1.75476074E-03
   1.78241730E-03
   1.79481506E-03
   1.84631348E-03
   1.86729431E-03
   1.90162659E-03
   1.99317932E-03
   2.16197968E-03
   2.29072571E-03
   2.30503082E-03
   2.39944458E-03
   2.42424011E-03
   2.48146057E-03
   2.94017792E-03
   2.97927856E-03
   3.09848785E-03
   3.19957733E-03
   3.26442719E-03
   3.32641602E-03
   3.34262848E-03
   3.42941284E-03
   3.51524353E-03
   4.05502319E-03
   4.06360626E-03
   4.91905212E-03
   5.27954102E-03
   5.43594360E-03
   5.69725037E-03
   5.71441650E-03
   5.74874878E-03
   5.83267212E-03
   5.97095490E-03
   6.06250763E-03
   6.07776642E-03
   6.11400604E-03
   6.23893738E-03
   7.18116760E-03
   8.87680054E-03
   8.88919830E-03
   1.25808716E-02
   1.44863129E-02
   1.50690079E-02
   2.32887268E-02
