#Npts     Radius    Mag      Completeness
#   54 2965.2517  -15.058818 1.000000
# Verr
  -2.49099731E-02
  -9.83619690E-03
  -9.71508026E-03
  -7.74860382E-03
  -7.60841370E-03
  -7.17353821E-03
  -6.33144379E-03
  -6.12831116E-03
  -5.79071045E-03
  -5.64289093E-03
  -5.03826141E-03
  -4.91714478E-03
  -4.31346893E-03
  -3.54576111E-03
  -3.47805023E-03
  -3.37123871E-03
  -2.61974335E-03
  -2.43282318E-03
  -2.22396851E-03
  -2.00176239E-03
  -1.75285339E-03
  -1.67846680E-03
  -1.48010254E-03
  -1.20258331E-03
  -8.97407532E-04
  -7.77244568E-04
  -6.19888306E-04
  -2.78472900E-04
  -3.52859497E-05
   5.44548035E-04
   7.84873962E-04
   9.54627991E-04
   9.69886780E-04
   1.38282776E-03
   1.46484375E-03
   1.52873993E-03
   1.93023682E-03
   2.06470490E-03
   2.09426880E-03
   2.20680237E-03
   2.24685669E-03
   2.90298462E-03
   3.75270844E-03
   3.78894806E-03
   3.95679474E-03
   4.07981873E-03
   4.52232361E-03
   4.57382202E-03
   4.69779968E-03
   5.19275665E-03
   5.40065765E-03
   8.06903839E-03
   9.51862335E-03
   1.04198456E-02
