#Npts     Radius    Mag      Completeness
#   28  652.3554  -15.271545 1.000000
# Verr
  -8.54301453E-03
  -8.42761993E-03
  -7.85923004E-03
  -6.66332245E-03
  -5.56182861E-03
  -5.17463684E-03
  -4.58240509E-03
  -2.43949890E-03
  -2.16102600E-03
  -1.66797638E-03
  -9.67025757E-04
  -8.00132751E-04
  -2.60353088E-04
   7.11441040E-04
   8.52584839E-04
   1.60121918E-03
   1.82628632E-03
   1.89685822E-03
   2.24208832E-03
   2.54821777E-03
   2.94208527E-03
   4.55093384E-03
   4.80461121E-03
   4.96387482E-03
   5.81359863E-03
   6.10733032E-03
   6.84547424E-03
   9.17148590E-03
