#Npts     Radius    Mag      Completeness
#  165  741.3129  -15.058818 1.000000
# Verr
  -1.31635666E-02
  -1.15213394E-02
  -1.07011795E-02
  -9.29069519E-03
  -8.69846344E-03
  -8.25691223E-03
  -7.26222992E-03
  -6.91223145E-03
  -6.70337677E-03
  -6.57558441E-03
  -6.50501251E-03
  -6.39247894E-03
  -6.34479523E-03
  -6.30092621E-03
  -6.26182556E-03
  -6.12449646E-03
  -6.09207153E-03
  -5.81836700E-03
  -5.80406189E-03
  -5.41305542E-03
  -5.26905060E-03
  -5.25188446E-03
  -5.16891479E-03
  -4.86946106E-03
  -4.53186035E-03
  -4.51087952E-03
  -4.49371338E-03
  -4.48226929E-03
  -4.29344177E-03
  -4.14466858E-03
  -4.04357910E-03
  -3.95488739E-03
  -3.51619720E-03
  -3.49521637E-03
  -3.36074829E-03
  -3.18527222E-03
  -3.18145752E-03
  -2.94876099E-03
  -2.94780731E-03
  -2.89249420E-03
  -2.78949738E-03
  -2.62546539E-03
  -2.61974335E-03
  -2.59113312E-03
  -2.49671936E-03
  -1.95980072E-03
  -1.88350677E-03
  -1.71089172E-03
  -1.69849396E-03
  -1.29127502E-03
  -1.21498108E-03
  -1.17206573E-03
  -1.13391876E-03
  -9.43183899E-04
  -8.97407532E-04
  -7.95364380E-04
  -5.31196594E-04
  -5.29289246E-04
  -5.03540039E-04
  -3.50952148E-04
  -2.69889832E-04
  -2.20298767E-04
   2.19345093E-05
   7.53402710E-05
   9.05990601E-05
   1.09672546E-04
   1.37329102E-04
   1.47819519E-04
   1.85012817E-04
   2.41279602E-04
   2.42233276E-04
   2.55584717E-04
   4.18663025E-04
   4.46319580E-04
   4.86373901E-04
   4.94956970E-04
   5.77926636E-04
   6.26564026E-04
   6.73294067E-04
   6.73294067E-04
   8.99314880E-04
   9.15527344E-04
   9.15527344E-04
   1.28459930E-03
   1.34086609E-03
   1.44481659E-03
   1.45530701E-03
   1.49250031E-03
   1.49250031E-03
   1.58882141E-03
   1.61552429E-03
   1.64222717E-03
   1.67942047E-03
   1.72805786E-03
   1.74140930E-03
   2.00939178E-03
   2.02751160E-03
   2.04563141E-03
   2.04753876E-03
   2.05612183E-03
   2.11429596E-03
   2.14958191E-03
   2.19726562E-03
   2.19726562E-03
   2.21729279E-03
   2.25162506E-03
   2.25162506E-03
   2.32505798E-03
   2.58922577E-03
   2.61688232E-03
   2.96783447E-03
   2.98690796E-03
   3.08132172E-03
   3.13949585E-03
   3.16715240E-03
   3.32832336E-03
   3.37219238E-03
   3.39603424E-03
   3.43036652E-03
   3.44753265E-03
   3.67546082E-03
   3.87096405E-03
   4.23622131E-03
   4.32586670E-03
   4.62627411E-03
   4.69779968E-03
   5.22136688E-03
   5.28526306E-03
   5.35392761E-03
   5.42259216E-03
   5.48171997E-03
   5.68389893E-03
   5.70774078E-03
   5.81359863E-03
   5.86509705E-03
   5.89656830E-03
   6.01100922E-03
   6.69765472E-03
   6.79874420E-03
   6.96182251E-03
   7.14492798E-03
   7.17353821E-03
   7.37571716E-03
   7.40146637E-03
   7.62462616E-03
   7.86113739E-03
   8.03947449E-03
   8.22448730E-03
   8.33320618E-03
   9.17053223E-03
   9.20772552E-03
   9.60254669E-03
   1.01995468E-02
   1.04808807E-02
   1.06344223E-02
   1.15051270E-02
   1.47867203E-02
   1.49345398E-02
   1.68619156E-02
   1.86605453E-02
   2.05364227E-02
   2.06737518E-02
   2.13565826E-02
   2.55050659E-02
   3.16314697E-02
