#Npts     Radius    Mag      Completeness
#   75 2965.2517  -13.782454 1.000000
# Verr
  -1.12581253E-02
  -1.11646652E-02
  -9.55390930E-03
  -9.20772552E-03
  -8.29982758E-03
  -8.19873810E-03
  -7.78865814E-03
  -7.04765320E-03
  -6.13212585E-03
  -6.03008270E-03
  -5.86318970E-03
  -5.85269928E-03
  -5.59616089E-03
  -4.40311432E-03
  -4.24766541E-03
  -4.20570374E-03
  -4.02164459E-03
  -4.01306152E-03
  -3.72505188E-03
  -3.49903107E-03
  -3.22151184E-03
  -2.97069550E-03
  -2.81906128E-03
  -2.73323059E-03
  -2.72274017E-03
  -2.60734558E-03
  -2.52437592E-03
  -2.49004364E-03
  -2.42042542E-03
  -2.24399567E-03
  -2.04944611E-03
  -2.01892853E-03
  -1.83582306E-03
  -1.63173676E-03
  -1.53827667E-03
  -1.52778625E-03
  -1.48105621E-03
  -1.44672394E-03
  -7.70568848E-04
  -6.05583191E-04
  -5.37872314E-04
  -3.69071960E-04
  -1.69754028E-04
   1.42097473E-04
   1.64985657E-04
   1.84059143E-04
   4.68254089E-04
   4.87327576E-04
   7.98225403E-04
   9.26971436E-04
   9.53674316E-04
   1.48773193E-03
   1.95217133E-03
   2.05802917E-03
   2.58541107E-03
   2.67791748E-03
   3.13854218E-03
   3.21483612E-03
   3.72123718E-03
   4.10175323E-03
   4.17900085E-03
   4.26483154E-03
   4.28962708E-03
   4.54998016E-03
   4.73499298E-03
   4.80461121E-03
   4.94194031E-03
   5.39875031E-03
   5.54466248E-03
   6.54315948E-03
   7.41577148E-03
   8.32557678E-03
   9.89723206E-03
   1.44538879E-02
   1.66130066E-02
