#Npts     Radius    Mag      Completeness
#  375  741.3129  -14.420636 1.000000
# Verr
  -3.60393524E-02
  -3.47204208E-02
  -3.43227386E-02
  -2.48928070E-02
  -2.34155655E-02
  -2.34146118E-02
  -2.33774185E-02
  -2.19259262E-02
  -1.99937820E-02
  -1.74388885E-02
  -1.46703720E-02
  -1.45797729E-02
  -1.24988556E-02
  -1.24311447E-02
  -1.18465424E-02
  -1.18455887E-02
  -1.08270645E-02
  -1.06210709E-02
  -1.03616714E-02
  -1.03082657E-02
  -9.69314575E-03
  -9.33742523E-03
  -8.74042511E-03
  -8.54110718E-03
  -8.25309753E-03
  -7.94887543E-03
  -7.82585144E-03
  -7.81059265E-03
  -7.52925873E-03
  -7.38716125E-03
  -7.32994080E-03
  -7.15637207E-03
  -7.13157654E-03
  -7.02953339E-03
  -7.02190399E-03
  -6.94274902E-03
  -6.77108765E-03
  -6.75487518E-03
  -6.69479370E-03
  -6.55841827E-03
  -6.33049011E-03
  -6.05201721E-03
  -5.96523285E-03
  -5.91850281E-03
  -5.87940216E-03
  -5.84983826E-03
  -5.83267212E-03
  -5.68008423E-03
  -5.56278229E-03
  -5.43117523E-03
  -5.37967682E-03
  -5.37109375E-03
  -5.33294678E-03
  -5.29384613E-03
  -5.10215759E-03
  -5.02490997E-03
  -5.00488281E-03
  -4.98867035E-03
  -4.91237640E-03
  -4.87613678E-03
  -4.77886200E-03
  -4.67777252E-03
  -4.64153290E-03
  -4.61101532E-03
  -4.57572937E-03
  -4.43172455E-03
  -4.40979004E-03
  -4.33158875E-03
  -4.31346893E-03
  -4.29439545E-03
  -4.15992737E-03
  -4.12750244E-03
  -4.05883789E-03
  -4.02545929E-03
  -4.02259827E-03
  -3.98635864E-03
  -3.84044647E-03
  -3.72028351E-03
  -3.68022919E-03
  -3.60298157E-03
  -3.57723236E-03
  -3.50952148E-03
  -3.49044800E-03
  -3.43227386E-03
  -3.37028503E-03
  -3.29399109E-03
  -3.29113007E-03
  -3.27491760E-03
  -3.27491760E-03
  -3.24153900E-03
  -3.17955017E-03
  -3.16143036E-03
  -3.12423706E-03
  -3.10802460E-03
  -3.03363800E-03
  -2.97641754E-03
  -2.96115875E-03
  -2.91633606E-03
  -2.87342072E-03
  -2.79045105E-03
  -2.67982483E-03
  -2.64072418E-03
  -2.56061554E-03
  -2.49385834E-03
  -2.36511230E-03
  -2.32124329E-03
  -2.30407715E-03
  -2.23827362E-03
  -2.21824646E-03
  -2.19440460E-03
  -2.15721130E-03
  -2.12001801E-03
  -2.10285187E-03
  -2.06565857E-03
  -2.04467773E-03
  -2.00939178E-03
  -1.98650360E-03
  -1.97696686E-03
  -1.94835663E-03
  -1.86538696E-03
  -1.85394287E-03
  -1.77001953E-03
  -1.74236298E-03
  -1.69944763E-03
  -1.58405304E-03
  -1.57928467E-03
  -1.56497955E-03
  -1.48773193E-03
  -1.46865845E-03
  -1.45053864E-03
  -1.40953064E-03
  -1.39141083E-03
  -1.37233734E-03
  -1.29699707E-03
  -1.23786926E-03
  -1.23786926E-03
  -1.22165680E-03
  -1.21784210E-03
  -1.15776062E-03
  -1.14440918E-03
  -1.04236603E-03
  -1.02901459E-03
  -1.02901459E-03
  -1.01757050E-03
  -9.29832458E-04
  -9.13619995E-04
  -8.39233398E-04
  -8.37326050E-04
  -7.91549683E-04
  -7.58171082E-04
  -7.55310059E-04
  -7.09533691E-04
  -6.58035278E-04
  -6.09397888E-04
  -5.85556030E-04
  -5.59806824E-04
  -5.08308411E-04
  -3.92913818E-04
  -3.34739685E-04
  -3.05175781E-04
  -2.78472900E-04
  -2.39372253E-04
  -2.39372253E-04
  -2.38418579E-04
  -2.21252441E-04
  -1.64031982E-04
  -1.42097473E-04
  -8.58306885E-05
  -1.81198120E-05
   2.95639038E-05
   3.71932983E-05
   1.10626221E-04
   1.34468079E-04
   1.44958496E-04
   1.45912170E-04
   2.13623047E-04
   2.28881836E-04
   2.32696533E-04
   3.06129456E-04
   3.55720520E-04
   3.75747681E-04
   4.41551208E-04
   4.41551208E-04
   4.52995300E-04
   5.04493713E-04
   5.23567200E-04
   6.22749329E-04
   6.45637512E-04
   6.46591187E-04
   6.58035278E-04
   6.63757324E-04
   6.96182251E-04
   7.01904297E-04
   7.22885132E-04
   7.41004944E-04
   7.41958618E-04
   7.98225403E-04
   8.37326050E-04
   9.72747803E-04
   9.88960266E-04
   1.00040436E-03
   1.00517273E-03
   1.08814240E-03
   1.13487244E-03
   1.17111206E-03
   1.24168396E-03
   1.27410889E-03
   1.27696991E-03
   1.33705139E-03
   1.38568878E-03
   1.52492523E-03
   1.54781342E-03
   1.58691406E-03
   1.59740448E-03
   1.60884857E-03
   1.62220001E-03
   1.66320801E-03
   1.67083740E-03
   1.72042847E-03
   1.74522400E-03
   1.75952911E-03
   1.81579590E-03
   1.81674957E-03
   1.83677673E-03
   1.85680389E-03
   1.90830231E-03
   1.92642212E-03
   1.93309784E-03
   1.93691254E-03
   1.98841095E-03
   2.01702118E-03
   2.04753876E-03
   2.12192535E-03
   2.18200684E-03
   2.35652924E-03
   2.38513947E-03
   2.39181519E-03
   2.39276886E-03
   2.41470337E-03
   2.43949890E-03
   2.57396698E-03
   2.58064270E-03
   2.59780884E-03
   2.69985199E-03
   2.70843506E-03
   2.73132324E-03
   2.75611877E-03
   2.76470184E-03
   2.80475616E-03
   2.92015076E-03
   2.92587280E-03
   2.97069550E-03
   2.97546387E-03
   3.10897827E-03
   3.12423706E-03
   3.13282013E-03
   3.16047668E-03
   3.19576263E-03
   3.21865082E-03
   3.33499908E-03
   3.43608856E-03
   3.50952148E-03
   3.52287292E-03
   3.58009338E-03
   3.62110138E-03
   3.62205505E-03
   3.78799438E-03
   3.79180908E-03
   3.82423401E-03
   3.82423401E-03
   3.85570526E-03
   4.00924683E-03
   4.11128998E-03
   4.14371490E-03
   4.18281555E-03
   4.32777405E-03
   4.39357758E-03
   4.40216064E-03
   4.48703766E-03
   4.49943542E-03
   4.55093384E-03
   4.57286835E-03
   4.58335876E-03
   4.64248657E-03
   4.65869904E-03
   4.67872620E-03
   4.70638275E-03
   4.73785400E-03
   4.77504730E-03
   4.81605530E-03
   4.93812561E-03
   4.99916077E-03
   5.10311127E-03
   5.10311127E-03
   5.19847870E-03
   5.21755219E-03
   5.28717041E-03
   5.30624390E-03
   5.35488129E-03
   5.48648834E-03
   5.62095642E-03
   5.67054749E-03
   5.67817688E-03
   5.68008423E-03
   5.88989258E-03
   5.91087341E-03
   5.94806671E-03
   6.06346130E-03
   6.14643097E-03
   6.25514984E-03
   6.53553009E-03
   6.54697418E-03
   6.64043427E-03
   6.66236877E-03
   6.82544708E-03
   6.83975220E-03
   6.94942474E-03
   7.12680817E-03
   7.24220276E-03
   7.32517242E-03
   7.43770599E-03
   7.51781464E-03
   7.64179230E-03
   7.65705109E-03
   7.82775879E-03
   7.94696808E-03
   8.00991058E-03
   8.17871094E-03
   8.28552246E-03
   8.35323334E-03
   8.37230682E-03
   8.52203369E-03
   8.73565674E-03
   8.80241394E-03
   8.82720947E-03
   8.90922546E-03
   8.92448425E-03
   9.54246521E-03
   9.59873199E-03
   9.64355469E-03
   9.81044769E-03
   1.00450516E-02
   1.01165771E-02
   1.03874207E-02
   1.04074478E-02
   1.05342865E-02
   1.06563568E-02
   1.11913681E-02
   1.13868713E-02
   1.14479065E-02
   1.15461349E-02
   1.21068954E-02
   1.23224258E-02
   1.26791000E-02
   1.28374100E-02
   1.37758255E-02
   1.41544342E-02
   1.45463943E-02
   1.49040222E-02
   1.51414871E-02
   1.54333115E-02
   1.60436630E-02
   1.64203644E-02
   1.74121857E-02
   1.94625854E-02
   1.95922852E-02
   1.96027756E-02
   2.12364197E-02
   2.13394165E-02
   2.42614746E-02
   2.71883011E-02
   2.91185379E-02
   3.05147171E-02
   3.35359573E-02
   3.44285965E-02
