#Npts     Radius    Mag      Completeness
#  112 1482.6257  -13.569727 1.000000
# Verr
  -1.83277130E-02
  -1.32503510E-02
  -1.17006302E-02
  -1.09310150E-02
  -8.27026367E-03
  -8.23974609E-03
  -7.38906860E-03
  -7.36999512E-03
  -7.14015961E-03
  -6.86931610E-03
  -5.29098511E-03
  -5.27763367E-03
  -5.26428223E-03
  -5.26142120E-03
  -5.13935089E-03
  -5.11550903E-03
  -4.79507446E-03
  -4.40025330E-03
  -4.35543060E-03
  -4.22668457E-03
  -4.18090820E-03
  -4.04739380E-03
  -3.98540497E-03
  -3.81469727E-03
  -3.36647034E-03
  -3.26728821E-03
  -3.18241119E-03
  -3.09753418E-03
  -2.92015076E-03
  -2.88295746E-03
  -2.74372101E-03
  -2.53105164E-03
  -2.46429443E-03
  -2.32601166E-03
  -2.07996368E-03
  -1.96456909E-03
  -1.95217133E-03
  -1.94931030E-03
  -1.70707703E-03
  -1.65557861E-03
  -1.50203705E-03
  -1.47724152E-03
  -1.38282776E-03
  -1.14822388E-03
  -9.61303711E-04
  -9.36508179E-04
  -8.50677490E-04
  -7.80105591E-04
  -7.68661499E-04
  -7.39097595E-04
  -6.07490540E-04
  -4.32014465E-04
  -3.62396240E-04
  -3.58581543E-04
  -3.15666199E-04
  -8.77380371E-05
  -1.43051147E-05
   6.96182251E-05
   1.77383423E-04
   2.05993652E-04
   2.62260437E-04
   4.37736511E-04
   7.28607178E-04
   7.68661499E-04
   1.21688843E-03
   1.26647949E-03
   1.34181976E-03
   1.52206421E-03
   1.78050995E-03
   1.79195404E-03
   1.90067291E-03
   1.93214417E-03
   1.98364258E-03
   2.05802917E-03
   2.10094452E-03
   2.26211548E-03
   2.35748291E-03
   2.40039825E-03
   2.45189667E-03
   2.63500214E-03
   2.69317627E-03
   2.71129608E-03
   2.72846222E-03
   3.05366516E-03
   3.18050385E-03
   3.26919556E-03
   3.34453583E-03
   3.94344330E-03
   4.22573090E-03
   4.48989868E-03
   4.48989868E-03
   4.60529327E-03
   4.69303131E-03
   4.97341156E-03
   5.02300262E-03
   5.05924225E-03
   5.12218475E-03
   5.46932220E-03
   6.20365143E-03
   6.29138947E-03
   6.30664825E-03
   6.43444061E-03
   6.59751892E-03
   6.64043427E-03
   6.72912598E-03
   7.00759888E-03
   7.02953339E-03
   7.51399994E-03
   7.54261017E-03
   7.92694092E-03
   9.44805145E-03
   9.80472565E-03
