#Npts     Radius    Mag      Completeness
#  301  444.7878  -13.356999 1.000000
# Verr
  -3.12910080E-02
  -2.68411636E-02
  -2.52637863E-02
  -2.17113495E-02
  -2.03046799E-02
  -2.02884674E-02
  -1.95484161E-02
  -1.92966461E-02
  -1.88407898E-02
  -1.86548233E-02
  -1.83906555E-02
  -1.80978775E-02
  -1.67341232E-02
  -1.52416229E-02
  -1.50184631E-02
  -1.48878098E-02
  -1.46961212E-02
  -1.44653320E-02
  -1.32179260E-02
  -1.30138397E-02
  -1.29795074E-02
  -1.29289627E-02
  -1.26533508E-02
  -1.24855042E-02
  -1.20868683E-02
  -1.17397308E-02
  -1.12686157E-02
  -1.12476349E-02
  -1.08385086E-02
  -1.07440948E-02
  -1.02729797E-02
  -9.64736938E-03
  -9.23061371E-03
  -9.06753540E-03
  -9.04083252E-03
  -8.60214233E-03
  -8.25881958E-03
  -7.80773163E-03
  -7.71236420E-03
  -7.70950317E-03
  -7.70950317E-03
  -7.54165649E-03
  -7.39097595E-03
  -7.36236572E-03
  -6.38961792E-03
  -6.27613068E-03
  -6.17027283E-03
  -6.00910187E-03
  -5.81073761E-03
  -5.80787659E-03
  -5.77640533E-03
  -5.66768646E-03
  -5.59711456E-03
  -5.52463531E-03
  -5.23853302E-03
  -5.22422791E-03
  -5.22327423E-03
  -5.21755219E-03
  -5.19847870E-03
  -5.17654419E-03
  -5.14793396E-03
  -5.02586365E-03
  -4.85706329E-03
  -4.83036041E-03
  -4.71305847E-03
  -4.55665588E-03
  -4.52899933E-03
  -4.52709198E-03
  -4.48131561E-03
  -4.45079803E-03
  -4.44412231E-03
  -4.37259674E-03
  -4.27913666E-03
  -4.27913666E-03
  -4.21524048E-03
  -4.18281555E-03
  -4.13894653E-03
  -3.71265411E-03
  -3.58200073E-03
  -3.55339050E-03
  -3.51428986E-03
  -3.50761414E-03
  -3.47328186E-03
  -3.33786011E-03
  -3.33404541E-03
  -3.29589844E-03
  -3.24726105E-03
  -3.23295593E-03
  -3.20053101E-03
  -2.94208527E-03
  -2.89344788E-03
  -2.88772583E-03
  -2.69603729E-03
  -2.63118744E-03
  -2.58731842E-03
  -2.53295898E-03
  -2.41661072E-03
  -2.38704681E-03
  -2.14385986E-03
  -2.08282471E-03
  -1.99413300E-03
  -1.92642212E-03
  -1.79481506E-03
  -1.79195404E-03
  -1.73377991E-03
  -1.72805786E-03
  -1.60217285E-03
  -1.54495239E-03
  -1.51062012E-03
  -1.24549866E-03
  -1.19686127E-03
  -1.09386444E-03
  -1.09386444E-03
  -1.04904175E-03
  -1.03282928E-03
  -9.86099243E-04
  -9.46998596E-04
  -8.97407532E-04
  -8.90731812E-04
  -8.90731812E-04
  -8.61167908E-04
  -8.45909119E-04
  -7.95364380E-04
  -7.61032104E-04
  -7.46726990E-04
  -7.41958618E-04
  -6.80923462E-04
  -6.72340393E-04
  -5.90324402E-04
  -5.29289246E-04
  -2.78472900E-04
  -2.47001648E-04
  -1.98364258E-04
  -1.20162964E-04
  -6.58035278E-05
  -2.47955322E-05
  -2.38418579E-05
   1.26838684E-04
   1.65939331E-04
   2.26974487E-04
   2.26974487E-04
   2.95639038E-04
   3.97682190E-04
   4.34875488E-04
   4.48226929E-04
   5.85556030E-04
   7.52449036E-04
   7.92503357E-04
   8.44001770E-04
   8.99314880E-04
   9.41276550E-04
   1.13296509E-03
   1.22642517E-03
   1.28936768E-03
   1.39904022E-03
   1.41334534E-03
   1.44767761E-03
   1.52111053E-03
   1.55353546E-03
   1.63078308E-03
   1.63173676E-03
   1.63936615E-03
   1.64413452E-03
   1.76906586E-03
   1.88159943E-03
   1.93405151E-03
   2.03800201E-03
   2.08568573E-03
   2.25543976E-03
   2.30312347E-03
   2.33268738E-03
   2.37178802E-03
   2.49576569E-03
   2.53391266E-03
   2.55775452E-03
   2.63404846E-03
   2.64072418E-03
   2.84481049E-03
   2.88391113E-03
   2.94113159E-03
   3.08513641E-03
   3.15380096E-03
   3.21197510E-03
   3.22532654E-03
   3.24344635E-03
   3.25298309E-03
   3.27205658E-03
   3.28254700E-03
   3.29875946E-03
   3.38745117E-03
   3.40652466E-03
   3.52478027E-03
   3.55148315E-03
   3.72791290E-03
   3.88813019E-03
   3.94058228E-03
   4.00352478E-03
   4.03499603E-03
   4.11128998E-03
   4.11891937E-03
   4.26483154E-03
   4.27341461E-03
   4.32968140E-03
   4.42600250E-03
   4.47654724E-03
   4.48703766E-03
   4.53376770E-03
   4.67395782E-03
   4.81319427E-03
   4.83703613E-03
   4.88090515E-03
   5.36441803E-03
   5.37204742E-03
   5.40637970E-03
   5.45024872E-03
   5.52082062E-03
   5.61237335E-03
   5.65147400E-03
   5.79738617E-03
   6.01482391E-03
   6.11305237E-03
   6.15596771E-03
   6.16741180E-03
   6.31999969E-03
   6.34670258E-03
   6.46305084E-03
   6.47926331E-03
   6.62136078E-03
   6.83784485E-03
   6.86073303E-03
   6.91890717E-03
   7.25936890E-03
   7.30800629E-03
   7.45773315E-03
   7.46631622E-03
   7.60746002E-03
   7.77626038E-03
   8.07666779E-03
   8.10623169E-03
   8.35132599E-03
   8.47530365E-03
   8.53443146E-03
   8.62979889E-03
   8.73088837E-03
   8.80527496E-03
   9.14096832E-03
   9.16099548E-03
   9.32025909E-03
   9.41276550E-03
   9.41753387E-03
   9.42707062E-03
   9.47093964E-03
   9.51004028E-03
   9.59587097E-03
   9.59682465E-03
   1.00421906E-02
   1.01690292E-02
   1.01766586E-02
   1.05390549E-02
   1.05829239E-02
   1.06124878E-02
   1.11188889E-02
   1.14574432E-02
   1.17979050E-02
   1.24177933E-02
   1.24864578E-02
   1.26161575E-02
   1.26924515E-02
   1.27725601E-02
   1.32217407E-02
   1.37987137E-02
   1.39045715E-02
   1.43117905E-02
   1.45387650E-02
   1.46560669E-02
   1.47161484E-02
   1.49126053E-02
   1.54504776E-02
   1.56135559E-02
   1.61552429E-02
   1.62897110E-02
   1.69029236E-02
   1.70669556E-02
   1.72090530E-02
   1.72224045E-02
   1.73873901E-02
   1.76725388E-02
   1.77412033E-02
   1.78699493E-02
   1.84288025E-02
   1.87816620E-02
   2.00576782E-02
   2.03866959E-02
   2.17943192E-02
   2.27699280E-02
   2.28786469E-02
   2.37274170E-02
   2.79417038E-02
   2.87055969E-02
   3.22494507E-02
   3.56969833E-02
