#Npts     Radius    Mag      Completeness
#   71 1275.0583  -14.207909 1.000000
# Verr
  -1.19791031E-02
  -9.40227509E-03
  -8.16249847E-03
  -6.71482086E-03
  -6.51073456E-03
  -5.83553314E-03
  -5.53417206E-03
  -5.15651703E-03
  -5.04970551E-03
  -4.36973572E-03
  -4.35924530E-03
  -4.20475006E-03
  -4.16374207E-03
  -4.13131714E-03
  -3.42559814E-03
  -3.33499908E-03
  -2.51483917E-03
  -2.08759308E-03
  -2.01797485E-03
  -1.93691254E-03
  -1.92165375E-03
  -1.86061859E-03
  -1.77383423E-03
  -1.73568726E-03
  -1.66797638E-03
  -1.54209137E-03
  -1.40476227E-03
  -1.38664246E-03
  -1.23596191E-03
  -9.54627991E-04
  -8.76426697E-04
  -5.31196594E-04
  -4.79698181E-04
  -4.45365906E-04
  -4.23431396E-04
  -3.51905823E-04
  -2.75611877E-04
  -2.29835510E-04
  -1.60217285E-04
  -3.71932983E-05
  -1.90734863E-05
   1.26838684E-04
   1.98364258E-04
   2.87055969E-04
   3.78608704E-04
   4.32968140E-04
   1.13582611E-03
   1.21307373E-03
   1.27696991E-03
   1.28841400E-03
   1.91116333E-03
   2.10094452E-03
   2.18486786E-03
   2.29835510E-03
   2.61211395E-03
   2.76470184E-03
   2.81333923E-03
   2.87437439E-03
   2.96401978E-03
   3.14521790E-03
   3.20625305E-03
   3.50284576E-03
   3.62300873E-03
   3.66878510E-03
   3.72028351E-03
   4.13227081E-03
   5.17559052E-03
   6.07204437E-03
   8.73851776E-03
   9.10949707E-03
   1.95579529E-02
