#Npts     Radius    Mag      Completeness
#  118  988.4172  -13.782454 1.000000
# Verr
  -2.08635330E-02
  -1.16167068E-02
  -8.98742676E-03
  -8.29601288E-03
  -7.69519806E-03
  -7.59220123E-03
  -7.12966919E-03
  -7.02571869E-03
  -6.90364838E-03
  -6.86645508E-03
  -6.79969788E-03
  -6.67667389E-03
  -6.33239746E-03
  -6.13212585E-03
  -5.80215454E-03
  -5.58185577E-03
  -5.55610657E-03
  -5.41210175E-03
  -5.40065765E-03
  -5.14507294E-03
  -5.12313843E-03
  -5.02681732E-03
  -5.02681732E-03
  -4.98294830E-03
  -4.74071503E-03
  -4.48513031E-03
  -4.42504883E-03
  -4.37641144E-03
  -4.29439545E-03
  -4.01306152E-03
  -3.37696075E-03
  -3.30829620E-03
  -3.25584412E-03
  -3.11088562E-03
  -2.76851654E-03
  -2.76851654E-03
  -2.57301331E-03
  -2.38323212E-03
  -2.25353241E-03
  -2.21061707E-03
  -2.20108032E-03
  -2.16102600E-03
  -2.03704834E-03
  -1.99127197E-03
  -1.89971924E-03
  -1.89495087E-03
  -1.68132782E-03
  -1.67369843E-03
  -1.60980225E-03
  -1.53446198E-03
  -1.39904022E-03
  -1.20353699E-03
  -1.17778778E-03
  -8.20159912E-04
  -7.41958618E-04
  -6.66618347E-04
  -5.76972961E-04
  -5.51223755E-04
  -4.46319580E-04
  -4.13894653E-04
  -3.91960144E-04
  -3.31878662E-04
  -3.09944153E-04
  -2.07901001E-04
  -1.82151794E-04
  -3.24249268E-05
  -3.24249268E-05
  -1.33514404E-05
  -8.58306885E-06
   7.34329224E-05
   7.34329224E-05
   1.72615051E-04
   1.87873840E-04
   2.07901001E-04
   2.07901001E-04
   2.76565552E-04
   3.91960144E-04
   4.21524048E-04
   7.34329224E-04
   8.03947449E-04
   8.89778137E-04
   9.20295715E-04
   9.56535339E-04
   1.15871429E-03
   1.19209290E-03
   1.25598907E-03
   1.25694275E-03
   1.33800507E-03
   1.43337250E-03
   1.68132782E-03
   1.92165375E-03
   2.06661224E-03
   2.16197968E-03
   2.29930878E-03
   2.33364105E-03
   2.39276886E-03
   2.51388550E-03
   2.68268585E-03
   3.15952301E-03
   3.80802155E-03
   4.06837463E-03
   4.31823730E-03
   5.02586365E-03
   5.42068481E-03
   6.25133514E-03
   6.28376007E-03
   6.60800934E-03
   6.81686401E-03
   6.92653656E-03
   7.23361969E-03
   8.95690918E-03
   9.07230377E-03
   1.10244751E-02
   1.31196976E-02
   1.63927078E-02
   1.69572830E-02
   3.43608856E-02
   3.50093842E-02
