#Npts     Radius    Mag      Completeness
#   26 1235.5215  -15.271545 1.000000
# Verr
  -6.04724884E-03
  -6.00337982E-03
  -5.06782532E-03
  -5.00869751E-03
  -4.24289703E-03
  -3.87096405E-03
  -3.82518768E-03
  -3.17668915E-03
  -2.96497345E-03
  -2.61974335E-03
  -2.23159790E-03
  -1.50871277E-03
  -6.79969788E-04
  -2.18391418E-04
  -2.67028809E-05
   1.28650665E-03
   1.46198273E-03
   1.61552429E-03
   1.89685822E-03
   1.90830231E-03
   1.94358826E-03
   2.50625610E-03
   4.43744659E-03
   6.12545013E-03
   6.25038147E-03
   6.52408600E-03
