#Npts     Radius    Mag      Completeness
#   70 1690.1936  -13.569727 1.000000
# Verr
  -9.36794281E-03
  -8.82530212E-03
  -7.98130035E-03
  -7.22503662E-03
  -7.22503662E-03
  -6.71768188E-03
  -6.65283203E-03
  -6.53743744E-03
  -6.22081757E-03
  -6.16264343E-03
  -5.96332550E-03
  -5.52940369E-03
  -5.25093079E-03
  -5.24330139E-03
  -5.22232056E-03
  -5.11074066E-03
  -4.77695465E-03
  -4.55760956E-03
  -4.26578522E-03
  -3.94153595E-03
  -3.64971161E-03
  -3.54957581E-03
  -3.46183777E-03
  -3.43132019E-03
  -3.12423706E-03
  -2.96306610E-03
  -2.94876099E-03
  -2.62355804E-03
  -2.59876251E-03
  -2.40898132E-03
  -2.36988068E-03
  -2.31266022E-03
  -2.23064423E-03
  -2.08759308E-03
  -1.95503235E-03
  -1.83868408E-03
  -1.62982941E-03
  -1.57737732E-03
  -4.28199768E-04
   6.96182251E-05
   1.10626221E-04
   4.40597534E-04
   7.17163086E-04
   8.70704651E-04
   9.05036926E-04
   9.16481018E-04
   1.65653229E-03
   2.01702118E-03
   2.04467773E-03
   2.21920013E-03
   2.30693817E-03
   2.57492065E-03
   2.61211395E-03
   3.13282013E-03
   3.26061249E-03
   3.35311890E-03
   3.75938416E-03
   3.76701355E-03
   4.04357910E-03
   4.17709351E-03
   4.21142578E-03
   4.67491150E-03
   4.75502014E-03
   5.27858734E-03
   5.31959534E-03
   5.51223755E-03
   5.92708588E-03
   6.00719452E-03
   1.20820999E-02
   3.07064056E-02
