#Npts     Radius    Mag      Completeness
#   40 2105.3289  -13.995181 1.000000
# Verr
  -8.85200500E-03
  -8.64887238E-03
  -8.56399536E-03
  -8.33415985E-03
  -8.20159912E-03
  -7.97653198E-03
  -7.94601440E-03
  -6.66809082E-03
  -4.96006012E-03
  -4.87518311E-03
  -4.73785400E-03
  -4.57382202E-03
  -4.17709351E-03
  -3.31211090E-03
  -2.89344788E-03
  -2.80189514E-03
  -1.49536133E-03
  -1.05762482E-03
  -9.93728638E-04
  -7.31468201E-04
  -6.28471375E-04
  -5.19752502E-04
  -4.95910645E-04
  -4.63485718E-04
   1.30653381E-04
   4.69207764E-04
   4.69207764E-04
   8.85009766E-04
   1.20449066E-03
   1.44290924E-03
   1.56402588E-03
   2.03227997E-03
   2.31170654E-03
   2.68173218E-03
   3.17287445E-03
   3.44085693E-03
   3.44276428E-03
   3.85284424E-03
   4.70066071E-03
   5.83553314E-03
