#Npts     Radius    Mag      Completeness
#  103 2965.2517  -13.356999 1.000000
# Verr
  -3.37333679E-02
  -3.12366486E-02
  -1.36137009E-02
  -1.24845505E-02
  -1.24692917E-02
  -1.07440948E-02
  -1.03902817E-02
  -1.01137161E-02
  -9.83142853E-03
  -9.39559937E-03
  -9.06753540E-03
  -8.96549225E-03
  -8.86344910E-03
  -8.35704803E-03
  -8.02612305E-03
  -7.96031952E-03
  -7.51495361E-03
  -7.32326508E-03
  -7.19738007E-03
  -6.91509247E-03
  -6.23321533E-03
  -6.12068176E-03
  -6.05583191E-03
  -5.81264496E-03
  -5.57231903E-03
  -5.52463531E-03
  -5.42068481E-03
  -5.32054901E-03
  -5.29479980E-03
  -5.28526306E-03
  -5.08594513E-03
  -4.71973419E-03
  -4.39167023E-03
  -4.37927246E-03
  -4.07314301E-03
  -4.03118134E-03
  -3.88145447E-03
  -3.73363495E-03
  -3.68499756E-03
  -3.67736816E-03
  -3.43036652E-03
  -3.42178345E-03
  -3.29589844E-03
  -3.13949585E-03
  -3.09848785E-03
  -3.02410126E-03
  -2.90107727E-03
  -2.16007233E-03
  -2.10380554E-03
  -2.00843811E-03
  -1.92642212E-03
  -1.80625916E-03
  -1.75380707E-03
  -1.73950195E-03
  -1.64413452E-03
  -1.55258179E-03
  -1.35421753E-03
  -8.81195068E-04
  -8.10623169E-04
  -8.08715820E-04
  -6.67572021E-04
  -5.50270081E-04
  -5.09262085E-04
  -4.47273254E-04
  -1.34468079E-04
  -9.63211060E-05
  -1.04904175E-05
  -3.81469727E-06
   3.81469727E-04
   6.36100769E-04
   7.03811646E-04
   7.67707825E-04
   1.13391876E-03
   1.28269196E-03
   1.58882141E-03
   1.63078308E-03
   1.71661377E-03
   2.09426880E-03
   2.23064423E-03
   2.33364105E-03
   2.48813629E-03
   2.67410278E-03
   2.86388397E-03
   2.88486481E-03
   3.04603577E-03
   3.05080414E-03
   3.18336487E-03
   3.23009491E-03
   3.41701508E-03
   3.77845764E-03
   3.94344330E-03
   4.80747223E-03
   4.82177734E-03
   4.99725342E-03
   5.12218475E-03
   5.52082062E-03
   7.66944885E-03
   9.20200348E-03
   9.82856750E-03
   1.00603104E-02
   1.06945038E-02
   1.37948990E-02
   1.39923096E-02
