#Npts     Radius    Mag      Completeness
#  163  652.3554  -13.356999 1.000000
# Verr
  -3.11603546E-02
  -2.09388733E-02
  -1.92499161E-02
  -1.68256760E-02
  -1.28784180E-02
  -1.14898682E-02
  -1.11894608E-02
  -1.06458664E-02
  -1.04961395E-02
  -1.04408264E-02
  -8.83960724E-03
  -8.79859924E-03
  -8.78810883E-03
  -8.25405121E-03
  -7.56168365E-03
  -7.31945038E-03
  -6.89411163E-03
  -6.85405731E-03
  -6.43920898E-03
  -6.23989105E-03
  -6.09016418E-03
  -5.89275360E-03
  -5.82027435E-03
  -5.80596924E-03
  -5.50556183E-03
  -5.46836853E-03
  -5.19847870E-03
  -5.02204895E-03
  -4.90379333E-03
  -4.79698181E-03
  -4.77600098E-03
  -4.62436676E-03
  -4.62055206E-03
  -4.57954407E-03
  -4.52327728E-03
  -4.49562073E-03
  -4.32491302E-03
  -4.32014465E-03
  -4.21428680E-03
  -4.17518616E-03
  -3.89385223E-03
  -3.72886658E-03
  -3.65257263E-03
  -3.58200073E-03
  -3.53336334E-03
  -3.23200226E-03
  -3.21197510E-03
  -2.92587280E-03
  -2.91824341E-03
  -2.78759003E-03
  -2.18677521E-03
  -2.14195251E-03
  -1.96075439E-03
  -1.94263458E-03
  -1.87873840E-03
  -1.79958344E-03
  -1.76525116E-03
  -1.64794922E-03
  -1.53160095E-03
  -1.52397156E-03
  -1.34277344E-03
  -1.19018555E-03
  -1.13773346E-03
  -1.02710724E-03
  -8.49723816E-04
  -8.02993774E-04
  -7.96318054E-04
  -7.31468201E-04
  -6.38961792E-04
  -4.69207764E-04
  -3.51905823E-04
  -3.38554382E-04
  -3.10897827E-04
  -2.47955322E-04
  -2.14576721E-04
  -2.09808350E-04
  -1.86920166E-04
  -1.54495239E-04
  -4.57763672E-05
   2.11715698E-04
   2.18391418E-04
   3.86238098E-04
   4.52995300E-04
   4.80651855E-04
   5.06401062E-04
   5.68389893E-04
   6.77108765E-04
   7.31468201E-04
   9.25064087E-04
   9.27925110E-04
   9.83238220E-04
   1.05953217E-03
   1.22928619E-03
   1.32369995E-03
   1.33132935E-03
   1.33705139E-03
   1.34468079E-03
   1.39045715E-03
   1.52778625E-03
   1.54113770E-03
   1.89495087E-03
   1.99794769E-03
   2.39086151E-03
   2.43854523E-03
   2.48813629E-03
   2.72750854E-03
   2.78377533E-03
   2.78759003E-03
   2.81047821E-03
   2.82382965E-03
   2.88105011E-03
   2.90584564E-03
   2.90584564E-03
   2.94971466E-03
   3.35884094E-03
   3.44276428E-03
   3.49807739E-03
   3.53527069E-03
   3.80516052E-03
   4.05025482E-03
   4.06360626E-03
   4.34970856E-03
   4.56809998E-03
   4.66251373E-03
   4.74357605E-03
   4.74548340E-03
   4.97055054E-03
   4.99916077E-03
   5.37872314E-03
   5.38444519E-03
   5.39684296E-03
   5.51033020E-03
   5.67913055E-03
   6.10065460E-03
   6.76345825E-03
   7.34233856E-03
   7.34233856E-03
   7.78770447E-03
   7.80773163E-03
   7.85541534E-03
   7.85636902E-03
   8.11481476E-03
   8.15391541E-03
   8.16726685E-03
   8.24642181E-03
   8.75854492E-03
   9.17434692E-03
   9.41944122E-03
   9.97734070E-03
   1.08108521E-02
   1.10683441E-02
   1.17616653E-02
   1.24931335E-02
   1.25961304E-02
   1.28622055E-02
   1.33743286E-02
   1.34925842E-02
   1.50413513E-02
   1.63908005E-02
   1.83830261E-02
   1.91955566E-02
   2.62174606E-02
   3.14378738E-02
