#Npts     Radius    Mag      Completeness
#   38  988.4172  -15.058818 1.000000
# Verr
  -1.37290955E-02
  -1.02052689E-02
  -9.50717926E-03
  -8.66031647E-03
  -7.86113739E-03
  -7.86113739E-03
  -6.89983368E-03
  -6.03580475E-03
  -5.62953949E-03
  -5.36537170E-03
  -4.59957123E-03
  -4.24289703E-03
  -3.53336334E-03
  -3.44276428E-03
  -3.30829620E-03
  -3.06892395E-03
  -2.45571136E-03
  -2.34794617E-03
  -1.86920166E-03
  -1.49154663E-03
  -7.97271729E-04
  -7.56263733E-04
  -5.74111938E-04
  -3.62396240E-04
  -2.09808350E-04
  -6.38961792E-05
   8.11576843E-04
   9.54627991E-04
   1.35135651E-03
   1.37424469E-03
   2.02941895E-03
   2.57492065E-03
   3.03649902E-03
   3.11088562E-03
   3.78608704E-03
   4.17232513E-03
   5.29384613E-03
   1.85031891E-02
