#Npts     Radius    Mag      Completeness
#   49 1275.0583  -14.633363 1.000000
# Verr
  -8.44860077E-03
  -7.09819794E-03
  -6.42108917E-03
  -6.00910187E-03
  -5.55133820E-03
  -5.45597076E-03
  -4.92668152E-03
  -4.80175018E-03
  -4.77886200E-03
  -4.48417664E-03
  -3.43799591E-03
  -3.21674347E-03
  -2.93254852E-03
  -2.68554688E-03
  -2.50625610E-03
  -2.47859955E-03
  -2.24208832E-03
  -2.04563141E-03
  -1.96552277E-03
  -1.74045563E-03
  -1.70898438E-03
  -1.55735016E-03
  -9.59396362E-04
  -6.77108765E-04
  -5.28335571E-04
  -4.57763672E-04
   5.05447388E-04
   5.29289246E-04
   5.67436218E-04
   9.39369202E-04
   9.67025757E-04
   9.93728638E-04
   1.02138519E-03
   1.13582611E-03
   1.21307373E-03
   1.43432617E-03
   1.55258179E-03
   1.85489655E-03
   2.22873688E-03
   2.44808197E-03
   2.48813629E-03
   2.51102448E-03
   2.51579285E-03
   2.53391266E-03
   2.99453735E-03
   3.44753265E-03
   3.48091125E-03
   4.90188599E-03
   5.72872162E-03
