#Npts     Radius    Mag      Completeness
#   61 1690.1936  -14.207909 1.000000
# Verr
  -1.55124664E-02
  -9.69600677E-03
  -7.81250000E-03
  -7.42053986E-03
  -7.37762451E-03
  -7.27939606E-03
  -6.70242310E-03
  -5.85556030E-03
  -5.81836700E-03
  -5.66196442E-03
  -5.61809540E-03
  -5.37109375E-03
  -4.49085236E-03
  -4.25052643E-03
  -3.81660461E-03
  -3.80992889E-03
  -3.79467010E-03
  -3.39794159E-03
  -3.03554535E-03
  -2.86006927E-03
  -2.83432007E-03
  -2.66456604E-03
  -2.42519379E-03
  -2.22778320E-03
  -2.20394135E-03
  -2.11048126E-03
  -1.96743011E-03
  -1.84726715E-03
  -1.22833252E-03
  -9.27925110E-04
  -6.88552856E-04
  -5.61714172E-04
  -1.85012817E-04
  -1.59263611E-04
   5.72204590E-06
   6.07490540E-04
   8.13484192E-04
   1.41811371E-03
   1.88446045E-03
   1.88446045E-03
   2.04753876E-03
   2.06947327E-03
   2.12192535E-03
   2.17247009E-03
   2.20775604E-03
   2.23255157E-03
   2.79998779E-03
   2.83432007E-03
   2.92778015E-03
   2.95734406E-03
   3.40080261E-03
   3.97777557E-03
   4.42790985E-03
   4.45270538E-03
   4.61578369E-03
   5.85746765E-03
   5.92899323E-03
   6.45637512E-03
   7.88116455E-03
   1.76916122E-02
   1.99441910E-02
