#Npts     Radius    Mag      Completeness
#  244  444.7878  -13.995181 1.000000
# Verr
  -3.15589905E-02
  -2.32534409E-02
  -2.24628448E-02
  -2.05783844E-02
  -1.89943314E-02
  -1.79615021E-02
  -1.63469315E-02
  -1.48124695E-02
  -1.26543045E-02
  -1.26247406E-02
  -1.19304657E-02
  -1.19037628E-02
  -1.12953186E-02
  -1.07374191E-02
  -1.05075836E-02
  -1.03788376E-02
  -9.91249084E-03
  -9.13429260E-03
  -8.88442993E-03
  -8.26072693E-03
  -8.13198090E-03
  -7.66563416E-03
  -7.63320923E-03
  -7.60173798E-03
  -7.52067566E-03
  -7.36713409E-03
  -6.88838959E-03
  -6.00433350E-03
  -5.79643250E-03
  -5.65624237E-03
  -5.24711609E-03
  -5.20420074E-03
  -4.98294830E-03
  -4.95815277E-03
  -4.92000580E-03
  -4.89521027E-03
  -4.73594666E-03
  -4.48036194E-03
  -4.36019897E-03
  -4.23717499E-03
  -3.94821167E-03
  -3.92627716E-03
  -3.77273560E-03
  -3.72791290E-03
  -3.57913971E-03
  -3.57532501E-03
  -3.57246399E-03
  -3.48854065E-03
  -3.27205658E-03
  -2.93064117E-03
  -2.89916992E-03
  -2.69222260E-03
  -2.64739990E-03
  -2.55012512E-03
  -2.45189667E-03
  -2.26879120E-03
  -2.19917297E-03
  -2.14862823E-03
  -2.14004517E-03
  -2.01988220E-03
  -1.98936462E-03
  -1.87969208E-03
  -1.87587738E-03
  -1.80339813E-03
  -1.72233582E-03
  -1.70040131E-03
  -1.70040131E-03
  -1.66034698E-03
  -1.61170959E-03
  -1.58119202E-03
  -1.58119202E-03
  -1.55639648E-03
  -1.55258179E-03
  -1.49250031E-03
  -1.48963928E-03
  -1.48677826E-03
  -1.43337250E-03
  -1.41620636E-03
  -1.39331818E-03
  -1.28173828E-03
  -1.15203857E-03
  -1.11579895E-03
  -1.05762482E-03
  -1.05285645E-03
  -8.81195068E-04
  -8.45909119E-04
  -8.34465027E-04
  -7.01904297E-04
  -6.84738159E-04
  -6.49452209E-04
  -4.42504883E-04
  -4.21524048E-04
  -2.86102295E-04
  -2.66075134E-04
  -2.32696533E-04
  -2.10762024E-04
  -1.68800354E-04
  -8.20159912E-05
  -5.62667847E-05
   3.43322754E-05
   5.62667847E-05
   9.82284546E-05
   1.19209290E-04
   1.94549561E-04
   2.24113464E-04
   2.88009644E-04
   3.46183777E-04
   4.41551208E-04
   5.03540039E-04
   5.21659851E-04
   6.78062439E-04
   7.07626343E-04
   7.54356384E-04
   8.77380371E-04
   8.78334045E-04
   9.05990601E-04
   9.66072083E-04
   1.12819672E-03
   1.13105774E-03
   1.18732452E-03
   1.26457214E-03
   1.32560730E-03
   1.34181976E-03
   1.47151947E-03
   1.53064728E-03
   1.64508820E-03
   1.64985657E-03
   1.68991089E-03
   1.78527832E-03
   1.79767609E-03
   1.94072723E-03
   2.05326080E-03
   2.16293335E-03
   2.27165222E-03
   2.38037109E-03
   2.46715546E-03
   2.49767303E-03
   2.58922577E-03
   2.59590149E-03
   2.61878967E-03
   2.62832642E-03
   2.79808044E-03
   2.87055969E-03
   2.90489197E-03
   2.97069550E-03
   3.03268433E-03
   3.11279297E-03
   3.15093994E-03
   3.20529938E-03
   3.21960449E-03
   3.25012207E-03
   3.34453583E-03
   3.41415405E-03
   3.41415405E-03
   3.51715088E-03
   3.58963013E-03
   3.64589691E-03
   3.65066528E-03
   3.77559662E-03
   3.87287140E-03
   3.89194489E-03
   3.90338898E-03
   3.97205353E-03
   4.00066376E-03
   4.12464142E-03
   4.20570374E-03
   4.32014465E-03
   4.49371338E-03
   4.52232361E-03
   4.54330444E-03
   4.55570221E-03
   4.55856323E-03
   4.71305847E-03
   4.77695465E-03
   4.86660004E-03
   5.34629822E-03
   5.39970398E-03
   5.40161133E-03
   5.40637970E-03
   5.46646118E-03
   5.55706024E-03
   5.58567047E-03
   5.61809540E-03
   5.63621521E-03
   5.70297241E-03
   5.77449799E-03
   5.81741333E-03
   5.96332550E-03
   6.11495972E-03
   6.56509399E-03
   6.83307648E-03
   6.85977936E-03
   6.91413879E-03
   7.20214844E-03
   7.28988647E-03
   7.39288330E-03
   7.39479065E-03
   7.40051270E-03
   7.42912292E-03
   7.75337219E-03
   7.84778595E-03
   7.93457031E-03
   7.98606873E-03
   8.25691223E-03
   8.57830048E-03
   8.90445709E-03
   8.98170471E-03
   9.33361053E-03
   9.39369202E-03
   9.72652435E-03
   1.00746155E-02
   1.01070404E-02
   1.05123520E-02
   1.05667114E-02
   1.11408234E-02
   1.12829208E-02
   1.16367340E-02
   1.16586685E-02
   1.18541718E-02
   1.20449066E-02
   1.22032166E-02
   1.22928619E-02
   1.23853683E-02
   1.29470825E-02
   1.34572983E-02
   1.37605667E-02
   1.40419006E-02
   1.50642395E-02
   1.52187347E-02
   1.52702332E-02
   1.72739029E-02
   1.73978806E-02
   1.76496506E-02
   1.84183121E-02
   1.84659958E-02
   1.92174911E-02
   1.93424225E-02
   1.96857452E-02
   1.97086334E-02
   2.17008591E-02
   2.49967575E-02
   2.62346268E-02
   2.65541077E-02
   3.02276611E-02
