#Npts     Radius    Mag      Completeness
#   57 1482.6260  -14.207909 1.000000
# Verr
  -1.82847977E-02
  -1.00450516E-02
  -9.89627838E-03
  -9.26685333E-03
  -9.24873352E-03
  -7.75051117E-03
  -5.75637817E-03
  -5.69438934E-03
  -5.62572479E-03
  -5.61809540E-03
  -5.16223907E-03
  -5.00297546E-03
  -4.56237793E-03
  -4.21619415E-03
  -3.68213654E-03
  -3.65829468E-03
  -3.56006622E-03
  -3.25393677E-03
  -3.06415558E-03
  -2.90393829E-03
  -2.53391266E-03
  -2.36034393E-03
  -2.09999084E-03
  -1.82342529E-03
  -1.77955627E-03
  -1.56211853E-03
  -1.54209137E-03
  -1.47056580E-03
  -8.84056091E-04
  -8.19206238E-04
  -5.41687012E-04
  -4.06265259E-04
  -1.83105469E-04
  -1.02043152E-04
   8.15391541E-04
   1.07479095E-03
   1.30176544E-03
   1.97792053E-03
   2.01320648E-03
   2.04277039E-03
   2.10571289E-03
   2.38132477E-03
   2.42900848E-03
   2.65502930E-03
   3.00312042E-03
   3.28540802E-03
   3.50093842E-03
   4.61864471E-03
   4.73976135E-03
   4.84943390E-03
   5.16700745E-03
   5.28430939E-03
   5.35488129E-03
   5.92517853E-03
   6.76345825E-03
   8.49723816E-03
   9.36698914E-03
