#Npts     Radius    Mag      Completeness
#  104 1275.0583  -13.569727 1.000000
# Verr
  -1.99394226E-02
  -1.96523666E-02
  -1.17006302E-02
  -6.45160675E-03
  -6.02340698E-03
  -5.91278076E-03
  -5.27477264E-03
  -5.26428223E-03
  -4.40025330E-03
  -4.04739380E-03
  -3.65352631E-03
  -3.51905823E-03
  -3.36647034E-03
  -3.19862366E-03
  -3.18241119E-03
  -3.16524506E-03
  -3.15189362E-03
  -3.07655334E-03
  -3.00598145E-03
  -2.88295746E-03
  -2.69126892E-03
  -2.60829926E-03
  -2.53105164E-03
  -2.51102448E-03
  -2.47383118E-03
  -2.42042542E-03
  -2.40707397E-03
  -2.02941895E-03
  -1.85298920E-03
  -1.62696838E-03
  -1.56211853E-03
  -1.43623352E-03
  -1.39331818E-03
  -1.27506256E-03
  -1.14822388E-03
  -1.13964081E-03
  -1.04331970E-03
  -9.94682312E-04
  -7.97271729E-04
  -7.21931458E-04
  -6.58035278E-04
  -5.85556030E-04
  -4.69207764E-04
  -3.95774841E-04
  -3.88145447E-04
  -3.07083130E-04
  -1.83105469E-04
  -8.77380371E-05
   1.11579895E-04
   2.87055969E-04
   4.11033630E-04
   6.18934631E-04
   7.28607178E-04
   7.41004944E-04
   7.68661499E-04
   8.32557678E-04
   8.76426697E-04
   9.85145569E-04
   1.02424622E-03
   1.05476379E-03
   1.10816956E-03
   1.17301941E-03
   1.26647949E-03
   1.29318237E-03
   1.29604340E-03
   1.34086609E-03
   1.45530701E-03
   1.90067291E-03
   1.98364258E-03
   2.01034546E-03
   2.05802917E-03
   2.11906433E-03
   2.20966339E-03
   2.45189667E-03
   2.65216827E-03
   2.77900696E-03
   2.78949738E-03
   2.88677216E-03
   3.02028656E-03
   3.14235687E-03
   3.38459015E-03
   3.78417969E-03
   3.94344330E-03
   4.29630280E-03
   4.71305847E-03
   4.78649139E-03
   5.28049469E-03
   5.51033020E-03
   5.75160980E-03
   5.81741333E-03
   5.95378876E-03
   6.08825684E-03
   6.49452209E-03
   6.72817230E-03
   7.92694092E-03
   8.04615021E-03
   8.46767426E-03
   9.43851471E-03
   1.00746155E-02
   1.04017258E-02
   1.24101639E-02
   1.26047134E-02
   1.49497986E-02
   1.57356262E-02
