#Npts     Radius    Mag      Completeness
#   96 1275.0583  -13.356999 1.000000
# Verr
  -1.57880783E-02
  -1.39541626E-02
  -7.37762451E-03
  -7.26222992E-03
  -6.01673126E-03
  -5.99765778E-03
  -5.81836700E-03
  -5.81741333E-03
  -5.77259064E-03
  -5.41400909E-03
  -5.17749786E-03
  -5.01441956E-03
  -4.94480133E-03
  -4.89044189E-03
  -4.70829010E-03
  -4.62055206E-03
  -4.22573090E-03
  -4.06455994E-03
  -3.90911102E-03
  -3.73077393E-03
  -3.58009338E-03
  -3.37982178E-03
  -3.20053101E-03
  -2.69031525E-03
  -2.67219543E-03
  -2.66265869E-03
  -2.18868256E-03
  -2.17151642E-03
  -2.14195251E-03
  -2.04277039E-03
  -2.02178955E-03
  -2.00080872E-03
  -1.81865692E-03
  -1.74236298E-03
  -1.54304504E-03
  -1.53160095E-03
  -1.37424469E-03
  -1.25217438E-03
  -1.24454498E-03
  -9.62257385E-04
  -6.09397888E-04
  -5.99861145E-04
  -3.17573547E-04
  -2.97546387E-04
  -2.70843506E-04
  -2.02178955E-04
  -2.01225281E-04
  -1.42097473E-04
  -9.53674316E-05
  -3.81469727E-06
   5.81741333E-04
   6.31332397E-04
   7.99179077E-04
   1.01566315E-03
   1.01757050E-03
   1.09958649E-03
   1.35421753E-03
   1.36375427E-03
   1.49440765E-03
   1.88922882E-03
   1.94072723E-03
   2.11811066E-03
   2.43663788E-03
   2.54249573E-03
   2.57873535E-03
   2.61878967E-03
   2.62737274E-03
   2.86960602E-03
   2.88391113E-03
   2.92301178E-03
   3.04031372E-03
   3.16715240E-03
   3.24058533E-03
   3.46183777E-03
   3.54862213E-03
   3.57341766E-03
   3.66878510E-03
   3.74794006E-03
   3.84330750E-03
   3.98159027E-03
   4.16278839E-03
   4.47368622E-03
   4.55856323E-03
   4.67205048E-03
   4.67205048E-03
   5.59425354E-03
   5.77068329E-03
   6.34002686E-03
   6.73961639E-03
   7.01808929E-03
   7.51590729E-03
   8.86631012E-03
   8.96549225E-03
   1.01976395E-02
   1.24454498E-02
   2.64081955E-02
