#Npts     Radius    Mag      Completeness
#  259  444.7878  -13.782454 1.000000
# Verr
  -3.56359482E-02
  -3.50341797E-02
  -2.69975662E-02
  -2.30178833E-02
  -2.12669373E-02
  -2.10809708E-02
  -1.98745728E-02
  -1.68714523E-02
  -1.62019730E-02
  -1.45740509E-02
  -1.43728256E-02
  -1.30834579E-02
  -1.30243301E-02
  -1.27077103E-02
  -1.23529434E-02
  -1.14564896E-02
  -1.03530884E-02
  -9.46903229E-03
  -9.20772552E-03
  -9.01985168E-03
  -8.28933716E-03
  -7.52353668E-03
  -7.08389282E-03
  -7.00473785E-03
  -6.48498535E-03
  -6.31523132E-03
  -5.93280792E-03
  -5.56850433E-03
  -5.43403625E-03
  -5.28526306E-03
  -5.21945953E-03
  -5.14507294E-03
  -5.00106812E-03
  -4.99534607E-03
  -4.83608246E-03
  -4.60815430E-03
  -4.53186035E-03
  -4.40406799E-03
  -4.37641144E-03
  -4.29725647E-03
  -4.26006317E-03
  -4.23431396E-03
  -4.05025482E-03
  -3.95393372E-03
  -3.91578674E-03
  -3.91578674E-03
  -3.88050079E-03
  -3.77368927E-03
  -3.75461578E-03
  -3.70693207E-03
  -3.63731384E-03
  -3.61156464E-03
  -3.51142883E-03
  -3.26442719E-03
  -3.26251984E-03
  -2.87914276E-03
  -2.59590149E-03
  -2.18868256E-03
  -1.92356110E-03
  -1.86443329E-03
  -1.83582306E-03
  -1.83391571E-03
  -1.76715851E-03
  -1.73473358E-03
  -1.69849396E-03
  -1.46865845E-03
  -1.43432617E-03
  -1.39904022E-03
  -1.36566162E-03
  -1.23310089E-03
  -1.09863281E-03
  -1.04522705E-03
  -9.71794128E-04
  -9.24110413E-04
  -7.80105591E-04
  -7.76290894E-04
  -7.74383545E-04
  -5.29289246E-04
  -4.60624695E-04
  -4.41551208E-04
  -3.79562378E-04
  -3.21388245E-04
  -3.11851501E-04
  -1.39236450E-04
  -1.39236450E-04
   2.47955322E-05
   2.57492065E-05
   1.08718872E-04
   1.85966492E-04
   2.11715698E-04
   2.12669373E-04
   2.63214111E-04
   4.08172607E-04
   5.37872314E-04
   5.55038452E-04
   5.94139099E-04
   6.05583191E-04
   6.19888306E-04
   6.57081604E-04
   7.25746155E-04
   7.93457031E-04
   8.25881958E-04
   8.62121582E-04
   8.85009766E-04
   9.06944275E-04
   9.32693481E-04
   1.13868713E-03
   1.25980377E-03
   1.30271912E-03
   1.33609772E-03
   1.34944916E-03
   1.35707855E-03
   1.36947632E-03
   1.42574310E-03
   1.44290924E-03
   1.45244598E-03
   1.52587891E-03
   1.56593323E-03
   1.56784058E-03
   1.69563293E-03
   1.71279907E-03
   1.74236298E-03
   1.75189972E-03
   1.83677673E-03
   1.85012817E-03
   1.93023682E-03
   1.94644928E-03
   2.05612183E-03
   2.10189819E-03
   2.20298767E-03
   2.22301483E-03
   2.27069855E-03
   2.29549408E-03
   2.32124329E-03
   2.34889984E-03
   2.35939026E-03
   2.44808197E-03
   2.55393982E-03
   2.56729126E-03
   2.56729126E-03
   2.73990631E-03
   2.82192230E-03
   2.93731689E-03
   2.98881531E-03
   3.31783295E-03
   3.34644318E-03
   3.36360931E-03
   3.37791443E-03
   3.41987610E-03
   3.51810455E-03
   3.54003906E-03
   3.59725952E-03
   3.62205505E-03
   3.67546082E-03
   3.77941132E-03
   3.78513336E-03
   3.79562378E-03
   3.86619568E-03
   3.88908386E-03
   3.91864777E-03
   3.94725800E-03
   3.99208069E-03
   4.06265259E-03
   4.21333313E-03
   4.32968140E-03
   4.34017181E-03
   4.40216064E-03
   4.44126129E-03
   4.50897217E-03
   4.58526611E-03
   4.69017029E-03
   4.71115112E-03
   4.79984283E-03
   4.83608246E-03
   5.09452820E-03
   5.09548187E-03
   5.14984131E-03
   5.40161133E-03
   5.43785095E-03
   5.50460815E-03
   5.51223755E-03
   5.51795959E-03
   5.57041168E-03
   5.60474396E-03
   5.68675995E-03
   6.09302521E-03
   6.20555878E-03
   6.27899170E-03
   6.37817383E-03
   6.44207001E-03
   6.50119781E-03
   6.52313232E-03
   6.58035278E-03
   6.58035278E-03
   6.59656525E-03
   6.67572021E-03
   6.69479370E-03
   6.87980652E-03
   7.01332092E-03
   7.02857971E-03
   7.24220276E-03
   7.25650787E-03
   7.46726990E-03
   7.81631470E-03
   7.94029236E-03
   7.98320770E-03
   7.99465179E-03
   8.43334198E-03
   8.61358643E-03
   8.84342194E-03
   8.91208649E-03
   9.03606415E-03
   9.10282135E-03
   9.49764252E-03
   9.56630707E-03
   9.89723206E-03
   9.90295410E-03
   1.00116730E-02
   1.00679398E-02
   1.02167130E-02
   1.02977753E-02
   1.03073120E-02
   1.06258392E-02
   1.07898712E-02
   1.08051300E-02
   1.09710693E-02
   1.10750198E-02
   1.14421844E-02
   1.19123459E-02
   1.20573044E-02
   1.22509003E-02
   1.22747421E-02
   1.24530792E-02
   1.27124786E-02
   1.28717422E-02
   1.42927170E-02
   1.50279999E-02
   1.53141022E-02
   1.56583786E-02
   1.58271790E-02
   1.73587799E-02
   1.84907913E-02
   1.95837021E-02
   1.96208954E-02
   2.01148987E-02
   2.06470490E-02
   2.07767487E-02
   2.12240219E-02
   2.26850510E-02
   2.41975784E-02
   2.62727737E-02
   2.83365250E-02
   2.92644501E-02
   2.93979645E-02
   3.08427811E-02
   3.15093994E-02
   3.24449539E-02
   3.28140259E-02
   3.66420746E-02
