#Npts     Radius    Mag      Completeness
#  105 1067.4907  -13.569727 1.000000
# Verr
  -2.06403732E-02
  -1.30052567E-02
  -1.19304657E-02
  -9.05704498E-03
  -7.56454468E-03
  -7.55405426E-03
  -7.35282898E-03
  -7.04097748E-03
  -6.83021545E-03
  -5.99575043E-03
  -5.99002838E-03
  -5.96809387E-03
  -5.83553314E-03
  -5.42259216E-03
  -5.10597229E-03
  -5.02967834E-03
  -4.92477417E-03
  -4.70542908E-03
  -4.40311432E-03
  -4.22573090E-03
  -3.97109985E-03
  -3.59344482E-03
  -3.34835052E-03
  -3.28636169E-03
  -3.25870514E-03
  -2.69985199E-03
  -2.69126892E-03
  -2.62355804E-03
  -2.50244141E-03
  -2.48813629E-03
  -2.30979919E-03
  -2.24590302E-03
  -1.93405151E-03
  -1.88350677E-03
  -1.83868408E-03
  -1.45721436E-03
  -1.31034851E-03
  -1.29508972E-03
  -1.24835968E-03
  -1.22451782E-03
  -1.08718872E-03
  -1.05094910E-03
  -1.02138519E-03
  -9.79423523E-04
  -8.05854797E-04
  -7.97271729E-04
  -4.67300415E-04
  -4.44412231E-04
  -4.38690186E-04
  -4.10079956E-05
   1.62124634E-05
   4.40597534E-04
   4.84466553E-04
   8.70704651E-04
   8.73565674E-04
   8.90731812E-04
   9.88006592E-04
   1.13201141E-03
   1.14631653E-03
   1.19972229E-03
   1.23882294E-03
   1.33037567E-03
   1.48773193E-03
   1.67465210E-03
   1.71375275E-03
   1.72901154E-03
   1.79481506E-03
   1.86729431E-03
   1.99317932E-03
   2.17628479E-03
   2.24971771E-03
   2.30503082E-03
   2.48146057E-03
   2.58350372E-03
   2.59017944E-03
   2.90393829E-03
   2.90489197E-03
   3.19957733E-03
   3.32641602E-03
   3.34262848E-03
   3.51524353E-03
   3.56101990E-03
   3.67164612E-03
   4.05406952E-03
   4.05502319E-03
   4.12750244E-03
   4.53472137E-03
   5.05161285E-03
   5.43594360E-03
   5.55038452E-03
   5.69725037E-03
   5.71441650E-03
   5.96714020E-03
   6.06250763E-03
   6.07776642E-03
   6.11400604E-03
   7.44819641E-03
   7.54356384E-03
   7.98797607E-03
   8.88919830E-03
   8.88919830E-03
   1.13391876E-02
   1.44863129E-02
   2.32887268E-02
   2.54716873E-02
