#Npts     Radius    Mag      Completeness
#  107  859.9230  -14.207909 1.000000
# Verr
  -3.49588394E-02
  -3.17182541E-02
  -1.69448853E-02
  -1.27649307E-02
  -1.25789642E-02
  -1.25255585E-02
  -1.21707916E-02
  -1.20420456E-02
  -9.11426544E-03
  -8.93497467E-03
  -8.76808167E-03
  -8.61549377E-03
  -8.27217102E-03
  -8.08048248E-03
  -7.55310059E-03
  -7.55310059E-03
  -7.10773468E-03
  -6.86454773E-03
  -6.81304932E-03
  -5.62572479E-03
  -5.58471680E-03
  -5.53417206E-03
  -5.50270081E-03
  -5.16319275E-03
  -4.81128693E-03
  -4.80556488E-03
  -4.78363037E-03
  -4.36782837E-03
  -4.30583954E-03
  -4.05883789E-03
  -3.72982025E-03
  -3.66401672E-03
  -3.62014771E-03
  -3.55339050E-03
  -3.51142883E-03
  -3.14235687E-03
  -2.24399567E-03
  -2.00843811E-03
  -1.98841095E-03
  -1.61647797E-03
  -1.53636932E-03
  -1.38950348E-03
  -1.37615204E-03
  -1.32465363E-03
  -1.23119354E-03
  -1.12247467E-03
  -9.48905945E-04
  -8.39233398E-04
  -8.18252563E-04
  -6.45637512E-04
  -5.36918640E-04
  -4.45365906E-04
  -1.46865845E-04
  -1.15394592E-04
  -1.13487244E-04
   5.43594360E-05
   1.24931335E-04
   1.80244446E-04
   2.24113464E-04
   2.67028809E-04
   5.28335571E-04
   5.58853149E-04
   7.00950623E-04
   7.38143921E-04
   8.63075256E-04
   1.00517273E-03
   1.07002258E-03
   1.13582611E-03
   1.22356415E-03
   1.32751465E-03
   1.55448914E-03
   1.58119202E-03
   1.59931183E-03
   1.63459778E-03
   1.71089172E-03
   1.80912018E-03
   1.90639496E-03
   1.93119049E-03
   2.15625763E-03
   2.15721130E-03
   2.30884552E-03
   2.32315063E-03
   2.38895416E-03
   2.56919861E-03
   2.74085999E-03
   3.28540802E-03
   3.62110138E-03
   3.76319885E-03
   3.90052795E-03
   4.20761108E-03
   4.21333313E-03
   4.38594818E-03
   4.76932526E-03
   4.78363037E-03
   5.18035889E-03
   5.28717041E-03
   5.59139252E-03
   5.96046448E-03
   6.10256195E-03
   7.14111328E-03
   9.73415375E-03
   1.02062225E-02
   1.15156174E-02
   1.16901398E-02
   1.33743286E-02
   2.05059052E-02
   2.43587494E-02
