#Npts     Radius    Mag      Completeness
#   30 2105.3289  -14.420636 1.000000
# Verr
  -1.04284286E-02
  -6.17408752E-03
  -4.75406647E-03
  -4.56333160E-03
  -4.41265106E-03
  -4.21810150E-03
  -3.92818451E-03
  -3.85093689E-03
  -3.42464447E-03
  -3.33213806E-03
  -2.76660919E-03
  -2.27928162E-03
  -1.58405304E-03
  -1.25694275E-03
  -1.19304657E-03
  -6.41822815E-04
  -3.71932983E-05
   2.95639038E-05
   1.06811523E-04
   2.26020813E-04
   1.61266327E-03
   1.98936462E-03
   2.29740143E-03
   2.54917145E-03
   3.15952301E-03
   3.35311890E-03
   4.32777405E-03
   4.98771667E-03
   5.56659698E-03
   7.40814209E-03
