#Npts     Radius    Mag      Completeness
#   99 2965.2517  -14.420636 1.000000
# Verr
  -1.11875534E-02
  -1.04284286E-02
  -9.08946991E-03
  -6.29234314E-03
  -6.17408752E-03
  -5.62381744E-03
  -5.25474548E-03
  -5.06305695E-03
  -4.94480133E-03
  -4.75406647E-03
  -4.73499298E-03
  -4.69303131E-03
  -4.56333160E-03
  -4.47273254E-03
  -4.44507599E-03
  -4.41265106E-03
  -4.37545776E-03
  -4.21810150E-03
  -4.09221649E-03
  -4.00829315E-03
  -3.92818451E-03
  -3.85093689E-03
  -3.79371643E-03
  -3.77273560E-03
  -3.69739532E-03
  -3.68881226E-03
  -3.64017487E-03
  -3.42464447E-03
  -3.33213806E-03
  -3.14235687E-03
  -2.99835205E-03
  -2.90107727E-03
  -2.88486481E-03
  -2.87723541E-03
  -2.83622742E-03
  -2.76660919E-03
  -2.58350372E-03
  -2.27928162E-03
  -2.18105316E-03
  -2.12478638E-03
  -2.06470490E-03
  -2.03227997E-03
  -1.70516968E-03
  -1.58596039E-03
  -1.58405304E-03
  -1.54781342E-03
  -1.48773193E-03
  -1.39045715E-03
  -1.25694275E-03
  -1.19304657E-03
  -9.50813293E-04
  -7.01904297E-04
  -6.94274902E-04
  -6.41822815E-04
  -5.80787659E-04
  -5.17845154E-04
  -3.89099121E-04
  -2.59399414E-04
  -1.29699707E-04
  -3.71932983E-05
   2.95639038E-05
   1.06811523E-04
   2.26020813E-04
   2.56538391E-04
   7.98225403E-04
   8.29696655E-04
   8.76426697E-04
   1.41429901E-03
   1.61266327E-03
   1.64604187E-03
   1.98841095E-03
   1.98936462E-03
   1.99985504E-03
   2.09999084E-03
   2.18296051E-03
   2.27737427E-03
   2.28023529E-03
   2.29740143E-03
   2.54917145E-03
   2.72750854E-03
   2.77900696E-03
   3.02410126E-03
   3.15952301E-03
   3.35311890E-03
   3.48949432E-03
   4.12082672E-03
   4.32777405E-03
   4.56714630E-03
   4.98771667E-03
   5.56278229E-03
   5.56659698E-03
   6.59847260E-03
   7.05909729E-03
   7.40814209E-03
   7.94982910E-03
   9.55867767E-03
   1.17683411E-02
   1.33218765E-02
   2.12821960E-02
