#Npts     Radius    Mag      Completeness
#   45 1897.7612  -14.207909 1.000000
# Verr
  -8.77189636E-03
  -8.09383392E-03
  -7.47013092E-03
  -6.86931610E-03
  -6.55460358E-03
  -6.20460510E-03
  -6.07395172E-03
  -5.82027435E-03
  -5.56182861E-03
  -5.26809692E-03
  -5.16700745E-03
  -5.15460968E-03
  -4.48989868E-03
  -4.06265259E-03
  -4.01115417E-03
  -3.82423401E-03
  -3.61442566E-03
  -3.59916687E-03
  -3.56578827E-03
  -3.56388092E-03
  -3.43513489E-03
  -3.20816040E-03
  -2.38227844E-03
  -2.26974487E-03
  -2.15625763E-03
  -1.94740295E-03
  -1.92642212E-03
  -1.58691406E-03
  -1.37138367E-03
  -9.70840454E-04
  -9.48905945E-04
  -2.09808350E-04
  -1.85012817E-04
   7.90596008E-04
   2.00557709E-03
   2.07996368E-03
   2.29263306E-03
   2.91442871E-03
   3.41320038E-03
   3.50093842E-03
   3.54576111E-03
   3.78227234E-03
   4.14180756E-03
   4.87136841E-03
   6.21032715E-03
