#Npts     Radius    Mag      Completeness
#   84 1067.4907  -13.995181 1.000000
# Verr
  -1.76668167E-02
  -8.77475739E-03
  -8.62884521E-03
  -7.59696960E-03
  -7.20214844E-03
  -6.26850128E-03
  -6.06536865E-03
  -6.04057312E-03
  -5.87272644E-03
  -4.98294830E-03
  -4.94670868E-03
  -4.77123260E-03
  -4.50801849E-03
  -3.46088409E-03
  -3.45611572E-03
  -3.17573547E-03
  -3.14617157E-03
  -3.08513641E-03
  -2.98976898E-03
  -2.92682648E-03
  -2.67505646E-03
  -2.66170502E-03
  -2.64930725E-03
  -2.51770020E-03
  -2.43091583E-03
  -2.39372253E-03
  -2.37846375E-03
  -2.37464905E-03
  -2.09808350E-03
  -2.00080872E-03
  -1.33132935E-03
  -1.31702423E-03
  -1.31702423E-03
  -1.27601624E-03
  -1.04522705E-03
  -9.26971436E-04
  -8.75473022E-04
  -7.77244568E-04
  -6.28471375E-04
  -6.28471375E-04
  -2.61306763E-04
  -1.12533569E-04
  -1.07765198E-04
  -6.10351562E-05
  -2.67028809E-05
   3.81469727E-05
   1.50680542E-04
   3.50952148E-04
   6.56127930E-04
   7.10487366E-04
   8.42094421E-04
   9.24110413E-04
   9.45091248E-04
   9.77516174E-04
   1.13677979E-03
   1.30844116E-03
   1.41811371E-03
   1.44577026E-03
   1.47247314E-03
   1.56784058E-03
   1.63555145E-03
   1.63555145E-03
   1.77288055E-03
   1.77288055E-03
   1.87492371E-03
   2.00176239E-03
   2.27832794E-03
   2.40421295E-03
   2.67505646E-03
   3.05843353E-03
   3.29494476E-03
   3.59916687E-03
   3.60488892E-03
   4.05597687E-03
   4.20284271E-03
   4.26864624E-03
   4.33921814E-03
   4.43077087E-03
   4.64916229E-03
   5.36823273E-03
   5.61046600E-03
   6.23321533E-03
   2.43654251E-02
   2.96907425E-02
