#Npts     Radius    Mag      Completeness
#  314  741.3129  -14.633363 1.000000
# Verr
  -3.77979279E-02
  -3.36189270E-02
  -2.78635025E-02
  -2.65035629E-02
  -2.05039978E-02
  -1.89800262E-02
  -1.50270462E-02
  -1.15594864E-02
  -1.10092163E-02
  -1.00984573E-02
  -1.00269318E-02
  -9.32407379E-03
  -8.99410248E-03
  -8.56018066E-03
  -8.56018066E-03
  -8.26931000E-03
  -8.24642181E-03
  -8.04424286E-03
  -7.98320770E-03
  -7.96222687E-03
  -7.23075867E-03
  -7.06291199E-03
  -6.57081604E-03
  -6.49738312E-03
  -6.47830963E-03
  -6.45732880E-03
  -6.16931915E-03
  -6.05869293E-03
  -6.04534149E-03
  -5.94806671E-03
  -5.63812256E-03
  -5.56278229E-03
  -5.56087494E-03
  -5.51509857E-03
  -5.49030304E-03
  -5.18512726E-03
  -5.10597229E-03
  -4.96482849E-03
  -4.94098663E-03
  -4.55093384E-03
  -4.52518463E-03
  -4.51660156E-03
  -4.47273254E-03
  -4.40788269E-03
  -4.09507751E-03
  -4.08744812E-03
  -4.07791138E-03
  -4.06265259E-03
  -4.01973724E-03
  -3.60584259E-03
  -3.55148315E-03
  -3.48567963E-03
  -3.47423553E-03
  -3.45134735E-03
  -3.44848633E-03
  -3.41320038E-03
  -3.08322906E-03
  -3.07464600E-03
  -3.06320190E-03
  -3.05366516E-03
  -3.04412842E-03
  -2.99739838E-03
  -2.98881531E-03
  -2.54344940E-03
  -2.53582001E-03
  -2.51007080E-03
  -2.49671936E-03
  -2.49671936E-03
  -2.47955322E-03
  -2.47287750E-03
  -2.46715546E-03
  -2.45952606E-03
  -2.42424011E-03
  -2.18105316E-03
  -2.12287903E-03
  -2.09045410E-03
  -2.06851959E-03
  -2.03037262E-03
  -1.98078156E-03
  -1.95598602E-03
  -1.93214417E-03
  -1.89495087E-03
  -1.69277191E-03
  -1.59263611E-03
  -1.58500671E-03
  -1.55067444E-03
  -1.54399872E-03
  -1.54304504E-03
  -1.53636932E-03
  -1.53255463E-03
  -1.51348114E-03
  -1.48105621E-03
  -1.45816803E-03
  -1.44577026E-03
  -1.29413605E-03
  -1.21784210E-03
  -1.20162964E-03
  -1.17015839E-03
  -1.14631653E-03
  -1.11579895E-03
  -1.09386444E-03
  -1.05190277E-03
  -1.03855133E-03
  -1.02519989E-03
  -1.02138519E-03
  -1.02043152E-03
  -9.90867615E-04
  -9.65118408E-04
  -9.59396362E-04
  -9.44137573E-04
  -9.43183899E-04
  -9.18388367E-04
  -7.94410706E-04
  -7.86781311E-04
  -7.55310059E-04
  -7.31468201E-04
  -6.69479370E-04
  -5.53131104E-04
  -5.43594360E-04
  -5.35964966E-04
  -5.35964966E-04
  -5.04493713E-04
  -4.73976135E-04
  -4.64439392E-04
  -4.58717346E-04
  -4.47273254E-04
  -4.44412231E-04
  -4.11033630E-04
  -4.03404236E-04
  -3.49044800E-04
  -2.54631042E-04
  -1.61170959E-04
  -1.36375427E-04
  -1.02043152E-04
  -9.44137573E-05
  -8.01086426E-05
  -3.81469727E-06
   2.67028809E-05
   5.24520874E-05
   6.77108765E-05
   1.11579895E-04
   1.27792358E-04
   1.74522400E-04
   2.21252441E-04
   2.28881836E-04
   2.67982483E-04
   3.06129456E-04
   3.84330750E-04
   3.84330750E-04
   4.18663025E-04
   4.99725342E-04
   5.55992126E-04
   6.43730164E-04
   6.43730164E-04
   7.13348389E-04
   8.45909119E-04
   8.63075256E-04
   9.17434692E-04
   9.19342041E-04
   9.41276550E-04
   9.67025757E-04
   9.77516174E-04
   9.95635986E-04
   1.00898743E-03
   1.04808807E-03
   1.06525421E-03
   1.06525421E-03
   1.08909607E-03
   1.21307373E-03
   1.30653381E-03
   1.37042999E-03
   1.45435333E-03
   1.45816803E-03
   1.51062012E-03
   1.54113770E-03
   1.54113770E-03
   1.55258179E-03
   1.80625916E-03
   1.91497803E-03
   1.94835663E-03
   1.94931030E-03
   1.96361542E-03
   1.98173523E-03
   2.13527679E-03
   2.40135193E-03
   2.41088867E-03
   2.43377686E-03
   2.43949890E-03
   2.65026093E-03
   2.65026093E-03
   2.72083282E-03
   2.72941589E-03
   2.85243988E-03
   2.89821625E-03
   2.92778015E-03
   2.92778015E-03
   2.97164917E-03
   2.97546387E-03
   2.99644470E-03
   3.11946869E-03
   3.36265564E-03
   3.38649750E-03
   3.40175629E-03
   3.40175629E-03
   3.44276428E-03
   3.45230103E-03
   3.46374512E-03
   3.48281860E-03
   3.49330902E-03
   3.51810455E-03
   3.55815887E-03
   3.58009338E-03
   3.64303589E-03
   3.76796722E-03
   3.90148163E-03
   3.95298004E-03
   3.95584106E-03
   4.02545929E-03
   4.06551361E-03
   4.07218933E-03
   4.11128998E-03
   4.25148010E-03
   4.32205200E-03
   4.40979004E-03
   4.41741943E-03
   4.42600250E-03
   4.42600250E-03
   4.43077087E-03
   4.43649292E-03
   4.44316864E-03
   4.55570221E-03
   4.58526611E-03
   4.68158722E-03
   4.69684601E-03
   4.79793549E-03
   4.82368469E-03
   4.89044189E-03
   4.93335724E-03
   4.97150421E-03
   4.98580933E-03
   5.02300262E-03
   5.31578064E-03
   5.33866882E-03
   5.37872314E-03
   5.40161133E-03
   5.49983978E-03
   5.51319122E-03
   5.58757782E-03
   5.88512421E-03
   5.91754913E-03
   5.93757629E-03
   5.98812103E-03
   6.00242615E-03
   6.02912903E-03
   6.02912903E-03
   6.05201721E-03
   6.06155396E-03
   6.10351562E-03
   6.13498688E-03
   6.15024567E-03
   6.26754761E-03
   6.47258759E-03
   6.48307800E-03
   6.51073456E-03
   6.51836395E-03
   6.58798218E-03
   6.62708282E-03
   6.89315796E-03
   6.96372986E-03
   7.00187683E-03
   7.02381134E-03
   7.04097748E-03
   7.09152222E-03
   7.41481781E-03
   7.44628906E-03
   7.93933868E-03
   7.94029236E-03
   7.94887543E-03
   7.99942017E-03
   8.24260712E-03
   8.40091705E-03
   8.44287872E-03
   8.57257843E-03
   8.58783722E-03
   8.95500183E-03
   8.98456573E-03
   9.04655457E-03
   9.08184052E-03
   9.12666321E-03
   9.79042053E-03
   1.00822449E-02
   1.09634399E-02
   1.09825134E-02
   1.25484467E-02
   1.29880905E-02
   1.31492615E-02
   1.34077072E-02
   1.36175156E-02
   1.40132904E-02
   1.40228271E-02
   1.49230957E-02
   1.49545670E-02
   1.49822235E-02
   1.50709152E-02
   1.56230927E-02
   1.59149170E-02
   1.61294937E-02
   1.64899826E-02
   1.65157318E-02
   1.74703598E-02
   1.83372498E-02
   2.14042664E-02
   2.16350555E-02
   2.89955139E-02
