#Npts     Radius    Mag      Completeness
#   30 1067.4907  -15.697000 1.000000
# Verr
  -2.24227905E-02
  -1.41973495E-02
  -1.08165741E-02
  -1.06697083E-02
  -8.76998901E-03
  -7.82203674E-03
  -7.78675079E-03
  -7.71141052E-03
  -7.70092010E-03
  -6.78825378E-03
  -5.89084625E-03
  -4.03690338E-03
  -3.28731537E-03
  -2.65884399E-03
  -2.22206116E-03
  -2.00653076E-03
  -1.14917755E-03
  -3.92913818E-04
  -1.07765198E-04
   2.01129913E-03
   2.68173218E-03
   3.11565399E-03
   3.85665894E-03
   4.11701202E-03
   4.52423096E-03
   4.54425812E-03
   5.27381897E-03
   5.56468964E-03
   8.92162323E-03
   3.61433029E-02
