#Npts     Radius    Mag      Completeness
#   42 2965.2517  -15.271545 1.000000
# Verr
  -3.30467224E-02
  -1.44395828E-02
  -1.24845505E-02
  -9.19628143E-03
  -8.47530365E-03
  -7.49206543E-03
  -6.26468658E-03
  -5.51509857E-03
  -5.35869598E-03
  -3.91960144E-03
  -3.87191772E-03
  -3.80229950E-03
  -3.07559967E-03
  -2.91156769E-03
  -2.79808044E-03
  -2.61688232E-03
  -2.43568420E-03
  -2.28023529E-03
  -2.19249725E-03
  -1.83200836E-03
  -1.11103058E-03
  -3.74794006E-04
  -3.21388245E-04
  -2.60353088E-04
   1.23977661E-04
   9.35554504E-04
   1.18446350E-03
   2.53009796E-03
   2.62355804E-03
   2.63595581E-03
   3.10134888E-03
   3.11660767E-03
   3.53527069E-03
   3.65447998E-03
   4.00829315E-03
   4.09603119E-03
   4.23145294E-03
   4.74739075E-03
   5.12409210E-03
   6.40487671E-03
   6.89220428E-03
   9.27352905E-03
