#Npts     Radius    Mag      Completeness
#  115 1235.5215  -13.782454 1.000000
# Verr
  -2.18582153E-02
  -1.76944733E-02
  -1.62611008E-02
  -1.43480301E-02
  -1.08470917E-02
  -9.70458984E-03
  -8.07476044E-03
  -7.97367096E-03
  -7.57026672E-03
  -6.90937042E-03
  -6.69765472E-03
  -6.37435913E-03
  -6.36196136E-03
  -6.21700287E-03
  -5.81073761E-03
  -5.51795959E-03
  -5.33580780E-03
  -5.24997711E-03
  -5.18035889E-03
  -4.91333008E-03
  -4.90188599E-03
  -4.73213196E-03
  -4.66728210E-03
  -4.52041626E-03
  -4.25529480E-03
  -4.10079956E-03
  -4.03118134E-03
  -3.99398804E-03
  -3.95011902E-03
  -3.93772125E-03
  -3.89480591E-03
  -3.89289856E-03
  -3.85856628E-03
  -3.76224518E-03
  -3.74221802E-03
  -3.62682343E-03
  -3.22055817E-03
  -2.93064117E-03
  -2.91728973E-03
  -2.83336639E-03
  -2.70938873E-03
  -2.51388550E-03
  -2.50339508E-03
  -2.47859955E-03
  -2.37941742E-03
  -2.10666656E-03
  -2.07710266E-03
  -2.01129913E-03
  -1.97029114E-03
  -1.88255310E-03
  -1.62220001E-03
  -1.49917603E-03
  -1.47533417E-03
  -1.47533417E-03
  -1.26075745E-03
  -1.23310089E-03
  -1.19686127E-03
  -1.03950500E-03
  -9.76562500E-04
  -9.02175903E-04
  -7.64846802E-04
  -6.60896301E-04
  -2.10762024E-04
  -1.57356262E-04
  -2.00271606E-05
   2.01225281E-04
   3.17573547E-04
   3.21388245E-04
   3.91006470E-04
   4.78744507E-04
   5.72204590E-04
   6.07490540E-04
   6.19888306E-04
   7.31468201E-04
   7.31468201E-04
   7.75337219E-04
   8.75473022E-04
   9.26971436E-04
   1.25694275E-03
   1.45244598E-03
   1.64318085E-03
   1.73091888E-03
   1.85871124E-03
   1.89590454E-03
   2.02846527E-03
   2.11524963E-03
   2.14290619E-03
   2.21729279E-03
   2.64739990E-03
   2.90966034E-03
   3.17668915E-03
   3.66973877E-03
   3.79085541E-03
   3.80802155E-03
   3.86714935E-03
   4.05311584E-03
   4.06265259E-03
   4.11796570E-03
   4.22763824E-03
   4.28390503E-03
   4.31537628E-03
   4.36019897E-03
   5.19847870E-03
   5.55896759E-03
   5.67626953E-03
   5.68675995E-03
   5.70869446E-03
   5.82504272E-03
   6.03103638E-03
   6.13784790E-03
   6.94561005E-03
   7.01332092E-03
   8.43334198E-03
   9.00363922E-03
   1.39665604E-02
