#Npts     Radius    Mag      Completeness
#   60 1897.7612  -13.569727 1.000000
# Verr
  -1.07736588E-02
  -9.70077515E-03
  -9.69123840E-03
  -9.64164734E-03
  -7.98511505E-03
  -7.79533386E-03
  -7.56454468E-03
  -7.10201263E-03
  -6.87217712E-03
  -5.61237335E-03
  -5.19752502E-03
  -4.72164154E-03
  -4.45556641E-03
  -4.30297852E-03
  -4.15802002E-03
  -3.99684906E-03
  -3.56769562E-03
  -3.50379944E-03
  -3.20529938E-03
  -3.06606293E-03
  -2.21633911E-03
  -2.20966339E-03
  -2.10952759E-03
  -2.08377838E-03
  -1.86634064E-03
  -1.76239014E-03
  -1.74713135E-03
  -1.52683258E-03
  -1.35898590E-03
  -1.35898590E-03
  -1.27792358E-03
  -1.27506256E-03
  -9.36508179E-04
  -9.26017761E-04
  -5.14984131E-04
  -1.52587891E-04
   2.22206116E-04
   5.42640686E-04
   7.09533691E-04
   9.55581665E-04
   1.55353546E-03
   2.00748444E-03
   2.15435028E-03
   2.19058990E-03
   2.43282318E-03
   2.97832489E-03
   3.08513641E-03
   3.33213806E-03
   3.58772278E-03
   4.82463837E-03
   5.01155853E-03
   5.06305695E-03
   5.33485413E-03
   5.90991974E-03
   7.18212128E-03
   7.19642639E-03
   7.20882416E-03
   8.50009918E-03
   1.32875443E-02
   1.82790756E-02
