#Npts     Radius    Mag      Completeness
#   59 1729.7300  -14.420636 1.000000
# Verr
  -3.31764221E-02
  -9.94682312E-03
  -8.56113434E-03
  -8.49437714E-03
  -7.88688660E-03
  -6.69670105E-03
  -6.33430481E-03
  -6.27708435E-03
  -5.46073914E-03
  -5.44452667E-03
  -5.39875031E-03
  -5.35106659E-03
  -5.33294678E-03
  -4.98294830E-03
  -4.83322144E-03
  -4.77313995E-03
  -4.14371490E-03
  -3.72028351E-03
  -3.57723236E-03
  -2.77423859E-03
  -2.46810913E-03
  -2.21824646E-03
  -1.98078156E-03
  -1.83582306E-03
  -1.56593323E-03
  -1.41716003E-03
  -1.33419037E-03
  -9.48905945E-04
  -9.25064087E-04
  -6.88552856E-04
  -6.60896301E-04
  -5.94139099E-04
  -3.15666199E-04
  -1.82151794E-04
  -1.64031982E-04
   2.78472900E-04
   5.50270081E-04
   7.57217407E-04
   1.39427185E-03
   1.41334534E-03
   1.54781342E-03
   1.54876709E-03
   2.20108032E-03
   2.40135193E-03
   2.60448456E-03
   2.71987915E-03
   2.98786163E-03
   3.15952301E-03
   3.20053101E-03
   3.30734253E-03
   3.64303589E-03
   3.68213654E-03
   4.61483002E-03
   4.96292114E-03
   4.98867035E-03
   5.29098511E-03
   8.94546509E-03
   1.14002228E-02
   1.25408173E-02
