#Npts     Radius    Mag      Completeness
#   31  988.4172  -15.271545 1.000000
# Verr
  -1.12361908E-02
  -1.09081268E-02
  -8.56304169E-03
  -4.86373901E-03
  -4.36973572E-03
  -4.03499603E-03
  -3.67069244E-03
  -2.91442871E-03
  -2.44998932E-03
  -2.44998932E-03
  -2.44903564E-03
  -2.12955475E-03
  -1.54399872E-03
  -1.30748749E-03
  -1.08528137E-03
  -4.90188599E-04
   5.98907471E-04
   9.58442688E-04
   1.28650665E-03
   1.55925751E-03
   1.63841248E-03
   2.20203400E-03
   3.02314758E-03
   3.36360931E-03
   3.41129303E-03
   4.03690338E-03
   4.05216217E-03
   4.57000732E-03
   5.34629822E-03
   6.97994232E-03
   8.69083405E-03
