#Npts     Radius    Mag      Completeness
#   66 2105.3289  -13.569727 1.000000
# Verr
  -2.38857269E-02
  -1.02462769E-02
  -1.01890564E-02
  -7.04860687E-03
  -6.99138641E-03
  -6.68334961E-03
  -6.52885437E-03
  -5.63812256E-03
  -5.59902191E-03
  -5.16891479E-03
  -4.94194031E-03
  -4.67872620E-03
  -4.52327728E-03
  -4.02545929E-03
  -3.30829620E-03
  -3.15380096E-03
  -2.65693665E-03
  -2.57873535E-03
  -2.57587433E-03
  -2.10189819E-03
  -2.04181671E-03
  -1.58119202E-03
  -1.51634216E-03
  -1.45053864E-03
  -1.27315521E-03
  -1.21974945E-03
  -9.45091248E-04
  -6.70433044E-04
  -3.86238098E-04
  -3.35693359E-04
  -1.67846680E-04
  -4.95910645E-05
   1.45912170E-04
   1.62124634E-04
   1.90734863E-04
   3.66210938E-04
   7.58171082E-04
   1.10435486E-03
   1.75380707E-03
   2.04277039E-03
   2.13241577E-03
   2.15435028E-03
   2.32982635E-03
   2.35652924E-03
   2.42519379E-03
   2.49481201E-03
   2.65598297E-03
   2.83622742E-03
   3.15093994E-03
   3.59630585E-03
   3.70693207E-03
   3.78990173E-03
   3.82995605E-03
   4.04453278E-03
   4.62722778E-03
   4.78076935E-03
   5.08117676E-03
   5.20133972E-03
   5.22613525E-03
   5.76305389E-03
   5.79071045E-03
   5.85842133E-03
   6.21795654E-03
   7.30037689E-03
   7.35282898E-03
   3.41100693E-02
