#Npts     Radius    Mag      Completeness
#  106 1235.5215  -13.995181 1.000000
# Verr
  -1.79967880E-02
  -1.76668167E-02
  -1.61695480E-02
  -9.40227509E-03
  -9.38034058E-03
  -8.77475739E-03
  -7.59696960E-03
  -7.30991364E-03
  -7.20214844E-03
  -6.66332245E-03
  -6.06536865E-03
  -6.04057312E-03
  -5.60569763E-03
  -5.53798676E-03
  -5.44548035E-03
  -5.37967682E-03
  -5.01155853E-03
  -4.77123260E-03
  -4.59957123E-03
  -4.50801849E-03
  -4.27150726E-03
  -4.07409668E-03
  -3.79848480E-03
  -3.71932983E-03
  -3.49903107E-03
  -3.46088409E-03
  -3.17573547E-03
  -3.08513641E-03
  -3.02028656E-03
  -2.95066833E-03
  -2.76851654E-03
  -2.66170502E-03
  -2.64930725E-03
  -2.64739990E-03
  -2.52056122E-03
  -2.51770020E-03
  -2.39372253E-03
  -2.28500366E-03
  -2.21633911E-03
  -1.81961060E-03
  -1.80149078E-03
  -1.66606903E-03
  -1.55735016E-03
  -1.47533417E-03
  -1.33132935E-03
  -1.05857849E-03
  -9.01222229E-04
  -8.03947449E-04
  -6.28471375E-04
  -2.61306763E-04
  -1.83105469E-04
  -1.12533569E-04
   1.27792358E-04
   4.14848328E-04
   5.14030457E-04
   5.35011292E-04
   6.44683838E-04
   7.32421875E-04
   7.65800476E-04
   7.81059265E-04
   8.42094421E-04
   9.77516174E-04
   1.13677979E-03
   1.41811371E-03
   1.63555145E-03
   1.73950195E-03
   1.77288055E-03
   1.85871124E-03
   1.87778473E-03
   2.07519531E-03
   2.07996368E-03
   2.18868256E-03
   2.27832794E-03
   2.30598450E-03
   2.36701965E-03
   2.55584717E-03
   2.64072418E-03
   2.94208527E-03
   3.05843353E-03
   3.23677063E-03
   3.29494476E-03
   3.52382660E-03
   3.57151031E-03
   3.60488892E-03
   3.65066528E-03
   3.65352631E-03
   3.96537781E-03
   3.99494171E-03
   4.02259827E-03
   4.05597687E-03
   4.20284271E-03
   4.26864624E-03
   4.43077087E-03
   4.64344025E-03
   5.03063202E-03
   5.36823273E-03
   6.15119934E-03
   6.25610352E-03
   6.80446625E-03
   7.19738007E-03
   8.60977173E-03
   8.92639160E-03
   9.33361053E-03
   1.08957291E-02
   2.05287933E-02
   2.96907425E-02
