#Npts     Radius    Mag      Completeness
#  117  741.3129  -15.271545 1.000000
# Verr
  -3.53279114E-02
  -3.35321426E-02
  -3.00683975E-02
  -1.98907852E-02
  -1.93977356E-02
  -1.89332962E-02
  -1.79681778E-02
  -1.77326202E-02
  -1.49650574E-02
  -8.82148743E-03
  -8.54301453E-03
  -8.42761993E-03
  -7.85923004E-03
  -7.12299347E-03
  -7.02762604E-03
  -6.66332245E-03
  -5.56182861E-03
  -5.45501709E-03
  -5.20992279E-03
  -5.17463684E-03
  -5.09262085E-03
  -4.95338440E-03
  -4.69398499E-03
  -4.58240509E-03
  -3.70788574E-03
  -3.68499756E-03
  -3.07464600E-03
  -3.02791595E-03
  -2.91061401E-03
  -2.86388397E-03
  -2.65884399E-03
  -2.43949890E-03
  -2.18391418E-03
  -2.16102600E-03
  -1.95026398E-03
  -1.80339813E-03
  -1.66797638E-03
  -1.29318237E-03
  -1.22547150E-03
  -1.17588043E-03
  -1.12915039E-03
  -9.75608826E-04
  -9.67025757E-04
  -8.00132751E-04
  -7.79151917E-04
  -5.41687012E-04
  -4.01496887E-04
  -3.65257263E-04
  -2.60353088E-04
  -2.24113464E-04
  -1.44004822E-04
  -1.37329102E-04
  -1.20162964E-04
  -9.82284546E-05
   1.14440918E-04
   1.39236450E-04
   2.51770020E-04
   3.48091125E-04
   6.06536865E-04
   6.30378723E-04
   7.11441040E-04
   7.36236572E-04
   7.51495361E-04
   7.70568848E-04
   8.52584839E-04
   1.17015839E-03
   1.31130219E-03
   1.60121918E-03
   1.60121918E-03
   1.73282623E-03
   1.80339813E-03
   1.81007385E-03
   1.82628632E-03
   1.83677673E-03
   1.89685822E-03
   1.93214417E-03
   1.94263458E-03
   2.24208832E-03
   2.34508514E-03
   2.41279602E-03
   2.42328644E-03
   2.54821777E-03
   2.76470184E-03
   2.81047821E-03
   2.94208527E-03
   3.01361084E-03
   3.11660767E-03
   3.16047668E-03
   4.16278839E-03
   4.31156158E-03
   4.52327728E-03
   4.55093384E-03
   4.69684601E-03
   4.80461121E-03
   4.96387482E-03
   5.06782532E-03
   5.16510010E-03
   5.34248352E-03
   5.35964966E-03
   5.51223755E-03
   5.62191010E-03
   5.81359863E-03
   5.81645966E-03
   5.87368011E-03
   6.04724884E-03
   6.04724884E-03
   6.10733032E-03
   6.17504120E-03
   6.84547424E-03
   7.04288483E-03
   7.52353668E-03
   7.57312775E-03
   9.17148590E-03
   1.08528137E-02
   1.27878189E-02
   1.29909515E-02
   1.60608292E-02
