#Npts     Radius    Mag      Completeness
#  253  741.3129  -14.846090 1.000000
# Verr
  -1.21097565E-02
  -1.20649338E-02
  -1.17397308E-02
  -1.10349655E-02
  -8.93402100E-03
  -7.93933868E-03
  -7.84111023E-03
  -7.64274597E-03
  -7.09152222E-03
  -7.09152222E-03
  -6.90269470E-03
  -6.83116913E-03
  -6.69288635E-03
  -6.13784790E-03
  -5.80978394E-03
  -5.50842285E-03
  -5.27763367E-03
  -5.14793396E-03
  -5.00774384E-03
  -4.87613678E-03
  -4.71210480E-03
  -4.62436676E-03
  -4.56714630E-03
  -4.48989868E-03
  -4.31060791E-03
  -4.17518616E-03
  -4.10747528E-03
  -4.09507751E-03
  -4.07028198E-03
  -3.96156311E-03
  -3.92055511E-03
  -3.86810303E-03
  -3.81374359E-03
  -3.79467010E-03
  -3.78704071E-03
  -3.75175476E-03
  -3.74221802E-03
  -3.69262695E-03
  -3.68499756E-03
  -3.58295441E-03
  -3.22246552E-03
  -3.18336487E-03
  -3.15570831E-03
  -3.01551819E-03
  -2.97546387E-03
  -2.92491913E-03
  -2.90107727E-03
  -2.81906128E-03
  -2.79140472E-03
  -2.79140472E-03
  -2.72083282E-03
  -2.52723694E-03
  -2.50053406E-03
  -2.47573853E-03
  -2.46524811E-03
  -2.42519379E-03
  -2.36034393E-03
  -2.34413147E-03
  -2.30407715E-03
  -2.24685669E-03
  -2.09236145E-03
  -1.99699402E-03
  -1.93786621E-03
  -1.92642212E-03
  -1.89304352E-03
  -1.83200836E-03
  -1.79481506E-03
  -1.74236298E-03
  -1.74236298E-03
  -1.70326233E-03
  -1.56784058E-03
  -1.49154663E-03
  -1.47151947E-03
  -1.44386292E-03
  -1.37805939E-03
  -1.34468079E-03
  -1.31988525E-03
  -1.26457214E-03
  -1.23119354E-03
  -1.23119354E-03
  -1.22451782E-03
  -1.11675262E-03
  -1.10721588E-03
  -1.09386444E-03
  -1.07383728E-03
  -1.04808807E-03
  -8.78334045E-04
  -8.28742981E-04
  -8.12530518E-04
  -7.67707825E-04
  -7.41004944E-04
  -6.38961792E-04
  -6.13212585E-04
  -5.35964966E-04
  -3.52859497E-04
  -3.45230103E-04
  -3.25202942E-04
  -2.64167786E-04
  -2.05993652E-04
  -2.01225281E-04
  -4.48226929E-05
  -1.81198120E-05
   2.09808350E-05
   4.86373901E-05
   5.14984131E-05
   5.62667847E-05
   7.43865967E-05
   7.72476196E-05
   1.14440918E-04
   1.48773193E-04
   1.72615051E-04
   2.06947327E-04
   2.11715698E-04
   2.13623047E-04
   2.68936157E-04
   3.97682190E-04
   4.91142273E-04
   5.33103943E-04
   7.13348389E-04
   8.62121582E-04
   8.82148743E-04
   8.83102417E-04
   9.24110413E-04
   1.09004974E-03
   1.12915039E-03
   1.19113922E-03
   1.21879578E-03
   1.22737885E-03
   1.23214722E-03
   1.27124786E-03
   1.29699707E-03
   1.29985809E-03
   1.35326385E-03
   1.36852264E-03
   1.39331818E-03
   1.39713287E-03
   1.39808655E-03
   1.42955780E-03
   1.46293640E-03
   1.47247314E-03
   1.47247314E-03
   1.56402588E-03
   1.58023834E-03
   1.60217285E-03
   1.61075592E-03
   1.64890289E-03
   1.86920166E-03
   1.91593170E-03
   1.94644928E-03
   1.98841095E-03
   2.01416016E-03
   2.12478638E-03
   2.16102600E-03
   2.19345093E-03
   2.20203400E-03
   2.26783752E-03
   2.37941742E-03
   2.39753723E-03
   2.39753723E-03
   2.39849091E-03
   2.44808197E-03
   2.51102448E-03
   2.51483917E-03
   2.52723694E-03
   2.57873535E-03
   2.61878967E-03
   2.63881683E-03
   2.67314911E-03
   2.69031525E-03
   2.69412994E-03
   2.87914276E-03
   2.94399261E-03
   3.14807892E-03
   3.17764282E-03
   3.19957733E-03
   3.23200226E-03
   3.23200226E-03
   3.35216522E-03
   3.60202789E-03
   3.60298157E-03
   3.70979309E-03
   3.75843048E-03
   3.84330750E-03
   3.98159027E-03
   4.13703918E-03
   4.13894653E-03
   4.20951843E-03
   4.25815582E-03
   4.28676605E-03
   4.28867340E-03
   4.29344177E-03
   4.53567505E-03
   4.58240509E-03
   4.59194183E-03
   4.66632843E-03
   4.76837158E-03
   4.79316711E-03
   4.92572784E-03
   4.98485565E-03
   5.03635406E-03
   5.16033173E-03
   5.20896912E-03
   5.31387329E-03
   5.36918640E-03
   5.38444519E-03
   5.40637970E-03
   5.40733337E-03
   5.41877747E-03
   5.44452667E-03
   5.46360016E-03
   5.70392609E-03
   5.72681427E-03
   5.94329834E-03
   5.96237183E-03
   5.97667694E-03
   6.01387024E-03
   6.22081757E-03
   6.41536713E-03
   6.46400452E-03
   6.72054291E-03
   7.17163086E-03
   7.24792480E-03
   7.57217407E-03
   7.63797760E-03
   7.82299042E-03
   7.93552399E-03
   8.25691223E-03
   8.28838348E-03
   8.39424133E-03
   8.46195221E-03
   8.46195221E-03
   8.46576691E-03
   8.79764557E-03
   8.88252258E-03
   8.92543793E-03
   8.97979736E-03
   9.09328461E-03
   9.21249390E-03
   9.44423676E-03
   9.49478149E-03
   9.71889496E-03
   9.75608826E-03
   1.03139877E-02
   1.04331970E-02
   1.05628967E-02
   1.16281509E-02
   1.22547150E-02
   1.41839981E-02
   1.42307281E-02
   1.58500671E-02
   1.61342621E-02
   1.86824799E-02
   2.05869675E-02
