#Npts     Radius    Mag      Completeness
#   71 2965.2517  -13.569727 1.000000
# Verr
  -1.83773041E-02
  -1.35650635E-02
  -1.23596191E-02
  -1.13935471E-02
  -1.07374191E-02
  -9.78660583E-03
  -9.54246521E-03
  -9.15718079E-03
  -8.64601135E-03
  -8.44287872E-03
  -8.32748413E-03
  -8.09192657E-03
  -7.56359100E-03
  -7.10964203E-03
  -6.46209717E-03
  -5.33676147E-03
  -4.91333008E-03
  -4.72259521E-03
  -4.64153290E-03
  -4.44698334E-03
  -3.85761261E-03
  -3.84426117E-03
  -3.72695923E-03
  -3.49807739E-03
  -2.83718109E-03
  -2.66265869E-03
  -2.52342224E-03
  -2.35080719E-03
  -2.33650208E-03
  -2.29358673E-03
  -2.18868256E-03
  -1.84917450E-03
  -1.81484222E-03
  -1.27506256E-03
  -1.12342834E-03
  -8.55445862E-04
  -6.96182251E-04
  -6.65664673E-04
  -4.69207764E-04
  -2.15530396E-04
   1.55448914E-04
   3.34739685E-04
   5.53131104E-04
   6.59942627E-04
   8.12530518E-04
   1.01470947E-03
   1.09767914E-03
   1.44767761E-03
   1.80912018E-03
   2.02465057E-03
   2.03323364E-03
   2.09617615E-03
   2.67124176E-03
   3.27396393E-03
   3.44085693E-03
   3.49426270E-03
   3.55243683E-03
   4.15134430E-03
   4.43649292E-03
   4.60243225E-03
   4.79888916E-03
   5.33390045E-03
   6.02722168E-03
   6.20937347E-03
   6.51741028E-03
   6.63661957E-03
   8.52584839E-03
   9.64069366E-03
   1.08804703E-02
   1.22575760E-02
   1.37119293E-02
