#Npts     Radius    Mag      Completeness
#   54 2965.2517  -13.995181 1.000000
# Verr
  -1.40371323E-02
  -1.09739304E-02
  -9.32216644E-03
  -8.77285004E-03
  -7.54737854E-03
  -7.50637054E-03
  -6.49452209E-03
  -6.45065308E-03
  -5.67054749E-03
  -5.63049316E-03
  -5.47790527E-03
  -5.29766083E-03
  -5.07640839E-03
  -4.54616547E-03
  -4.48608398E-03
  -4.20665741E-03
  -3.74984741E-03
  -3.41701508E-03
  -2.96020508E-03
  -2.64739990E-03
  -2.61402130E-03
  -2.31170654E-03
  -2.05135345E-03
  -1.78718567E-03
  -1.68514252E-03
  -1.51538849E-03
  -1.46102905E-03
  -1.43527985E-03
  -1.39522552E-03
  -1.33514404E-03
  -1.01757050E-03
  -1.81198120E-04
  -1.50680542E-04
  -5.72204590E-05
   4.09126282E-04
   4.14848328E-04
   9.07897949E-04
   1.59645081E-03
   1.84535980E-03
   2.05802917E-03
   2.10094452E-03
   2.38513947E-03
   2.58731842E-03
   2.94399261E-03
   3.00025940E-03
   3.05747986E-03
   4.39167023E-03
   4.61959839E-03
   4.93240356E-03
   8.51821899E-03
   1.10168457E-02
   1.30071640E-02
   2.08101273E-02
   2.37789154E-02
