#Npts     Radius    Mag      Completeness
#   76 1235.5215  -14.420636 1.000000
# Verr
  -1.07002258E-02
  -6.65855408E-03
  -6.60610199E-03
  -6.11019135E-03
  -5.64289093E-03
  -5.51033020E-03
  -5.16033173E-03
  -4.77504730E-03
  -4.44793701E-03
  -4.36306000E-03
  -4.21810150E-03
  -3.68022919E-03
  -3.33595276E-03
  -3.31592560E-03
  -3.16047668E-03
  -3.15952301E-03
  -3.12042236E-03
  -2.57968903E-03
  -2.51674652E-03
  -2.28881836E-03
  -2.20012665E-03
  -2.02655792E-03
  -1.96933746E-03
  -1.78909302E-03
  -1.62887573E-03
  -1.09004974E-03
  -1.03282928E-03
  -8.64028931E-04
  -7.97271729E-04
  -6.03675842E-04
  -5.66482544E-04
  -5.46455383E-04
  -5.45501709E-04
  -2.38418579E-04
  -1.04904175E-05
   4.95910645E-05
   9.82284546E-05
   1.13487244E-04
   2.68936157E-04
   2.93731689E-04
   2.97546387E-04
   2.99453735E-04
   5.27381897E-04
   5.86509705E-04
   5.97953796E-04
   1.00040436E-03
   1.01184845E-03
   1.16539001E-03
   1.20258331E-03
   1.35517120E-03
   1.45149231E-03
   1.75762177E-03
   1.83486938E-03
   1.85585022E-03
   1.86538696E-03
   1.97029114E-03
   2.00939178E-03
   2.18105316E-03
   2.35366821E-03
   2.45094299E-03
   2.48813629E-03
   2.52723694E-03
   2.54726410E-03
   2.74372101E-03
   2.85148621E-03
   2.85339355E-03
   2.93159485E-03
   3.39317322E-03
   3.98826599E-03
   4.10270691E-03
   4.26769257E-03
   5.19847870E-03
   5.34248352E-03
   6.11400604E-03
   6.44779205E-03
   7.38811493E-03
