#Npts     Radius    Mag      Completeness
#   42 1235.5215  -14.846090 1.000000
# Verr
  -8.10050964E-03
  -7.25841522E-03
  -6.16836548E-03
  -5.99670410E-03
  -4.62913513E-03
  -4.42504883E-03
  -4.17518616E-03
  -4.09126282E-03
  -3.84998322E-03
  -3.59535217E-03
  -3.56292725E-03
  -3.25202942E-03
  -3.23104858E-03
  -3.20243835E-03
  -2.78759003E-03
  -2.72846222E-03
  -2.36892700E-03
  -2.30503082E-03
  -2.00653076E-03
  -1.97029114E-03
  -1.91020966E-03
  -1.79576874E-03
  -1.25980377E-03
  -1.15680695E-03
  -6.94274902E-04
  -6.79016113E-04
  -4.18663025E-04
   6.20841980E-04
   8.89778137E-04
   1.59549713E-03
   1.80530548E-03
   1.91593170E-03
   1.92260742E-03
   1.99985504E-03
   2.07424164E-03
   2.12478638E-03
   2.46620178E-03
   3.74031067E-03
   4.36019897E-03
   5.65719604E-03
   5.94806671E-03
   1.08318329E-02
