#Npts     Radius    Mag      Completeness
#   49  444.7878  -15.484272 1.000000
# Verr
  -2.93684006E-02
  -2.34661102E-02
  -1.91345215E-02
  -1.17807388E-02
  -7.71331787E-03
  -7.49588013E-03
  -7.08198547E-03
  -5.05447388E-03
  -4.90570068E-03
  -3.92341614E-03
  -3.69930267E-03
  -3.41320038E-03
  -3.16715240E-03
  -3.06415558E-03
  -2.98786163E-03
  -2.57015228E-03
  -1.51157379E-03
  -1.42574310E-03
  -1.38187408E-03
  -1.23310089E-03
  -1.20544434E-03
  -4.94003296E-04
  -4.35829163E-04
  -3.67164612E-04
  -2.48908997E-04
   4.73976135E-04
   1.07955933E-03
   1.16443634E-03
   1.20258331E-03
   1.21593475E-03
   1.28364563E-03
   2.07519531E-03
   2.40898132E-03
   3.02982330E-03
   3.29971313E-03
   3.30829620E-03
   3.72219086E-03
   3.94439697E-03
   3.95298004E-03
   4.32586670E-03
   4.63867188E-03
   5.47504425E-03
   6.15310669E-03
   7.75623322E-03
   8.58306885E-03
   9.24873352E-03
   1.06010437E-02
   1.36966705E-02
   1.49707794E-02
