#Npts     Radius    Mag      Completeness
#   45  859.9230  -15.697000 1.000000
# Verr
  -2.04801559E-02
  -1.76773071E-02
  -1.62668228E-02
  -1.56688690E-02
  -1.16176605E-02
  -1.16138458E-02
  -1.08652115E-02
  -9.53102112E-03
  -7.53974915E-03
  -7.15351105E-03
  -5.92613220E-03
  -5.78594208E-03
  -5.55706024E-03
  -5.33008575E-03
  -5.28621674E-03
  -5.24711609E-03
  -5.10406494E-03
  -5.08022308E-03
  -4.66442108E-03
  -4.48989868E-03
  -4.47082520E-03
  -2.02369690E-03
  -1.60980225E-03
   7.26699829E-04
   7.42912292E-04
   8.08715820E-04
   2.30121613E-03
   2.39467621E-03
   2.66933441E-03
   3.16429138E-03
   3.20816040E-03
   3.24630737E-03
   3.82518768E-03
   4.20761108E-03
   5.18035889E-03
   5.26428223E-03
   5.67245483E-03
   6.07776642E-03
   6.45637512E-03
   7.02476501E-03
   7.14206696E-03
   7.95173645E-03
   8.51821899E-03
   1.00440979E-02
   1.22919083E-02
