#Npts     Radius    Mag      Completeness
#  132  652.3554  -13.782454 1.000000
# Verr
  -1.82237625E-02
  -1.30443573E-02
  -1.16786957E-02
  -1.06639862E-02
  -1.02157593E-02
  -9.93156433E-03
  -9.85431671E-03
  -9.34410095E-03
  -8.74137878E-03
  -8.12625885E-03
  -6.60896301E-03
  -6.60037994E-03
  -6.31618500E-03
  -5.80215454E-03
  -5.76400757E-03
  -5.37872314E-03
  -5.16128540E-03
  -5.12790680E-03
  -5.12790680E-03
  -4.81987000E-03
  -4.54044342E-03
  -4.29916382E-03
  -4.19616699E-03
  -4.18186188E-03
  -4.03308868E-03
  -3.76129150E-03
  -3.70693207E-03
  -3.49521637E-03
  -3.25012207E-03
  -2.73132324E-03
  -2.54058838E-03
  -2.54058838E-03
  -2.48146057E-03
  -2.34317780E-03
  -2.31647491E-03
  -2.27069855E-03
  -1.83391571E-03
  -1.66988373E-03
  -1.60980225E-03
  -1.59358978E-03
  -1.36470795E-03
  -1.32942200E-03
  -1.24931335E-03
  -1.17969513E-03
  -1.17111206E-03
  -1.01089478E-03
  -9.82284546E-04
  -7.80105591E-04
  -7.70568848E-04
  -6.19888306E-04
  -4.64439392E-04
  -4.50134277E-04
  -3.33786011E-04
  -1.26838684E-04
  -3.91006470E-05
   2.81333923E-04
   4.90188599E-04
   5.02586365E-04
   5.25474548E-04
   5.32150269E-04
   5.59806824E-04
   6.40869141E-04
   8.26835632E-04
   8.37326050E-04
   1.01757050E-03
   1.03664398E-03
   1.04522705E-03
   1.14154816E-03
   1.26266479E-03
   1.34849548E-03
   1.62029266E-03
   1.63078308E-03
   1.64985657E-03
   1.90353394E-03
   1.90639496E-03
   1.92642212E-03
   1.97696686E-03
   2.05802917E-03
   2.16007233E-03
   2.48527527E-03
   2.64453888E-03
   2.85339355E-03
   2.88009644E-03
   3.02982330E-03
   3.05366516E-03
   3.06129456E-03
   3.06320190E-03
   3.17096710E-03
   3.17192078E-03
   3.52954865E-03
   3.55434418E-03
   3.71932983E-03
   3.75747681E-03
   3.76605988E-03
   4.08172607E-03
   4.21333313E-03
   4.28676605E-03
   4.32205200E-03
   4.48989868E-03
   4.67109680E-03
   5.01060486E-03
   5.14030457E-03
   5.40161133E-03
   5.48934937E-03
   5.60474396E-03
   5.64193726E-03
   5.65052032E-03
   5.72967529E-03
   5.89752197E-03
   6.07681274E-03
   6.11495972E-03
   6.11782074E-03
   6.11782074E-03
   6.22177124E-03
   6.74152374E-03
   6.74438477E-03
   6.81686401E-03
   7.04860687E-03
   7.15065002E-03
   7.86972046E-03
   8.13293457E-03
   9.01412964E-03
   9.54055786E-03
   9.75418091E-03
   1.13277435E-02
   1.14917755E-02
   1.17864609E-02
   1.27172470E-02
   1.51739120E-02
   1.69477463E-02
   1.71442032E-02
   3.08589935E-02
