#Npts     Radius    Mag      Completeness
#   53 2105.3289  -13.782454 1.000000
# Verr
  -1.04932785E-02
  -7.89451599E-03
  -7.70950317E-03
  -7.42149353E-03
  -6.79302216E-03
  -6.43253326E-03
  -5.99479675E-03
  -5.83362579E-03
  -5.69152832E-03
  -4.99153137E-03
  -4.66728210E-03
  -4.60338593E-03
  -4.48322296E-03
  -4.22382355E-03
  -4.18472290E-03
  -3.56101990E-03
  -3.14903259E-03
  -3.14903259E-03
  -3.10039520E-03
  -2.98023224E-03
  -2.93064117E-03
  -2.65121460E-03
  -2.46524811E-03
  -2.45571136E-03
  -2.15244293E-03
  -1.73187256E-03
  -1.16729736E-03
  -1.11865997E-03
  -9.40322876E-04
  -8.02993774E-04
  -9.82284546E-05
  -5.34057617E-05
  -8.58306885E-06
   5.62667847E-05
   3.76701355E-04
   9.94682312E-04
   1.05857849E-03
   1.12056732E-03
   1.25980377E-03
   1.29222870E-03
   1.29508972E-03
   1.52301788E-03
   1.98745728E-03
   3.34644318E-03
   3.36837769E-03
   3.38935852E-03
   4.02069092E-03
   5.76686859E-03
   6.50119781E-03
   7.32040405E-03
   7.85541534E-03
   8.26931000E-03
   2.65245438E-02
