#Npts     Radius    Mag      Completeness
#  420  741.3129  -13.995181 1.000000
# Verr
  -3.15589905E-02
  -2.38780975E-02
  -2.32534409E-02
  -2.24628448E-02
  -2.05783844E-02
  -1.89943314E-02
  -1.79615021E-02
  -1.63469315E-02
  -1.48124695E-02
  -1.37653351E-02
  -1.26543045E-02
  -1.26247406E-02
  -1.19304657E-02
  -1.19037628E-02
  -1.15060806E-02
  -1.12953186E-02
  -1.10254288E-02
  -1.07374191E-02
  -1.05075836E-02
  -1.03788376E-02
  -1.01222992E-02
  -1.00994110E-02
  -9.91249084E-03
  -9.13429260E-03
  -9.04369354E-03
  -8.88442993E-03
  -8.36181641E-03
  -8.26072693E-03
  -8.19015503E-03
  -8.13198090E-03
  -7.95173645E-03
  -7.66563416E-03
  -7.63320923E-03
  -7.60173798E-03
  -7.52067566E-03
  -7.36713409E-03
  -7.35378265E-03
  -7.32231140E-03
  -7.01427460E-03
  -6.88838959E-03
  -6.72912598E-03
  -6.69956207E-03
  -6.59847260E-03
  -6.40678406E-03
  -6.04534149E-03
  -6.02245331E-03
  -6.00433350E-03
  -5.94997406E-03
  -5.88607788E-03
  -5.79643250E-03
  -5.65624237E-03
  -5.54466248E-03
  -5.35964966E-03
  -5.24711609E-03
  -5.20420074E-03
  -5.01632690E-03
  -4.98294830E-03
  -4.95815277E-03
  -4.92000580E-03
  -4.90188599E-03
  -4.89521027E-03
  -4.83322144E-03
  -4.73594666E-03
  -4.70733643E-03
  -4.67205048E-03
  -4.64153290E-03
  -4.54616547E-03
  -4.48036194E-03
  -4.36019897E-03
  -4.28295135E-03
  -4.23717499E-03
  -4.23526764E-03
  -4.16278839E-03
  -4.04739380E-03
  -4.01973724E-03
  -3.98826599E-03
  -3.94821167E-03
  -3.92627716E-03
  -3.79753113E-03
  -3.77273560E-03
  -3.72791290E-03
  -3.66497040E-03
  -3.63540649E-03
  -3.57913971E-03
  -3.57532501E-03
  -3.57246399E-03
  -3.55052948E-03
  -3.54385376E-03
  -3.48854065E-03
  -3.27205658E-03
  -3.27110291E-03
  -3.08036804E-03
  -3.02028656E-03
  -2.93064117E-03
  -2.89916992E-03
  -2.85053253E-03
  -2.84194946E-03
  -2.69222260E-03
  -2.64739990E-03
  -2.60639191E-03
  -2.55012512E-03
  -2.45189667E-03
  -2.34794617E-03
  -2.33268738E-03
  -2.27260590E-03
  -2.26879120E-03
  -2.22682953E-03
  -2.22396851E-03
  -2.22206116E-03
  -2.19917297E-03
  -2.14862823E-03
  -2.14004517E-03
  -2.10666656E-03
  -2.08473206E-03
  -2.07710266E-03
  -2.05135345E-03
  -2.01988220E-03
  -2.00080872E-03
  -1.98936462E-03
  -1.95312500E-03
  -1.87969208E-03
  -1.87587738E-03
  -1.80339813E-03
  -1.77097321E-03
  -1.72233582E-03
  -1.70040131E-03
  -1.70040131E-03
  -1.66034698E-03
  -1.61170959E-03
  -1.58119202E-03
  -1.58119202E-03
  -1.55639648E-03
  -1.55258179E-03
  -1.49631500E-03
  -1.49250031E-03
  -1.48963928E-03
  -1.48677826E-03
  -1.44100189E-03
  -1.43337250E-03
  -1.43051147E-03
  -1.41620636E-03
  -1.40571594E-03
  -1.39522552E-03
  -1.39331818E-03
  -1.36661530E-03
  -1.32083893E-03
  -1.28173828E-03
  -1.27506256E-03
  -1.17969513E-03
  -1.15203857E-03
  -1.11579895E-03
  -1.05762482E-03
  -1.05285645E-03
  -8.81195068E-04
  -8.72612000E-04
  -8.45909119E-04
  -8.44001770E-04
  -8.34465027E-04
  -7.01904297E-04
  -6.84738159E-04
  -6.81877136E-04
  -6.49452209E-04
  -6.34193420E-04
  -6.07490540E-04
  -5.25474548E-04
  -4.95910645E-04
  -4.42504883E-04
  -4.30107117E-04
  -4.21524048E-04
  -4.07218933E-04
  -2.86102295E-04
  -2.84194946E-04
  -2.66075134E-04
  -2.42233276E-04
  -2.32696533E-04
  -2.10762024E-04
  -1.68800354E-04
  -1.56402588E-04
  -8.20159912E-05
  -5.91278076E-05
  -5.62667847E-05
  -2.95639038E-05
   3.43322754E-05
   5.62667847E-05
   8.01086426E-05
   9.82284546E-05
   1.19209290E-04
   1.94549561E-04
   2.24113464E-04
   2.88009644E-04
   3.46183777E-04
   3.57627869E-04
   3.76701355E-04
   4.10079956E-04
   4.18663025E-04
   4.41551208E-04
   4.71115112E-04
   5.03540039E-04
   5.21659851E-04
   5.28335571E-04
   6.78062439E-04
   7.07626343E-04
   7.09533691E-04
   7.54356384E-04
   7.67707825E-04
   7.82966614E-04
   8.49723816E-04
   8.75473022E-04
   8.77380371E-04
   8.78334045E-04
   9.05990601E-04
   9.66072083E-04
   9.78469849E-04
   1.00231171E-03
   1.06334686E-03
   1.06906891E-03
   1.09195709E-03
   1.12819672E-03
   1.13105774E-03
   1.13677979E-03
   1.15966797E-03
   1.18732452E-03
   1.22547150E-03
   1.26457214E-03
   1.29413605E-03
   1.32560730E-03
   1.34181976E-03
   1.47151947E-03
   1.47342682E-03
   1.53064728E-03
   1.64508820E-03
   1.64985657E-03
   1.64985657E-03
   1.68991089E-03
   1.73473358E-03
   1.78527832E-03
   1.79767609E-03
   1.91116333E-03
   1.94072723E-03
   2.03037262E-03
   2.05326080E-03
   2.07519531E-03
   2.09236145E-03
   2.16293335E-03
   2.22396851E-03
   2.24018097E-03
   2.27165222E-03
   2.32124329E-03
   2.38037109E-03
   2.40898132E-03
   2.43854523E-03
   2.46715546E-03
   2.49767303E-03
   2.50148773E-03
   2.53200531E-03
   2.56252289E-03
   2.58922577E-03
   2.59304047E-03
   2.59590149E-03
   2.61592865E-03
   2.61878967E-03
   2.62832642E-03
   2.64072418E-03
   2.64739990E-03
   2.79808044E-03
   2.87055969E-03
   2.88105011E-03
   2.89344788E-03
   2.90489197E-03
   2.97069550E-03
   2.97164917E-03
   3.03268433E-03
   3.11279297E-03
   3.15093994E-03
   3.15189362E-03
   3.18813324E-03
   3.20529938E-03
   3.21960449E-03
   3.25012207E-03
   3.33786011E-03
   3.34453583E-03
   3.40843201E-03
   3.41415405E-03
   3.41415405E-03
   3.50189209E-03
   3.51715088E-03
   3.55911255E-03
   3.58963013E-03
   3.64589691E-03
   3.64589691E-03
   3.65066528E-03
   3.77559662E-03
   3.80611420E-03
   3.87287140E-03
   3.89194489E-03
   3.90148163E-03
   3.90338898E-03
   3.90720367E-03
   3.93390656E-03
   3.96442413E-03
   3.97205353E-03
   3.98921967E-03
   4.00066376E-03
   4.12464142E-03
   4.20570374E-03
   4.22096252E-03
   4.32014465E-03
   4.37164307E-03
   4.49371338E-03
   4.52232361E-03
   4.54330444E-03
   4.55570221E-03
   4.55856323E-03
   4.56142426E-03
   4.71305847E-03
   4.77695465E-03
   4.86660004E-03
   4.87804413E-03
   4.96768951E-03
   4.97055054E-03
   5.11646271E-03
   5.18131256E-03
   5.32245636E-03
   5.34629822E-03
   5.35011292E-03
   5.39016724E-03
   5.39970398E-03
   5.40161133E-03
   5.40637970E-03
   5.46646118E-03
   5.55706024E-03
   5.58567047E-03
   5.61809540E-03
   5.63621521E-03
   5.70297241E-03
   5.77449799E-03
   5.81741333E-03
   5.96332550E-03
   6.11495972E-03
   6.46781921E-03
   6.54983521E-03
   6.56509399E-03
   6.66713715E-03
   6.70814514E-03
   6.74343109E-03
   6.83307648E-03
   6.84547424E-03
   6.85977936E-03
   6.90364838E-03
   6.91413879E-03
   7.08103180E-03
   7.16876984E-03
   7.20214844E-03
   7.28321075E-03
   7.28988647E-03
   7.39288330E-03
   7.39479065E-03
   7.40051270E-03
   7.42912292E-03
   7.57122040E-03
   7.59601593E-03
   7.75337219E-03
   7.84778595E-03
   7.93457031E-03
   7.98606873E-03
   7.99083710E-03
   8.24165344E-03
   8.25691223E-03
   8.54873657E-03
   8.57830048E-03
   8.61263275E-03
   8.90445709E-03
   8.98170471E-03
   9.13047791E-03
   9.20677185E-03
   9.33361053E-03
   9.39369202E-03
   9.39369202E-03
   9.68360901E-03
   9.72652435E-03
   1.00746155E-02
   1.01070404E-02
   1.01718903E-02
   1.05123520E-02
   1.05667114E-02
   1.11408234E-02
   1.12829208E-02
   1.16367340E-02
   1.16586685E-02
   1.17940903E-02
   1.18541718E-02
   1.20449066E-02
   1.22032166E-02
   1.22928619E-02
   1.23853683E-02
   1.28526688E-02
   1.29470825E-02
   1.34572983E-02
   1.37605667E-02
   1.39636993E-02
   1.40419006E-02
   1.50642395E-02
   1.52187347E-02
   1.52702332E-02
   1.61237717E-02
   1.62878036E-02
   1.72739029E-02
   1.73978806E-02
   1.76496506E-02
   1.84183121E-02
   1.84659958E-02
   1.92174911E-02
   1.93424225E-02
   1.96857452E-02
   1.97086334E-02
   2.17008591E-02
   2.49967575E-02
   2.62346268E-02
   2.65541077E-02
   3.02276611E-02
