#Npts     Radius    Mag      Completeness
#   41 2965.2517  -14.420636 1.000000
# Verr
  -1.11875534E-02
  -9.08946991E-03
  -5.62381744E-03
  -5.25474548E-03
  -5.06305695E-03
  -4.94480133E-03
  -4.69303131E-03
  -4.47273254E-03
  -4.09221649E-03
  -3.79371643E-03
  -3.68881226E-03
  -3.64017487E-03
  -2.99835205E-03
  -2.87723541E-03
  -2.83622742E-03
  -2.58350372E-03
  -2.06470490E-03
  -2.03227997E-03
  -1.70516968E-03
  -1.58596039E-03
  -1.54781342E-03
  -1.48773193E-03
  -1.39045715E-03
  -3.89099121E-04
  -1.29699707E-04
   7.98225403E-04
   8.76426697E-04
   1.99985504E-03
   2.09999084E-03
   2.18296051E-03
   2.72750854E-03
   3.02410126E-03
   3.48949432E-03
   4.12082672E-03
   4.56714630E-03
   7.05909729E-03
   7.94982910E-03
   9.55867767E-03
   1.17683411E-02
   1.33218765E-02
   2.12821960E-02
