#Npts     Radius    Mag      Completeness
#   61 1235.5215  -14.633363 1.000000
# Verr
  -8.95881653E-03
  -7.09819794E-03
  -6.42108917E-03
  -6.17980957E-03
  -6.00910187E-03
  -5.55133820E-03
  -5.54561615E-03
  -5.53798676E-03
  -5.50937653E-03
  -5.45597076E-03
  -4.92668152E-03
  -4.82463837E-03
  -4.80175018E-03
  -4.77886200E-03
  -4.48417664E-03
  -3.96442413E-03
  -3.43799591E-03
  -3.21674347E-03
  -2.68554688E-03
  -2.50625610E-03
  -2.24208832E-03
  -2.12097168E-03
  -2.04563141E-03
  -1.74045563E-03
  -1.70898438E-03
  -1.64699554E-03
  -1.55735016E-03
  -9.59396362E-04
  -6.77108765E-04
  -5.00679016E-04
  -4.57763672E-04
   4.72068787E-04
   5.05447388E-04
   5.67436218E-04
   8.06808472E-04
   8.45909119E-04
   9.67025757E-04
   9.80377197E-04
   9.88006592E-04
   9.93728638E-04
   1.02138519E-03
   1.21307373E-03
   1.43432617E-03
   1.52587891E-03
   1.55258179E-03
   1.85298920E-03
   1.85489655E-03
   2.15911865E-03
   2.22873688E-03
   2.44808197E-03
   2.48813629E-03
   2.51102448E-03
   2.51579285E-03
   2.96688080E-03
   3.44753265E-03
   3.52096558E-03
   4.90188599E-03
   6.43253326E-03
   6.82926178E-03
   8.60023499E-03
   1.15127563E-02
