#Npts     Radius    Mag      Completeness
#   27 1482.6260  -15.697000 1.000000
# Verr
  -1.57833099E-02
  -1.43785477E-02
  -6.59179688E-03
  -6.42776489E-03
  -6.19411469E-03
  -5.75256348E-03
  -5.23757935E-03
  -4.11701202E-03
  -2.55966187E-03
  -2.34794617E-03
  -2.20012665E-03
  -1.86634064E-03
  -1.44481659E-03
  -1.17397308E-03
   4.29153442E-05
   2.64167786E-04
   2.91347504E-03
   3.07846069E-03
   3.08704376E-03
   3.13663483E-03
   4.02832031E-03
   4.95338440E-03
   6.12831116E-03
   7.56168365E-03
   9.33265686E-03
   1.13010406E-02
   1.60932541E-02
