#Npts     Radius    Mag      Completeness
#   66 1283.1202  -14.568167 1.000000
# Ierr
  -1.50995255E-02
  -8.59928131E-03
  -7.10010529E-03
  -6.50024414E-03
  -5.79929352E-03
  -5.70011139E-03
  -5.39970398E-03
  -5.10025024E-03
  -4.70066071E-03
  -4.69970703E-03
  -4.40025330E-03
  -4.19998169E-03
  -4.19998169E-03
  -4.19998169E-03
  -3.79943848E-03
  -3.19957733E-03
  -3.10039520E-03
  -3.00025940E-03
  -2.99930573E-03
  -2.29930878E-03
  -1.90067291E-03
  -1.69944763E-03
  -1.29985809E-03
  -1.29985809E-03
  -1.10054016E-03
  -1.09958649E-03
  -9.00268555E-04
  -9.00268555E-04
  -6.99996948E-04
  -6.99996948E-04
  -4.99725342E-04
  -2.00271606E-04
  -1.00135803E-04
  -1.00135803E-04
   1.00135803E-04
   1.00135803E-04
   1.00135803E-04
   1.00135803E-04
   2.00271606E-04
   3.00407410E-04
   3.00407410E-04
   8.00132751E-04
   1.19972229E-03
   1.20067596E-03
   1.39999390E-03
   1.59931183E-03
   1.60026550E-03
   1.69944763E-03
   1.70040131E-03
   2.09999084E-03
   2.30026245E-03
   2.89916992E-03
   3.00025940E-03
   3.49998474E-03
   3.60012054E-03
   3.60012054E-03
   3.70025635E-03
   4.09984589E-03
   4.50038910E-03
   5.29956818E-03
   6.50024414E-03
   6.60037994E-03
   6.99996948E-03
   7.49969482E-03
   8.19969177E-03
   9.09996033E-03
