#Npts     Radius    Mag      Completeness
#  619  447.6001  -12.321501 0.993579
# Ierr
  -8.96005630E-02
  -8.46996307E-02
  -6.47993088E-02
  -5.25999069E-02
  -5.02004623E-02
  -3.88994217E-02
  -3.62997055E-02
  -2.75001526E-02
  -2.57005692E-02
  -2.30998993E-02
  -2.07996368E-02
  -1.94997787E-02
  -1.88999176E-02
  -1.70001984E-02
  -1.60999298E-02
  -1.45998001E-02
  -1.20000839E-02
  -1.17006302E-02
  -1.16004944E-02
  -1.15003586E-02
  -1.10998154E-02
  -1.02005005E-02
  -1.00994110E-02
  -8.90064240E-03
  -8.70037079E-03
  -8.60023499E-03
  -8.60023499E-03
  -8.19969177E-03
  -8.00037384E-03
  -8.00037384E-03
  -7.20024109E-03
  -7.19928741E-03
  -7.10010529E-03
  -7.09915161E-03
  -6.90078735E-03
  -6.89983368E-03
  -6.60037994E-03
  -6.60037994E-03
  -6.50024414E-03
  -6.29997253E-03
  -6.20079041E-03
  -6.19983673E-03
  -6.09970093E-03
  -6.09970093E-03
  -5.90038300E-03
  -5.90038300E-03
  -5.70011139E-03
  -5.20038605E-03
  -5.20038605E-03
  -5.19943237E-03
  -5.10025024E-03
  -5.00011444E-03
  -4.89997864E-03
  -4.89997864E-03
  -4.79984283E-03
  -4.79984283E-03
  -4.70066071E-03
  -4.69970703E-03
  -4.69970703E-03
  -4.59957123E-03
  -4.50038910E-03
  -4.50038910E-03
  -4.49943542E-03
  -4.49943542E-03
  -4.30011749E-03
  -4.30011749E-03
  -4.19998169E-03
  -3.90052795E-03
  -3.90052795E-03
  -3.90052795E-03
  -3.89957428E-03
  -3.80039215E-03
  -3.80039215E-03
  -3.80039215E-03
  -3.70025635E-03
  -3.70025635E-03
  -3.70025635E-03
  -3.70025635E-03
  -3.69930267E-03
  -3.60012054E-03
  -3.60012054E-03
  -3.60012054E-03
  -3.50093842E-03
  -3.49998474E-03
  -3.49998474E-03
  -3.49998474E-03
  -3.40080261E-03
  -3.39984894E-03
  -3.39984894E-03
  -3.39984894E-03
  -3.39984894E-03
  -3.30066681E-03
  -3.29971313E-03
  -3.29971313E-03
  -3.20053101E-03
  -3.20053101E-03
  -3.19957733E-03
  -3.10039520E-03
  -3.10039520E-03
  -3.09944153E-03
  -3.09944153E-03
  -2.99930573E-03
  -2.90012360E-03
  -2.90012360E-03
  -2.90012360E-03
  -2.90012360E-03
  -2.89916992E-03
  -2.89916992E-03
  -2.79998779E-03
  -2.79998779E-03
  -2.79998779E-03
  -2.79998779E-03
  -2.79998779E-03
  -2.69985199E-03
  -2.69985199E-03
  -2.69985199E-03
  -2.69985199E-03
  -2.69985199E-03
  -2.69985199E-03
  -2.60066986E-03
  -2.60066986E-03
  -2.59971619E-03
  -2.59971619E-03
  -2.59971619E-03
  -2.50053406E-03
  -2.49958038E-03
  -2.49958038E-03
  -2.49958038E-03
  -2.49958038E-03
  -2.49958038E-03
  -2.49958038E-03
  -2.49958038E-03
  -2.40039825E-03
  -2.40039825E-03
  -2.40039825E-03
  -2.39944458E-03
  -2.39944458E-03
  -2.30026245E-03
  -2.30026245E-03
  -2.20012665E-03
  -2.09999084E-03
  -2.09999084E-03
  -2.09999084E-03
  -2.09999084E-03
  -2.09999084E-03
  -2.09999084E-03
  -1.99985504E-03
  -1.99985504E-03
  -1.99985504E-03
  -1.90067291E-03
  -1.90067291E-03
  -1.89971924E-03
  -1.89971924E-03
  -1.89971924E-03
  -1.80053711E-03
  -1.80053711E-03
  -1.80053711E-03
  -1.79958344E-03
  -1.79958344E-03
  -1.79958344E-03
  -1.79958344E-03
  -1.79958344E-03
  -1.70040131E-03
  -1.70040131E-03
  -1.70040131E-03
  -1.69944763E-03
  -1.69944763E-03
  -1.69944763E-03
  -1.60026550E-03
  -1.60026550E-03
  -1.60026550E-03
  -1.60026550E-03
  -1.60026550E-03
  -1.59931183E-03
  -1.59931183E-03
  -1.50012970E-03
  -1.50012970E-03
  -1.50012970E-03
  -1.50012970E-03
  -1.49917603E-03
  -1.39999390E-03
  -1.39999390E-03
  -1.39999390E-03
  -1.39999390E-03
  -1.39999390E-03
  -1.39999390E-03
  -1.39999390E-03
  -1.39999390E-03
  -1.39999390E-03
  -1.29985809E-03
  -1.29985809E-03
  -1.29985809E-03
  -1.29985809E-03
  -1.29985809E-03
  -1.29985809E-03
  -1.29985809E-03
  -1.29985809E-03
  -1.29985809E-03
  -1.20067596E-03
  -1.19972229E-03
  -1.19972229E-03
  -1.19972229E-03
  -1.10054016E-03
  -1.10054016E-03
  -1.10054016E-03
  -1.09958649E-03
  -1.00040436E-03
  -1.00040436E-03
  -9.99450684E-04
  -9.99450684E-04
  -9.99450684E-04
  -9.00268555E-04
  -9.00268555E-04
  -9.00268555E-04
  -9.00268555E-04
  -9.00268555E-04
  -8.99314880E-04
  -8.99314880E-04
  -8.99314880E-04
  -8.00132751E-04
  -8.00132751E-04
  -8.00132751E-04
  -8.00132751E-04
  -8.00132751E-04
  -8.00132751E-04
  -8.00132751E-04
  -8.00132751E-04
  -7.99179077E-04
  -6.99996948E-04
  -6.99996948E-04
  -6.99996948E-04
  -6.99996948E-04
  -6.99996948E-04
  -6.99996948E-04
  -6.99996948E-04
  -6.99996948E-04
  -5.99861145E-04
  -5.99861145E-04
  -5.00679016E-04
  -5.00679016E-04
  -5.00679016E-04
  -4.99725342E-04
  -4.99725342E-04
  -4.99725342E-04
  -4.00543213E-04
  -4.00543213E-04
  -3.99589539E-04
  -3.99589539E-04
  -3.99589539E-04
  -3.00407410E-04
  -3.00407410E-04
  -2.99453735E-04
  -2.00271606E-04
  -1.99317932E-04
  -1.00135803E-04
  -1.00135803E-04
  -1.00135803E-04
  -1.00135803E-04
  -1.00135803E-04
   0.00000000    
   0.00000000    
   0.00000000    
   0.00000000    
   0.00000000    
   0.00000000    
   0.00000000    
   0.00000000    
   0.00000000    
   9.91821289E-05
   1.00135803E-04
   1.00135803E-04
   1.00135803E-04
   1.00135803E-04
   1.00135803E-04
   1.00135803E-04
   2.00271606E-04
   2.00271606E-04
   2.00271606E-04
   2.00271606E-04
   2.00271606E-04
   2.00271606E-04
   2.99453735E-04
   2.99453735E-04
   2.99453735E-04
   2.99453735E-04
   3.00407410E-04
   3.00407410E-04
   3.00407410E-04
   3.00407410E-04
   3.99589539E-04
   3.99589539E-04
   4.00543213E-04
   4.00543213E-04
   4.00543213E-04
   4.99725342E-04
   4.99725342E-04
   4.99725342E-04
   4.99725342E-04
   5.00679016E-04
   5.00679016E-04
   5.00679016E-04
   5.99861145E-04
   5.99861145E-04
   5.99861145E-04
   5.99861145E-04
   5.99861145E-04
   5.99861145E-04
   5.99861145E-04
   5.99861145E-04
   5.99861145E-04
   6.00814819E-04
   6.99996948E-04
   6.99996948E-04
   6.99996948E-04
   6.99996948E-04
   6.99996948E-04
   6.99996948E-04
   6.99996948E-04
   6.99996948E-04
   7.99179077E-04
   7.99179077E-04
   7.99179077E-04
   8.00132751E-04
   8.00132751E-04
   8.00132751E-04
   9.00268555E-04
   9.99450684E-04
   9.99450684E-04
   9.99450684E-04
   9.99450684E-04
   9.99450684E-04
   1.00040436E-03
   1.00040436E-03
   1.00040436E-03
   1.00040436E-03
   1.09958649E-03
   1.09958649E-03
   1.09958649E-03
   1.09958649E-03
   1.10054016E-03
   1.10054016E-03
   1.19972229E-03
   1.19972229E-03
   1.19972229E-03
   1.19972229E-03
   1.19972229E-03
   1.19972229E-03
   1.19972229E-03
   1.29985809E-03
   1.29985809E-03
   1.29985809E-03
   1.29985809E-03
   1.29985809E-03
   1.29985809E-03
   1.29985809E-03
   1.30081177E-03
   1.30081177E-03
   1.39999390E-03
   1.39999390E-03
   1.39999390E-03
   1.39999390E-03
   1.50012970E-03
   1.50012970E-03
   1.50012970E-03
   1.50012970E-03
   1.50012970E-03
   1.50012970E-03
   1.50012970E-03
   1.50012970E-03
   1.60026550E-03
   1.60026550E-03
   1.60026550E-03
   1.60026550E-03
   1.70040131E-03
   1.70040131E-03
   1.70040131E-03
   1.79958344E-03
   1.89971924E-03
   1.89971924E-03
   1.89971924E-03
   1.90067291E-03
   1.90067291E-03
   1.90067291E-03
   1.99985504E-03
   1.99985504E-03
   1.99985504E-03
   1.99985504E-03
   1.99985504E-03
   2.00080872E-03
   2.09999084E-03
   2.09999084E-03
   2.09999084E-03
   2.09999084E-03
   2.20012665E-03
   2.20012665E-03
   2.20012665E-03
   2.30026245E-03
   2.30026245E-03
   2.30026245E-03
   2.39944458E-03
   2.40039825E-03
   2.40039825E-03
   2.40039825E-03
   2.49958038E-03
   2.50053406E-03
   2.59971619E-03
   2.59971619E-03
   2.59971619E-03
   2.59971619E-03
   2.60066986E-03
   2.60066986E-03
   2.69985199E-03
   2.69985199E-03
   2.79998779E-03
   2.79998779E-03
   2.90012360E-03
   2.90012360E-03
   2.99930573E-03
   2.99930573E-03
   3.00025940E-03
   3.00025940E-03
   3.10039520E-03
   3.10039520E-03
   3.10039520E-03
   3.19957733E-03
   3.20053101E-03
   3.29971313E-03
   3.29971313E-03
   3.49998474E-03
   3.49998474E-03
   3.49998474E-03
   3.60012054E-03
   3.70025635E-03
   3.70025635E-03
   3.79943848E-03
   3.79943848E-03
   3.80039215E-03
   3.89957428E-03
   3.89957428E-03
   3.89957428E-03
   3.90052795E-03
   3.99971008E-03
   4.09984589E-03
   4.09984589E-03
   4.10079956E-03
   4.10079956E-03
   4.19998169E-03
   4.39929962E-03
   4.49943542E-03
   4.50038910E-03
   4.50038910E-03
   4.50038910E-03
   4.59957123E-03
   4.60052490E-03
   4.60052490E-03
   4.79984283E-03
   4.79984283E-03
   4.79984283E-03
   4.79984283E-03
   4.79984283E-03
   4.89997864E-03
   4.89997864E-03
   4.89997864E-03
   5.19943237E-03
   5.19943237E-03
   5.19943237E-03
   5.20038605E-03
   5.20038605E-03
   5.49983978E-03
   5.50079346E-03
   5.59997559E-03
   5.59997559E-03
   5.59997559E-03
   5.70011139E-03
   5.70011139E-03
   5.80024719E-03
   5.80024719E-03
   5.80024719E-03
   5.80024719E-03
   5.89942932E-03
   6.00051880E-03
   6.10065460E-03
   6.29997253E-03
   6.50024414E-03
   6.50024414E-03
   6.60037994E-03
   6.60037994E-03
   6.69956207E-03
   6.79969788E-03
   7.10010529E-03
   7.10010529E-03
   7.10010529E-03
   7.19928741E-03
   7.30037689E-03
   7.49969482E-03
   7.49969482E-03
   7.59983063E-03
   7.59983063E-03
   7.99942017E-03
   8.00037384E-03
   8.09955597E-03
   8.20064545E-03
   8.29982758E-03
   8.29982758E-03
   8.39996338E-03
   8.50009918E-03
   8.70037079E-03
   8.99982452E-03
   9.20009613E-03
   9.49954987E-03
   9.50050354E-03
   9.50050354E-03
   9.79995728E-03
   1.00002289E-02
   1.01003647E-02
   1.01003647E-02
   1.03006363E-02
   1.03998184E-02
   1.03998184E-02
   1.06000900E-02
   1.06992722E-02
   1.07994080E-02
   1.09996796E-02
   1.11007690E-02
   1.14002228E-02
   1.15003586E-02
   1.15995407E-02
   1.15995407E-02
   1.18999481E-02
   1.22003555E-02
   1.25999451E-02
   1.25999451E-02
   1.27000809E-02
   1.27000809E-02
   1.31998062E-02
   1.31998062E-02
   1.31998062E-02
   1.37996674E-02
   1.38006210E-02
   1.43003464E-02
   1.44004822E-02
   1.45998001E-02
   1.46007538E-02
   1.51004791E-02
   1.51996613E-02
   1.52997971E-02
   1.59997940E-02
   1.62000656E-02
   1.64003372E-02
   1.65996552E-02
   1.65996552E-02
   1.65996552E-02
   1.69000626E-02
   1.72004700E-02
   1.86996460E-02
   1.87005997E-02
   1.87997818E-02
   1.88999176E-02
   1.90000534E-02
   2.00004578E-02
   2.05993652E-02
   2.07004547E-02
   2.07996368E-02
   2.21004486E-02
   2.21996307E-02
   2.23999023E-02
   2.47001648E-02
   2.53000259E-02
   2.60000229E-02
   2.67000198E-02
   2.72998810E-02
   2.75993347E-02
   2.79998779E-02
   2.82001495E-02
   3.00998688E-02
   3.00998688E-02
   3.03001404E-02
   3.07998657E-02
   3.15999985E-02
   3.15999985E-02
   3.21006775E-02
   3.26004028E-02
   3.90005112E-02
   3.97005081E-02
   4.08000946E-02
   4.36000824E-02
   4.58993912E-02
   4.62999344E-02
   4.68997955E-02
   4.86993790E-02
   5.21001816E-02
   5.27992249E-02
   5.50003052E-02
   5.65996170E-02
   5.90991974E-02
   5.91001511E-02
   6.13994598E-02
   7.68003464E-02
   7.76996613E-02
   8.24003220E-02
   8.53004456E-02
   8.76998901E-02
  0.114800453    
  0.123400688    
  0.134799957    
  0.139899254    
  0.151999474    
  0.163499832    
  0.179300308    
  0.195799828    
  0.210200310    
  0.227099419    
  0.247699738    
  0.273800850    
  0.284600258    
  0.342200279    
  0.348999977    
  0.399499893    
  0.460100174    
