#Npts     Radius    Mag      Completeness
#  786  447.6001  -12.932334 0.986198
# Ierr
 -0.233599663    
 -0.114899635    
  -7.00998306E-02
  -3.50999832E-02
  -2.20003128E-02
  -1.36003494E-02
  -1.30996704E-02
  -9.30023193E-03
  -9.00077820E-03
  -8.39996338E-03
  -6.99996948E-03
  -5.30052185E-03
  -5.30052185E-03
  -4.69970703E-03
  -4.59957123E-03
  -4.59957123E-03
  -4.50038910E-03
  -4.49943542E-03
  -4.40025330E-03
  -4.10079956E-03
  -4.00066376E-03
  -3.99971008E-03
  -3.80039215E-03
  -3.80039215E-03
  -3.70025635E-03
  -3.69930267E-03
  -3.69930267E-03
  -3.60012054E-03
  -3.60012054E-03
  -3.49998474E-03
  -3.40080261E-03
  -3.39984894E-03
  -3.39984894E-03
  -3.30066681E-03
  -3.29971313E-03
  -3.29971313E-03
  -3.29971313E-03
  -3.29971313E-03
  -3.19957733E-03
  -3.10039520E-03
  -3.10039520E-03
  -3.09944153E-03
  -3.09944153E-03
  -3.09944153E-03
  -3.00025940E-03
  -3.00025940E-03
  -2.90012360E-03
  -2.79998779E-03
  -2.79998779E-03
  -2.79998779E-03
  -2.69985199E-03
  -2.69985199E-03
  -2.69985199E-03
  -2.69985199E-03
  -2.60066986E-03
  -2.60066986E-03
  -2.59971619E-03
  -2.59971619E-03
  -2.50053406E-03
  -2.50053406E-03
  -2.50053406E-03
  -2.50053406E-03
  -2.50053406E-03
  -2.49958038E-03
  -2.49958038E-03
  -2.40039825E-03
  -2.40039825E-03
  -2.40039825E-03
  -2.40039825E-03
  -2.39944458E-03
  -2.39944458E-03
  -2.30026245E-03
  -2.30026245E-03
  -2.30026245E-03
  -2.30026245E-03
  -2.30026245E-03
  -2.30026245E-03
  -2.30026245E-03
  -2.29930878E-03
  -2.29930878E-03
  -2.20012665E-03
  -2.20012665E-03
  -2.20012665E-03
  -2.20012665E-03
  -2.20012665E-03
  -2.20012665E-03
  -2.20012665E-03
  -2.09999084E-03
  -2.09999084E-03
  -2.09999084E-03
  -2.09999084E-03
  -2.09999084E-03
  -1.99985504E-03
  -1.99985504E-03
  -1.99985504E-03
  -1.99985504E-03
  -1.99985504E-03
  -1.99985504E-03
  -1.99985504E-03
  -1.99985504E-03
  -1.90067291E-03
  -1.90067291E-03
  -1.90067291E-03
  -1.89971924E-03
  -1.89971924E-03
  -1.89971924E-03
  -1.89971924E-03
  -1.89971924E-03
  -1.89971924E-03
  -1.79958344E-03
  -1.79958344E-03
  -1.79958344E-03
  -1.79958344E-03
  -1.70040131E-03
  -1.70040131E-03
  -1.70040131E-03
  -1.69944763E-03
  -1.69944763E-03
  -1.69944763E-03
  -1.60026550E-03
  -1.60026550E-03
  -1.60026550E-03
  -1.60026550E-03
  -1.60026550E-03
  -1.60026550E-03
  -1.60026550E-03
  -1.60026550E-03
  -1.60026550E-03
  -1.60026550E-03
  -1.60026550E-03
  -1.59931183E-03
  -1.59931183E-03
  -1.59931183E-03
  -1.50012970E-03
  -1.50012970E-03
  -1.50012970E-03
  -1.50012970E-03
  -1.50012970E-03
  -1.50012970E-03
  -1.49917603E-03
  -1.39999390E-03
  -1.39999390E-03
  -1.39999390E-03
  -1.39999390E-03
  -1.39999390E-03
  -1.39999390E-03
  -1.29985809E-03
  -1.29985809E-03
  -1.29985809E-03
  -1.29985809E-03
  -1.29985809E-03
  -1.29985809E-03
  -1.29985809E-03
  -1.29985809E-03
  -1.29985809E-03
  -1.20067596E-03
  -1.20067596E-03
  -1.20067596E-03
  -1.19972229E-03
  -1.19972229E-03
  -1.19972229E-03
  -1.19972229E-03
  -1.19972229E-03
  -1.19972229E-03
  -1.19972229E-03
  -1.19972229E-03
  -1.19972229E-03
  -1.10054016E-03
  -1.10054016E-03
  -1.10054016E-03
  -1.10054016E-03
  -1.10054016E-03
  -1.09958649E-03
  -1.09958649E-03
  -1.09958649E-03
  -1.09958649E-03
  -1.09958649E-03
  -1.00040436E-03
  -1.00040436E-03
  -1.00040436E-03
  -1.00040436E-03
  -1.00040436E-03
  -1.00040436E-03
  -1.00040436E-03
  -9.99450684E-04
  -9.99450684E-04
  -9.99450684E-04
  -9.99450684E-04
  -9.99450684E-04
  -9.99450684E-04
  -9.00268555E-04
  -9.00268555E-04
  -9.00268555E-04
  -9.00268555E-04
  -9.00268555E-04
  -8.99314880E-04
  -8.99314880E-04
  -8.99314880E-04
  -8.99314880E-04
  -8.00132751E-04
  -8.00132751E-04
  -8.00132751E-04
  -8.00132751E-04
  -8.00132751E-04
  -8.00132751E-04
  -8.00132751E-04
  -8.00132751E-04
  -8.00132751E-04
  -8.00132751E-04
  -7.99179077E-04
  -6.99996948E-04
  -6.99996948E-04
  -6.99996948E-04
  -6.99996948E-04
  -6.99996948E-04
  -6.99996948E-04
  -6.99996948E-04
  -6.99996948E-04
  -6.99996948E-04
  -6.99996948E-04
  -6.99996948E-04
  -5.99861145E-04
  -5.99861145E-04
  -5.99861145E-04
  -5.99861145E-04
  -5.99861145E-04
  -5.99861145E-04
  -5.99861145E-04
  -5.99861145E-04
  -5.99861145E-04
  -5.99861145E-04
  -5.99861145E-04
  -5.99861145E-04
  -5.99861145E-04
  -5.99861145E-04
  -5.00679016E-04
  -5.00679016E-04
  -5.00679016E-04
  -5.00679016E-04
  -4.99725342E-04
  -4.99725342E-04
  -4.99725342E-04
  -4.99725342E-04
  -4.99725342E-04
  -4.99725342E-04
  -4.99725342E-04
  -4.99725342E-04
  -4.99725342E-04
  -3.99589539E-04
  -3.99589539E-04
  -3.99589539E-04
  -3.99589539E-04
  -3.99589539E-04
  -3.99589539E-04
  -3.00407410E-04
  -3.00407410E-04
  -3.00407410E-04
  -3.00407410E-04
  -3.00407410E-04
  -3.00407410E-04
  -3.00407410E-04
  -2.99453735E-04
  -2.99453735E-04
  -2.99453735E-04
  -2.00271606E-04
  -2.00271606E-04
  -2.00271606E-04
  -2.00271606E-04
  -2.00271606E-04
  -2.00271606E-04
  -2.00271606E-04
  -2.00271606E-04
  -2.00271606E-04
  -1.99317932E-04
  -1.99317932E-04
  -1.99317932E-04
  -1.00135803E-04
  -1.00135803E-04
  -1.00135803E-04
  -1.00135803E-04
  -1.00135803E-04
  -1.00135803E-04
  -1.00135803E-04
  -1.00135803E-04
  -1.00135803E-04
  -1.00135803E-04
  -1.00135803E-04
  -1.00135803E-04
   0.00000000    
   0.00000000    
   0.00000000    
   0.00000000    
   0.00000000    
   0.00000000    
   0.00000000    
   0.00000000    
   0.00000000    
   0.00000000    
   0.00000000    
   0.00000000    
   0.00000000    
   0.00000000    
   0.00000000    
   0.00000000    
   1.00135803E-04
   1.00135803E-04
   1.00135803E-04
   1.00135803E-04
   1.00135803E-04
   1.00135803E-04
   1.00135803E-04
   1.00135803E-04
   1.00135803E-04
   1.00135803E-04
   1.00135803E-04
   1.00135803E-04
   1.00135803E-04
   1.99317932E-04
   1.99317932E-04
   1.99317932E-04
   2.00271606E-04
   2.00271606E-04
   2.00271606E-04
   2.00271606E-04
   2.00271606E-04
   2.00271606E-04
   2.00271606E-04
   2.99453735E-04
   2.99453735E-04
   2.99453735E-04
   3.00407410E-04
   3.00407410E-04
   3.00407410E-04
   3.00407410E-04
   3.00407410E-04
   3.00407410E-04
   3.99589539E-04
   3.99589539E-04
   3.99589539E-04
   3.99589539E-04
   3.99589539E-04
   3.99589539E-04
   4.00543213E-04
   4.00543213E-04
   4.99725342E-04
   4.99725342E-04
   4.99725342E-04
   4.99725342E-04
   4.99725342E-04
   4.99725342E-04
   4.99725342E-04
   4.99725342E-04
   5.00679016E-04
   5.00679016E-04
   5.00679016E-04
   5.99861145E-04
   5.99861145E-04
   5.99861145E-04
   5.99861145E-04
   5.99861145E-04
   6.00814819E-04
   6.00814819E-04
   6.00814819E-04
   6.99996948E-04
   6.99996948E-04
   6.99996948E-04
   6.99996948E-04
   6.99996948E-04
   6.99996948E-04
   6.99996948E-04
   6.99996948E-04
   6.99996948E-04
   6.99996948E-04
   7.99179077E-04
   7.99179077E-04
   7.99179077E-04
   7.99179077E-04
   8.00132751E-04
   8.00132751E-04
   8.00132751E-04
   8.00132751E-04
   8.00132751E-04
   8.00132751E-04
   8.00132751E-04
   8.99314880E-04
   8.99314880E-04
   9.00268555E-04
   9.00268555E-04
   9.00268555E-04
   9.00268555E-04
   9.00268555E-04
   9.00268555E-04
   9.00268555E-04
   9.99450684E-04
   9.99450684E-04
   1.00040436E-03
   1.00040436E-03
   1.00040436E-03
   1.00040436E-03
   1.00040436E-03
   1.00040436E-03
   1.09958649E-03
   1.09958649E-03
   1.09958649E-03
   1.09958649E-03
   1.09958649E-03
   1.10054016E-03
   1.10054016E-03
   1.10054016E-03
   1.10054016E-03
   1.10054016E-03
   1.19972229E-03
   1.19972229E-03
   1.19972229E-03
   1.19972229E-03
   1.19972229E-03
   1.19972229E-03
   1.20067596E-03
   1.20067596E-03
   1.20067596E-03
   1.20067596E-03
   1.20067596E-03
   1.29985809E-03
   1.29985809E-03
   1.29985809E-03
   1.29985809E-03
   1.29985809E-03
   1.29985809E-03
   1.29985809E-03
   1.29985809E-03
   1.29985809E-03
   1.30081177E-03
   1.30081177E-03
   1.39999390E-03
   1.39999390E-03
   1.39999390E-03
   1.39999390E-03
   1.39999390E-03
   1.39999390E-03
   1.39999390E-03
   1.39999390E-03
   1.39999390E-03
   1.39999390E-03
   1.39999390E-03
   1.49917603E-03
   1.49917603E-03
   1.50012970E-03
   1.50012970E-03
   1.50012970E-03
   1.50012970E-03
   1.50012970E-03
   1.59931183E-03
   1.60026550E-03
   1.60026550E-03
   1.60026550E-03
   1.60026550E-03
   1.60026550E-03
   1.70040131E-03
   1.79958344E-03
   1.79958344E-03
   1.79958344E-03
   1.79958344E-03
   1.79958344E-03
   1.79958344E-03
   1.79958344E-03
   1.79958344E-03
   1.79958344E-03
   1.79958344E-03
   1.80053711E-03
   1.80053711E-03
   1.80053711E-03
   1.80053711E-03
   1.80053711E-03
   1.80053711E-03
   1.89971924E-03
   1.89971924E-03
   1.89971924E-03
   1.89971924E-03
   1.89971924E-03
   1.89971924E-03
   1.90067291E-03
   1.90067291E-03
   1.90067291E-03
   1.99985504E-03
   1.99985504E-03
   1.99985504E-03
   1.99985504E-03
   1.99985504E-03
   1.99985504E-03
   2.00080872E-03
   2.09999084E-03
   2.09999084E-03
   2.09999084E-03
   2.09999084E-03
   2.09999084E-03
   2.09999084E-03
   2.10094452E-03
   2.20012665E-03
   2.20012665E-03
   2.20012665E-03
   2.20012665E-03
   2.29930878E-03
   2.29930878E-03
   2.30026245E-03
   2.30026245E-03
   2.30026245E-03
   2.39944458E-03
   2.39944458E-03
   2.39944458E-03
   2.40039825E-03
   2.40039825E-03
   2.40039825E-03
   2.40039825E-03
   2.49958038E-03
   2.49958038E-03
   2.49958038E-03
   2.49958038E-03
   2.50053406E-03
   2.50053406E-03
   2.50053406E-03
   2.50053406E-03
   2.50053406E-03
   2.50053406E-03
   2.59971619E-03
   2.59971619E-03
   2.59971619E-03
   2.59971619E-03
   2.59971619E-03
   2.59971619E-03
   2.59971619E-03
   2.60066986E-03
   2.60066986E-03
   2.60066986E-03
   2.69985199E-03
   2.69985199E-03
   2.69985199E-03
   2.70080566E-03
   2.70080566E-03
   2.79998779E-03
   2.79998779E-03
   2.79998779E-03
   2.79998779E-03
   2.79998779E-03
   2.79998779E-03
   2.79998779E-03
   2.79998779E-03
   2.79998779E-03
   2.89916992E-03
   2.90012360E-03
   2.90012360E-03
   2.90012360E-03
   2.90012360E-03
   2.99930573E-03
   2.99930573E-03
   3.00025940E-03
   3.00025940E-03
   3.00025940E-03
   3.00025940E-03
   3.09944153E-03
   3.09944153E-03
   3.09944153E-03
   3.09944153E-03
   3.10039520E-03
   3.19957733E-03
   3.19957733E-03
   3.19957733E-03
   3.20053101E-03
   3.29971313E-03
   3.29971313E-03
   3.29971313E-03
   3.29971313E-03
   3.39984894E-03
   3.39984894E-03
   3.49998474E-03
   3.49998474E-03
   3.49998474E-03
   3.49998474E-03
   3.60012054E-03
   3.60012054E-03
   3.69930267E-03
   3.70025635E-03
   3.79943848E-03
   3.80039215E-03
   3.80039215E-03
   3.89957428E-03
   3.89957428E-03
   3.99971008E-03
   3.99971008E-03
   4.09984589E-03
   4.09984589E-03
   4.30011749E-03
   4.40025330E-03
   4.40025330E-03
   4.40025330E-03
   4.40025330E-03
   4.40025330E-03
   4.49943542E-03
   4.50038910E-03
   4.50038910E-03
   4.50038910E-03
   4.59957123E-03
   4.59957123E-03
   4.59957123E-03
   4.59957123E-03
   4.60052490E-03
   4.69970703E-03
   4.69970703E-03
   4.79984283E-03
   4.79984283E-03
   4.79984283E-03
   5.00011444E-03
   5.10025024E-03
   5.20038605E-03
   5.29956818E-03
   5.39970398E-03
   5.39970398E-03
   5.40065765E-03
   5.49983978E-03
   5.49983978E-03
   5.49983978E-03
   5.59997559E-03
   5.59997559E-03
   5.70011139E-03
   5.70011139E-03
   5.70011139E-03
   5.80024719E-03
   5.89942932E-03
   6.00051880E-03
   6.00051880E-03
   6.00051880E-03
   6.09970093E-03
   6.29997253E-03
   6.29997253E-03
   6.40010834E-03
   6.49929047E-03
   6.49929047E-03
   6.59942627E-03
   6.59942627E-03
   6.60037994E-03
   6.70051575E-03
   6.80065155E-03
   6.89983368E-03
   6.99996948E-03
   6.99996948E-03
   7.10010529E-03
   7.10010529E-03
   7.20024109E-03
   7.59983063E-03
   7.59983063E-03
   7.69996643E-03
   7.69996643E-03
   8.00037384E-03
   8.00037384E-03
   8.19969177E-03
   8.19969177E-03
   8.20064545E-03
   8.29982758E-03
   8.50009918E-03
   8.60023499E-03
   8.69941711E-03
   8.70037079E-03
   8.70037079E-03
   8.80050659E-03
   8.89968872E-03
   8.90064240E-03
   8.99982452E-03
   8.99982452E-03
   8.99982452E-03
   9.09996033E-03
   9.20009613E-03
   9.39941406E-03
   9.39941406E-03
   9.40036774E-03
   9.59968567E-03
   9.60063934E-03
   9.69982147E-03
   1.00002289E-02
   1.00002289E-02
   1.01003647E-02
   1.01995468E-02
   1.02005005E-02
   1.02996826E-02
   1.02996826E-02
   1.03006363E-02
   1.11999512E-02
   1.16996765E-02
   1.18007660E-02
   1.18999481E-02
   1.21002197E-02
   1.22003555E-02
   1.22003555E-02
   1.23004913E-02
   1.25999451E-02
   1.32999420E-02
   1.34000778E-02
   1.37004852E-02
   1.37996674E-02
   1.39999390E-02
   1.41000748E-02
   1.49002075E-02
   1.53999329E-02
   1.53999329E-02
   1.59006119E-02
   1.59006119E-02
   1.59997940E-02
   1.60999298E-02
   1.63993835E-02
   1.65996552E-02
   1.70001984E-02
   1.74999237E-02
   1.80997849E-02
   1.87997818E-02
   1.87997818E-02
   1.87997818E-02
   1.93004608E-02
   1.93004608E-02
   1.98001862E-02
   2.01997757E-02
   2.08005905E-02
   2.15997696E-02
   2.18000412E-02
   2.22997665E-02
   2.46000290E-02
   2.48994827E-02
   2.57997513E-02
   2.76002884E-02
   2.93006897E-02
   2.94008255E-02
   2.95000076E-02
   2.95000076E-02
   3.02000046E-02
   3.13997269E-02
   3.15999985E-02
   3.18002701E-02
   3.31001282E-02
   3.31001282E-02
   3.33003998E-02
   3.40995789E-02
   3.47995758E-02
   3.49006653E-02
   3.53002548E-02
   3.66992950E-02
   3.78999710E-02
   3.92999649E-02
   4.04996872E-02
   4.05998230E-02
   4.19998169E-02
   4.37002182E-02
   4.61997986E-02
   4.61997986E-02
   4.64000702E-02
   4.75997925E-02
   4.78000641E-02
   5.94005585E-02
   6.78997040E-02
   7.08999634E-02
   7.17992783E-02
   7.33995438E-02
   7.56006241E-02
   7.60002136E-02
   7.91997910E-02
   8.54005814E-02
   8.58001709E-02
   8.59003067E-02
   9.02004242E-02
   9.22002792E-02
   9.31005478E-02
   9.35001373E-02
   9.76991653E-02
  0.107600212    
  0.109399796    
  0.115099907    
  0.121000290    
  0.121100426    
  0.128800392    
  0.154999733    
  0.157800674    
  0.171199799    
  0.202399254    
  0.221099854    
  0.250900269    
  0.270600319    
  0.274099350    
  0.347299576    
  0.379799843    
  0.524999619    
