#Npts     Radius    Mag      Completeness
#   53 1283.1202  -14.154000 1.000000
# Ierr
  -9.30023193E-03
  -8.30078125E-03
  -6.19983673E-03
  -5.59997559E-03
  -4.40025330E-03
  -4.19998169E-03
  -3.99971008E-03
  -3.89957428E-03
  -3.60012054E-03
  -3.49998474E-03
  -3.40080261E-03
  -3.10039520E-03
  -3.09944153E-03
  -2.49958038E-03
  -2.20012665E-03
  -1.99985504E-03
  -1.90067291E-03
  -1.89971924E-03
  -1.70040131E-03
  -1.69944763E-03
  -1.50012970E-03
  -1.29985809E-03
  -9.99450684E-04
  -3.99589539E-04
  -2.99453735E-04
  -2.99453735E-04
  -2.00271606E-04
   0.00000000    
   1.00135803E-04
   1.99317932E-04
   3.00407410E-04
   4.99725342E-04
   5.99861145E-04
   6.99996948E-04
   6.99996948E-04
   9.00268555E-04
   1.29985809E-03
   1.50012970E-03
   1.69944763E-03
   1.70040131E-03
   1.70040131E-03
   1.89971924E-03
   3.10039520E-03
   3.29971313E-03
   3.30066681E-03
   3.80039215E-03
   4.19998169E-03
   4.30011749E-03
   5.00011444E-03
   5.29956818E-03
   5.89942932E-03
   7.20024109E-03
   1.56993866E-02
