#Npts     Radius    Mag      Completeness
#   64  656.4802  -14.236834 1.000000
# Ierr
  -8.70037079E-03
  -7.90023804E-03
  -7.80010223E-03
  -7.39955902E-03
  -7.30037689E-03
  -7.10010529E-03
  -6.99996948E-03
  -6.50024414E-03
  -5.80024719E-03
  -5.80024719E-03
  -5.70011139E-03
  -5.29956818E-03
  -4.30011749E-03
  -4.00066376E-03
  -3.90052795E-03
  -3.89957428E-03
  -3.89957428E-03
  -3.70025635E-03
  -3.60012054E-03
  -3.49998474E-03
  -2.79998779E-03
  -2.30026245E-03
  -1.89971924E-03
  -1.69944763E-03
  -1.59931183E-03
  -1.49917603E-03
  -1.10054016E-03
  -9.00268555E-04
  -8.00132751E-04
  -7.99179077E-04
  -6.99996948E-04
  -3.99589539E-04
  -3.00407410E-04
  -3.00407410E-04
   0.00000000    
   1.00135803E-04
   1.00135803E-04
   2.00271606E-04
   5.99861145E-04
   6.99996948E-04
   8.00132751E-04
   9.00268555E-04
   1.39999390E-03
   2.30026245E-03
   2.59971619E-03
   2.59971619E-03
   2.60066986E-03
   2.69985199E-03
   2.79998779E-03
   3.19957733E-03
   3.30066681E-03
   3.99971008E-03
   4.30011749E-03
   4.50038910E-03
   5.20038605E-03
   5.29956818E-03
   5.29956818E-03
   5.80024719E-03
   5.90038300E-03
   6.69956207E-03
   6.99996948E-03
   7.39955902E-03
   7.59983063E-03
   3.70998383E-02
