#Npts     Radius    Mag      Completeness
#   54 1074.2402  -14.402500 1.000000
# Ierr
  -9.79995728E-03
  -9.60063934E-03
  -8.50009918E-03
  -8.10050964E-03
  -7.69996643E-03
  -7.20024109E-03
  -6.99996948E-03
  -6.70051575E-03
  -5.79929352E-03
  -5.59997559E-03
  -4.99916077E-03
  -4.69970703E-03
  -3.40080261E-03
  -3.39984894E-03
  -2.69985199E-03
  -2.69985199E-03
  -2.59971619E-03
  -2.49958038E-03
  -2.30026245E-03
  -1.99985504E-03
  -1.29985809E-03
  -1.09958649E-03
  -9.00268555E-04
  -9.00268555E-04
  -8.00132751E-04
  -3.99589539E-04
  -2.00271606E-04
   0.00000000    
   3.99589539E-04
   5.99861145E-04
   6.99996948E-04
   8.00132751E-04
   1.59931183E-03
   1.70040131E-03
   1.99985504E-03
   2.09999084E-03
   2.29930878E-03
   2.30026245E-03
   2.39944458E-03
   2.79998779E-03
   2.79998779E-03
   3.19957733E-03
   3.49998474E-03
   3.60012054E-03
   3.80039215E-03
   3.80039215E-03
   4.30011749E-03
   5.10025024E-03
   5.30052185E-03
   6.00051880E-03
   6.79969788E-03
   7.10010529E-03
   7.29942322E-03
   8.81004333E-02
