#Npts     Radius    Mag      Completeness
#   64 1492.0002  -14.236834 1.000000
# Ierr
  -9.90009308E-03
  -6.59942627E-03
  -6.40010834E-03
  -6.29997253E-03
  -4.69970703E-03
  -4.30011749E-03
  -4.09984589E-03
  -3.80039215E-03
  -1.70040131E-03
  -1.59931183E-03
  -1.49917603E-03
  -1.30081177E-03
  -1.29985809E-03
  -1.19972229E-03
  -1.10054016E-03
  -1.00040436E-03
  -9.00268555E-04
  -9.00268555E-04
  -9.00268555E-04
  -8.99314880E-04
  -8.00132751E-04
  -5.99861145E-04
  -5.99861145E-04
  -4.00543213E-04
  -3.99589539E-04
  -3.00407410E-04
  -1.00135803E-04
  -9.91821289E-05
   0.00000000    
   2.99453735E-04
   5.99861145E-04
   6.00814819E-04
   8.00132751E-04
   1.00040436E-03
   1.60026550E-03
   1.69944763E-03
   2.09999084E-03
   2.30026245E-03
   2.39944458E-03
   2.69985199E-03
   2.89916992E-03
   3.20053101E-03
   3.29971313E-03
   3.49998474E-03
   3.60012054E-03
   3.70025635E-03
   3.80039215E-03
   3.89957428E-03
   3.90052795E-03
   3.99971008E-03
   4.19998169E-03
   4.39929962E-03
   4.49943542E-03
   4.59957123E-03
   4.60052490E-03
   5.10025024E-03
   6.69956207E-03
   7.20024109E-03
   7.29942322E-03
   7.49969482E-03
   8.99982452E-03
   1.10006332E-02
   1.35993958E-02
   4.46996689E-02
