#Npts     Radius    Mag      Completeness
#  101  447.6001  -14.319667 0.990196
# Ierr
  -3.94001007E-02
  -2.09999084E-02
  -1.14002228E-02
  -1.04999542E-02
  -1.02996826E-02
  -1.02996826E-02
  -9.69982147E-03
  -8.19969177E-03
  -7.59983063E-03
  -7.49969482E-03
  -7.20024109E-03
  -6.29997253E-03
  -6.19983673E-03
  -5.70011139E-03
  -5.49983978E-03
  -4.79984283E-03
  -4.50038910E-03
  -4.40025330E-03
  -4.40025330E-03
  -4.30011749E-03
  -3.99971008E-03
  -3.69930267E-03
  -3.39984894E-03
  -3.39984894E-03
  -3.39984894E-03
  -3.10039520E-03
  -3.10039520E-03
  -2.90012360E-03
  -2.90012360E-03
  -2.60066986E-03
  -2.59971619E-03
  -2.39944458E-03
  -2.30026245E-03
  -1.79958344E-03
  -1.50012970E-03
  -1.50012970E-03
  -1.20067596E-03
  -1.10054016E-03
  -9.99450684E-04
  -9.99450684E-04
  -8.00132751E-04
  -5.99861145E-04
  -5.99861145E-04
  -5.99861145E-04
  -5.99861145E-04
   1.00135803E-04
   2.00271606E-04
   8.00132751E-04
   8.00132751E-04
   8.00132751E-04
   1.70040131E-03
   1.70040131E-03
   1.80053711E-03
   1.89971924E-03
   1.99985504E-03
   2.30026245E-03
   2.59971619E-03
   2.69985199E-03
   3.10039520E-03
   3.29971313E-03
   3.39984894E-03
   3.59916687E-03
   3.99971008E-03
   4.00066376E-03
   4.09984589E-03
   4.30011749E-03
   4.59957123E-03
   4.60052490E-03
   5.00011444E-03
   5.10025024E-03
   5.10025024E-03
   5.20038605E-03
   5.39970398E-03
   5.99956512E-03
   6.00051880E-03
   7.69996643E-03
   7.80010223E-03
   8.70037079E-03
   9.09996033E-03
   1.13000870E-02
   1.21002197E-02
   1.30996704E-02
   1.35002136E-02
   1.38006210E-02
   1.39999390E-02
   1.46999359E-02
   1.51004791E-02
   1.90000534E-02
   2.98995972E-02
   3.45001221E-02
   4.20999527E-02
   5.43003082E-02
   6.35004044E-02
   7.97004700E-02
   8.93001556E-02
  0.101799965    
  0.128600121    
  0.158100128    
  0.171699524    
  0.192999840    
  0.207499504    
