#Npts     Radius    Mag      Completeness
#   61 1283.1202  -14.236834 1.000000
# Ierr
  -9.30023193E-03
  -9.20009613E-03
  -9.20009613E-03
  -8.09955597E-03
  -7.59983063E-03
  -7.50064850E-03
  -6.99996948E-03
  -6.99996948E-03
  -6.80065155E-03
  -6.19983673E-03
  -5.59997559E-03
  -5.49983978E-03
  -5.40065765E-03
  -4.50038910E-03
  -4.40025330E-03
  -4.30011749E-03
  -4.09984589E-03
  -3.99971008E-03
  -3.89957428E-03
  -3.49998474E-03
  -3.39984894E-03
  -3.30066681E-03
  -3.29971313E-03
  -2.90012360E-03
  -2.79998779E-03
  -2.59971619E-03
  -2.49958038E-03
  -2.40039825E-03
  -1.50012970E-03
  -1.09958649E-03
  -1.00040436E-03
  -6.99996948E-04
  -6.99996948E-04
  -5.99861145E-04
  -4.00543213E-04
  -3.99589539E-04
  -2.99453735E-04
   0.00000000    
   1.00135803E-04
   4.00543213E-04
   4.99725342E-04
   9.99450684E-04
   9.99450684E-04
   1.00040436E-03
   1.09958649E-03
   1.19972229E-03
   1.29985809E-03
   1.60026550E-03
   1.69944763E-03
   3.70025635E-03
   3.90052795E-03
   4.69970703E-03
   4.89997864E-03
   5.00011444E-03
   5.10025024E-03
   5.29956818E-03
   5.59997559E-03
   6.59942627E-03
   7.39955902E-03
   7.69996643E-03
   8.69941711E-03
