#Npts     Radius    Mag      Completeness
#   57 1492.0002  -14.154000 1.000000
# Ierr
  -1.16996765E-02
  -1.07002258E-02
  -4.69970703E-03
  -4.69970703E-03
  -4.40025330E-03
  -3.90052795E-03
  -3.09944153E-03
  -2.79998779E-03
  -2.69985199E-03
  -2.39944458E-03
  -2.30026245E-03
  -2.20012665E-03
  -2.09999084E-03
  -2.09999084E-03
  -2.00080872E-03
  -1.99985504E-03
  -1.89971924E-03
  -1.89971924E-03
  -1.60026550E-03
  -1.39999390E-03
  -1.19972229E-03
  -1.10054016E-03
  -1.00040436E-03
  -9.99450684E-04
  -6.00814819E-04
  -4.99725342E-04
  -4.00543213E-04
  -3.00407410E-04
  -3.00407410E-04
   9.91821289E-05
   2.00271606E-04
   3.00407410E-04
   8.00132751E-04
   8.99314880E-04
   9.00268555E-04
   1.00040436E-03
   1.09958649E-03
   1.19972229E-03
   1.19972229E-03
   1.30081177E-03
   1.60026550E-03
   1.60026550E-03
   1.90067291E-03
   2.09999084E-03
   2.20012665E-03
   2.39944458E-03
   2.40039825E-03
   2.50053406E-03
   2.79998779E-03
   3.89957428E-03
   4.09984589E-03
   5.19943237E-03
   5.70011139E-03
   5.70011139E-03
   6.20079041E-03
   6.69956207E-03
   1.02996826E-02
