#Npts     Radius    Mag      Completeness
#   96  447.6001  -14.402500 1.000000
# Ierr
  -8.20064545E-03
  -8.09955597E-03
  -7.20024109E-03
  -7.19928741E-03
  -6.80065155E-03
  -6.69956207E-03
  -5.90038300E-03
  -5.70011139E-03
  -5.70011139E-03
  -4.50038910E-03
  -4.09984589E-03
  -3.90052795E-03
  -3.39984894E-03
  -3.19957733E-03
  -3.00025940E-03
  -2.90012360E-03
  -2.79998779E-03
  -2.69985199E-03
  -2.59971619E-03
  -2.40039825E-03
  -2.30026245E-03
  -1.99985504E-03
  -1.90067291E-03
  -1.89971924E-03
  -1.70040131E-03
  -1.50012970E-03
  -1.49917603E-03
  -1.39999390E-03
  -1.20067596E-03
  -9.00268555E-04
  -9.00268555E-04
  -8.00132751E-04
  -6.99996948E-04
  -5.99861145E-04
  -4.99725342E-04
  -4.99725342E-04
  -2.00271606E-04
  -1.99317932E-04
   0.00000000    
   5.99861145E-04
   5.99861145E-04
   6.99996948E-04
   8.00132751E-04
   8.00132751E-04
   1.09958649E-03
   1.29985809E-03
   1.39999390E-03
   1.70040131E-03
   1.79958344E-03
   1.89971924E-03
   2.69985199E-03
   2.69985199E-03
   3.40080261E-03
   3.70025635E-03
   3.79943848E-03
   3.80039215E-03
   4.10079956E-03
   4.29916382E-03
   4.59957123E-03
   4.69970703E-03
   4.80079651E-03
   5.00011444E-03
   5.39970398E-03
   5.39970398E-03
   5.39970398E-03
   5.49983978E-03
   5.80024719E-03
   6.10065460E-03
   6.40010834E-03
   6.99996948E-03
   6.99996948E-03
   7.39955902E-03
   8.00037384E-03
   8.09955597E-03
   8.39996338E-03
   8.99982452E-03
   9.49954987E-03
   1.04999542E-02
   1.07002258E-02
   1.14002228E-02
   1.17998123E-02
   1.87005997E-02
   1.92003250E-02
   2.18992233E-02
   2.40001678E-02
   3.11002731E-02
   3.59001160E-02
   4.09002304E-02
   4.98008728E-02
   5.42993546E-02
   7.26995468E-02
  0.113699913    
  0.187999725    
  0.279500008    
  0.404799461    
  0.437100410    
