#Npts     Radius    Mag      Completeness
#   62 1700.8802  -14.236834 1.000000
# Ierr
  -9.09996033E-03
  -8.19969177E-03
  -5.80024719E-03
  -5.39970398E-03
  -4.89997864E-03
  -4.70066071E-03
  -4.69970703E-03
  -4.40025330E-03
  -4.09984589E-03
  -3.60012054E-03
  -3.29971313E-03
  -3.09944153E-03
  -3.00025940E-03
  -2.90012360E-03
  -2.89916992E-03
  -2.69985199E-03
  -2.40039825E-03
  -2.40039825E-03
  -2.40039825E-03
  -2.30026245E-03
  -2.29930878E-03
  -2.20012665E-03
  -2.09999084E-03
  -1.70040131E-03
  -1.50012970E-03
  -1.49917603E-03
  -1.30081177E-03
  -1.29985809E-03
  -1.09958649E-03
  -1.09958649E-03
  -9.99450684E-04
  -9.00268555E-04
  -8.00132751E-04
  -8.00132751E-04
  -6.99996948E-04
  -4.99725342E-04
  -2.00271606E-04
  -1.00135803E-04
   2.00271606E-04
   3.00407410E-04
   4.99725342E-04
   5.99861145E-04
   1.09958649E-03
   1.19972229E-03
   1.79958344E-03
   1.80053711E-03
   1.89971924E-03
   2.09999084E-03
   2.50053406E-03
   2.59971619E-03
   3.00025940E-03
   3.09944153E-03
   3.10039520E-03
   3.19957733E-03
   3.49998474E-03
   3.80039215E-03
   4.40025330E-03
   4.50038910E-03
   5.90038300E-03
   6.00051880E-03
   2.37998962E-02
   3.14998627E-02
