#Npts     Radius    Mag      Completeness
#   63  865.3602  -14.402500 1.000000
# Ierr
  -1.03998184E-02
  -8.50009918E-03
  -7.49969482E-03
  -6.39915466E-03
  -5.59997559E-03
  -4.89997864E-03
  -4.49943542E-03
  -4.30011749E-03
  -4.19998169E-03
  -4.19998169E-03
  -3.99971008E-03
  -3.20053101E-03
  -3.19957733E-03
  -3.09944153E-03
  -2.69985199E-03
  -2.69985199E-03
  -2.50053406E-03
  -2.49958038E-03
  -2.20012665E-03
  -1.99985504E-03
  -1.99985504E-03
  -1.99985504E-03
  -1.89971924E-03
  -1.80053711E-03
  -1.50012970E-03
  -1.00040436E-03
  -8.00132751E-04
  -5.99861145E-04
  -4.99725342E-04
  -4.99725342E-04
  -3.99589539E-04
  -3.99589539E-04
  -3.00407410E-04
  -2.00271606E-04
  -1.00135803E-04
   2.99453735E-04
   3.00407410E-04
   6.99996948E-04
   7.99179077E-04
   8.00132751E-04
   1.29985809E-03
   1.39999390E-03
   1.39999390E-03
   1.50012970E-03
   1.60026550E-03
   1.69944763E-03
   1.70040131E-03
   2.09999084E-03
   2.39944458E-03
   2.40039825E-03
   2.49958038E-03
   4.00066376E-03
   4.49943542E-03
   5.49983978E-03
   5.69915771E-03
   5.80024719E-03
   6.09970093E-03
   6.19983673E-03
   6.39915466E-03
   6.69956207E-03
   7.59983063E-03
   1.00002289E-02
   3.56998444E-02
