#Npts     Radius    Mag      Completeness
#   53 2118.6404  -14.568167 0.981481
# Ierr
  -8.50009918E-03
  -7.89928436E-03
  -6.79969788E-03
  -5.70011139E-03
  -4.19998169E-03
  -4.09984589E-03
  -3.99971008E-03
  -3.60012054E-03
  -3.39984894E-03
  -2.90012360E-03
  -2.79998779E-03
  -2.20012665E-03
  -1.89971924E-03
  -1.60026550E-03
  -9.00268555E-04
  -8.99314880E-04
  -6.99996948E-04
  -5.99861145E-04
  -3.00407410E-04
  -2.99453735E-04
   9.91821289E-05
   2.99453735E-04
   4.99725342E-04
   5.99861145E-04
   5.99861145E-04
   6.99996948E-04
   6.99996948E-04
   8.00132751E-04
   9.00268555E-04
   9.99450684E-04
   1.29985809E-03
   1.60026550E-03
   1.79958344E-03
   1.99985504E-03
   2.19917297E-03
   2.20012665E-03
   2.40039825E-03
   2.59971619E-03
   2.69985199E-03
   2.79998779E-03
   2.90012360E-03
   3.00025940E-03
   3.19957733E-03
   3.59916687E-03
   4.00066376E-03
   4.50038910E-03
   4.69970703E-03
   4.69970703E-03
   4.99916077E-03
   5.00011444E-03
   5.39970398E-03
   5.50079346E-03
   1.72996521E-02
