#Npts     Radius    Mag      Completeness
#  927  447.6001  -10.489000 0.981992
# Ierr
 -0.443900108    
 -0.381099701    
 -0.371800423    
 -0.313799858    
 -0.281399727    
 -0.269300461    
 -0.252300262    
 -0.234600067    
 -0.212200165    
 -0.211999893    
 -0.208399773    
 -0.195000648    
 -0.189899445    
 -0.181900024    
 -0.175800323    
 -0.170000076    
 -0.163200378    
 -0.139800072    
 -0.137900352    
 -0.125000000    
 -0.118100166    
 -0.110400200    
 -0.110400200    
 -0.109800339    
 -0.108799934    
 -0.105099678    
  -9.73005295E-02
  -9.40999985E-02
  -8.12005997E-02
  -7.77997971E-02
  -7.69996643E-02
  -7.52992630E-02
  -7.50999451E-02
  -7.42998123E-02
  -7.36999512E-02
  -7.13996887E-02
  -6.82001114E-02
  -6.78997040E-02
  -6.40001297E-02
  -6.39991760E-02
  -6.23998642E-02
  -6.09998703E-02
  -6.09998703E-02
  -6.04991913E-02
  -5.73997498E-02
  -5.70993423E-02
  -5.07993698E-02
  -4.89997864E-02
  -4.89006042E-02
  -4.87003326E-02
  -4.79001999E-02
  -4.69999313E-02
  -4.69999313E-02
  -4.38003540E-02
  -4.31003571E-02
  -4.30002213E-02
  -4.17995453E-02
  -4.17003632E-02
  -4.09994125E-02
  -4.08000946E-02
  -4.06999588E-02
  -4.05006409E-02
  -3.97005081E-02
  -3.85999680E-02
  -3.83996964E-02
  -3.82003784E-02
  -3.76005173E-02
  -3.69997025E-02
  -3.53002548E-02
  -3.50999832E-02
  -3.50999832E-02
  -3.48997116E-02
  -3.34997177E-02
  -3.21998596E-02
  -3.14998627E-02
  -3.10993195E-02
  -3.09991837E-02
  -3.07998657E-02
  -2.99997330E-02
  -2.98004150E-02
  -2.95000076E-02
  -2.93998718E-02
  -2.93998718E-02
  -2.93998718E-02
  -2.93006897E-02
  -2.92997360E-02
  -2.89001465E-02
  -2.72998810E-02
  -2.68993378E-02
  -2.67000198E-02
  -2.65007019E-02
  -2.61993408E-02
  -2.61001587E-02
  -2.60000229E-02
  -2.58998871E-02
  -2.57997513E-02
  -2.54993439E-02
  -2.43997574E-02
  -2.40001678E-02
  -2.39000320E-02
  -2.37998962E-02
  -2.35996246E-02
  -2.32000351E-02
  -2.32000351E-02
  -2.30998993E-02
  -2.29997635E-02
  -2.28004456E-02
  -2.21004486E-02
  -2.20003128E-02
  -2.18000412E-02
  -2.16999054E-02
  -2.16999054E-02
  -2.15997696E-02
  -2.09999084E-02
  -2.07996368E-02
  -2.01997757E-02
  -2.01997757E-02
  -2.01005936E-02
  -1.99995041E-02
  -1.99995041E-02
  -1.97000504E-02
  -1.93996429E-02
  -1.92003250E-02
  -1.90000534E-02
  -1.89008713E-02
  -1.88007355E-02
  -1.87005997E-02
  -1.86004639E-02
  -1.85003281E-02
  -1.84001923E-02
  -1.83000565E-02
  -1.82991028E-02
  -1.79004669E-02
  -1.78995132E-02
  -1.78995132E-02
  -1.78995132E-02
  -1.77993774E-02
  -1.76992416E-02
  -1.75991058E-02
  -1.73997879E-02
  -1.72004700E-02
  -1.67999268E-02
  -1.67999268E-02
  -1.67007446E-02
  -1.65996552E-02
  -1.65996552E-02
  -1.65996552E-02
  -1.65996552E-02
  -1.64995193E-02
  -1.64995193E-02
  -1.64995193E-02
  -1.64003372E-02
  -1.63002014E-02
  -1.62000656E-02
  -1.58996582E-02
  -1.58996582E-02
  -1.58004761E-02
  -1.56993866E-02
  -1.56002045E-02
  -1.56002045E-02
  -1.53999329E-02
  -1.53007507E-02
  -1.52997971E-02
  -1.51996613E-02
  -1.50995255E-02
  -1.50995255E-02
  -1.50003433E-02
  -1.50003433E-02
  -1.49993896E-02
  -1.48000717E-02
  -1.48000717E-02
  -1.46999359E-02
  -1.44004822E-02
  -1.42993927E-02
  -1.42993927E-02
  -1.42993927E-02
  -1.41000748E-02
  -1.41000748E-02
  -1.39999390E-02
  -1.39007568E-02
  -1.39007568E-02
  -1.37996674E-02
  -1.36995316E-02
  -1.36003494E-02
  -1.35002136E-02
  -1.35002136E-02
  -1.34000778E-02
  -1.32999420E-02
  -1.30996704E-02
  -1.30996704E-02
  -1.30996704E-02
  -1.30004883E-02
  -1.29995346E-02
  -1.29003525E-02
  -1.29003525E-02
  -1.28002167E-02
  -1.25007629E-02
  -1.23004913E-02
  -1.22003555E-02
  -1.20000839E-02
  -1.20000839E-02
  -1.18999481E-02
  -1.18999481E-02
  -1.18007660E-02
  -1.18007660E-02
  -1.17998123E-02
  -1.17998123E-02
  -1.17006302E-02
  -1.15995407E-02
  -1.15003586E-02
  -1.15003586E-02
  -1.13992691E-02
  -1.11999512E-02
  -1.11999512E-02
  -1.11999512E-02
  -1.11007690E-02
  -1.11007690E-02
  -1.09996796E-02
  -1.09004974E-02
  -1.09004974E-02
  -1.09004974E-02
  -1.08995438E-02
  -1.06992722E-02
  -1.06000900E-02
  -1.06000900E-02
  -1.06000900E-02
  -1.06000900E-02
  -1.04007721E-02
  -1.03998184E-02
  -1.03998184E-02
  -1.03998184E-02
  -1.03006363E-02
  -1.03006363E-02
  -1.01995468E-02
  -1.01003647E-02
  -1.01003647E-02
  -1.00994110E-02
  -1.00994110E-02
  -9.90009308E-03
  -9.89913940E-03
  -9.79995728E-03
  -9.79995728E-03
  -9.79995728E-03
  -9.69982147E-03
  -9.60063934E-03
  -9.59968567E-03
  -9.59968567E-03
  -9.59968567E-03
  -9.49954987E-03
  -9.39941406E-03
  -9.39941406E-03
  -9.30023193E-03
  -9.30023193E-03
  -9.30023193E-03
  -9.30023193E-03
  -9.29927826E-03
  -9.29927826E-03
  -9.20009613E-03
  -9.20009613E-03
  -9.09996033E-03
  -9.09996033E-03
  -8.99982452E-03
  -8.99982452E-03
  -8.89968872E-03
  -8.89968872E-03
  -8.80050659E-03
  -8.80050659E-03
  -8.80050659E-03
  -8.79955292E-03
  -8.70037079E-03
  -8.70037079E-03
  -8.70037079E-03
  -8.69941711E-03
  -8.60023499E-03
  -8.60023499E-03
  -8.59928131E-03
  -8.50009918E-03
  -8.50009918E-03
  -8.50009918E-03
  -8.39996338E-03
  -8.39996338E-03
  -8.29982758E-03
  -8.29982758E-03
  -8.20064545E-03
  -8.19969177E-03
  -8.19969177E-03
  -8.00037384E-03
  -8.00037384E-03
  -8.00037384E-03
  -8.00037384E-03
  -7.69996643E-03
  -7.69996643E-03
  -7.69996643E-03
  -7.69996643E-03
  -7.69996643E-03
  -7.69996643E-03
  -7.60078430E-03
  -7.60078430E-03
  -7.59983063E-03
  -7.59983063E-03
  -7.49969482E-03
  -7.49969482E-03
  -7.40051270E-03
  -7.39955902E-03
  -7.20024109E-03
  -7.10010529E-03
  -7.10010529E-03
  -7.10010529E-03
  -6.99996948E-03
  -6.99996948E-03
  -6.99996948E-03
  -6.99996948E-03
  -6.99996948E-03
  -6.99996948E-03
  -6.89983368E-03
  -6.89983368E-03
  -6.89983368E-03
  -6.89983368E-03
  -6.79969788E-03
  -6.79969788E-03
  -6.70051575E-03
  -6.69956207E-03
  -6.60037994E-03
  -6.60037994E-03
  -6.59942627E-03
  -6.59942627E-03
  -6.50024414E-03
  -6.50024414E-03
  -6.40010834E-03
  -6.40010834E-03
  -6.29997253E-03
  -6.29997253E-03
  -6.19983673E-03
  -6.19983673E-03
  -6.19983673E-03
  -6.09970093E-03
  -6.09970093E-03
  -6.09970093E-03
  -5.89942932E-03
  -5.80024719E-03
  -5.80024719E-03
  -5.80024719E-03
  -5.80024719E-03
  -5.70011139E-03
  -5.59997559E-03
  -5.59997559E-03
  -5.49983978E-03
  -5.49983978E-03
  -5.39970398E-03
  -5.39970398E-03
  -5.39970398E-03
  -5.39970398E-03
  -5.30052185E-03
  -5.29956818E-03
  -5.20038605E-03
  -5.20038605E-03
  -5.20038605E-03
  -5.19943237E-03
  -5.19943237E-03
  -5.19943237E-03
  -5.10025024E-03
  -5.10025024E-03
  -5.10025024E-03
  -5.10025024E-03
  -5.00011444E-03
  -5.00011444E-03
  -5.00011444E-03
  -4.89997864E-03
  -4.89997864E-03
  -4.89997864E-03
  -4.80079651E-03
  -4.79984283E-03
  -4.79984283E-03
  -4.70066071E-03
  -4.69970703E-03
  -4.69970703E-03
  -4.60052490E-03
  -4.60052490E-03
  -4.50038910E-03
  -4.49943542E-03
  -4.49943542E-03
  -4.40025330E-03
  -4.30011749E-03
  -4.29916382E-03
  -4.29916382E-03
  -4.19998169E-03
  -4.19998169E-03
  -4.10079956E-03
  -4.09984589E-03
  -3.99971008E-03
  -3.89957428E-03
  -3.89957428E-03
  -3.80039215E-03
  -3.79943848E-03
  -3.70025635E-03
  -3.70025635E-03
  -3.70025635E-03
  -3.60012054E-03
  -3.60012054E-03
  -3.49998474E-03
  -3.39984894E-03
  -3.39984894E-03
  -3.39984894E-03
  -3.39984894E-03
  -3.29971313E-03
  -3.20053101E-03
  -3.20053101E-03
  -3.20053101E-03
  -3.20053101E-03
  -3.10039520E-03
  -3.10039520E-03
  -2.90012360E-03
  -2.79998779E-03
  -2.69985199E-03
  -2.69985199E-03
  -2.69985199E-03
  -2.59971619E-03
  -2.59971619E-03
  -2.59971619E-03
  -2.50053406E-03
  -2.49958038E-03
  -2.40039825E-03
  -2.40039825E-03
  -2.40039825E-03
  -2.39944458E-03
  -2.30026245E-03
  -2.30026245E-03
  -2.20012665E-03
  -2.20012665E-03
  -2.20012665E-03
  -2.09999084E-03
  -2.09999084E-03
  -2.09999084E-03
  -2.09999084E-03
  -1.99985504E-03
  -1.99985504E-03
  -1.99985504E-03
  -1.90067291E-03
  -1.90067291E-03
  -1.89971924E-03
  -1.80053711E-03
  -1.80053711E-03
  -1.80053711E-03
  -1.79958344E-03
  -1.79958344E-03
  -1.70040131E-03
  -1.69944763E-03
  -1.60026550E-03
  -1.60026550E-03
  -1.60026550E-03
  -1.59931183E-03
  -1.59931183E-03
  -1.59931183E-03
  -1.49917603E-03
  -1.49917603E-03
  -1.39999390E-03
  -1.39999390E-03
  -1.20067596E-03
  -1.20067596E-03
  -1.19972229E-03
  -1.19972229E-03
  -1.19972229E-03
  -1.19972229E-03
  -1.10054016E-03
  -1.00040436E-03
  -1.00040436E-03
  -9.00268555E-04
  -8.00132751E-04
  -8.00132751E-04
  -8.00132751E-04
  -6.99996948E-04
  -6.99996948E-04
  -6.99996948E-04
  -6.99996948E-04
  -6.99996948E-04
  -5.99861145E-04
  -5.99861145E-04
  -5.99861145E-04
  -5.00679016E-04
  -4.99725342E-04
  -4.99725342E-04
  -4.00543213E-04
  -4.00543213E-04
  -3.00407410E-04
  -3.00407410E-04
  -2.99453735E-04
  -2.00271606E-04
  -2.00271606E-04
  -2.00271606E-04
  -1.99317932E-04
   0.00000000    
   9.91821289E-05
   1.00135803E-04
   1.00135803E-04
   1.99317932E-04
   1.99317932E-04
   2.00271606E-04
   2.00271606E-04
   2.00271606E-04
   2.99453735E-04
   3.00407410E-04
   3.00407410E-04
   4.00543213E-04
   4.00543213E-04
   4.00543213E-04
   4.99725342E-04
   4.99725342E-04
   5.99861145E-04
   6.99996948E-04
   6.99996948E-04
   6.99996948E-04
   8.00132751E-04
   8.00132751E-04
   8.00132751E-04
   9.00268555E-04
   9.99450684E-04
   1.00040436E-03
   1.10054016E-03
   1.19972229E-03
   1.19972229E-03
   1.29985809E-03
   1.29985809E-03
   1.30081177E-03
   1.39999390E-03
   1.39999390E-03
   1.39999390E-03
   1.39999390E-03
   1.50012970E-03
   1.50012970E-03
   1.50012970E-03
   1.59931183E-03
   1.60026550E-03
   1.60026550E-03
   1.60026550E-03
   1.60026550E-03
   1.60026550E-03
   1.60026550E-03
   1.69944763E-03
   1.69944763E-03
   1.69944763E-03
   1.70040131E-03
   1.70040131E-03
   1.79958344E-03
   1.80053711E-03
   1.80053711E-03
   1.80053711E-03
   1.80053711E-03
   1.89971924E-03
   1.89971924E-03
   1.90067291E-03
   1.99985504E-03
   1.99985504E-03
   2.09999084E-03
   2.09999084E-03
   2.19917297E-03
   2.20012665E-03
   2.20012665E-03
   2.29930878E-03
   2.30026245E-03
   2.30026245E-03
   2.39944458E-03
   2.40039825E-03
   2.49958038E-03
   2.59971619E-03
   2.60066986E-03
   2.60066986E-03
   2.69985199E-03
   2.69985199E-03
   2.69985199E-03
   2.69985199E-03
   2.69985199E-03
   2.79998779E-03
   2.79998779E-03
   2.79998779E-03
   2.79998779E-03
   2.90012360E-03
   2.90012360E-03
   2.90012360E-03
   2.99930573E-03
   3.00025940E-03
   3.09944153E-03
   3.19957733E-03
   3.19957733E-03
   3.20053101E-03
   3.29971313E-03
   3.29971313E-03
   3.39984894E-03
   3.39984894E-03
   3.39984894E-03
   3.39984894E-03
   3.39984894E-03
   3.49998474E-03
   3.49998474E-03
   3.60012054E-03
   3.69930267E-03
   3.70025635E-03
   3.79943848E-03
   3.79943848E-03
   3.80039215E-03
   3.89957428E-03
   3.90052795E-03
   3.99971008E-03
   4.00066376E-03
   4.09984589E-03
   4.19998169E-03
   4.19998169E-03
   4.19998169E-03
   4.20093536E-03
   4.29916382E-03
   4.30011749E-03
   4.39929962E-03
   4.40025330E-03
   4.40025330E-03
   4.40025330E-03
   4.50038910E-03
   4.50038910E-03
   4.50038910E-03
   4.59957123E-03
   4.59957123E-03
   4.59957123E-03
   4.60052490E-03
   4.69970703E-03
   4.69970703E-03
   4.69970703E-03
   4.70066071E-03
   4.79984283E-03
   4.79984283E-03
   4.79984283E-03
   4.80079651E-03
   4.89997864E-03
   5.00011444E-03
   5.00011444E-03
   5.00011444E-03
   5.09929657E-03
   5.09929657E-03
   5.20038605E-03
   5.20038605E-03
   5.20038605E-03
   5.29956818E-03
   5.29956818E-03
   5.29956818E-03
   5.30052185E-03
   5.39970398E-03
   5.39970398E-03
   5.39970398E-03
   5.49983978E-03
   5.49983978E-03
   5.50079346E-03
   5.59997559E-03
   5.70011139E-03
   5.79929352E-03
   5.80024719E-03
   5.89942932E-03
   5.89942932E-03
   5.89942932E-03
   5.90038300E-03
   5.90038300E-03
   5.99956512E-03
   5.99956512E-03
   5.99956512E-03
   6.00051880E-03
   6.09970093E-03
   6.10065460E-03
   6.10065460E-03
   6.10065460E-03
   6.19983673E-03
   6.29997253E-03
   6.29997253E-03
   6.40010834E-03
   6.50024414E-03
   6.59942627E-03
   6.60037994E-03
   6.69956207E-03
   6.69956207E-03
   6.70051575E-03
   6.70051575E-03
   6.70051575E-03
   6.79969788E-03
   6.89983368E-03
   6.89983368E-03
   6.89983368E-03
   7.10010529E-03
   7.10010529E-03
   7.20024109E-03
   7.20024109E-03
   7.20024109E-03
   7.30037689E-03
   7.39955902E-03
   7.39955902E-03
   7.49969482E-03
   7.49969482E-03
   7.49969482E-03
   7.59983063E-03
   7.59983063E-03
   7.59983063E-03
   7.69996643E-03
   7.69996643E-03
   7.80010223E-03
   7.80010223E-03
   7.90023804E-03
   7.90023804E-03
   8.00037384E-03
   8.09955597E-03
   8.09955597E-03
   8.09955597E-03
   8.19969177E-03
   8.19969177E-03
   8.19969177E-03
   8.19969177E-03
   8.20064545E-03
   8.29982758E-03
   8.39996338E-03
   8.50009918E-03
   8.50009918E-03
   8.50009918E-03
   8.60023499E-03
   8.69941711E-03
   9.20009613E-03
   9.30023193E-03
   9.30023193E-03
   9.39941406E-03
   9.40036774E-03
   9.40036774E-03
   9.60063934E-03
   9.70077515E-03
   9.70077515E-03
   9.79995728E-03
   9.79995728E-03
   9.79995728E-03
   9.90009308E-03
   1.00002289E-02
   1.00002289E-02
   1.01003647E-02
   1.01995468E-02
   1.04999542E-02
   1.04999542E-02
   1.04999542E-02
   1.06000900E-02
   1.07002258E-02
   1.07002258E-02
   1.07002258E-02
   1.08003616E-02
   1.09004974E-02
   1.11007690E-02
   1.11007690E-02
   1.12009048E-02
   1.13992691E-02
   1.15995407E-02
   1.16004944E-02
   1.16996765E-02
   1.17998123E-02
   1.17998123E-02
   1.17998123E-02
   1.18007660E-02
   1.20000839E-02
   1.20992661E-02
   1.21002197E-02
   1.21994019E-02
   1.23004913E-02
   1.24006271E-02
   1.24998093E-02
   1.28993988E-02
   1.29003525E-02
   1.30996704E-02
   1.30996704E-02
   1.34000778E-02
   1.35993958E-02
   1.35993958E-02
   1.37004852E-02
   1.37996674E-02
   1.37996674E-02
   1.39999390E-02
   1.42002106E-02
   1.42993927E-02
   1.43995285E-02
   1.43995285E-02
   1.44004822E-02
   1.46999359E-02
   1.46999359E-02
   1.48000717E-02
   1.49002075E-02
   1.50995255E-02
   1.52997971E-02
   1.55992508E-02
   1.56002045E-02
   1.56002045E-02
   1.56002045E-02
   1.57003403E-02
   1.58004761E-02
   1.59006119E-02
   1.60999298E-02
   1.60999298E-02
   1.63002014E-02
   1.63002014E-02
   1.65996552E-02
   1.69000626E-02
   1.70001984E-02
   1.71003342E-02
   1.73997879E-02
   1.74007416E-02
   1.77001953E-02
   1.78003311E-02
   1.78995132E-02
   1.81007385E-02
   1.81007385E-02
   1.81999207E-02
   1.84001923E-02
   1.84993744E-02
   1.86004639E-02
   1.91001892E-02
   1.97000504E-02
   2.00996399E-02
   2.06003189E-02
   2.11000443E-02
   2.15005875E-02
   2.19001770E-02
   2.19001770E-02
   2.21004486E-02
   2.22997665E-02
   2.26993561E-02
   2.30998993E-02
   2.35004425E-02
   2.36997604E-02
   2.39000320E-02
   2.46992111E-02
   2.47001648E-02
   2.49004364E-02
   2.58998871E-02
   2.58998871E-02
   2.63004303E-02
   2.64005661E-02
   2.68001556E-02
   2.72998810E-02
   2.74991989E-02
   2.76002884E-02
   2.79998779E-02
   2.91004181E-02
   2.91996002E-02
   2.99997330E-02
   3.02000046E-02
   3.11994553E-02
   3.13997269E-02
   3.31001282E-02
   3.32002640E-02
   3.32002640E-02
   3.33003998E-02
   3.33995819E-02
   3.34997177E-02
   3.35006714E-02
   3.36999893E-02
   3.40995789E-02
   3.63998413E-02
   3.64999771E-02
   3.73001099E-02
   3.82995605E-02
   3.85999680E-02
   3.98006439E-02
   4.11996841E-02
   4.19006348E-02
   4.23994064E-02
   4.29000854E-02
   4.41999435E-02
   4.57000732E-02
   4.71000671E-02
   4.73995209E-02
   4.82997894E-02
   4.87003326E-02
   4.95996475E-02
   4.99992371E-02
   5.20000458E-02
   5.23996353E-02
   5.63993454E-02
   5.86996078E-02
   5.90000153E-02
   5.90000153E-02
   5.95998764E-02
   5.95998764E-02
   6.05993271E-02
   6.11991882E-02
   6.44998550E-02
   6.47001266E-02
   6.56995773E-02
   6.64005280E-02
   6.71997070E-02
   6.76994324E-02
   6.83994293E-02
   7.28998184E-02
   7.36999512E-02
   7.72991180E-02
   7.89995193E-02
   8.09993744E-02
   8.50000381E-02
   8.80002975E-02
   8.81004333E-02
   9.17997360E-02
  0.102000237    
  0.104799271    
  0.109100342    
  0.110099792    
  0.116000175    
  0.117799759    
  0.117899895    
  0.118599892    
  0.122300148    
  0.127799988    
  0.137299538    
  0.156700134    
  0.167599678    
  0.169499397    
  0.196800232    
  0.207399368    
  0.221599579    
  0.235400200    
  0.236599922    
  0.240699768    
  0.263700485    
  0.265900612    
  0.286000252    
  0.293799400    
  0.298100471    
  0.310400009    
  0.337900162    
  0.405400276    
  0.487500191    
  0.529500008    
  0.650500298    
  0.710599899    
