#Npts     Radius    Mag      Completeness
#   70 2118.6404  -14.319667 1.000000
# Ierr
  -9.40036774E-03
  -7.30037689E-03
  -6.29997253E-03
  -5.70011139E-03
  -5.39970398E-03
  -5.29956818E-03
  -5.20038605E-03
  -4.80079651E-03
  -4.20093536E-03
  -4.19998169E-03
  -3.70025635E-03
  -3.69930267E-03
  -3.49998474E-03
  -3.00025940E-03
  -2.89916992E-03
  -2.79998779E-03
  -2.69985199E-03
  -2.60066986E-03
  -2.59971619E-03
  -2.49958038E-03
  -2.40039825E-03
  -2.20012665E-03
  -1.99985504E-03
  -1.99985504E-03
  -1.89971924E-03
  -1.89971924E-03
  -1.79958344E-03
  -1.70040131E-03
  -1.39999390E-03
  -1.00040436E-03
  -4.99725342E-04
  -4.00543213E-04
  -4.00543213E-04
  -2.99453735E-04
  -9.91821289E-05
   0.00000000    
   0.00000000    
   5.00679016E-04
   5.00679016E-04
   6.99996948E-04
   9.99450684E-04
   1.29985809E-03
   1.39999390E-03
   1.50012970E-03
   1.50012970E-03
   1.59931183E-03
   1.89971924E-03
   1.90067291E-03
   1.99985504E-03
   2.09999084E-03
   2.09999084E-03
   2.20012665E-03
   2.79998779E-03
   2.79998779E-03
   3.89957428E-03
   3.99971008E-03
   4.19998169E-03
   4.40025330E-03
   4.49943542E-03
   4.89997864E-03
   5.00011444E-03
   5.80024719E-03
   6.60037994E-03
   7.69996643E-03
   8.19969177E-03
   8.29982758E-03
   8.39996338E-03
   1.06000900E-02
   1.08995438E-02
   1.21994019E-02
