#Npts     Radius    Mag      Completeness
#   64  656.4802  -14.319667 1.000000
# Ierr
  -1.34992599E-02
  -1.09004974E-02
  -7.90023804E-03
  -6.50024414E-03
  -6.40010834E-03
  -6.29997253E-03
  -5.90038300E-03
  -5.79929352E-03
  -5.20038605E-03
  -4.19998169E-03
  -4.19998169E-03
  -3.79943848E-03
  -3.00025940E-03
  -2.79998779E-03
  -2.69985199E-03
  -2.09999084E-03
  -1.99985504E-03
  -1.80053711E-03
  -1.19972229E-03
  -1.10054016E-03
  -1.00040436E-03
  -1.00040436E-03
  -1.00040436E-03
  -9.00268555E-04
  -9.00268555E-04
  -4.00543213E-04
   9.91821289E-05
   1.99317932E-04
   3.99589539E-04
   6.00814819E-04
   8.00132751E-04
   1.19972229E-03
   1.50012970E-03
   1.89971924E-03
   2.00080872E-03
   2.09999084E-03
   2.99930573E-03
   3.19957733E-03
   3.20053101E-03
   3.20053101E-03
   3.20053101E-03
   3.39984894E-03
   3.49998474E-03
   3.99971008E-03
   4.50038910E-03
   4.50038910E-03
   4.89997864E-03
   4.89997864E-03
   5.29956818E-03
   5.49983978E-03
   5.59997559E-03
   6.19983673E-03
   7.29942322E-03
   7.50064850E-03
   7.69996643E-03
   8.29982758E-03
   9.90009308E-03
   1.07994080E-02
   1.13992691E-02
   1.69992447E-02
   2.32000351E-02
   3.32994461E-02
   8.11996460E-02
  0.132900238    
