#Npts     Radius    Mag      Completeness
#   56 2984.0007  -14.568167 1.000000
# Ierr
  -7.59983063E-03
  -6.99996948E-03
  -6.89983368E-03
  -6.40010834E-03
  -6.19983673E-03
  -5.70011139E-03
  -5.59997559E-03
  -4.89997864E-03
  -4.69970703E-03
  -4.49943542E-03
  -3.90052795E-03
  -3.70025635E-03
  -3.59916687E-03
  -3.40080261E-03
  -3.20053101E-03
  -3.10039520E-03
  -2.59971619E-03
  -2.49958038E-03
  -1.59931183E-03
  -1.39999390E-03
  -1.19972229E-03
  -1.19972229E-03
  -1.00040436E-03
  -9.99450684E-04
  -6.99996948E-04
  -5.99861145E-04
  -3.99589539E-04
  -3.00407410E-04
   0.00000000    
   0.00000000    
   1.00135803E-04
   2.00271606E-04
   7.99179077E-04
   8.00132751E-04
   9.00268555E-04
   9.00268555E-04
   1.49917603E-03
   1.50012970E-03
   1.79958344E-03
   2.20012665E-03
   3.19957733E-03
   3.29971313E-03
   3.60012054E-03
   4.30011749E-03
   4.59957123E-03
   5.19943237E-03
   5.70011139E-03
   6.10065460E-03
   6.99996948E-03
   7.20024109E-03
   7.30037689E-03
   7.59983063E-03
   7.69996643E-03
   8.10050964E-03
   9.90009308E-03
   1.07002258E-02
