#Npts     Radius    Mag      Completeness
#   67 1074.2402  -14.485333 1.000000
# Ierr
  -8.70037079E-03
  -7.09915161E-03
  -6.89983368E-03
  -6.69956207E-03
  -6.00051880E-03
  -5.70011139E-03
  -5.19943237E-03
  -4.89997864E-03
  -4.79984283E-03
  -4.79984283E-03
  -4.59957123E-03
  -4.50038910E-03
  -4.50038910E-03
  -4.19998169E-03
  -4.19998169E-03
  -3.90052795E-03
  -3.39984894E-03
  -3.09944153E-03
  -3.00025940E-03
  -2.79998779E-03
  -2.70080566E-03
  -2.60066986E-03
  -2.20012665E-03
  -1.89971924E-03
  -1.89971924E-03
  -1.70040131E-03
  -1.69944763E-03
  -1.30081177E-03
  -1.20067596E-03
  -1.19972229E-03
  -1.19972229E-03
  -4.99725342E-04
  -4.00543213E-04
  -1.00135803E-04
   1.00135803E-04
   2.99453735E-04
   5.00679016E-04
   5.99861145E-04
   5.99861145E-04
   6.99996948E-04
   8.00132751E-04
   8.00132751E-04
   1.00040436E-03
   1.39999390E-03
   1.70040131E-03
   1.79958344E-03
   1.79958344E-03
   1.79958344E-03
   1.79958344E-03
   1.89971924E-03
   2.20012665E-03
   2.40039825E-03
   2.49958038E-03
   2.50053406E-03
   2.59971619E-03
   3.70025635E-03
   4.19998169E-03
   4.49943542E-03
   4.79984283E-03
   5.30052185E-03
   5.30052185E-03
   5.49983978E-03
   5.59997559E-03
   5.59997559E-03
   6.69956207E-03
   6.89983368E-03
   6.99996948E-03
