#Npts     Radius    Mag      Completeness
#   76 1074.2402  -14.568167 1.000000
# Ierr
  -7.49969482E-03
  -6.29997253E-03
  -5.80024719E-03
  -5.70011139E-03
  -5.50079346E-03
  -5.49983978E-03
  -5.20038605E-03
  -5.19943237E-03
  -5.00011444E-03
  -5.00011444E-03
  -4.59957123E-03
  -4.49943542E-03
  -4.30011749E-03
  -3.80039215E-03
  -3.19957733E-03
  -3.10039520E-03
  -3.09944153E-03
  -2.79998779E-03
  -2.79998779E-03
  -2.69985199E-03
  -2.69985199E-03
  -2.59971619E-03
  -2.50053406E-03
  -2.49958038E-03
  -2.20012665E-03
  -2.20012665E-03
  -2.09999084E-03
  -1.89971924E-03
  -1.80053711E-03
  -1.70040131E-03
  -1.60026550E-03
  -1.49917603E-03
  -1.39999390E-03
  -1.29985809E-03
  -1.29985809E-03
  -1.29985809E-03
  -9.00268555E-04
  -6.99996948E-04
  -6.99996948E-04
  -3.99589539E-04
  -2.00271606E-04
  -2.00271606E-04
  -1.00135803E-04
  -1.00135803E-04
   0.00000000    
   2.00271606E-04
   4.99725342E-04
   6.99996948E-04
   9.99450684E-04
   1.29985809E-03
   1.50012970E-03
   1.59931183E-03
   1.79958344E-03
   1.99985504E-03
   2.00080872E-03
   2.09999084E-03
   2.09999084E-03
   2.09999084E-03
   2.69985199E-03
   2.90012360E-03
   4.00066376E-03
   4.09984589E-03
   4.09984589E-03
   4.40025330E-03
   4.40025330E-03
   4.40025330E-03
   4.40025330E-03
   4.80079651E-03
   5.10025024E-03
   5.80024719E-03
   6.19983673E-03
   6.80065155E-03
   8.00037384E-03
   1.13000870E-02
   2.89001465E-02
   5.37996292E-02
