#Npts     Radius    Mag      Completeness
#   75  656.4802  -14.402500 1.000000
# Ierr
  -1.46999359E-02
  -1.32999420E-02
  -1.09996796E-02
  -1.04999542E-02
  -9.59968567E-03
  -9.30023193E-03
  -8.50009918E-03
  -7.59983063E-03
  -7.30037689E-03
  -7.10010529E-03
  -6.69956207E-03
  -5.99956512E-03
  -5.59997559E-03
  -4.89997864E-03
  -4.70066071E-03
  -4.09984589E-03
  -3.90052795E-03
  -3.60012054E-03
  -3.39984894E-03
  -3.20053101E-03
  -3.10039520E-03
  -3.10039520E-03
  -2.79998779E-03
  -2.59971619E-03
  -2.40039825E-03
  -2.39944458E-03
  -2.20012665E-03
  -2.09999084E-03
  -1.69944763E-03
  -1.69944763E-03
  -1.59931183E-03
  -1.50012970E-03
  -1.00040436E-03
  -9.00268555E-04
  -8.00132751E-04
  -4.99725342E-04
  -3.00407410E-04
   9.91821289E-05
   1.00135803E-04
   3.00407410E-04
   3.99589539E-04
   5.00679016E-04
   5.99861145E-04
   5.99861145E-04
   9.99450684E-04
   1.00040436E-03
   1.09958649E-03
   1.09958649E-03
   1.19972229E-03
   1.29985809E-03
   1.39999390E-03
   1.39999390E-03
   1.60026550E-03
   1.80053711E-03
   1.80053711E-03
   2.09999084E-03
   2.79998779E-03
   3.00025940E-03
   3.20053101E-03
   3.20053101E-03
   3.29971313E-03
   3.29971313E-03
   3.80039215E-03
   3.89957428E-03
   4.30011749E-03
   5.10025024E-03
   5.90038300E-03
   5.99956512E-03
   7.60078430E-03
   8.50009918E-03
   9.49954987E-03
   9.69982147E-03
   1.11999512E-02
   2.61001587E-02
   5.18999100E-02
