#Npts     Radius    Mag      Completeness
#   51 2984.0007  -14.319667 1.000000
# Ierr
  -8.00037384E-03
  -7.59983063E-03
  -7.30037689E-03
  -5.99956512E-03
  -5.90038300E-03
  -5.40065765E-03
  -5.30052185E-03
  -5.20038605E-03
  -4.00066376E-03
  -3.70025635E-03
  -3.70025635E-03
  -3.59916687E-03
  -3.49998474E-03
  -3.00025940E-03
  -2.79998779E-03
  -1.60026550E-03
  -1.50012970E-03
  -1.39999390E-03
  -1.39999390E-03
  -1.29985809E-03
  -1.19972229E-03
  -5.99861145E-04
  -4.00543213E-04
   0.00000000    
   1.99317932E-04
   3.00407410E-04
   3.99589539E-04
   5.99861145E-04
   6.99996948E-04
   6.99996948E-04
   9.00268555E-04
   1.39999390E-03
   1.50012970E-03
   1.99985504E-03
   1.99985504E-03
   2.09999084E-03
   2.09999084E-03
   2.20012665E-03
   2.69985199E-03
   2.99930573E-03
   3.19957733E-03
   3.29971313E-03
   4.30011749E-03
   4.30011749E-03
   4.40025330E-03
   4.89997864E-03
   5.39970398E-03
   5.39970398E-03
   6.60037994E-03
   6.60037994E-03
   8.09955597E-03
