#Npts     Radius    Mag      Completeness
#   58  865.3602  -14.319667 1.000000
# Ierr
  -1.00994110E-02
  -1.00002289E-02
  -9.59968567E-03
  -8.70037079E-03
  -7.40051270E-03
  -6.99996948E-03
  -6.19983673E-03
  -5.49983978E-03
  -5.00011444E-03
  -4.79984283E-03
  -4.09984589E-03
  -2.20012665E-03
  -1.80053711E-03
  -1.39999390E-03
  -9.99450684E-04
  -9.99450684E-04
  -9.00268555E-04
  -6.99996948E-04
  -6.99996948E-04
  -4.99725342E-04
  -4.99725342E-04
  -4.00543213E-04
  -3.00407410E-04
   0.00000000    
   1.00135803E-04
   5.00679016E-04
   8.00132751E-04
   9.00268555E-04
   1.09958649E-03
   1.50012970E-03
   1.79958344E-03
   1.79958344E-03
   1.90067291E-03
   2.09999084E-03
   2.09999084E-03
   2.30026245E-03
   2.50053406E-03
   2.59971619E-03
   3.10039520E-03
   3.39984894E-03
   3.99971008E-03
   4.40025330E-03
   4.59957123E-03
   4.69970703E-03
   4.79984283E-03
   4.79984283E-03
   4.89997864E-03
   5.59997559E-03
   5.70011139E-03
   5.79929352E-03
   5.99956512E-03
   6.09970093E-03
   8.30078125E-03
   1.00002289E-02
   1.14002228E-02
   1.20992661E-02
   1.27000809E-02
  0.114399910    
