#Npts     Radius    Mag      Completeness
#   57 1909.7603  -14.236834 1.000000
# Ierr
  -1.00002289E-02
  -8.80050659E-03
  -6.00051880E-03
  -6.00051880E-03
  -5.80024719E-03
  -5.10025024E-03
  -4.99916077E-03
  -4.89997864E-03
  -4.59957123E-03
  -4.40025330E-03
  -4.40025330E-03
  -4.19998169E-03
  -4.09984589E-03
  -3.90052795E-03
  -3.29971313E-03
  -3.00025940E-03
  -2.89916992E-03
  -2.69985199E-03
  -2.50053406E-03
  -2.30026245E-03
  -1.99985504E-03
  -1.89971924E-03
  -1.89971924E-03
  -1.80053711E-03
  -1.39999390E-03
  -1.20067596E-03
  -1.19972229E-03
  -1.10054016E-03
  -1.09958649E-03
  -8.00132751E-04
  -8.00132751E-04
  -6.00814819E-04
  -3.00407410E-04
  -2.00271606E-04
  -2.00271606E-04
   3.99589539E-04
   4.00543213E-04
   5.00679016E-04
   6.00814819E-04
   1.39999390E-03
   1.39999390E-03
   1.69944763E-03
   1.89971924E-03
   2.29930878E-03
   2.40039825E-03
   2.59971619E-03
   2.59971619E-03
   2.59971619E-03
   2.59971619E-03
   2.70080566E-03
   3.10039520E-03
   3.80039215E-03
   5.29956818E-03
   7.49969482E-03
   8.39996338E-03
   8.39996338E-03
   1.34992599E-02
