#Npts     Radius    Mag      Completeness
#   70 1909.7603  -14.319667 1.000000
# Ierr
  -1.24998093E-02
  -6.89983368E-03
  -6.60037994E-03
  -6.19983673E-03
  -5.80024719E-03
  -5.49983978E-03
  -4.69970703E-03
  -4.29916382E-03
  -3.90052795E-03
  -3.79943848E-03
  -3.70025635E-03
  -3.59916687E-03
  -3.49998474E-03
  -3.49998474E-03
  -3.19957733E-03
  -3.19957733E-03
  -3.10039520E-03
  -3.00025940E-03
  -3.00025940E-03
  -2.69985199E-03
  -2.59971619E-03
  -2.59971619E-03
  -2.39944458E-03
  -2.30026245E-03
  -2.29930878E-03
  -2.09999084E-03
  -1.99985504E-03
  -1.99985504E-03
  -1.80053711E-03
  -1.70040131E-03
  -1.70040131E-03
  -1.69944763E-03
  -1.29985809E-03
  -1.29985809E-03
  -1.19972229E-03
  -1.19972229E-03
  -1.09958649E-03
  -9.99450684E-04
  -6.99996948E-04
  -5.99861145E-04
   1.00135803E-04
   1.00135803E-04
   2.00271606E-04
   9.99450684E-04
   1.10054016E-03
   1.19972229E-03
   1.89971924E-03
   1.99985504E-03
   2.20012665E-03
   2.30026245E-03
   2.50053406E-03
   2.59971619E-03
   2.60066986E-03
   3.00025940E-03
   3.00025940E-03
   3.19957733E-03
   3.49998474E-03
   4.40025330E-03
   4.50038910E-03
   4.59957123E-03
   4.89997864E-03
   5.29956818E-03
   5.29956818E-03
   5.79929352E-03
   5.99956512E-03
   6.09970093E-03
   6.49929047E-03
   6.79969788E-03
   6.89983368E-03
   7.39955902E-03
