#Npts     Radius    Mag      Completeness
#   70 1283.1202  -14.402500 1.000000
# Ierr
  -8.69941711E-03
  -8.00037384E-03
  -6.40010834E-03
  -6.29997253E-03
  -6.19983673E-03
  -5.90038300E-03
  -5.70011139E-03
  -5.20038605E-03
  -5.19943237E-03
  -4.60052490E-03
  -4.19998169E-03
  -3.60012054E-03
  -3.49998474E-03
  -3.29971313E-03
  -3.10039520E-03
  -3.00025940E-03
  -2.50053406E-03
  -2.20012665E-03
  -1.99985504E-03
  -1.20067596E-03
  -1.00040436E-03
  -7.99179077E-04
  -6.00814819E-04
  -5.99861145E-04
  -4.00543213E-04
  -3.99589539E-04
  -3.00407410E-04
  -1.00135803E-04
   1.00135803E-04
   5.00679016E-04
   5.99861145E-04
   6.99996948E-04
   1.19972229E-03
   1.39999390E-03
   1.39999390E-03
   1.60026550E-03
   1.79958344E-03
   1.89971924E-03
   1.99985504E-03
   1.99985504E-03
   2.09999084E-03
   2.30026245E-03
   2.39944458E-03
   2.49958038E-03
   2.49958038E-03
   2.69985199E-03
   2.99930573E-03
   3.00025940E-03
   3.00025940E-03
   3.00025940E-03
   3.00025940E-03
   3.29971313E-03
   3.80039215E-03
   4.00066376E-03
   4.09984589E-03
   4.19998169E-03
   4.30011749E-03
   4.30011749E-03
   4.40025330E-03
   4.60052490E-03
   5.29956818E-03
   5.30052185E-03
   5.70011139E-03
   6.29997253E-03
   6.39915466E-03
   7.10010529E-03
   7.19928741E-03
   7.80010223E-03
   8.60023499E-03
   9.20009613E-03
