#Npts     Radius    Mag      Completeness
#   63 1283.1202  -14.485333 1.000000
# Ierr
  -9.79995728E-03
  -7.90023804E-03
  -7.10010529E-03
  -5.40065765E-03
  -5.09929657E-03
  -5.00011444E-03
  -4.89997864E-03
  -4.79984283E-03
  -4.59957123E-03
  -4.50038910E-03
  -3.80039215E-03
  -3.69930267E-03
  -3.69930267E-03
  -3.49998474E-03
  -3.39984894E-03
  -2.70080566E-03
  -2.69985199E-03
  -2.20012665E-03
  -2.00080872E-03
  -1.99985504E-03
  -1.99985504E-03
  -1.60026550E-03
  -1.19972229E-03
  -1.09958649E-03
  -1.09958649E-03
  -1.00040436E-03
  -9.99450684E-04
  -9.99450684E-04
  -9.00268555E-04
  -6.99996948E-04
  -6.99996948E-04
  -5.99861145E-04
  -5.00679016E-04
  -3.99589539E-04
   0.00000000    
   5.99861145E-04
   5.99861145E-04
   5.99861145E-04
   6.99996948E-04
   1.19972229E-03
   1.29985809E-03
   1.39999390E-03
   1.50012970E-03
   1.50012970E-03
   1.59931183E-03
   1.60026550E-03
   1.70040131E-03
   1.70040131E-03
   1.99985504E-03
   2.09999084E-03
   2.20012665E-03
   2.30026245E-03
   2.30026245E-03
   2.69985199E-03
   2.79998779E-03
   3.29971313E-03
   4.79984283E-03
   4.89997864E-03
   4.89997864E-03
   5.59997559E-03
   5.90038300E-03
   6.20079041E-03
   7.49969482E-03
