#Npts     Radius    Mag      Completeness
#   55  656.4802  -14.568167 1.000000
# Ierr
  -9.69982147E-03
  -8.90064240E-03
  -7.20024109E-03
  -6.10065460E-03
  -6.09970093E-03
  -5.80024719E-03
  -5.40065765E-03
  -5.30052185E-03
  -5.29956818E-03
  -4.69970703E-03
  -4.19998169E-03
  -3.70025635E-03
  -2.60066986E-03
  -2.49958038E-03
  -2.40039825E-03
  -2.30026245E-03
  -1.90067291E-03
  -1.79958344E-03
  -1.69944763E-03
  -1.50012970E-03
  -1.29985809E-03
  -1.19972229E-03
  -9.00268555E-04
  -5.99861145E-04
  -2.99453735E-04
   5.99861145E-04
   6.99996948E-04
   1.00040436E-03
   1.59931183E-03
   1.80053711E-03
   2.09999084E-03
   2.09999084E-03
   2.40039825E-03
   2.49958038E-03
   2.90012360E-03
   3.00025940E-03
   3.09944153E-03
   3.19957733E-03
   3.20053101E-03
   3.29971313E-03
   3.70025635E-03
   3.70025635E-03
   3.99971008E-03
   4.39929962E-03
   4.60052490E-03
   5.10025024E-03
   7.90023804E-03
   9.30023193E-03
   9.69982147E-03
   1.11999512E-02
   1.99995041E-02
   3.17993164E-02
   3.70006561E-02
   4.45003510E-02
   7.56998062E-02
