#Npts     Radius    Mag      Completeness
#  773  447.6001  -11.099833 0.978481
# Ierr
 -0.573299408    
 -0.362500191    
 -0.311399460    
 -0.237000465    
 -0.173600197    
 -0.164899826    
 -0.121500015    
 -0.119199753    
 -0.108599663    
 -0.104700089    
  -8.79001617E-02
  -8.33997726E-02
  -7.52000809E-02
  -6.72998428E-02
  -6.51998520E-02
  -6.28995895E-02
  -6.02998734E-02
  -5.10997772E-02
  -4.57000732E-02
  -4.53996658E-02
  -4.51002121E-02
  -4.34999466E-02
  -3.89995575E-02
  -3.84006500E-02
  -3.81994247E-02
  -3.78999710E-02
  -3.66001129E-02
  -3.48997116E-02
  -3.36999893E-02
  -3.25002670E-02
  -3.20997238E-02
  -3.14998627E-02
  -3.13005447E-02
  -3.12995911E-02
  -3.11002731E-02
  -2.99005508E-02
  -2.96001434E-02
  -2.95000076E-02
  -2.92997360E-02
  -2.85997391E-02
  -2.78005600E-02
  -2.67992020E-02
  -2.59990692E-02
  -2.58007050E-02
  -2.55994797E-02
  -2.42996216E-02
  -2.32000351E-02
  -2.29997635E-02
  -2.26001740E-02
  -2.25000381E-02
  -2.25000381E-02
  -2.14004517E-02
  -2.14004517E-02
  -2.12993622E-02
  -2.09999084E-02
  -2.07004547E-02
  -2.06003189E-02
  -2.04000473E-02
  -2.02999115E-02
  -1.99003220E-02
  -1.93996429E-02
  -1.91001892E-02
  -1.88999176E-02
  -1.85003281E-02
  -1.85003281E-02
  -1.83000565E-02
  -1.79996490E-02
  -1.79004669E-02
  -1.78995132E-02
  -1.77993774E-02
  -1.71003342E-02
  -1.70001984E-02
  -1.67999268E-02
  -1.66006088E-02
  -1.65996552E-02
  -1.63002014E-02
  -1.62000656E-02
  -1.62000656E-02
  -1.58004761E-02
  -1.56002045E-02
  -1.55000687E-02
  -1.52006149E-02
  -1.49002075E-02
  -1.49002075E-02
  -1.46999359E-02
  -1.46999359E-02
  -1.45998001E-02
  -1.45006180E-02
  -1.43003464E-02
  -1.41000748E-02
  -1.39007568E-02
  -1.38998032E-02
  -1.35993958E-02
  -1.35993958E-02
  -1.35002136E-02
  -1.32999420E-02
  -1.31998062E-02
  -1.31998062E-02
  -1.31006241E-02
  -1.29995346E-02
  -1.29995346E-02
  -1.29995346E-02
  -1.27000809E-02
  -1.27000809E-02
  -1.25999451E-02
  -1.25999451E-02
  -1.22003555E-02
  -1.21994019E-02
  -1.21002197E-02
  -1.19991302E-02
  -1.18007660E-02
  -1.17006302E-02
  -1.16996765E-02
  -1.15003586E-02
  -1.15003586E-02
  -1.07002258E-02
  -1.07002258E-02
  -1.07002258E-02
  -1.04007721E-02
  -1.03998184E-02
  -1.03006363E-02
  -1.02996826E-02
  -1.01995468E-02
  -1.01003647E-02
  -1.01003647E-02
  -1.01003647E-02
  -1.00002289E-02
  -1.00002289E-02
  -9.99927521E-03
  -9.79995728E-03
  -9.69982147E-03
  -9.60063934E-03
  -9.59968567E-03
  -9.50050354E-03
  -9.50050354E-03
  -9.49954987E-03
  -9.40036774E-03
  -9.40036774E-03
  -9.40036774E-03
  -9.40036774E-03
  -9.40036774E-03
  -9.39941406E-03
  -9.30023193E-03
  -9.30023193E-03
  -9.30023193E-03
  -9.20009613E-03
  -9.00077820E-03
  -8.99982452E-03
  -8.90064240E-03
  -8.90064240E-03
  -8.89968872E-03
  -8.89968872E-03
  -8.89968872E-03
  -8.80050659E-03
  -8.80050659E-03
  -8.80050659E-03
  -8.70037079E-03
  -8.69941711E-03
  -8.50009918E-03
  -8.49914551E-03
  -8.40091705E-03
  -8.39996338E-03
  -8.39996338E-03
  -8.39996338E-03
  -8.30078125E-03
  -8.29982758E-03
  -8.29982758E-03
  -8.20064545E-03
  -8.19969177E-03
  -8.09955597E-03
  -8.00037384E-03
  -7.90023804E-03
  -7.69996643E-03
  -7.69996643E-03
  -7.69996643E-03
  -7.60078430E-03
  -7.60078430E-03
  -7.59983063E-03
  -7.50064850E-03
  -7.50064850E-03
  -7.49969482E-03
  -7.39955902E-03
  -7.39955902E-03
  -7.39955902E-03
  -7.30037689E-03
  -7.29942322E-03
  -7.29942322E-03
  -7.20024109E-03
  -7.20024109E-03
  -7.10010529E-03
  -7.09915161E-03
  -6.89983368E-03
  -6.79969788E-03
  -6.70051575E-03
  -6.70051575E-03
  -6.59942627E-03
  -6.39915466E-03
  -6.30092621E-03
  -6.29997253E-03
  -6.29997253E-03
  -6.29997253E-03
  -6.29997253E-03
  -6.29997253E-03
  -6.29997253E-03
  -6.19983673E-03
  -6.19983673E-03
  -6.19983673E-03
  -6.19983673E-03
  -6.19983673E-03
  -6.10065460E-03
  -6.10065460E-03
  -6.09970093E-03
  -6.00051880E-03
  -6.00051880E-03
  -5.99956512E-03
  -5.99956512E-03
  -5.90038300E-03
  -5.80024719E-03
  -5.80024719E-03
  -5.80024719E-03
  -5.80024719E-03
  -5.70011139E-03
  -5.70011139E-03
  -5.70011139E-03
  -5.59997559E-03
  -5.59997559E-03
  -5.50079346E-03
  -5.49983978E-03
  -5.49983978E-03
  -5.40065765E-03
  -5.39970398E-03
  -5.39970398E-03
  -5.29956818E-03
  -5.29956818E-03
  -5.20038605E-03
  -5.20038605E-03
  -5.20038605E-03
  -5.10025024E-03
  -5.10025024E-03
  -5.09929657E-03
  -5.00011444E-03
  -5.00011444E-03
  -5.00011444E-03
  -5.00011444E-03
  -4.99916077E-03
  -4.89997864E-03
  -4.89997864E-03
  -4.89997864E-03
  -4.79984283E-03
  -4.79984283E-03
  -4.70066071E-03
  -4.70066071E-03
  -4.69970703E-03
  -4.60052490E-03
  -4.60052490E-03
  -4.59957123E-03
  -4.49943542E-03
  -4.39929962E-03
  -4.30011749E-03
  -4.30011749E-03
  -4.30011749E-03
  -4.19998169E-03
  -4.09984589E-03
  -4.09984589E-03
  -4.09984589E-03
  -4.09984589E-03
  -3.99971008E-03
  -3.99971008E-03
  -3.99971008E-03
  -3.89957428E-03
  -3.89957428E-03
  -3.89957428E-03
  -3.89957428E-03
  -3.89957428E-03
  -3.89957428E-03
  -3.80039215E-03
  -3.80039215E-03
  -3.80039215E-03
  -3.80039215E-03
  -3.70025635E-03
  -3.70025635E-03
  -3.69930267E-03
  -3.69930267E-03
  -3.69930267E-03
  -3.60012054E-03
  -3.60012054E-03
  -3.49998474E-03
  -3.49998474E-03
  -3.39984894E-03
  -3.39984894E-03
  -3.39984894E-03
  -3.39984894E-03
  -3.39984894E-03
  -3.30066681E-03
  -3.30066681E-03
  -3.30066681E-03
  -3.30066681E-03
  -3.29971313E-03
  -3.29971313E-03
  -3.29971313E-03
  -3.20053101E-03
  -3.19957733E-03
  -3.10039520E-03
  -3.00025940E-03
  -3.00025940E-03
  -3.00025940E-03
  -3.00025940E-03
  -2.90012360E-03
  -2.90012360E-03
  -2.90012360E-03
  -2.90012360E-03
  -2.79998779E-03
  -2.79998779E-03
  -2.79998779E-03
  -2.59971619E-03
  -2.59971619E-03
  -2.59971619E-03
  -2.50053406E-03
  -2.49958038E-03
  -2.49958038E-03
  -2.49958038E-03
  -2.49958038E-03
  -2.40039825E-03
  -2.40039825E-03
  -2.40039825E-03
  -2.40039825E-03
  -2.40039825E-03
  -2.39944458E-03
  -2.29930878E-03
  -2.29930878E-03
  -2.20012665E-03
  -2.20012665E-03
  -2.20012665E-03
  -2.09999084E-03
  -2.09999084E-03
  -2.09999084E-03
  -2.09999084E-03
  -2.00080872E-03
  -1.99985504E-03
  -1.99985504E-03
  -1.90067291E-03
  -1.89971924E-03
  -1.89971924E-03
  -1.89971924E-03
  -1.80053711E-03
  -1.70040131E-03
  -1.70040131E-03
  -1.70040131E-03
  -1.60026550E-03
  -1.60026550E-03
  -1.60026550E-03
  -1.60026550E-03
  -1.50012970E-03
  -1.50012970E-03
  -1.50012970E-03
  -1.50012970E-03
  -1.50012970E-03
  -1.49917603E-03
  -1.49917603E-03
  -1.39999390E-03
  -1.39999390E-03
  -1.39999390E-03
  -1.39999390E-03
  -1.39999390E-03
  -1.30081177E-03
  -1.30081177E-03
  -1.29985809E-03
  -1.29985809E-03
  -1.29985809E-03
  -1.19972229E-03
  -1.19972229E-03
  -1.10054016E-03
  -1.10054016E-03
  -1.09958649E-03
  -1.00040436E-03
  -1.00040436E-03
  -1.00040436E-03
  -1.00040436E-03
  -1.00040436E-03
  -1.00040436E-03
  -9.99450684E-04
  -9.00268555E-04
  -9.00268555E-04
  -9.00268555E-04
  -8.00132751E-04
  -8.00132751E-04
  -8.00132751E-04
  -8.00132751E-04
  -8.00132751E-04
  -8.00132751E-04
  -6.99996948E-04
  -6.00814819E-04
  -5.99861145E-04
  -5.99861145E-04
  -4.99725342E-04
  -4.99725342E-04
  -4.99725342E-04
  -4.99725342E-04
  -4.99725342E-04
  -3.99589539E-04
  -3.99589539E-04
  -3.00407410E-04
  -2.99453735E-04
  -2.00271606E-04
  -1.00135803E-04
  -1.00135803E-04
  -1.00135803E-04
  -1.00135803E-04
  -1.00135803E-04
   0.00000000    
   0.00000000    
   0.00000000    
   0.00000000    
   9.91821289E-05
   9.91821289E-05
   2.00271606E-04
   2.99453735E-04
   2.99453735E-04
   3.00407410E-04
   3.00407410E-04
   4.00543213E-04
   4.99725342E-04
   4.99725342E-04
   5.99861145E-04
   5.99861145E-04
   5.99861145E-04
   5.99861145E-04
   6.00814819E-04
   6.99996948E-04
   6.99996948E-04
   6.99996948E-04
   6.99996948E-04
   7.99179077E-04
   8.00132751E-04
   8.00132751E-04
   8.00132751E-04
   8.00132751E-04
   8.00132751E-04
   8.00132751E-04
   8.00132751E-04
   8.00132751E-04
   8.99314880E-04
   8.99314880E-04
   9.00268555E-04
   9.00268555E-04
   9.00268555E-04
   1.00040436E-03
   1.09958649E-03
   1.10054016E-03
   1.10054016E-03
   1.19972229E-03
   1.29985809E-03
   1.29985809E-03
   1.39999390E-03
   1.39999390E-03
   1.39999390E-03
   1.39999390E-03
   1.39999390E-03
   1.50012970E-03
   1.50012970E-03
   1.60026550E-03
   1.60026550E-03
   1.60026550E-03
   1.60026550E-03
   1.69944763E-03
   1.69944763E-03
   1.80053711E-03
   1.80053711E-03
   1.80053711E-03
   1.89971924E-03
   1.90067291E-03
   1.90067291E-03
   1.90067291E-03
   1.99985504E-03
   1.99985504E-03
   1.99985504E-03
   1.99985504E-03
   1.99985504E-03
   2.00080872E-03
   2.09999084E-03
   2.09999084E-03
   2.09999084E-03
   2.09999084E-03
   2.20012665E-03
   2.30026245E-03
   2.30026245E-03
   2.30026245E-03
   2.39944458E-03
   2.39944458E-03
   2.39944458E-03
   2.39944458E-03
   2.50053406E-03
   2.50053406E-03
   2.60066986E-03
   2.60066986E-03
   2.69985199E-03
   2.69985199E-03
   2.69985199E-03
   2.89916992E-03
   2.90012360E-03
   3.19957733E-03
   3.19957733E-03
   3.19957733E-03
   3.19957733E-03
   3.39984894E-03
   3.39984894E-03
   3.49998474E-03
   3.49998474E-03
   3.49998474E-03
   3.60012054E-03
   3.70025635E-03
   3.79943848E-03
   3.79943848E-03
   3.79943848E-03
   3.80039215E-03
   3.80039215E-03
   3.80039215E-03
   4.00066376E-03
   4.00066376E-03
   4.00066376E-03
   4.09984589E-03
   4.09984589E-03
   4.09984589E-03
   4.09984589E-03
   4.10079956E-03
   4.19998169E-03
   4.19998169E-03
   4.19998169E-03
   4.19998169E-03
   4.30011749E-03
   4.39929962E-03
   4.39929962E-03
   4.40025330E-03
   4.40025330E-03
   4.49943542E-03
   4.50038910E-03
   4.59957123E-03
   4.69970703E-03
   4.69970703E-03
   4.79984283E-03
   4.79984283E-03
   4.89997864E-03
   4.89997864E-03
   4.89997864E-03
   4.89997864E-03
   4.99916077E-03
   5.00011444E-03
   5.00011444E-03
   5.00011444E-03
   5.10025024E-03
   5.10025024E-03
   5.29956818E-03
   5.29956818E-03
   5.29956818E-03
   5.30052185E-03
   5.39970398E-03
   5.40065765E-03
   5.49983978E-03
   5.50079346E-03
   5.59997559E-03
   5.59997559E-03
   5.69915771E-03
   5.80024719E-03
   5.80024719E-03
   5.89942932E-03
   5.90038300E-03
   5.99956512E-03
   5.99956512E-03
   6.09970093E-03
   6.09970093E-03
   6.09970093E-03
   6.09970093E-03
   6.10065460E-03
   6.20079041E-03
   6.29997253E-03
   6.29997253E-03
   6.40010834E-03
   6.50024414E-03
   6.50024414E-03
   6.50024414E-03
   6.50024414E-03
   6.50024414E-03
   6.59942627E-03
   6.59942627E-03
   6.59942627E-03
   6.60037994E-03
   6.70051575E-03
   6.89983368E-03
   6.89983368E-03
   6.90078735E-03
   6.90078735E-03
   6.99996948E-03
   7.20024109E-03
   7.29942322E-03
   7.49969482E-03
   7.59983063E-03
   7.69996643E-03
   7.69996643E-03
   7.90023804E-03
   8.00037384E-03
   8.10050964E-03
   8.29982758E-03
   8.29982758E-03
   8.29982758E-03
   8.50009918E-03
   8.79955292E-03
   8.80050659E-03
   8.89968872E-03
   8.90064240E-03
   8.90064240E-03
   9.09996033E-03
   9.09996033E-03
   9.09996033E-03
   9.29927826E-03
   9.30023193E-03
   9.59968567E-03
   9.59968567E-03
   9.59968567E-03
   9.60063934E-03
   9.79995728E-03
   9.90009308E-03
   1.01995468E-02
   1.02996826E-02
   1.02996826E-02
   1.03006363E-02
   1.03998184E-02
   1.03998184E-02
   1.03998184E-02
   1.07002258E-02
   1.07994080E-02
   1.07994080E-02
   1.08003616E-02
   1.08995438E-02
   1.13000870E-02
   1.16996765E-02
   1.18007660E-02
   1.18999481E-02
   1.19009018E-02
   1.20992661E-02
   1.22003555E-02
   1.24998093E-02
   1.25007629E-02
   1.27000809E-02
   1.28002167E-02
   1.29003525E-02
   1.30004883E-02
   1.32999420E-02
   1.38006210E-02
   1.39007568E-02
   1.40991211E-02
   1.44004822E-02
   1.46007538E-02
   1.46999359E-02
   1.49993896E-02
   1.50003433E-02
   1.53999329E-02
   1.53999329E-02
   1.55000687E-02
   1.56993866E-02
   1.57995224E-02
   1.60999298E-02
   1.62000656E-02
   1.63002014E-02
   1.64995193E-02
   1.65004730E-02
   1.66997910E-02
   1.71003342E-02
   1.71995163E-02
   1.74999237E-02
   1.76000595E-02
   1.77001953E-02
   1.80997849E-02
   1.84001923E-02
   1.85003281E-02
   1.90000534E-02
   1.92003250E-02
   1.94997787E-02
   1.98001862E-02
   1.99003220E-02
   2.04000473E-02
   2.05001831E-02
   2.05001831E-02
   2.13994980E-02
   2.15005875E-02
   2.18000412E-02
   2.18992233E-02
   2.25000381E-02
   2.25000381E-02
   2.25000381E-02
   2.26001740E-02
   2.30998993E-02
   2.35996246E-02
   2.37998962E-02
   2.37998962E-02
   2.47001648E-02
   2.50997543E-02
   2.54001617E-02
   2.56004333E-02
   2.57997513E-02
   2.60000229E-02
   2.67000198E-02
   2.68001556E-02
   2.69994736E-02
   2.74991989E-02
   2.79998779E-02
   2.79998779E-02
   2.79998779E-02
   2.86006927E-02
   2.88000107E-02
   2.91004181E-02
   2.94008255E-02
   2.96001434E-02
   3.27005386E-02
   3.28006744E-02
   3.47995758E-02
   3.53994370E-02
   3.61003876E-02
   3.63998413E-02
   3.67994308E-02
   3.70998383E-02
   3.73001099E-02
   3.75003815E-02
   3.78999710E-02
   3.83996964E-02
   3.85999680E-02
   4.33998108E-02
   4.36000824E-02
   4.37002182E-02
   4.43000793E-02
   4.55999374E-02
   4.79993820E-02
   5.48000336E-02
   5.50994873E-02
   5.62000275E-02
   5.70001602E-02
   6.00004196E-02
   6.41002655E-02
   6.50005341E-02
   6.55002594E-02
   6.63003922E-02
   7.42998123E-02
   7.54995346E-02
   8.40997696E-02
   8.47997665E-02
   9.93003845E-02
   9.96999741E-02
  0.100100517    
  0.101900101    
  0.109700203    
  0.115799904    
  0.120400429    
  0.127300262    
  0.134799957    
  0.146900177    
  0.147899628    
  0.160900116    
  0.165699959    
  0.167200089    
  0.170100212    
  0.175199509    
  0.204299927    
  0.205299377    
  0.215199471    
  0.215600014    
  0.220600128    
  0.246100426    
  0.284800529    
  0.375999451    
  0.436300278    
  0.460400581    
  0.532800674    
  0.688399315    
  0.707199097    
