#Npts     Radius    Mag      Completeness
#   54 1492.0002  -14.402500 1.000000
# Ierr
  -1.17006302E-02
  -1.00002289E-02
  -9.09996033E-03
  -9.09996033E-03
  -6.29997253E-03
  -6.19983673E-03
  -5.59997559E-03
  -5.39970398E-03
  -4.50038910E-03
  -4.09984589E-03
  -3.99971008E-03
  -3.90052795E-03
  -3.79943848E-03
  -3.60012054E-03
  -3.10039520E-03
  -2.90012360E-03
  -2.59971619E-03
  -2.30026245E-03
  -2.09999084E-03
  -2.09999084E-03
  -1.80053711E-03
  -1.29985809E-03
  -1.09958649E-03
  -9.00268555E-04
  -4.99725342E-04
  -4.99725342E-04
  -3.00407410E-04
  -1.00135803E-04
   2.99453735E-04
   3.00407410E-04
   3.00407410E-04
   9.00268555E-04
   1.09958649E-03
   1.29985809E-03
   1.39999390E-03
   1.79958344E-03
   1.89971924E-03
   1.90067291E-03
   2.20012665E-03
   2.60066986E-03
   2.60066986E-03
   3.20053101E-03
   3.29971313E-03
   3.29971313E-03
   3.40080261E-03
   3.70025635E-03
   4.19998169E-03
   4.30011749E-03
   5.39970398E-03
   5.59997559E-03
   6.20079041E-03
   6.90078735E-03
   7.80010223E-03
   2.89001465E-02
