#Npts     Radius    Mag      Completeness
#   63 2984.0007  -14.485333 1.000000
# Ierr
  -8.50009918E-03
  -7.49969482E-03
  -5.09929657E-03
  -4.79984283E-03
  -4.49943542E-03
  -4.40025330E-03
  -4.09984589E-03
  -3.89957428E-03
  -2.49958038E-03
  -2.49958038E-03
  -2.30026245E-03
  -2.20012665E-03
  -1.99985504E-03
  -1.90067291E-03
  -1.89971924E-03
  -1.80053711E-03
  -1.60026550E-03
  -1.50012970E-03
  -1.39999390E-03
  -1.29985809E-03
  -1.20067596E-03
  -1.19972229E-03
  -1.10054016E-03
  -6.00814819E-04
  -5.99861145E-04
  -5.99861145E-04
  -3.99589539E-04
  -3.99589539E-04
  -3.00407410E-04
  -2.00271606E-04
  -1.00135803E-04
   3.99589539E-04
   4.00543213E-04
   5.99861145E-04
   6.99996948E-04
   8.00132751E-04
   9.99450684E-04
   1.19972229E-03
   1.29985809E-03
   1.39999390E-03
   1.39999390E-03
   1.50012970E-03
   1.60026550E-03
   2.20012665E-03
   2.30026245E-03
   2.30026245E-03
   2.50053406E-03
   2.69985199E-03
   2.79998779E-03
   3.19957733E-03
   3.39984894E-03
   3.79943848E-03
   3.89957428E-03
   3.99971008E-03
   4.19998169E-03
   4.19998169E-03
   4.29916382E-03
   4.40025330E-03
   6.00051880E-03
   6.50024414E-03
   6.59942627E-03
   9.20009613E-03
   1.22003555E-02
