#Npts     Radius    Mag      Completeness
#   77 2118.6404  -14.236834 1.000000
# Ierr
  -4.93001938E-02
  -1.45998001E-02
  -1.16004944E-02
  -8.39996338E-03
  -8.09955597E-03
  -7.29942322E-03
  -7.19928741E-03
  -6.80065155E-03
  -6.79969788E-03
  -6.60037994E-03
  -5.70011139E-03
  -4.79984283E-03
  -4.50038910E-03
  -4.19998169E-03
  -4.00066376E-03
  -2.99930573E-03
  -2.90012360E-03
  -2.79998779E-03
  -2.59971619E-03
  -2.30026245E-03
  -2.30026245E-03
  -2.29930878E-03
  -2.09999084E-03
  -1.99985504E-03
  -1.50012970E-03
  -1.39999390E-03
  -1.39999390E-03
  -1.29985809E-03
  -1.10054016E-03
  -1.00040436E-03
  -8.99314880E-04
  -8.00132751E-04
  -7.99179077E-04
  -6.99996948E-04
  -6.00814819E-04
  -6.00814819E-04
  -5.99861145E-04
  -3.00407410E-04
  -3.00407410E-04
   0.00000000    
   0.00000000    
   7.99179077E-04
   9.99450684E-04
   1.10054016E-03
   1.10054016E-03
   1.29985809E-03
   1.39999390E-03
   1.60026550E-03
   1.60026550E-03
   1.80053711E-03
   1.89971924E-03
   1.99985504E-03
   1.99985504E-03
   1.99985504E-03
   2.20012665E-03
   2.20012665E-03
   2.40039825E-03
   2.70080566E-03
   2.79998779E-03
   2.79998779E-03
   2.79998779E-03
   2.90012360E-03
   3.09944153E-03
   3.19957733E-03
   3.30066681E-03
   3.99971008E-03
   4.30011749E-03
   4.49943542E-03
   4.69970703E-03
   4.89997864E-03
   5.99956512E-03
   6.29997253E-03
   6.39915466E-03
   6.59942627E-03
   6.69956207E-03
   6.99996948E-03
   1.37004852E-02
