#Npts     Radius    Mag      Completeness
#  731  447.6001  -11.710667 0.983849
# Ierr
 -0.445199966    
 -0.176499367    
 -0.130100250    
 -0.118200302    
  -7.50999451E-02
  -7.05995560E-02
  -6.81991577E-02
  -5.71994781E-02
  -4.74004745E-02
  -4.73995209E-02
  -4.25996780E-02
  -3.77998352E-02
  -3.46994400E-02
  -3.41005325E-02
  -3.38993073E-02
  -3.35006714E-02
  -2.95000076E-02
  -2.88000107E-02
  -2.70004272E-02
  -2.68993378E-02
  -2.60000229E-02
  -2.50997543E-02
  -2.31008530E-02
  -2.25000381E-02
  -2.05993652E-02
  -2.04000473E-02
  -1.97000504E-02
  -1.97000504E-02
  -1.95007324E-02
  -1.92995071E-02
  -1.87997818E-02
  -1.72996521E-02
  -1.67999268E-02
  -1.60999298E-02
  -1.48992538E-02
  -1.46999359E-02
  -1.45998001E-02
  -1.45998001E-02
  -1.43995285E-02
  -1.43003464E-02
  -1.35993958E-02
  -1.34000778E-02
  -1.30996704E-02
  -1.28002167E-02
  -1.24998093E-02
  -1.22995377E-02
  -1.17006302E-02
  -1.17006302E-02
  -1.16996765E-02
  -1.16004944E-02
  -1.15995407E-02
  -1.14994049E-02
  -1.14994049E-02
  -1.14002228E-02
  -1.13000870E-02
  -1.10006332E-02
  -1.10006332E-02
  -1.09004974E-02
  -1.07002258E-02
  -1.06000900E-02
  -1.04999542E-02
  -1.04999542E-02
  -1.03006363E-02
  -1.01003647E-02
  -9.90009308E-03
  -9.79995728E-03
  -9.39941406E-03
  -9.09996033E-03
  -9.09996033E-03
  -8.90064240E-03
  -8.70037079E-03
  -8.69941711E-03
  -8.60023499E-03
  -8.60023499E-03
  -8.60023499E-03
  -8.50009918E-03
  -8.50009918E-03
  -8.50009918E-03
  -8.50009918E-03
  -8.39996338E-03
  -8.39996338E-03
  -8.29982758E-03
  -8.19969177E-03
  -8.00037384E-03
  -7.99942017E-03
  -7.80010223E-03
  -7.50064850E-03
  -7.49969482E-03
  -7.39955902E-03
  -7.20024109E-03
  -7.19928741E-03
  -7.10010529E-03
  -6.99996948E-03
  -6.99996948E-03
  -6.89983368E-03
  -6.89983368E-03
  -6.79969788E-03
  -6.70051575E-03
  -6.60037994E-03
  -6.59942627E-03
  -6.50024414E-03
  -6.49929047E-03
  -6.40010834E-03
  -6.40010834E-03
  -6.29997253E-03
  -6.19983673E-03
  -6.10065460E-03
  -6.09970093E-03
  -6.00051880E-03
  -5.90038300E-03
  -5.89942932E-03
  -5.79929352E-03
  -5.70011139E-03
  -5.70011139E-03
  -5.70011139E-03
  -5.59997559E-03
  -5.59997559E-03
  -5.59997559E-03
  -5.59997559E-03
  -5.50079346E-03
  -5.49983978E-03
  -5.49983978E-03
  -5.49983978E-03
  -5.39970398E-03
  -5.39970398E-03
  -5.39970398E-03
  -5.39970398E-03
  -5.30052185E-03
  -5.30052185E-03
  -5.29956818E-03
  -5.29956818E-03
  -5.20038605E-03
  -5.10025024E-03
  -5.00011444E-03
  -5.00011444E-03
  -5.00011444E-03
  -5.00011444E-03
  -4.99916077E-03
  -4.99916077E-03
  -4.89997864E-03
  -4.89997864E-03
  -4.89997864E-03
  -4.79984283E-03
  -4.79984283E-03
  -4.79984283E-03
  -4.70066071E-03
  -4.69970703E-03
  -4.60052490E-03
  -4.49943542E-03
  -4.49943542E-03
  -4.49943542E-03
  -4.29916382E-03
  -4.19998169E-03
  -4.19998169E-03
  -4.19998169E-03
  -4.09984589E-03
  -4.09984589E-03
  -4.09984589E-03
  -4.09984589E-03
  -4.09984589E-03
  -4.00066376E-03
  -4.00066376E-03
  -3.99971008E-03
  -3.99971008E-03
  -3.89957428E-03
  -3.89957428E-03
  -3.89957428E-03
  -3.89957428E-03
  -3.79943848E-03
  -3.70025635E-03
  -3.70025635E-03
  -3.69930267E-03
  -3.69930267E-03
  -3.60012054E-03
  -3.60012054E-03
  -3.60012054E-03
  -3.49998474E-03
  -3.49998474E-03
  -3.49998474E-03
  -3.40080261E-03
  -3.39984894E-03
  -3.39984894E-03
  -3.39984894E-03
  -3.39984894E-03
  -3.39984894E-03
  -3.39984894E-03
  -3.30066681E-03
  -3.30066681E-03
  -3.30066681E-03
  -3.30066681E-03
  -3.30066681E-03
  -3.29971313E-03
  -3.29971313E-03
  -3.29971313E-03
  -3.29971313E-03
  -3.29971313E-03
  -3.20053101E-03
  -3.20053101E-03
  -3.20053101E-03
  -3.19957733E-03
  -3.19957733E-03
  -3.10039520E-03
  -3.10039520E-03
  -3.09944153E-03
  -3.09944153E-03
  -3.00025940E-03
  -2.90012360E-03
  -2.90012360E-03
  -2.90012360E-03
  -2.90012360E-03
  -2.79998779E-03
  -2.79998779E-03
  -2.79998779E-03
  -2.79998779E-03
  -2.79998779E-03
  -2.79998779E-03
  -2.79998779E-03
  -2.69985199E-03
  -2.69985199E-03
  -2.69985199E-03
  -2.69985199E-03
  -2.69985199E-03
  -2.60066986E-03
  -2.59971619E-03
  -2.59971619E-03
  -2.50053406E-03
  -2.50053406E-03
  -2.50053406E-03
  -2.49958038E-03
  -2.49958038E-03
  -2.49958038E-03
  -2.40039825E-03
  -2.40039825E-03
  -2.40039825E-03
  -2.39944458E-03
  -2.30026245E-03
  -2.30026245E-03
  -2.30026245E-03
  -2.30026245E-03
  -2.30026245E-03
  -2.20012665E-03
  -2.20012665E-03
  -2.20012665E-03
  -2.09999084E-03
  -2.09999084E-03
  -2.09999084E-03
  -2.00080872E-03
  -1.99985504E-03
  -1.90067291E-03
  -1.89971924E-03
  -1.89971924E-03
  -1.89971924E-03
  -1.89971924E-03
  -1.89971924E-03
  -1.80053711E-03
  -1.79958344E-03
  -1.79958344E-03
  -1.70040131E-03
  -1.70040131E-03
  -1.70040131E-03
  -1.70040131E-03
  -1.70040131E-03
  -1.70040131E-03
  -1.69944763E-03
  -1.69944763E-03
  -1.69944763E-03
  -1.69944763E-03
  -1.60026550E-03
  -1.60026550E-03
  -1.60026550E-03
  -1.60026550E-03
  -1.60026550E-03
  -1.59931183E-03
  -1.59931183E-03
  -1.59931183E-03
  -1.59931183E-03
  -1.50012970E-03
  -1.50012970E-03
  -1.50012970E-03
  -1.39999390E-03
  -1.39999390E-03
  -1.39999390E-03
  -1.30081177E-03
  -1.30081177E-03
  -1.29985809E-03
  -1.29985809E-03
  -1.29985809E-03
  -1.20067596E-03
  -1.20067596E-03
  -1.20067596E-03
  -1.19972229E-03
  -1.19972229E-03
  -1.10054016E-03
  -1.10054016E-03
  -1.10054016E-03
  -1.09958649E-03
  -1.00040436E-03
  -1.00040436E-03
  -1.00040436E-03
  -1.00040436E-03
  -9.99450684E-04
  -9.99450684E-04
  -9.99450684E-04
  -9.00268555E-04
  -9.00268555E-04
  -9.00268555E-04
  -9.00268555E-04
  -9.00268555E-04
  -9.00268555E-04
  -8.99314880E-04
  -8.00132751E-04
  -8.00132751E-04
  -8.00132751E-04
  -8.00132751E-04
  -8.00132751E-04
  -8.00132751E-04
  -6.99996948E-04
  -6.99996948E-04
  -6.99996948E-04
  -6.99996948E-04
  -6.99996948E-04
  -6.99996948E-04
  -5.99861145E-04
  -5.99861145E-04
  -5.99861145E-04
  -5.99861145E-04
  -5.99861145E-04
  -5.99861145E-04
  -5.99861145E-04
  -5.99861145E-04
  -4.99725342E-04
  -4.99725342E-04
  -4.99725342E-04
  -4.99725342E-04
  -4.99725342E-04
  -4.99725342E-04
  -4.00543213E-04
  -3.99589539E-04
  -3.00407410E-04
  -3.00407410E-04
  -3.00407410E-04
  -2.99453735E-04
  -2.99453735E-04
  -2.00271606E-04
  -2.00271606E-04
  -2.00271606E-04
  -1.99317932E-04
  -1.00135803E-04
  -1.00135803E-04
  -1.00135803E-04
  -9.91821289E-05
  -9.91821289E-05
   0.00000000    
   0.00000000    
   0.00000000    
   9.91821289E-05
   9.91821289E-05
   9.91821289E-05
   1.00135803E-04
   1.00135803E-04
   1.00135803E-04
   1.00135803E-04
   2.00271606E-04
   2.00271606E-04
   2.00271606E-04
   2.00271606E-04
   2.00271606E-04
   2.00271606E-04
   2.99453735E-04
   2.99453735E-04
   2.99453735E-04
   3.00407410E-04
   3.00407410E-04
   3.00407410E-04
   4.00543213E-04
   4.00543213E-04
   4.00543213E-04
   4.00543213E-04
   4.99725342E-04
   4.99725342E-04
   4.99725342E-04
   5.00679016E-04
   5.99861145E-04
   5.99861145E-04
   5.99861145E-04
   5.99861145E-04
   5.99861145E-04
   5.99861145E-04
   5.99861145E-04
   6.99996948E-04
   6.99996948E-04
   6.99996948E-04
   6.99996948E-04
   8.00132751E-04
   8.00132751E-04
   8.99314880E-04
   9.00268555E-04
   1.00040436E-03
   1.00040436E-03
   1.00040436E-03
   1.09958649E-03
   1.09958649E-03
   1.09958649E-03
   1.09958649E-03
   1.10054016E-03
   1.10054016E-03
   1.19972229E-03
   1.19972229E-03
   1.19972229E-03
   1.19972229E-03
   1.19972229E-03
   1.19972229E-03
   1.19972229E-03
   1.20067596E-03
   1.20067596E-03
   1.29985809E-03
   1.29985809E-03
   1.29985809E-03
   1.29985809E-03
   1.29985809E-03
   1.29985809E-03
   1.39999390E-03
   1.39999390E-03
   1.39999390E-03
   1.39999390E-03
   1.49917603E-03
   1.50012970E-03
   1.50012970E-03
   1.50012970E-03
   1.60026550E-03
   1.60026550E-03
   1.69944763E-03
   1.69944763E-03
   1.70040131E-03
   1.80053711E-03
   1.80053711E-03
   1.89971924E-03
   1.89971924E-03
   1.89971924E-03
   1.99985504E-03
   1.99985504E-03
   2.00080872E-03
   2.09999084E-03
   2.09999084E-03
   2.09999084E-03
   2.09999084E-03
   2.19917297E-03
   2.19917297E-03
   2.20012665E-03
   2.20012665E-03
   2.29930878E-03
   2.30026245E-03
   2.30026245E-03
   2.30026245E-03
   2.30026245E-03
   2.39944458E-03
   2.39944458E-03
   2.49958038E-03
   2.50053406E-03
   2.59971619E-03
   2.60066986E-03
   2.69985199E-03
   2.69985199E-03
   2.70080566E-03
   2.79998779E-03
   2.79998779E-03
   2.79998779E-03
   2.79998779E-03
   2.80094147E-03
   2.90012360E-03
   2.90012360E-03
   2.90012360E-03
   2.99930573E-03
   2.99930573E-03
   3.00025940E-03
   3.00025940E-03
   3.00025940E-03
   3.00025940E-03
   3.09944153E-03
   3.09944153E-03
   3.10039520E-03
   3.10039520E-03
   3.10039520E-03
   3.10039520E-03
   3.10039520E-03
   3.19957733E-03
   3.19957733E-03
   3.19957733E-03
   3.20053101E-03
   3.20053101E-03
   3.29971313E-03
   3.29971313E-03
   3.39984894E-03
   3.39984894E-03
   3.39984894E-03
   3.39984894E-03
   3.49998474E-03
   3.49998474E-03
   3.49998474E-03
   3.49998474E-03
   3.49998474E-03
   3.60012054E-03
   3.60012054E-03
   3.60012054E-03
   3.69930267E-03
   3.70025635E-03
   3.70025635E-03
   3.70025635E-03
   3.80039215E-03
   3.80039215E-03
   3.80039215E-03
   3.80039215E-03
   3.80039215E-03
   3.89957428E-03
   3.99971008E-03
   3.99971008E-03
   3.99971008E-03
   3.99971008E-03
   4.00066376E-03
   4.00066376E-03
   4.09984589E-03
   4.09984589E-03
   4.10079956E-03
   4.19998169E-03
   4.19998169E-03
   4.30011749E-03
   4.30011749E-03
   4.30011749E-03
   4.30011749E-03
   4.39929962E-03
   4.39929962E-03
   4.40025330E-03
   4.40025330E-03
   4.50038910E-03
   4.59957123E-03
   4.59957123E-03
   4.59957123E-03
   4.59957123E-03
   4.60052490E-03
   4.60052490E-03
   4.60052490E-03
   4.69970703E-03
   4.69970703E-03
   4.69970703E-03
   4.79984283E-03
   4.89997864E-03
   4.89997864E-03
   4.89997864E-03
   5.00011444E-03
   5.00011444E-03
   5.00011444E-03
   5.10025024E-03
   5.10025024E-03
   5.10025024E-03
   5.10025024E-03
   5.10025024E-03
   5.20038605E-03
   5.29956818E-03
   5.29956818E-03
   5.39970398E-03
   5.39970398E-03
   5.39970398E-03
   5.49983978E-03
   5.49983978E-03
   5.59997559E-03
   5.59997559E-03
   5.70011139E-03
   5.79929352E-03
   5.89942932E-03
   5.99956512E-03
   5.99956512E-03
   6.00051880E-03
   6.00051880E-03
   6.29997253E-03
   6.29997253E-03
   6.39915466E-03
   6.40010834E-03
   6.50024414E-03
   6.59942627E-03
   6.60037994E-03
   6.89983368E-03
   6.99996948E-03
   6.99996948E-03
   7.10010529E-03
   7.20024109E-03
   7.30037689E-03
   7.40051270E-03
   7.59983063E-03
   7.69996643E-03
   7.89928436E-03
   7.99942017E-03
   8.00037384E-03
   8.00037384E-03
   8.00037384E-03
   8.00037384E-03
   8.09955597E-03
   8.10050964E-03
   8.39996338E-03
   8.39996338E-03
   8.50009918E-03
   8.69941711E-03
   8.70037079E-03
   8.70037079E-03
   8.80050659E-03
   8.80050659E-03
   8.90064240E-03
   8.99982452E-03
   9.09996033E-03
   9.09996033E-03
   9.30023193E-03
   9.30023193E-03
   9.40036774E-03
   9.40036774E-03
   9.40036774E-03
   9.59968567E-03
   9.60063934E-03
   9.69982147E-03
   9.79995728E-03
   1.00002289E-02
   1.01003647E-02
   1.01995468E-02
   1.02005005E-02
   1.05009079E-02
   1.06000900E-02
   1.08995438E-02
   1.08995438E-02
   1.09996796E-02
   1.09996796E-02
   1.09996796E-02
   1.10006332E-02
   1.10998154E-02
   1.10998154E-02
   1.14002228E-02
   1.14002228E-02
   1.16004944E-02
   1.23004913E-02
   1.24998093E-02
   1.25999451E-02
   1.31998062E-02
   1.32007599E-02
   1.32999420E-02
   1.34000778E-02
   1.36003494E-02
   1.38006210E-02
   1.39007568E-02
   1.39999390E-02
   1.41000748E-02
   1.41000748E-02
   1.42993927E-02
   1.44996643E-02
   1.48000717E-02
   1.48000717E-02
   1.49993896E-02
   1.50003433E-02
   1.50995255E-02
   1.53999329E-02
   1.56993866E-02
   1.58004761E-02
   1.60999298E-02
   1.63002014E-02
   1.66997910E-02
   1.73997879E-02
   1.79996490E-02
   1.84001923E-02
   1.84001923E-02
   1.86996460E-02
   1.92995071E-02
   1.98001862E-02
   1.98001862E-02
   1.98993683E-02
   2.26993561E-02
   2.35996246E-02
   2.40993500E-02
   2.42004395E-02
   2.42996216E-02
   2.44998932E-02
   2.69994736E-02
   2.81000137E-02
   2.83994675E-02
   2.90002823E-02
   2.97002792E-02
   2.99997330E-02
   3.06005478E-02
   3.10001373E-02
   3.13005447E-02
   3.26995850E-02
   3.36999893E-02
   3.53994370E-02
   3.61003876E-02
   3.63006592E-02
   3.69997025E-02
   3.84998322E-02
   4.09002304E-02
   4.09002304E-02
   4.23002243E-02
   4.44993973E-02
   4.62999344E-02
   4.66995239E-02
   4.78000641E-02
   4.90999222E-02
   5.10997772E-02
   5.16004562E-02
   5.37996292E-02
   5.37996292E-02
   5.48000336E-02
   5.78994751E-02
   5.85994720E-02
   6.18000031E-02
   6.25000000E-02
   7.60993958E-02
   7.78999329E-02
   8.03003311E-02
   9.00001526E-02
   9.13000107E-02
   9.33008194E-02
   9.84001160E-02
  0.116900444    
  0.118200302    
  0.120900154    
  0.181300163    
  0.189099312    
  0.225000381    
  0.274800301    
  0.292099953    
  0.311400414    
  0.445300102    
  0.514599800    
  0.544699669    
  0.637399673    
  0.644800186    
  0.691200256    
