#Npts     Radius    Mag      Completeness
#   56  656.4802  -14.485333 1.000000
# Ierr
  -1.01995468E-02
  -1.01003647E-02
  -7.80010223E-03
  -7.40051270E-03
  -6.70051575E-03
  -6.50024414E-03
  -6.19983673E-03
  -5.30052185E-03
  -5.30052185E-03
  -5.00011444E-03
  -4.79984283E-03
  -4.30011749E-03
  -4.19998169E-03
  -4.19998169E-03
  -4.00066376E-03
  -3.00025940E-03
  -2.90012360E-03
  -2.79998779E-03
  -1.99985504E-03
  -1.70040131E-03
  -1.59931183E-03
  -5.99861145E-04
  -5.00679016E-04
  -1.00135803E-04
   4.99725342E-04
   5.00679016E-04
   9.00268555E-04
   1.00040436E-03
   1.00040436E-03
   1.09958649E-03
   1.39999390E-03
   1.70040131E-03
   1.70040131E-03
   2.09999084E-03
   2.09999084E-03
   2.40039825E-03
   2.90012360E-03
   3.39984894E-03
   3.49998474E-03
   3.79943848E-03
   4.40025330E-03
   4.60052490E-03
   5.20038605E-03
   5.29956818E-03
   5.49983978E-03
   6.09970093E-03
   6.50024414E-03
   6.59942627E-03
   6.69956207E-03
   6.79969788E-03
   8.70037079E-03
   9.79995728E-03
   1.11999512E-02
   1.43003464E-02
   2.28004456E-02
  0.105500221    
