#Npts     Radius    Mag      Completeness
#   84 1909.7603  -14.402500 1.000000
# Ierr
  -1.17006302E-02
  -8.00037384E-03
  -6.40010834E-03
  -6.39915466E-03
  -6.19983673E-03
  -6.00051880E-03
  -6.00051880E-03
  -5.90038300E-03
  -5.09929657E-03
  -5.00011444E-03
  -4.50038910E-03
  -4.39929962E-03
  -4.30011749E-03
  -4.30011749E-03
  -3.99971008E-03
  -3.90052795E-03
  -3.79943848E-03
  -3.60012054E-03
  -3.39984894E-03
  -3.10039520E-03
  -2.90012360E-03
  -2.69985199E-03
  -2.49958038E-03
  -2.20012665E-03
  -2.09999084E-03
  -2.09999084E-03
  -1.99985504E-03
  -1.59931183E-03
  -1.50012970E-03
  -1.39999390E-03
  -1.29985809E-03
  -6.99996948E-04
  -6.99996948E-04
  -5.99861145E-04
  -5.99861145E-04
  -4.99725342E-04
  -4.00543213E-04
  -2.99453735E-04
   0.00000000    
   0.00000000    
   9.91821289E-05
   1.99317932E-04
   2.00271606E-04
   3.00407410E-04
   3.00407410E-04
   3.99589539E-04
   4.00543213E-04
   4.00543213E-04
   5.99861145E-04
   5.99861145E-04
   6.99996948E-04
   6.99996948E-04
   1.10054016E-03
   1.30081177E-03
   1.50012970E-03
   1.50012970E-03
   1.80053711E-03
   1.80053711E-03
   1.89971924E-03
   1.99985504E-03
   2.09999084E-03
   2.39944458E-03
   2.49958038E-03
   2.70080566E-03
   2.79998779E-03
   2.90012360E-03
   3.20053101E-03
   3.30066681E-03
   3.39984894E-03
   4.09984589E-03
   4.69970703E-03
   4.70066071E-03
   5.00011444E-03
   5.20038605E-03
   5.39970398E-03
   6.00051880E-03
   6.09970093E-03
   6.09970093E-03
   6.70051575E-03
   6.89983368E-03
   7.20024109E-03
   7.29942322E-03
   8.19969177E-03
   8.50009918E-03
