#Npts     Radius    Mag      Completeness
#   64 1909.7603  -14.485333 1.000000
# Ierr
  -9.09996033E-03
  -7.10010529E-03
  -6.70051575E-03
  -6.19983673E-03
  -6.19983673E-03
  -5.19943237E-03
  -4.39929962E-03
  -4.29916382E-03
  -4.19998169E-03
  -3.70025635E-03
  -3.69930267E-03
  -3.29971313E-03
  -3.09944153E-03
  -3.09944153E-03
  -2.79998779E-03
  -2.60066986E-03
  -2.50053406E-03
  -2.40039825E-03
  -2.39944458E-03
  -1.90067291E-03
  -1.50012970E-03
  -1.39999390E-03
  -1.30081177E-03
  -6.99996948E-04
  -1.00135803E-04
   0.00000000    
   1.00135803E-04
   2.00271606E-04
   2.99453735E-04
   2.99453735E-04
   3.00407410E-04
   9.00268555E-04
   9.99450684E-04
   9.99450684E-04
   1.20067596E-03
   1.29985809E-03
   1.50012970E-03
   1.59931183E-03
   1.80053711E-03
   1.90067291E-03
   2.19917297E-03
   2.20012665E-03
   2.30026245E-03
   2.49958038E-03
   2.69985199E-03
   2.79998779E-03
   2.79998779E-03
   3.09944153E-03
   3.09944153E-03
   3.19957733E-03
   3.39984894E-03
   3.39984894E-03
   3.60012054E-03
   3.79943848E-03
   4.09984589E-03
   4.50038910E-03
   6.09970093E-03
   6.09970093E-03
   6.79969788E-03
   7.89928436E-03
   8.19969177E-03
   8.50009918E-03
   9.90009308E-03
   1.32999420E-02
