#Npts     Radius    Mag      Completeness
#  121 2118.7910  -14.482000 1.000000
# Verr
  -8.90064240E-03
  -8.19969177E-03
  -7.69996643E-03
  -7.49969482E-03
  -6.99996948E-03
  -6.99996948E-03
  -6.79969788E-03
  -6.19983673E-03
  -6.10065460E-03
  -6.09970093E-03
  -5.79929352E-03
  -5.49983978E-03
  -5.49983978E-03
  -4.79984283E-03
  -4.60052490E-03
  -4.19998169E-03
  -4.19998169E-03
  -4.19998169E-03
  -3.80039215E-03
  -3.69930267E-03
  -3.00025940E-03
  -2.99930573E-03
  -2.99930573E-03
  -2.79998779E-03
  -2.69985199E-03
  -2.69985199E-03
  -2.69985199E-03
  -2.59971619E-03
  -2.59971619E-03
  -2.50053406E-03
  -2.40039825E-03
  -2.30026245E-03
  -2.29930878E-03
  -1.89971924E-03
  -1.89971924E-03
  -1.79958344E-03
  -1.70040131E-03
  -1.60026550E-03
  -1.50012970E-03
  -1.39999390E-03
  -1.39999390E-03
  -1.29985809E-03
  -1.29985809E-03
  -1.10054016E-03
  -1.00040436E-03
  -9.00268555E-04
  -8.99314880E-04
  -8.00132751E-04
  -6.99996948E-04
  -6.99996948E-04
  -5.99861145E-04
  -5.99861145E-04
  -5.99861145E-04
  -5.00679016E-04
  -5.00679016E-04
  -4.99725342E-04
  -3.99589539E-04
  -2.00271606E-04
  -9.91821289E-05
   9.91821289E-05
   2.99453735E-04
   4.99725342E-04
   6.00814819E-04
   6.99996948E-04
   8.00132751E-04
   8.00132751E-04
   8.00132751E-04
   9.99450684E-04
   1.00040436E-03
   1.19972229E-03
   1.19972229E-03
   1.19972229E-03
   1.19972229E-03
   1.39999390E-03
   1.69944763E-03
   1.79958344E-03
   1.79958344E-03
   1.89971924E-03
   2.09999084E-03
   2.40039825E-03
   2.59971619E-03
   2.79998779E-03
   3.10039520E-03
   3.20053101E-03
   3.29971313E-03
   3.30066681E-03
   3.39984894E-03
   3.39984894E-03
   3.40080261E-03
   3.49998474E-03
   3.60012054E-03
   3.60012054E-03
   3.69930267E-03
   3.70025635E-03
   3.79943848E-03
   3.79943848E-03
   3.99971008E-03
   4.09984589E-03
   4.19998169E-03
   4.40025330E-03
   4.50038910E-03
   5.19943237E-03
   5.29956818E-03
   5.39970398E-03
   5.40065765E-03
   5.70011139E-03
   5.99956512E-03
   6.09970093E-03
   6.29997253E-03
   6.40010834E-03
   6.50024414E-03
   7.19928741E-03
   8.29982758E-03
   8.69941711E-03
   8.99982452E-03
   9.40036774E-03
   9.79995728E-03
   1.04999542E-02
   1.18999481E-02
   1.39999390E-02
   3.99007797E-02
