#Npts     Radius    Mag      Completeness
#   96 1283.2114  -14.482000 1.000000
# Verr
  -8.50009918E-03
  -6.79969788E-03
  -6.09970093E-03
  -4.69970703E-03
  -4.50038910E-03
  -4.39929962E-03
  -4.09984589E-03
  -4.00066376E-03
  -3.69930267E-03
  -3.60012054E-03
  -3.60012054E-03
  -3.59916687E-03
  -3.29971313E-03
  -3.29971313E-03
  -3.10039520E-03
  -2.90012360E-03
  -2.70080566E-03
  -2.69985199E-03
  -2.59971619E-03
  -2.40039825E-03
  -2.19917297E-03
  -1.99985504E-03
  -1.99985504E-03
  -1.89971924E-03
  -1.70040131E-03
  -1.70040131E-03
  -1.60026550E-03
  -1.29985809E-03
  -1.19972229E-03
  -1.00040436E-03
  -8.00132751E-04
  -6.99996948E-04
  -4.00543213E-04
  -3.00407410E-04
  -3.00407410E-04
  -3.00407410E-04
  -2.00271606E-04
  -1.00135803E-04
  -1.00135803E-04
   1.99317932E-04
   2.99453735E-04
   2.99453735E-04
   4.00543213E-04
   4.00543213E-04
   4.99725342E-04
   6.99996948E-04
   6.99996948E-04
   8.00132751E-04
   8.99314880E-04
   9.00268555E-04
   9.00268555E-04
   1.19972229E-03
   1.30081177E-03
   1.39999390E-03
   1.39999390E-03
   1.39999390E-03
   1.49917603E-03
   1.69944763E-03
   1.69944763E-03
   1.70040131E-03
   1.79958344E-03
   1.79958344E-03
   2.09999084E-03
   2.49958038E-03
   2.50053406E-03
   2.69985199E-03
   2.69985199E-03
   2.69985199E-03
   2.90012360E-03
   2.90012360E-03
   2.99930573E-03
   3.00025940E-03
   3.39984894E-03
   3.49998474E-03
   3.60012054E-03
   3.69930267E-03
   3.70025635E-03
   3.99971008E-03
   4.30011749E-03
   4.39929962E-03
   4.40025330E-03
   4.59957123E-03
   4.80079651E-03
   5.19943237E-03
   5.59997559E-03
   5.80024719E-03
   6.00051880E-03
   6.10065460E-03
   6.29997253E-03
   6.60037994E-03
   6.80065155E-03
   7.30037689E-03
   8.20064545E-03
   8.49914551E-03
   2.36005783E-02
   2.55994797E-02
