#Npts     Radius    Mag      Completeness
#   83 2118.7910  -14.736667 0.988095
# Verr
  -1.44996643E-02
  -1.15995407E-02
  -1.14994049E-02
  -8.29982758E-03
  -7.90023804E-03
  -6.40010834E-03
  -6.29997253E-03
  -5.99956512E-03
  -5.49983978E-03
  -5.19943237E-03
  -4.50038910E-03
  -4.10079956E-03
  -3.99971008E-03
  -3.89957428E-03
  -3.70025635E-03
  -3.70025635E-03
  -3.49998474E-03
  -2.69985199E-03
  -2.69985199E-03
  -2.59971619E-03
  -2.39944458E-03
  -2.30026245E-03
  -2.09999084E-03
  -1.89971924E-03
  -1.70040131E-03
  -1.70040131E-03
  -1.69944763E-03
  -1.59931183E-03
  -1.59931183E-03
  -1.39999390E-03
  -1.39999390E-03
  -1.39999390E-03
  -1.09958649E-03
  -9.99450684E-04
  -8.99314880E-04
  -3.99589539E-04
  -3.00407410E-04
  -2.99453735E-04
  -1.99317932E-04
  -1.00135803E-04
   0.00000000    
   3.00407410E-04
   4.00543213E-04
   4.00543213E-04
   6.99996948E-04
   8.00132751E-04
   9.99450684E-04
   1.00040436E-03
   1.10054016E-03
   1.10054016E-03
   1.70040131E-03
   1.99985504E-03
   2.09999084E-03
   2.30026245E-03
   2.39944458E-03
   2.39944458E-03
   2.60066986E-03
   2.69985199E-03
   3.29971313E-03
   3.39984894E-03
   3.49998474E-03
   3.49998474E-03
   3.49998474E-03
   3.69930267E-03
   3.89957428E-03
   4.09984589E-03
   4.70066071E-03
   4.80079651E-03
   4.89997864E-03
   5.30052185E-03
   5.49983978E-03
   5.49983978E-03
   5.49983978E-03
   5.89942932E-03
   6.09970093E-03
   7.69996643E-03
   8.39996338E-03
   1.06000900E-02
   1.64003372E-02
   1.84001923E-02
   2.41003036E-02
   2.42004395E-02
  0.212499619    
