#Npts     Radius    Mag      Completeness
#  110 2984.2124  -14.227334 1.000000
# Verr
  -1.53999329E-02
  -1.00002289E-02
  -9.59968567E-03
  -8.79955292E-03
  -7.69996643E-03
  -6.89983368E-03
  -6.79969788E-03
  -6.40010834E-03
  -6.29997253E-03
  -6.10065460E-03
  -6.09970093E-03
  -5.30052185E-03
  -5.09929657E-03
  -4.90093231E-03
  -4.89997864E-03
  -4.79984283E-03
  -4.79984283E-03
  -4.69970703E-03
  -4.40025330E-03
  -4.30011749E-03
  -3.89957428E-03
  -3.80039215E-03
  -3.60012054E-03
  -3.49998474E-03
  -3.30066681E-03
  -3.29971313E-03
  -3.00025940E-03
  -2.90012360E-03
  -2.90012360E-03
  -2.90012360E-03
  -2.79998779E-03
  -2.59971619E-03
  -2.59971619E-03
  -2.50053406E-03
  -2.40039825E-03
  -2.30026245E-03
  -2.20012665E-03
  -2.09999084E-03
  -1.99985504E-03
  -1.99985504E-03
  -1.80053711E-03
  -1.79958344E-03
  -1.69944763E-03
  -1.39999390E-03
  -9.00268555E-04
  -8.00132751E-04
  -6.99996948E-04
  -5.99861145E-04
  -5.99861145E-04
  -2.99453735E-04
  -2.00271606E-04
   1.00135803E-04
   1.00135803E-04
   1.00135803E-04
   4.00543213E-04
   4.00543213E-04
   4.99725342E-04
   4.99725342E-04
   5.99861145E-04
   5.99861145E-04
   6.99996948E-04
   6.99996948E-04
   7.99179077E-04
   8.00132751E-04
   8.00132751E-04
   8.99314880E-04
   9.00268555E-04
   9.00268555E-04
   1.09958649E-03
   1.09958649E-03
   1.10054016E-03
   1.19972229E-03
   1.20067596E-03
   1.29985809E-03
   1.39999390E-03
   1.59931183E-03
   1.69944763E-03
   1.70040131E-03
   1.79958344E-03
   1.90067291E-03
   1.99985504E-03
   2.20012665E-03
   2.79998779E-03
   2.79998779E-03
   2.99930573E-03
   3.00025940E-03
   3.00025940E-03
   3.10039520E-03
   3.29971313E-03
   3.30066681E-03
   3.49998474E-03
   3.60012054E-03
   3.60012054E-03
   4.00066376E-03
   4.09984589E-03
   4.19998169E-03
   4.59957123E-03
   4.59957123E-03
   5.09929657E-03
   5.10025024E-03
   5.10025024E-03
   6.09970093E-03
   7.80010223E-03
   8.20064545E-03
   9.09996033E-03
   9.69982147E-03
   9.99927521E-03
   1.20992661E-02
   1.41000748E-02
   2.26993561E-02
