#Npts     Radius    Mag      Completeness
#   93  656.5267  -14.100000 1.000000
# Verr
  -6.79998398E-02
  -1.10006332E-02
  -9.60063934E-03
  -7.40051270E-03
  -6.99996948E-03
  -5.89942932E-03
  -5.20038605E-03
  -5.20038605E-03
  -5.10025024E-03
  -5.00011444E-03
  -3.39984894E-03
  -2.79998779E-03
  -2.69985199E-03
  -2.60066986E-03
  -2.39944458E-03
  -2.30026245E-03
  -2.20012665E-03
  -2.20012665E-03
  -2.09999084E-03
  -1.99985504E-03
  -1.99985504E-03
  -1.99985504E-03
  -1.99985504E-03
  -1.70040131E-03
  -1.60026550E-03
  -1.50012970E-03
  -1.50012970E-03
  -1.29985809E-03
  -1.19972229E-03
  -1.00040436E-03
  -8.99314880E-04
  -8.00132751E-04
  -8.00132751E-04
  -8.00132751E-04
  -7.99179077E-04
  -6.99996948E-04
  -3.00407410E-04
  -3.00407410E-04
  -2.00271606E-04
  -1.00135803E-04
   0.00000000    
   1.00135803E-04
   1.00135803E-04
   2.00271606E-04
   2.00271606E-04
   2.99453735E-04
   2.99453735E-04
   4.99725342E-04
   5.00679016E-04
   5.99861145E-04
   6.00814819E-04
   6.99996948E-04
   8.99314880E-04
   1.29985809E-03
   1.30081177E-03
   1.50012970E-03
   1.59931183E-03
   1.90067291E-03
   2.20012665E-03
   2.30026245E-03
   2.50053406E-03
   2.50053406E-03
   2.59971619E-03
   2.99930573E-03
   3.00025940E-03
   3.10039520E-03
   3.19957733E-03
   3.29971313E-03
   3.30066681E-03
   3.39984894E-03
   3.80039215E-03
   3.80039215E-03
   3.99971008E-03
   4.09984589E-03
   4.40025330E-03
   4.59957123E-03
   4.60052490E-03
   5.00011444E-03
   5.29956818E-03
   6.40010834E-03
   6.69956207E-03
   7.80010223E-03
   9.49954987E-03
   1.11999512E-02
   1.43003464E-02
   1.84001923E-02
   2.20994949E-02
   3.13997269E-02
   3.31993103E-02
   5.01003265E-02
   6.19001389E-02
   7.52000809E-02
  0.727600098    
