#Npts     Radius    Mag      Completeness
#  186  447.6318  -14.227334 0.994652
# Verr
  -1.60999298E-02
  -1.59997940E-02
  -1.44996643E-02
  -1.36003494E-02
  -1.14002228E-02
  -1.10006332E-02
  -8.69941711E-03
  -8.19969177E-03
  -8.10050964E-03
  -8.00037384E-03
  -7.59983063E-03
  -7.59983063E-03
  -6.60037994E-03
  -6.49929047E-03
  -6.10065460E-03
  -5.80024719E-03
  -5.70011139E-03
  -5.59997559E-03
  -5.40065765E-03
  -5.39970398E-03
  -5.29956818E-03
  -5.20038605E-03
  -5.00011444E-03
  -5.00011444E-03
  -4.69970703E-03
  -4.60052490E-03
  -4.50038910E-03
  -3.80039215E-03
  -3.60012054E-03
  -3.39984894E-03
  -3.39984894E-03
  -3.20053101E-03
  -3.19957733E-03
  -3.10039520E-03
  -2.99930573E-03
  -2.59971619E-03
  -2.50053406E-03
  -2.49958038E-03
  -2.20012665E-03
  -2.19917297E-03
  -2.00080872E-03
  -1.99985504E-03
  -1.99985504E-03
  -1.39999390E-03
  -1.30081177E-03
  -1.29985809E-03
  -1.19972229E-03
  -1.09958649E-03
  -1.09958649E-03
  -1.09958649E-03
  -9.99450684E-04
  -9.00268555E-04
  -8.00132751E-04
  -4.99725342E-04
  -4.00543213E-04
  -4.00543213E-04
  -3.99589539E-04
  -3.99589539E-04
  -3.00407410E-04
  -2.00271606E-04
  -1.00135803E-04
   0.00000000    
   9.91821289E-05
   1.00135803E-04
   1.99317932E-04
   2.00271606E-04
   4.00543213E-04
   5.99861145E-04
   5.99861145E-04
   6.99996948E-04
   8.00132751E-04
   9.00268555E-04
   9.00268555E-04
   1.00040436E-03
   1.09958649E-03
   1.19972229E-03
   1.29985809E-03
   1.29985809E-03
   1.29985809E-03
   1.29985809E-03
   1.30081177E-03
   1.39999390E-03
   1.39999390E-03
   1.50012970E-03
   1.59931183E-03
   1.60026550E-03
   1.70040131E-03
   1.70040131E-03
   1.80053711E-03
   1.80053711E-03
   1.99985504E-03
   2.09999084E-03
   2.09999084E-03
   2.20012665E-03
   2.20012665E-03
   2.29930878E-03
   2.30026245E-03
   2.49958038E-03
   2.50053406E-03
   2.59971619E-03
   2.69985199E-03
   2.79998779E-03
   3.00025940E-03
   3.10039520E-03
   3.29971313E-03
   3.29971313E-03
   3.49998474E-03
   3.49998474E-03
   3.59916687E-03
   3.60012054E-03
   3.69930267E-03
   3.70025635E-03
   3.70025635E-03
   3.89957428E-03
   3.99971008E-03
   4.09984589E-03
   4.40025330E-03
   4.49943542E-03
   4.60052490E-03
   4.69970703E-03
   4.69970703E-03
   4.89997864E-03
   4.89997864E-03
   5.20038605E-03
   5.49983978E-03
   5.49983978E-03
   5.50079346E-03
   5.59997559E-03
   5.90038300E-03
   5.99956512E-03
   5.99956512E-03
   5.99956512E-03
   6.29997253E-03
   6.29997253E-03
   6.80065155E-03
   7.10010529E-03
   7.59983063E-03
   8.19969177E-03
   8.39996338E-03
   8.60023499E-03
   8.80050659E-03
   8.99982452E-03
   9.20009613E-03
   9.40036774E-03
   1.00002289E-02
   1.02996826E-02
   1.04999542E-02
   1.06992722E-02
   1.15003586E-02
   1.22995377E-02
   1.22995377E-02
   1.28993988E-02
   1.34000778E-02
   1.42002106E-02
   1.43995285E-02
   1.45998001E-02
   1.65996552E-02
   1.71003342E-02
   1.83000565E-02
   2.04000473E-02
   2.37998962E-02
   2.39000320E-02
   2.51998901E-02
   2.68001556E-02
   3.12995911E-02
   3.19004059E-02
   3.25002670E-02
   3.26004028E-02
   3.94001007E-02
   4.37002182E-02
   4.86001968E-02
   5.01003265E-02
   5.10997772E-02
   5.11007309E-02
   5.45997620E-02
   5.71994781E-02
   5.88998795E-02
   6.50997162E-02
   6.55002594E-02
   8.40997696E-02
   9.14001465E-02
  0.114199638    
  0.128299713    
  0.141000748    
  0.413999557    
  0.465800285    
