#Npts     Radius    Mag      Completeness
#   77 1909.8961  -14.227334 1.000000
# Verr
  -1.05991364E-02
  -8.59928131E-03
  -8.50009918E-03
  -8.19969177E-03
  -7.69996643E-03
  -6.99996948E-03
  -6.29997253E-03
  -6.29997253E-03
  -5.49983978E-03
  -5.40065765E-03
  -5.39970398E-03
  -4.69970703E-03
  -4.40025330E-03
  -4.19998169E-03
  -4.09984589E-03
  -3.99971008E-03
  -3.79943848E-03
  -3.79943848E-03
  -3.49998474E-03
  -3.39984894E-03
  -3.19957733E-03
  -3.00025940E-03
  -2.90012360E-03
  -2.59971619E-03
  -2.50053406E-03
  -2.40039825E-03
  -2.30026245E-03
  -2.30026245E-03
  -2.30026245E-03
  -2.20012665E-03
  -1.99985504E-03
  -1.99985504E-03
  -1.70040131E-03
  -1.39999390E-03
  -1.19972229E-03
  -1.10054016E-03
  -9.00268555E-04
  -8.99314880E-04
  -6.99996948E-04
  -5.99861145E-04
  -5.99861145E-04
  -3.99589539E-04
  -2.99453735E-04
  -2.99453735E-04
  -2.99453735E-04
  -2.00271606E-04
  -1.00135803E-04
  -1.00135803E-04
   1.00135803E-04
   1.00135803E-04
   4.00543213E-04
   6.99996948E-04
   6.99996948E-04
   1.19972229E-03
   1.19972229E-03
   1.59931183E-03
   1.70040131E-03
   1.89971924E-03
   1.99985504E-03
   2.09999084E-03
   2.09999084E-03
   2.29930878E-03
   2.39944458E-03
   2.79998779E-03
   2.99930573E-03
   3.60012054E-03
   3.70025635E-03
   3.80039215E-03
   4.19998169E-03
   4.39929962E-03
   4.40025330E-03
   4.89997864E-03
   5.09929657E-03
   5.39970398E-03
   5.59997559E-03
   5.99956512E-03
   6.29997253E-03
