#Npts     Radius    Mag      Completeness
#   92 2118.7910  -14.354667 1.000000
# Verr
  -1.65004730E-02
  -1.28002167E-02
  -1.20000839E-02
  -1.07002258E-02
  -9.40036774E-03
  -8.39996338E-03
  -7.99942017E-03
  -7.69996643E-03
  -7.49969482E-03
  -6.29997253E-03
  -5.79929352E-03
  -5.70011139E-03
  -5.59997559E-03
  -4.89997864E-03
  -4.89997864E-03
  -4.89997864E-03
  -4.79984283E-03
  -4.60052490E-03
  -4.50038910E-03
  -4.30011749E-03
  -4.09984589E-03
  -3.80039215E-03
  -3.70025635E-03
  -3.39984894E-03
  -3.20053101E-03
  -3.00025940E-03
  -2.99930573E-03
  -2.79998779E-03
  -2.30026245E-03
  -2.29930878E-03
  -2.29930878E-03
  -2.20012665E-03
  -2.09999084E-03
  -1.19972229E-03
  -8.00132751E-04
  -8.00132751E-04
  -5.00679016E-04
  -1.00135803E-04
   1.00135803E-04
   3.00407410E-04
   3.00407410E-04
   5.00679016E-04
   5.00679016E-04
   6.99996948E-04
   1.00040436E-03
   1.00040436E-03
   1.09958649E-03
   1.10054016E-03
   1.29985809E-03
   1.49917603E-03
   1.50012970E-03
   1.60026550E-03
   1.70040131E-03
   1.70040131E-03
   1.79958344E-03
   1.90067291E-03
   2.09999084E-03
   2.09999084E-03
   2.30026245E-03
   2.40039825E-03
   2.40039825E-03
   2.49958038E-03
   2.69985199E-03
   2.79998779E-03
   2.90012360E-03
   3.10039520E-03
   3.19957733E-03
   3.49998474E-03
   3.80039215E-03
   4.19998169E-03
   4.19998169E-03
   4.19998169E-03
   4.30011749E-03
   4.50038910E-03
   4.50038910E-03
   4.69970703E-03
   5.00011444E-03
   5.49983978E-03
   5.79929352E-03
   5.99956512E-03
   6.09970093E-03
   6.40010834E-03
   7.10010529E-03
   8.39996338E-03
   8.60023499E-03
   8.79955292E-03
   8.90064240E-03
   9.69982147E-03
   1.03998184E-02
   1.10998154E-02
   1.17998123E-02
   3.55997086E-02
