#Npts     Radius    Mag      Completeness
#   93 1074.3165  -14.100000 1.000000
# Verr
  -1.31998062E-02
  -9.79995728E-03
  -7.20024109E-03
  -6.00051880E-03
  -5.59997559E-03
  -5.39970398E-03
  -4.30011749E-03
  -3.89957428E-03
  -3.60012054E-03
  -3.39984894E-03
  -3.09944153E-03
  -3.00025940E-03
  -3.00025940E-03
  -2.90012360E-03
  -2.60066986E-03
  -2.20012665E-03
  -2.09999084E-03
  -1.79958344E-03
  -1.79958344E-03
  -1.79958344E-03
  -1.60026550E-03
  -1.60026550E-03
  -1.50012970E-03
  -1.29985809E-03
  -1.20067596E-03
  -1.19972229E-03
  -1.19972229E-03
  -9.99450684E-04
  -9.00268555E-04
  -8.00132751E-04
  -6.99996948E-04
  -6.99996948E-04
  -6.99996948E-04
  -5.99861145E-04
  -3.99589539E-04
  -3.00407410E-04
  -3.00407410E-04
  -1.99317932E-04
  -1.00135803E-04
   0.00000000    
   0.00000000    
   1.00135803E-04
   1.00135803E-04
   1.00135803E-04
   2.99453735E-04
   3.00407410E-04
   3.99589539E-04
   4.00543213E-04
   4.99725342E-04
   4.99725342E-04
   5.00679016E-04
   5.99861145E-04
   5.99861145E-04
   5.99861145E-04
   6.99996948E-04
   9.00268555E-04
   1.09958649E-03
   1.10054016E-03
   1.19972229E-03
   1.20067596E-03
   1.29985809E-03
   1.29985809E-03
   1.39999390E-03
   1.50012970E-03
   1.59931183E-03
   1.60026550E-03
   1.79958344E-03
   1.79958344E-03
   1.80053711E-03
   1.80053711E-03
   1.89971924E-03
   1.99985504E-03
   2.09999084E-03
   2.09999084E-03
   2.09999084E-03
   2.20012665E-03
   2.30026245E-03
   2.69985199E-03
   2.70080566E-03
   2.79998779E-03
   3.29971313E-03
   3.39984894E-03
   3.40080261E-03
   3.49998474E-03
   3.49998474E-03
   3.69930267E-03
   4.40025330E-03
   4.99916077E-03
   5.40065765E-03
   6.90078735E-03
   7.20024109E-03
   7.99942017E-03
   1.15003586E-02
