#Npts     Radius    Mag      Completeness
#   90 1492.1063  -14.609334 1.000000
# Verr
  -9.40036774E-03
  -7.20024109E-03
  -6.89983368E-03
  -5.80024719E-03
  -5.39970398E-03
  -5.10025024E-03
  -5.10025024E-03
  -4.89997864E-03
  -4.60052490E-03
  -4.59957123E-03
  -4.49943542E-03
  -4.19998169E-03
  -4.10079956E-03
  -4.09984589E-03
  -4.09984589E-03
  -3.90052795E-03
  -3.79943848E-03
  -3.70025635E-03
  -3.60012054E-03
  -3.29971313E-03
  -3.19957733E-03
  -3.19957733E-03
  -3.10039520E-03
  -3.00025940E-03
  -2.99930573E-03
  -2.79998779E-03
  -2.69985199E-03
  -2.60066986E-03
  -2.20012665E-03
  -2.19917297E-03
  -1.99985504E-03
  -1.60026550E-03
  -1.50012970E-03
  -1.50012970E-03
  -1.50012970E-03
  -1.50012970E-03
  -1.50012970E-03
  -1.39999390E-03
  -1.09958649E-03
  -9.99450684E-04
  -9.00268555E-04
  -8.00132751E-04
  -7.99179077E-04
  -5.99861145E-04
  -5.99861145E-04
  -3.00407410E-04
  -3.00407410E-04
  -2.00271606E-04
  -1.00135803E-04
  -1.00135803E-04
   1.00135803E-04
   2.00271606E-04
   2.00271606E-04
   2.99453735E-04
   3.00407410E-04
   8.00132751E-04
   8.00132751E-04
   8.99314880E-04
   9.00268555E-04
   9.99450684E-04
   1.00040436E-03
   1.19972229E-03
   1.29985809E-03
   1.29985809E-03
   1.29985809E-03
   1.60026550E-03
   1.69944763E-03
   1.70040131E-03
   1.89971924E-03
   2.00080872E-03
   2.09999084E-03
   2.20012665E-03
   2.30026245E-03
   2.49958038E-03
   2.59971619E-03
   2.79998779E-03
   2.79998779E-03
   3.00025940E-03
   3.20053101E-03
   3.29971313E-03
   3.70025635E-03
   3.90052795E-03
   3.90052795E-03
   3.99971008E-03
   3.99971008E-03
   4.39929962E-03
   5.10025024E-03
   6.50024414E-03
   8.39996338E-03
   1.03998184E-02
