#Npts     Radius    Mag      Completeness
#   98  865.4216  -14.227334 1.000000
# Verr
  -1.78995132E-02
  -1.74007416E-02
  -1.33991241E-02
  -9.60063934E-03
  -8.80050659E-03
  -8.70037079E-03
  -8.39996338E-03
  -8.39996338E-03
  -8.19969177E-03
  -8.00037384E-03
  -7.49969482E-03
  -7.49969482E-03
  -7.40051270E-03
  -7.39955902E-03
  -7.10010529E-03
  -6.99996948E-03
  -6.50024414E-03
  -6.49929047E-03
  -6.19983673E-03
  -5.99956512E-03
  -5.49983978E-03
  -5.20038605E-03
  -5.20038605E-03
  -4.40025330E-03
  -3.99971008E-03
  -3.59916687E-03
  -3.39984894E-03
  -3.19957733E-03
  -3.19957733E-03
  -3.19957733E-03
  -3.00025940E-03
  -2.79998779E-03
  -2.40039825E-03
  -2.39944458E-03
  -2.30026245E-03
  -1.90067291E-03
  -1.79958344E-03
  -1.70040131E-03
  -1.59931183E-03
  -1.50012970E-03
  -1.39999390E-03
  -1.19972229E-03
  -1.09958649E-03
  -1.09958649E-03
  -9.99450684E-04
  -7.99179077E-04
  -6.99996948E-04
  -4.99725342E-04
  -3.00407410E-04
   0.00000000    
   1.00135803E-04
   1.00135803E-04
   2.00271606E-04
   2.99453735E-04
   3.99589539E-04
   4.99725342E-04
   5.99861145E-04
   6.99996948E-04
   6.99996948E-04
   9.00268555E-04
   1.00040436E-03
   1.29985809E-03
   1.50012970E-03
   1.60026550E-03
   1.69944763E-03
   1.70040131E-03
   1.89971924E-03
   1.99985504E-03
   2.20012665E-03
   2.29930878E-03
   2.29930878E-03
   2.30026245E-03
   2.30026245E-03
   2.39944458E-03
   2.50053406E-03
   2.69985199E-03
   3.00025940E-03
   3.20053101E-03
   3.20053101E-03
   3.39984894E-03
   3.80039215E-03
   4.29916382E-03
   4.79984283E-03
   5.00011444E-03
   5.29956818E-03
   5.49983978E-03
   5.70011139E-03
   5.70011139E-03
   5.80024719E-03
   5.89942932E-03
   6.09970093E-03
   6.10065460E-03
   6.19983673E-03
   6.70051575E-03
   6.99996948E-03
   7.10010529E-03
   7.30037689E-03
   1.84001923E-02
