#Npts     Radius    Mag      Completeness
#   94  865.4216  -14.482000 1.000000
# Verr
  -7.79914856E-03
  -7.60078430E-03
  -5.99956512E-03
  -5.90038300E-03
  -5.80024719E-03
  -5.70011139E-03
  -5.10025024E-03
  -5.09929657E-03
  -4.79984283E-03
  -4.69970703E-03
  -4.59957123E-03
  -4.30011749E-03
  -4.09984589E-03
  -3.29971313E-03
  -3.10039520E-03
  -3.10039520E-03
  -3.10039520E-03
  -2.90012360E-03
  -2.79998779E-03
  -2.50053406E-03
  -2.50053406E-03
  -2.50053406E-03
  -2.49958038E-03
  -2.39944458E-03
  -2.30026245E-03
  -1.99985504E-03
  -1.90067291E-03
  -1.60026550E-03
  -1.39999390E-03
  -1.30081177E-03
  -1.19972229E-03
  -1.09958649E-03
  -1.00040436E-03
  -1.00040436E-03
  -1.00040436E-03
  -9.99450684E-04
  -9.00268555E-04
  -2.00271606E-04
  -2.00271606E-04
  -1.00135803E-04
  -1.00135803E-04
  -9.91821289E-05
   9.91821289E-05
   2.00271606E-04
   2.99453735E-04
   4.99725342E-04
   5.99861145E-04
   6.99996948E-04
   7.99179077E-04
   7.99179077E-04
   8.00132751E-04
   9.99450684E-04
   1.19972229E-03
   1.39999390E-03
   1.39999390E-03
   1.60026550E-03
   1.89971924E-03
   1.89971924E-03
   2.20012665E-03
   2.20012665E-03
   2.20012665E-03
   2.20012665E-03
   2.40039825E-03
   2.60066986E-03
   2.79998779E-03
   2.79998779E-03
   2.79998779E-03
   3.00025940E-03
   3.10039520E-03
   3.49998474E-03
   3.60012054E-03
   3.60012054E-03
   3.70025635E-03
   3.80039215E-03
   4.50038910E-03
   4.59957123E-03
   4.69970703E-03
   5.00011444E-03
   5.10025024E-03
   5.59997559E-03
   5.80024719E-03
   6.10065460E-03
   6.40010834E-03
   6.89983368E-03
   7.20024109E-03
   7.49969482E-03
   8.59928131E-03
   8.60023499E-03
   8.69941711E-03
   9.90009308E-03
   2.00996399E-02
   2.45008469E-02
  0.126600266    
  0.534099579    
