#Npts     Radius    Mag      Completeness
#   87 1492.1063  -14.354667 1.000000
# Verr
  -1.10006332E-02
  -9.99927521E-03
  -9.20009613E-03
  -7.60078430E-03
  -7.49969482E-03
  -7.29942322E-03
  -7.10010529E-03
  -6.79969788E-03
  -6.69956207E-03
  -5.90038300E-03
  -5.70011139E-03
  -5.49983978E-03
  -5.10025024E-03
  -4.89997864E-03
  -4.59957123E-03
  -4.50038910E-03
  -4.49943542E-03
  -4.49943542E-03
  -4.49943542E-03
  -4.30011749E-03
  -3.90052795E-03
  -3.70025635E-03
  -3.69930267E-03
  -3.49998474E-03
  -3.10039520E-03
  -3.09944153E-03
  -2.90012360E-03
  -2.90012360E-03
  -2.90012360E-03
  -2.79998779E-03
  -2.59971619E-03
  -2.40039825E-03
  -2.40039825E-03
  -2.39944458E-03
  -2.30026245E-03
  -1.99985504E-03
  -1.60026550E-03
  -1.50012970E-03
  -1.39999390E-03
  -1.39999390E-03
  -1.39999390E-03
  -1.29985809E-03
  -1.29985809E-03
  -1.10054016E-03
  -1.09958649E-03
  -1.00040436E-03
  -8.00132751E-04
  -6.99996948E-04
  -4.99725342E-04
  -3.99589539E-04
  -3.00407410E-04
  -1.00135803E-04
   0.00000000    
   0.00000000    
   0.00000000    
   0.00000000    
   2.00271606E-04
   4.00543213E-04
   5.99861145E-04
   1.00040436E-03
   1.09958649E-03
   1.59931183E-03
   1.89971924E-03
   2.09999084E-03
   2.09999084E-03
   2.29930878E-03
   2.40039825E-03
   2.40039825E-03
   2.50053406E-03
   3.30066681E-03
   3.39984894E-03
   4.19998169E-03
   4.30011749E-03
   4.50038910E-03
   4.69970703E-03
   4.69970703E-03
   4.80079651E-03
   5.29956818E-03
   5.40065765E-03
   5.59997559E-03
   5.79929352E-03
   6.69956207E-03
   6.79969788E-03
   7.20024109E-03
   7.69996643E-03
   1.02996826E-02
   1.85995102E-02
