#Npts     Radius    Mag      Completeness
#   96 1909.8961  -14.354667 1.000000
# Verr
  -1.22003555E-02
  -9.39941406E-03
  -8.70037079E-03
  -8.29982758E-03
  -7.90023804E-03
  -6.80065155E-03
  -6.40010834E-03
  -5.90038300E-03
  -5.30052185E-03
  -4.60052490E-03
  -4.50038910E-03
  -4.30011749E-03
  -3.99971008E-03
  -3.90052795E-03
  -3.79943848E-03
  -3.39984894E-03
  -3.00025940E-03
  -2.70080566E-03
  -2.69985199E-03
  -2.60066986E-03
  -2.60066986E-03
  -2.59971619E-03
  -2.39944458E-03
  -2.30026245E-03
  -2.09999084E-03
  -2.09999084E-03
  -1.89971924E-03
  -1.89971924E-03
  -1.70040131E-03
  -1.50012970E-03
  -1.29985809E-03
  -1.29985809E-03
  -8.00132751E-04
  -6.99996948E-04
  -5.00679016E-04
  -4.99725342E-04
  -2.00271606E-04
  -2.00271606E-04
  -1.99317932E-04
  -1.00135803E-04
  -1.00135803E-04
  -9.91821289E-05
   1.00135803E-04
   4.00543213E-04
   4.99725342E-04
   5.00679016E-04
   5.99861145E-04
   9.99450684E-04
   9.99450684E-04
   1.00040436E-03
   1.10054016E-03
   1.49917603E-03
   1.60026550E-03
   1.70040131E-03
   1.70040131E-03
   1.79958344E-03
   1.89971924E-03
   1.89971924E-03
   1.99985504E-03
   2.09999084E-03
   2.30026245E-03
   2.30026245E-03
   2.40039825E-03
   2.59971619E-03
   3.00025940E-03
   3.19957733E-03
   3.39984894E-03
   3.39984894E-03
   3.39984894E-03
   3.49998474E-03
   3.60012054E-03
   3.60012054E-03
   3.89957428E-03
   4.09984589E-03
   4.30011749E-03
   4.39929962E-03
   4.40025330E-03
   4.69970703E-03
   4.79984283E-03
   5.19943237E-03
   5.59997559E-03
   5.59997559E-03
   6.19983673E-03
   6.29997253E-03
   6.29997253E-03
   6.49929047E-03
   6.69956207E-03
   6.69956207E-03
   6.99996948E-03
   7.10010529E-03
   7.90023804E-03
   9.09996033E-03
   9.30023193E-03
   9.60063934E-03
   1.00002289E-02
   2.62994766E-02
