#Npts     Radius    Mag      Completeness
#  390 2118.7910  -11.425833 1.000000
# Verr
  -5.49993515E-02
  -1.21994019E-02
  -9.50050354E-03
  -8.00037384E-03
  -7.70092010E-03
  -7.20024109E-03
  -6.89983368E-03
  -6.70051575E-03
  -6.60037994E-03
  -6.50024414E-03
  -6.40010834E-03
  -6.40010834E-03
  -6.00051880E-03
  -5.99956512E-03
  -5.90038300E-03
  -5.90038300E-03
  -5.70011139E-03
  -5.49983978E-03
  -5.39970398E-03
  -5.39970398E-03
  -5.30052185E-03
  -5.29956818E-03
  -5.29956818E-03
  -5.19943237E-03
  -5.19943237E-03
  -5.09929657E-03
  -4.99916077E-03
  -4.89997864E-03
  -4.89997864E-03
  -4.80079651E-03
  -4.80079651E-03
  -4.69970703E-03
  -4.59957123E-03
  -4.59957123E-03
  -4.50038910E-03
  -4.49943542E-03
  -4.49943542E-03
  -4.30011749E-03
  -4.30011749E-03
  -4.10079956E-03
  -4.09984589E-03
  -4.09984589E-03
  -4.09984589E-03
  -4.00066376E-03
  -3.99971008E-03
  -3.99971008E-03
  -3.99971008E-03
  -3.99971008E-03
  -3.90052795E-03
  -3.90052795E-03
  -3.80039215E-03
  -3.79943848E-03
  -3.79943848E-03
  -3.70025635E-03
  -3.70025635E-03
  -3.69930267E-03
  -3.69930267E-03
  -3.69930267E-03
  -3.60012054E-03
  -3.59916687E-03
  -3.49998474E-03
  -3.39984894E-03
  -3.30066681E-03
  -3.29971313E-03
  -3.20053101E-03
  -3.20053101E-03
  -3.19957733E-03
  -3.19957733E-03
  -3.09944153E-03
  -3.00025940E-03
  -3.00025940E-03
  -3.00025940E-03
  -3.00025940E-03
  -3.00025940E-03
  -2.99930573E-03
  -2.90012360E-03
  -2.90012360E-03
  -2.90012360E-03
  -2.90012360E-03
  -2.90012360E-03
  -2.89916992E-03
  -2.79998779E-03
  -2.79998779E-03
  -2.79998779E-03
  -2.69985199E-03
  -2.69985199E-03
  -2.59971619E-03
  -2.50053406E-03
  -2.49958038E-03
  -2.40039825E-03
  -2.40039825E-03
  -2.40039825E-03
  -2.40039825E-03
  -2.39944458E-03
  -2.39944458E-03
  -2.30026245E-03
  -2.30026245E-03
  -2.30026245E-03
  -2.30026245E-03
  -2.29930878E-03
  -2.20012665E-03
  -2.20012665E-03
  -2.20012665E-03
  -2.20012665E-03
  -2.19917297E-03
  -2.09999084E-03
  -2.09999084E-03
  -2.09999084E-03
  -2.09999084E-03
  -1.99985504E-03
  -1.99985504E-03
  -1.99985504E-03
  -1.90067291E-03
  -1.89971924E-03
  -1.89971924E-03
  -1.80053711E-03
  -1.80053711E-03
  -1.80053711E-03
  -1.80053711E-03
  -1.79958344E-03
  -1.79958344E-03
  -1.70040131E-03
  -1.70040131E-03
  -1.70040131E-03
  -1.70040131E-03
  -1.69944763E-03
  -1.60026550E-03
  -1.60026550E-03
  -1.60026550E-03
  -1.59931183E-03
  -1.59931183E-03
  -1.59931183E-03
  -1.50012970E-03
  -1.50012970E-03
  -1.49917603E-03
  -1.39999390E-03
  -1.39999390E-03
  -1.39999390E-03
  -1.39999390E-03
  -1.30081177E-03
  -1.29985809E-03
  -1.29985809E-03
  -1.29985809E-03
  -1.29985809E-03
  -1.20067596E-03
  -1.20067596E-03
  -1.20067596E-03
  -1.19972229E-03
  -1.19972229E-03
  -1.10054016E-03
  -1.10054016E-03
  -1.09958649E-03
  -1.09958649E-03
  -1.09958649E-03
  -1.00040436E-03
  -1.00040436E-03
  -1.00040436E-03
  -1.00040436E-03
  -9.99450684E-04
  -9.99450684E-04
  -9.00268555E-04
  -9.00268555E-04
  -9.00268555E-04
  -9.00268555E-04
  -9.00268555E-04
  -8.99314880E-04
  -8.99314880E-04
  -8.00132751E-04
  -8.00132751E-04
  -8.00132751E-04
  -7.99179077E-04
  -6.99996948E-04
  -6.99996948E-04
  -6.99996948E-04
  -6.99996948E-04
  -6.99996948E-04
  -6.99996948E-04
  -6.99996948E-04
  -5.99861145E-04
  -5.99861145E-04
  -5.99861145E-04
  -5.99861145E-04
  -5.99861145E-04
  -5.99861145E-04
  -5.99861145E-04
  -5.99861145E-04
  -5.00679016E-04
  -5.00679016E-04
  -4.00543213E-04
  -4.00543213E-04
  -4.00543213E-04
  -3.99589539E-04
  -3.99589539E-04
  -3.00407410E-04
  -3.00407410E-04
  -3.00407410E-04
  -3.00407410E-04
  -2.00271606E-04
  -2.00271606E-04
  -1.99317932E-04
  -1.00135803E-04
  -9.91821289E-05
  -9.91821289E-05
   0.00000000    
   9.91821289E-05
   1.00135803E-04
   1.00135803E-04
   1.00135803E-04
   1.99317932E-04
   1.99317932E-04
   1.99317932E-04
   2.00271606E-04
   2.00271606E-04
   2.99453735E-04
   2.99453735E-04
   2.99453735E-04
   3.00407410E-04
   3.00407410E-04
   3.00407410E-04
   3.99589539E-04
   3.99589539E-04
   4.00543213E-04
   4.99725342E-04
   4.99725342E-04
   4.99725342E-04
   5.00679016E-04
   5.00679016E-04
   5.99861145E-04
   6.00814819E-04
   6.99996948E-04
   6.99996948E-04
   6.99996948E-04
   6.99996948E-04
   7.99179077E-04
   8.00132751E-04
   8.00132751E-04
   8.00132751E-04
   8.99314880E-04
   9.00268555E-04
   9.00268555E-04
   9.00268555E-04
   9.99450684E-04
   1.00040436E-03
   1.00040436E-03
   1.09958649E-03
   1.10054016E-03
   1.10054016E-03
   1.19972229E-03
   1.19972229E-03
   1.20067596E-03
   1.29985809E-03
   1.29985809E-03
   1.29985809E-03
   1.29985809E-03
   1.39999390E-03
   1.39999390E-03
   1.39999390E-03
   1.39999390E-03
   1.39999390E-03
   1.39999390E-03
   1.50012970E-03
   1.50012970E-03
   1.59931183E-03
   1.59931183E-03
   1.60026550E-03
   1.69944763E-03
   1.79958344E-03
   1.79958344E-03
   1.80053711E-03
   1.80053711E-03
   1.89971924E-03
   1.89971924E-03
   1.89971924E-03
   1.99985504E-03
   1.99985504E-03
   1.99985504E-03
   2.09999084E-03
   2.09999084E-03
   2.09999084E-03
   2.09999084E-03
   2.09999084E-03
   2.09999084E-03
   2.09999084E-03
   2.20012665E-03
   2.30026245E-03
   2.30026245E-03
   2.49958038E-03
   2.49958038E-03
   2.49958038E-03
   2.50053406E-03
   2.50053406E-03
   2.50053406E-03
   2.50053406E-03
   2.59971619E-03
   2.59971619E-03
   2.59971619E-03
   2.59971619E-03
   2.69985199E-03
   2.69985199E-03
   2.69985199E-03
   2.70080566E-03
   2.79998779E-03
   2.89916992E-03
   2.90012360E-03
   2.90012360E-03
   2.90012360E-03
   2.90012360E-03
   3.00025940E-03
   3.00025940E-03
   3.00025940E-03
   3.09944153E-03
   3.10039520E-03
   3.10039520E-03
   3.10039520E-03
   3.10039520E-03
   3.29971313E-03
   3.29971313E-03
   3.39984894E-03
   3.59916687E-03
   3.60012054E-03
   3.69930267E-03
   3.70025635E-03
   3.70025635E-03
   3.80039215E-03
   3.89957428E-03
   3.89957428E-03
   4.00066376E-03
   4.00066376E-03
   4.09984589E-03
   4.09984589E-03
   4.19998169E-03
   4.19998169E-03
   4.30011749E-03
   4.30011749E-03
   4.30011749E-03
   4.49943542E-03
   4.50038910E-03
   4.69970703E-03
   4.70066071E-03
   4.70066071E-03
   4.79984283E-03
   4.80079651E-03
   4.89997864E-03
   4.89997864E-03
   5.00011444E-03
   5.00011444E-03
   5.00011444E-03
   5.00011444E-03
   5.10025024E-03
   5.19943237E-03
   5.30052185E-03
   5.49983978E-03
   5.59997559E-03
   5.69915771E-03
   5.69915771E-03
   5.80024719E-03
   5.80024719E-03
   5.89942932E-03
   6.09970093E-03
   6.09970093E-03
   6.20079041E-03
   6.40010834E-03
   6.40010834E-03
   6.60037994E-03
   6.89983368E-03
   6.99996948E-03
   7.20024109E-03
   7.30037689E-03
   7.39955902E-03
   7.40051270E-03
   7.59983063E-03
   7.59983063E-03
   7.69996643E-03
   7.80010223E-03
   8.59928131E-03
   8.70037079E-03
   9.20009613E-03
   9.40036774E-03
   9.69982147E-03
   1.02996826E-02
   1.30004883E-02
   1.33008957E-02
   1.72004700E-02
   1.79996490E-02
   1.80997849E-02
   1.86004639E-02
   2.14996338E-02
   2.32000351E-02
   3.69005203E-02
  0.147899628    
