#Npts     Radius    Mag      Completeness
#   96 1492.1063  -14.227334 1.000000
# Verr
  -9.49954987E-03
  -8.10050964E-03
  -8.00037384E-03
  -7.50064850E-03
  -7.40051270E-03
  -7.30037689E-03
  -7.19928741E-03
  -7.10010529E-03
  -6.80065155E-03
  -6.50024414E-03
  -6.09970093E-03
  -5.69915771E-03
  -5.49983978E-03
  -5.29956818E-03
  -5.00011444E-03
  -4.99916077E-03
  -4.89997864E-03
  -4.49943542E-03
  -4.29916382E-03
  -3.49998474E-03
  -3.49998474E-03
  -3.39984894E-03
  -3.20053101E-03
  -3.09944153E-03
  -3.09944153E-03
  -2.69985199E-03
  -2.69985199E-03
  -2.40039825E-03
  -2.39944458E-03
  -2.29930878E-03
  -2.20012665E-03
  -1.99985504E-03
  -1.79958344E-03
  -1.79958344E-03
  -1.69944763E-03
  -1.69944763E-03
  -1.50012970E-03
  -1.39999390E-03
  -1.29985809E-03
  -1.20067596E-03
  -1.09958649E-03
  -1.09958649E-03
  -1.00040436E-03
  -9.00268555E-04
  -8.99314880E-04
  -8.00132751E-04
  -8.00132751E-04
  -6.99996948E-04
  -5.99861145E-04
  -3.99589539E-04
  -2.00271606E-04
   1.00135803E-04
   2.99453735E-04
   3.99589539E-04
   4.00543213E-04
   4.00543213E-04
   5.99861145E-04
   5.99861145E-04
   5.99861145E-04
   8.00132751E-04
   9.00268555E-04
   9.99450684E-04
   1.00040436E-03
   1.10054016E-03
   1.19972229E-03
   1.29985809E-03
   1.69944763E-03
   1.89971924E-03
   1.99985504E-03
   2.09999084E-03
   2.79998779E-03
   2.90012360E-03
   2.99930573E-03
   3.00025940E-03
   3.39984894E-03
   3.80039215E-03
   4.19998169E-03
   4.49943542E-03
   4.49943542E-03
   4.79984283E-03
   5.00011444E-03
   6.00051880E-03
   6.50024414E-03
   6.79969788E-03
   6.89983368E-03
   8.39996338E-03
   8.90064240E-03
   9.09996033E-03
   9.50050354E-03
   1.20000839E-02
   1.35993958E-02
   1.37996674E-02
   1.55000687E-02
   1.78995132E-02
   1.87005997E-02
   9.31005478E-02
