#Npts     Radius    Mag      Completeness
#  101 2984.2124  -14.736667 1.000000
# Verr
  -2.07004547E-02
  -1.50003433E-02
  -1.17006302E-02
  -1.15003586E-02
  -1.09996796E-02
  -9.10091400E-03
  -7.90023804E-03
  -6.89983368E-03
  -6.69956207E-03
  -6.59942627E-03
  -6.10065460E-03
  -5.90038300E-03
  -5.70011139E-03
  -5.59997559E-03
  -5.40065765E-03
  -5.29956818E-03
  -5.19943237E-03
  -5.10025024E-03
  -5.00011444E-03
  -4.69970703E-03
  -4.60052490E-03
  -4.30011749E-03
  -3.80039215E-03
  -3.60012054E-03
  -3.00025940E-03
  -3.00025940E-03
  -2.40039825E-03
  -2.29930878E-03
  -2.20012665E-03
  -2.20012665E-03
  -1.99985504E-03
  -1.99985504E-03
  -1.69944763E-03
  -1.60026550E-03
  -1.50012970E-03
  -1.50012970E-03
  -1.00040436E-03
  -1.00040436E-03
  -9.00268555E-04
  -8.99314880E-04
  -5.99861145E-04
  -1.99317932E-04
   0.00000000    
   0.00000000    
   1.00135803E-04
   2.00271606E-04
   3.00407410E-04
   3.00407410E-04
   5.99861145E-04
   6.00814819E-04
   6.99996948E-04
   9.00268555E-04
   9.00268555E-04
   9.00268555E-04
   9.00268555E-04
   9.99450684E-04
   9.99450684E-04
   1.00040436E-03
   1.20067596E-03
   1.20067596E-03
   1.29985809E-03
   1.39999390E-03
   1.50012970E-03
   1.60026550E-03
   1.80053711E-03
   2.09999084E-03
   2.20012665E-03
   2.39944458E-03
   2.59971619E-03
   2.70080566E-03
   3.00025940E-03
   3.19957733E-03
   3.19957733E-03
   3.39984894E-03
   3.49998474E-03
   3.49998474E-03
   3.59916687E-03
   3.60012054E-03
   3.69930267E-03
   3.79943848E-03
   3.80039215E-03
   3.99971008E-03
   4.09984589E-03
   4.19998169E-03
   4.30011749E-03
   4.59957123E-03
   4.60052490E-03
   4.69970703E-03
   5.30052185E-03
   5.80024719E-03
   6.09970093E-03
   6.90078735E-03
   7.20024109E-03
   7.29942322E-03
   7.40051270E-03
   1.18999481E-02
   1.52997971E-02
   2.21996307E-02
   2.33001709E-02
   2.71997452E-02
   3.11994553E-02
