#Npts     Radius    Mag      Completeness
#  105 1701.0012  -14.482000 1.000000
# Verr
  -1.37004852E-02
  -8.20064545E-03
  -7.39955902E-03
  -7.20024109E-03
  -7.10010529E-03
  -6.80065155E-03
  -6.60037994E-03
  -6.59942627E-03
  -6.40010834E-03
  -6.40010834E-03
  -5.59997559E-03
  -5.49983978E-03
  -5.29956818E-03
  -4.69970703E-03
  -4.69970703E-03
  -4.59957123E-03
  -4.50038910E-03
  -4.39929962E-03
  -4.09984589E-03
  -3.99971008E-03
  -3.60012054E-03
  -3.60012054E-03
  -3.49998474E-03
  -3.49998474E-03
  -3.29971313E-03
  -3.00025940E-03
  -3.00025940E-03
  -3.00025940E-03
  -2.90012360E-03
  -2.90012360E-03
  -2.69985199E-03
  -2.49958038E-03
  -2.30026245E-03
  -2.30026245E-03
  -2.20012665E-03
  -2.09999084E-03
  -2.09999084E-03
  -1.99985504E-03
  -1.90067291E-03
  -1.89971924E-03
  -1.89971924E-03
  -1.79958344E-03
  -1.70040131E-03
  -1.69944763E-03
  -1.29985809E-03
  -1.29985809E-03
  -1.29985809E-03
  -1.29985809E-03
  -8.99314880E-04
  -6.99996948E-04
  -4.99725342E-04
  -4.99725342E-04
  -2.99453735E-04
  -2.00271606E-04
  -2.00271606E-04
  -1.00135803E-04
   1.00135803E-04
   1.99317932E-04
   1.99317932E-04
   2.99453735E-04
   3.00407410E-04
   3.99589539E-04
   4.00543213E-04
   5.99861145E-04
   5.99861145E-04
   8.00132751E-04
   8.00132751E-04
   8.00132751E-04
   8.99314880E-04
   1.10054016E-03
   1.10054016E-03
   1.20067596E-03
   1.39999390E-03
   1.39999390E-03
   1.39999390E-03
   1.49917603E-03
   1.70040131E-03
   1.79958344E-03
   1.79958344E-03
   1.99985504E-03
   2.09999084E-03
   2.09999084E-03
   2.09999084E-03
   2.59971619E-03
   3.00025940E-03
   3.49998474E-03
   3.69930267E-03
   3.70025635E-03
   3.70025635E-03
   3.80039215E-03
   3.80039215E-03
   3.80039215E-03
   4.19998169E-03
   4.30011749E-03
   5.00011444E-03
   5.10025024E-03
   5.70011139E-03
   6.89983368E-03
   6.99996948E-03
   6.99996948E-03
   7.69996643E-03
   8.19969177E-03
   8.99982452E-03
   9.00077820E-03
   1.18007660E-02
