#Npts     Radius    Mag      Completeness
#   95 1909.8961  -14.482000 1.000000
# Verr
  -1.02005005E-02
  -9.09996033E-03
  -8.10050964E-03
  -7.10010529E-03
  -6.50024414E-03
  -6.40010834E-03
  -6.29997253E-03
  -6.00051880E-03
  -5.09929657E-03
  -4.50038910E-03
  -4.39929962E-03
  -4.19998169E-03
  -4.19998169E-03
  -4.19998169E-03
  -3.90052795E-03
  -3.49998474E-03
  -3.39984894E-03
  -3.30066681E-03
  -3.29971313E-03
  -3.19957733E-03
  -3.09944153E-03
  -3.09944153E-03
  -2.99930573E-03
  -2.90012360E-03
  -2.79998779E-03
  -2.79998779E-03
  -2.59971619E-03
  -2.20012665E-03
  -2.09999084E-03
  -1.90067291E-03
  -1.69944763E-03
  -1.60026550E-03
  -1.50012970E-03
  -1.39999390E-03
  -1.30081177E-03
  -1.10054016E-03
  -1.10054016E-03
  -1.09958649E-03
  -1.00040436E-03
  -9.00268555E-04
  -7.99179077E-04
  -5.99861145E-04
  -3.00407410E-04
  -2.00271606E-04
  -2.00271606E-04
   3.00407410E-04
   3.00407410E-04
   6.99996948E-04
   6.99996948E-04
   8.00132751E-04
   8.00132751E-04
   8.00132751E-04
   8.99314880E-04
   8.99314880E-04
   9.00268555E-04
   9.99450684E-04
   1.09958649E-03
   1.09958649E-03
   1.19972229E-03
   1.29985809E-03
   1.50012970E-03
   1.89971924E-03
   1.99985504E-03
   2.00080872E-03
   2.20012665E-03
   2.20012665E-03
   2.30026245E-03
   2.49958038E-03
   3.00025940E-03
   3.00025940E-03
   3.00025940E-03
   3.29971313E-03
   3.30066681E-03
   3.39984894E-03
   3.39984894E-03
   3.49998474E-03
   3.49998474E-03
   3.49998474E-03
   3.49998474E-03
   3.89957428E-03
   4.19998169E-03
   4.30011749E-03
   4.40025330E-03
   4.49943542E-03
   4.50038910E-03
   4.50038910E-03
   4.59957123E-03
   4.60052490E-03
   5.09929657E-03
   5.19943237E-03
   6.29997253E-03
   6.40010834E-03
   7.69996643E-03
   7.80010223E-03
   8.79955292E-03
