#Npts     Radius    Mag      Completeness
#  410  656.5267  -11.425833 0.995146
# Verr
 -0.734499931    
 -0.192999840    
 -0.111799240    
  -8.68997574E-02
  -2.19001770E-02
  -1.77993774E-02
  -1.75991058E-02
  -1.66006088E-02
  -1.52997971E-02
  -1.50995255E-02
  -1.32999420E-02
  -1.24998093E-02
  -1.14002228E-02
  -1.04999542E-02
  -9.50050354E-03
  -9.09996033E-03
  -8.90064240E-03
  -8.90064240E-03
  -8.60023499E-03
  -8.59928131E-03
  -8.39996338E-03
  -8.29982758E-03
  -8.29982758E-03
  -8.20064545E-03
  -8.10050964E-03
  -8.00037384E-03
  -8.00037384E-03
  -7.90023804E-03
  -7.80010223E-03
  -7.69996643E-03
  -7.59983063E-03
  -7.49969482E-03
  -7.39955902E-03
  -7.39955902E-03
  -7.30037689E-03
  -6.89983368E-03
  -6.80065155E-03
  -6.69956207E-03
  -6.60037994E-03
  -6.59942627E-03
  -6.50024414E-03
  -6.39915466E-03
  -5.99956512E-03
  -5.89942932E-03
  -5.80024719E-03
  -5.79929352E-03
  -5.70011139E-03
  -5.70011139E-03
  -5.59997559E-03
  -5.50079346E-03
  -5.40065765E-03
  -5.39970398E-03
  -5.39970398E-03
  -5.20038605E-03
  -5.20038605E-03
  -5.19943237E-03
  -5.10025024E-03
  -4.69970703E-03
  -4.69970703E-03
  -4.30011749E-03
  -4.30011749E-03
  -4.30011749E-03
  -4.19998169E-03
  -4.19998169E-03
  -4.19998169E-03
  -4.09984589E-03
  -4.09984589E-03
  -3.99971008E-03
  -3.99971008E-03
  -3.99971008E-03
  -3.90052795E-03
  -3.90052795E-03
  -3.89957428E-03
  -3.80039215E-03
  -3.80039215E-03
  -3.70025635E-03
  -3.70025635E-03
  -3.60012054E-03
  -3.60012054E-03
  -3.60012054E-03
  -3.49998474E-03
  -3.49998474E-03
  -3.39984894E-03
  -3.39984894E-03
  -3.30066681E-03
  -3.30066681E-03
  -3.29971313E-03
  -3.29971313E-03
  -3.19957733E-03
  -3.19957733E-03
  -3.10039520E-03
  -3.10039520E-03
  -3.10039520E-03
  -3.09944153E-03
  -2.99930573E-03
  -2.90012360E-03
  -2.79998779E-03
  -2.79998779E-03
  -2.79998779E-03
  -2.69985199E-03
  -2.69985199E-03
  -2.60066986E-03
  -2.50053406E-03
  -2.50053406E-03
  -2.40039825E-03
  -2.40039825E-03
  -2.40039825E-03
  -2.39944458E-03
  -2.39944458E-03
  -2.30026245E-03
  -2.29930878E-03
  -2.20012665E-03
  -2.20012665E-03
  -2.09999084E-03
  -2.09999084E-03
  -2.09999084E-03
  -2.09999084E-03
  -2.00080872E-03
  -1.99985504E-03
  -1.99985504E-03
  -1.99985504E-03
  -1.89971924E-03
  -1.89971924E-03
  -1.89971924E-03
  -1.89971924E-03
  -1.80053711E-03
  -1.79958344E-03
  -1.79958344E-03
  -1.79958344E-03
  -1.79958344E-03
  -1.79958344E-03
  -1.70040131E-03
  -1.70040131E-03
  -1.70040131E-03
  -1.70040131E-03
  -1.69944763E-03
  -1.60026550E-03
  -1.59931183E-03
  -1.59931183E-03
  -1.50012970E-03
  -1.50012970E-03
  -1.49917603E-03
  -1.39999390E-03
  -1.39999390E-03
  -1.29985809E-03
  -1.19972229E-03
  -1.19972229E-03
  -1.19972229E-03
  -1.10054016E-03
  -1.10054016E-03
  -1.09958649E-03
  -1.09958649E-03
  -1.09958649E-03
  -1.09958649E-03
  -1.09958649E-03
  -9.99450684E-04
  -9.00268555E-04
  -9.00268555E-04
  -9.00268555E-04
  -8.99314880E-04
  -8.99314880E-04
  -8.00132751E-04
  -8.00132751E-04
  -8.00132751E-04
  -6.99996948E-04
  -6.99996948E-04
  -6.99996948E-04
  -6.99996948E-04
  -6.99996948E-04
  -6.99996948E-04
  -5.99861145E-04
  -5.99861145E-04
  -5.99861145E-04
  -5.99861145E-04
  -5.00679016E-04
  -4.99725342E-04
  -4.99725342E-04
  -4.99725342E-04
  -4.99725342E-04
  -4.99725342E-04
  -4.99725342E-04
  -3.99589539E-04
  -3.00407410E-04
  -3.00407410E-04
  -2.99453735E-04
  -2.99453735E-04
  -2.99453735E-04
  -2.00271606E-04
  -1.99317932E-04
  -1.99317932E-04
  -1.00135803E-04
  -1.00135803E-04
  -1.00135803E-04
   0.00000000    
   0.00000000    
   0.00000000    
   0.00000000    
   9.91821289E-05
   1.00135803E-04
   1.00135803E-04
   1.99317932E-04
   1.99317932E-04
   1.99317932E-04
   2.00271606E-04
   2.00271606E-04
   2.00271606E-04
   2.00271606E-04
   2.99453735E-04
   3.00407410E-04
   3.00407410E-04
   3.00407410E-04
   3.99589539E-04
   4.00543213E-04
   4.00543213E-04
   4.00543213E-04
   5.99861145E-04
   5.99861145E-04
   5.99861145E-04
   5.99861145E-04
   5.99861145E-04
   5.99861145E-04
   6.99996948E-04
   6.99996948E-04
   8.00132751E-04
   8.00132751E-04
   8.00132751E-04
   8.00132751E-04
   8.00132751E-04
   8.00132751E-04
   8.00132751E-04
   9.00268555E-04
   9.99450684E-04
   9.99450684E-04
   9.99450684E-04
   1.00040436E-03
   1.00040436E-03
   1.09958649E-03
   1.29985809E-03
   1.29985809E-03
   1.29985809E-03
   1.29985809E-03
   1.30081177E-03
   1.39999390E-03
   1.39999390E-03
   1.39999390E-03
   1.49917603E-03
   1.50012970E-03
   1.50012970E-03
   1.50012970E-03
   1.59931183E-03
   1.59931183E-03
   1.59931183E-03
   1.60026550E-03
   1.60026550E-03
   1.60026550E-03
   1.60026550E-03
   1.70040131E-03
   1.70040131E-03
   1.79958344E-03
   1.80053711E-03
   1.80053711E-03
   1.80053711E-03
   1.89971924E-03
   1.99985504E-03
   1.99985504E-03
   1.99985504E-03
   2.09999084E-03
   2.09999084E-03
   2.20012665E-03
   2.20012665E-03
   2.30026245E-03
   2.39944458E-03
   2.40039825E-03
   2.40039825E-03
   2.40039825E-03
   2.49958038E-03
   2.49958038E-03
   2.49958038E-03
   2.50053406E-03
   2.50053406E-03
   2.59971619E-03
   2.59971619E-03
   2.60066986E-03
   2.60066986E-03
   2.69985199E-03
   2.79998779E-03
   2.90012360E-03
   2.99930573E-03
   2.99930573E-03
   3.00025940E-03
   3.00025940E-03
   3.10039520E-03
   3.19957733E-03
   3.19957733E-03
   3.29971313E-03
   3.29971313E-03
   3.29971313E-03
   3.39984894E-03
   3.39984894E-03
   3.49998474E-03
   3.49998474E-03
   3.60012054E-03
   3.60012054E-03
   3.60012054E-03
   3.69930267E-03
   3.70025635E-03
   3.79943848E-03
   3.79943848E-03
   3.80039215E-03
   3.89957428E-03
   3.89957428E-03
   3.89957428E-03
   3.90052795E-03
   3.99971008E-03
   3.99971008E-03
   4.09984589E-03
   4.19998169E-03
   4.19998169E-03
   4.19998169E-03
   4.19998169E-03
   4.30011749E-03
   4.50038910E-03
   4.50038910E-03
   4.50038910E-03
   4.60052490E-03
   4.69970703E-03
   4.69970703E-03
   4.70066071E-03
   4.79984283E-03
   4.79984283E-03
   4.89997864E-03
   4.90093231E-03
   5.00011444E-03
   5.10025024E-03
   5.10025024E-03
   5.19943237E-03
   5.39970398E-03
   5.50079346E-03
   5.59997559E-03
   5.70011139E-03
   5.70011139E-03
   5.80024719E-03
   5.99956512E-03
   5.99956512E-03
   6.40010834E-03
   6.40010834E-03
   6.40010834E-03
   6.60037994E-03
   6.69956207E-03
   6.99996948E-03
   7.20024109E-03
   7.49969482E-03
   7.69996643E-03
   7.69996643E-03
   8.29982758E-03
   8.50009918E-03
   8.59928131E-03
   8.60023499E-03
   8.60023499E-03
   8.70037079E-03
   8.80050659E-03
   9.09996033E-03
   9.20009613E-03
   9.30023193E-03
   9.39941406E-03
   9.90009308E-03
   9.90009308E-03
   1.00002289E-02
   1.04999542E-02
   1.04999542E-02
   1.04999542E-02
   1.06000900E-02
   1.23004913E-02
   1.23996735E-02
   1.29003525E-02
   1.34000778E-02
   1.35993958E-02
   1.43995285E-02
   1.46999359E-02
   1.49002075E-02
   1.52997971E-02
   1.55000687E-02
   1.67999268E-02
   1.76000595E-02
   1.81007385E-02
   1.97000504E-02
   2.08005905E-02
   2.21996307E-02
   2.30998993E-02
   2.53000259E-02
   2.68001556E-02
   2.81000137E-02
   3.03993225E-02
   3.31993103E-02
   3.34997177E-02
   3.53994370E-02
   3.67002487E-02
   3.76996994E-02
   4.74004745E-02
   4.83999252E-02
   5.67998886E-02
   6.96001053E-02
   8.36000443E-02
   9.61999893E-02
  0.101200104    
  0.162199974    
  0.180099487    
  0.194000244    
  0.263999939    
  0.314000130    
