#Npts     Radius    Mag      Completeness
#  103 2984.2124  -14.354667 1.000000
# Verr
  -1.42002106E-02
  -1.07002258E-02
  -1.01995468E-02
  -9.69982147E-03
  -8.79955292E-03
  -7.20024109E-03
  -7.20024109E-03
  -7.10010529E-03
  -6.90078735E-03
  -6.79969788E-03
  -6.79969788E-03
  -6.60037994E-03
  -6.50024414E-03
  -6.50024414E-03
  -6.00051880E-03
  -5.80024719E-03
  -5.70011139E-03
  -5.59997559E-03
  -5.30052185E-03
  -5.20038605E-03
  -4.50038910E-03
  -4.40025330E-03
  -4.30011749E-03
  -4.19998169E-03
  -4.19998169E-03
  -4.19998169E-03
  -3.99971008E-03
  -3.60012054E-03
  -3.60012054E-03
  -3.49998474E-03
  -3.29971313E-03
  -3.29971313E-03
  -3.09944153E-03
  -2.90012360E-03
  -2.89916992E-03
  -2.79998779E-03
  -2.69985199E-03
  -2.50053406E-03
  -2.49958038E-03
  -2.30026245E-03
  -2.30026245E-03
  -2.20012665E-03
  -2.09999084E-03
  -1.99985504E-03
  -1.79958344E-03
  -1.60026550E-03
  -1.50012970E-03
  -1.39999390E-03
  -1.20067596E-03
  -1.19972229E-03
  -8.99314880E-04
  -8.00132751E-04
  -5.99861145E-04
  -5.99861145E-04
  -3.99589539E-04
  -3.00407410E-04
  -2.00271606E-04
  -1.00135803E-04
   1.00135803E-04
   1.00135803E-04
   4.99725342E-04
   5.99861145E-04
   5.99861145E-04
   6.00814819E-04
   8.00132751E-04
   1.00040436E-03
   1.09958649E-03
   1.19972229E-03
   1.30081177E-03
   1.60026550E-03
   1.79958344E-03
   1.79958344E-03
   1.80053711E-03
   1.99985504E-03
   1.99985504E-03
   2.30026245E-03
   2.39944458E-03
   2.50053406E-03
   2.59971619E-03
   2.59971619E-03
   2.79998779E-03
   3.00025940E-03
   3.00025940E-03
   3.40080261E-03
   3.69930267E-03
   3.79943848E-03
   3.89957428E-03
   4.50038910E-03
   4.60052490E-03
   4.79984283E-03
   5.30052185E-03
   5.39970398E-03
   5.40065765E-03
   5.70011139E-03
   6.00051880E-03
   6.89983368E-03
   7.40051270E-03
   7.80010223E-03
   7.90023804E-03
   1.07994080E-02
   1.56002045E-02
   1.62000656E-02
   2.97994614E-02
