#Npts     Radius    Mag      Completeness
#  105 1074.3165  -14.227334 1.000000
# Verr
  -1.08003616E-02
  -9.69982147E-03
  -8.80050659E-03
  -8.39996338E-03
  -7.49969482E-03
  -7.20024109E-03
  -6.79969788E-03
  -6.79969788E-03
  -6.50024414E-03
  -6.29997253E-03
  -6.09970093E-03
  -5.90038300E-03
  -5.90038300E-03
  -5.89942932E-03
  -4.60052490E-03
  -4.50038910E-03
  -4.30011749E-03
  -4.30011749E-03
  -3.90052795E-03
  -3.70025635E-03
  -3.60012054E-03
  -3.49998474E-03
  -3.49998474E-03
  -3.49998474E-03
  -3.39984894E-03
  -3.29971313E-03
  -3.19957733E-03
  -3.00025940E-03
  -2.90012360E-03
  -2.59971619E-03
  -2.29930878E-03
  -2.20012665E-03
  -2.00080872E-03
  -1.99985504E-03
  -1.80053711E-03
  -1.39999390E-03
  -1.39999390E-03
  -1.20067596E-03
  -1.00040436E-03
  -8.00132751E-04
  -5.99861145E-04
  -4.99725342E-04
  -3.99589539E-04
  -3.00407410E-04
  -3.00407410E-04
   1.99317932E-04
   3.99589539E-04
   4.99725342E-04
   5.99861145E-04
   6.99996948E-04
   6.99996948E-04
   6.99996948E-04
   8.00132751E-04
   1.00040436E-03
   1.09958649E-03
   1.19972229E-03
   1.19972229E-03
   1.20067596E-03
   1.29985809E-03
   1.50012970E-03
   1.59931183E-03
   1.60026550E-03
   1.79958344E-03
   1.79958344E-03
   1.89971924E-03
   1.99985504E-03
   2.30026245E-03
   2.39944458E-03
   2.40039825E-03
   2.49958038E-03
   2.59971619E-03
   2.79998779E-03
   2.79998779E-03
   3.29971313E-03
   3.29971313E-03
   3.30066681E-03
   3.30066681E-03
   3.49998474E-03
   3.60012054E-03
   3.60012054E-03
   3.70025635E-03
   3.80039215E-03
   3.99971008E-03
   4.19998169E-03
   4.30011749E-03
   4.49943542E-03
   4.49943542E-03
   4.69970703E-03
   4.70066071E-03
   4.89997864E-03
   5.00011444E-03
   5.10025024E-03
   6.50024414E-03
   6.70051575E-03
   6.99996948E-03
   7.49969482E-03
   7.90023804E-03
   8.09955597E-03
   9.40036774E-03
   1.17998123E-02
   1.27992630E-02
   1.34000778E-02
   1.46007538E-02
   4.11996841E-02
   4.38995361E-02
