#Npts     Radius    Mag      Completeness
#   86  638.7197  -14.510333 0.977273
# Ierr
 -0.149800301    
  -2.46000290E-02
  -1.81999207E-02
  -1.53007507E-02
  -1.09004974E-02
  -1.08995438E-02
  -8.50009918E-03
  -7.10010529E-03
  -6.79969788E-03
  -6.60037994E-03
  -6.59942627E-03
  -6.19983673E-03
  -5.29956818E-03
  -4.89997864E-03
  -4.70066071E-03
  -3.29971313E-03
  -3.10039520E-03
  -2.49958038E-03
  -2.49958038E-03
  -1.70040131E-03
  -1.29985809E-03
  -9.99450684E-04
  -6.99996948E-04
  -4.00543213E-04
  -1.99317932E-04
  -1.99317932E-04
   2.99453735E-04
   3.00407410E-04
   4.99725342E-04
   2.09999084E-03
   3.39984894E-03
   3.69930267E-03
   3.79943848E-03
   3.79943848E-03
   3.89957428E-03
   4.89997864E-03
   6.50024414E-03
   7.80010223E-03
   8.00037384E-03
   8.69941711E-03
   8.69941711E-03
   8.80050659E-03
   8.89968872E-03
   1.06000900E-02
   1.10998154E-02
   1.11999512E-02
   1.11999512E-02
   1.13000870E-02
   1.18999481E-02
   1.31006241E-02
   1.32999420E-02
   1.37004852E-02
   1.38006210E-02
   1.43995285E-02
   1.50995255E-02
   1.56002045E-02
   1.66006088E-02
   1.67999268E-02
   1.70993805E-02
   1.92995071E-02
   2.00996399E-02
   2.08997726E-02
   2.36997604E-02
   2.40001678E-02
   2.50997543E-02
   2.68001556E-02
   3.19004059E-02
   3.21998596E-02
   3.40003967E-02
   3.48997116E-02
   3.56998444E-02
   3.88002396E-02
   3.96003723E-02
   5.08003235E-02
   5.17005920E-02
   5.31005859E-02
   5.32999039E-02
   5.67998886E-02
   6.00004196E-02
   6.62994385E-02
   8.58001709E-02
   9.01002884E-02
   9.49001312E-02
  0.138899803    
  0.201000214    
  0.222299576    
