#Npts     Radius    Mag      Completeness
#   56  435.4907  -14.760667 0.933333
# Ierr
 -0.739800453    
  -1.35002136E-02
  -4.50038910E-03
  -2.09999084E-03
  -1.90067291E-03
   0.00000000    
   4.99725342E-04
   1.79958344E-03
   2.90012360E-03
   3.09944153E-03
   3.29971313E-03
   3.90052795E-03
   4.09984589E-03
   4.19998169E-03
   4.50038910E-03
   4.79984283E-03
   6.00051880E-03
   7.40051270E-03
   7.90023804E-03
   7.99942017E-03
   7.99942017E-03
   8.20064545E-03
   9.49954987E-03
   1.11999512E-02
   1.38998032E-02
   1.56993866E-02
   1.70993805E-02
   1.81999207E-02
   2.12001801E-02
   2.16999054E-02
   2.16999054E-02
   2.22997665E-02
   2.25000381E-02
   2.89001465E-02
   3.02000046E-02
   3.05995941E-02
   3.70006561E-02
   3.82003784E-02
   4.24003601E-02
   4.53004837E-02
   4.94995117E-02
   6.69002533E-02
   6.93998337E-02
   7.69996643E-02
   8.47997665E-02
   9.16004181E-02
   9.76991653E-02
  0.154900551    
  0.187500000    
  0.194799423    
  0.213599205    
  0.366900444    
  0.376200676    
  0.395799637    
  0.470900536    
  0.593800545    
