#Npts     Radius    Mag      Completeness
#  415 2061.1211  -11.755000 0.992823
# Ierr
  -5.23996353E-02
  -4.30994034E-02
  -2.05993652E-02
  -1.93996429E-02
  -1.84001923E-02
  -1.42002106E-02
  -1.38006210E-02
  -1.35002136E-02
  -1.18999481E-02
  -1.09004974E-02
  -1.08995438E-02
  -1.01003647E-02
  -9.40036774E-03
  -9.39941406E-03
  -8.90064240E-03
  -8.89968872E-03
  -8.69941711E-03
  -8.60023499E-03
  -8.59928131E-03
  -7.90023804E-03
  -7.80010223E-03
  -7.59983063E-03
  -7.40051270E-03
  -7.19928741E-03
  -7.10010529E-03
  -7.10010529E-03
  -6.99996948E-03
  -6.90078735E-03
  -6.89983368E-03
  -6.79969788E-03
  -6.69956207E-03
  -6.60037994E-03
  -6.30092621E-03
  -6.29997253E-03
  -6.29997253E-03
  -6.09970093E-03
  -5.80024719E-03
  -5.70011139E-03
  -5.59997559E-03
  -5.30052185E-03
  -5.20038605E-03
  -5.20038605E-03
  -5.19943237E-03
  -4.89997864E-03
  -4.89997864E-03
  -4.79984283E-03
  -4.79984283E-03
  -4.70066071E-03
  -4.69970703E-03
  -4.50038910E-03
  -4.50038910E-03
  -4.49943542E-03
  -4.40025330E-03
  -4.30011749E-03
  -4.19998169E-03
  -4.19998169E-03
  -4.10079956E-03
  -4.09984589E-03
  -4.09984589E-03
  -4.09984589E-03
  -4.09984589E-03
  -4.09984589E-03
  -4.00066376E-03
  -3.99971008E-03
  -3.99971008E-03
  -3.99971008E-03
  -3.99971008E-03
  -3.99971008E-03
  -3.90052795E-03
  -3.80039215E-03
  -3.70025635E-03
  -3.70025635E-03
  -3.60012054E-03
  -3.60012054E-03
  -3.60012054E-03
  -3.59916687E-03
  -3.59916687E-03
  -3.49998474E-03
  -3.49998474E-03
  -3.49998474E-03
  -3.39984894E-03
  -3.29971313E-03
  -3.29971313E-03
  -3.20053101E-03
  -3.19957733E-03
  -3.10039520E-03
  -3.10039520E-03
  -3.09944153E-03
  -2.90012360E-03
  -2.79998779E-03
  -2.69985199E-03
  -2.69985199E-03
  -2.69985199E-03
  -2.69985199E-03
  -2.60066986E-03
  -2.59971619E-03
  -2.59971619E-03
  -2.59971619E-03
  -2.50053406E-03
  -2.49958038E-03
  -2.49958038E-03
  -2.40039825E-03
  -2.40039825E-03
  -2.40039825E-03
  -2.39944458E-03
  -2.39944458E-03
  -2.30026245E-03
  -2.30026245E-03
  -2.30026245E-03
  -2.30026245E-03
  -2.30026245E-03
  -2.30026245E-03
  -2.29930878E-03
  -2.20012665E-03
  -2.20012665E-03
  -2.20012665E-03
  -2.09999084E-03
  -2.09999084E-03
  -1.99985504E-03
  -1.99985504E-03
  -1.89971924E-03
  -1.89971924E-03
  -1.89971924E-03
  -1.89971924E-03
  -1.80053711E-03
  -1.79958344E-03
  -1.79958344E-03
  -1.79958344E-03
  -1.79958344E-03
  -1.70040131E-03
  -1.70040131E-03
  -1.70040131E-03
  -1.69944763E-03
  -1.69944763E-03
  -1.60026550E-03
  -1.60026550E-03
  -1.60026550E-03
  -1.50012970E-03
  -1.50012970E-03
  -1.50012970E-03
  -1.39999390E-03
  -1.39999390E-03
  -1.39999390E-03
  -1.39999390E-03
  -1.29985809E-03
  -1.29985809E-03
  -1.29985809E-03
  -1.29985809E-03
  -1.29985809E-03
  -1.29985809E-03
  -1.19972229E-03
  -1.19972229E-03
  -1.19972229E-03
  -1.10054016E-03
  -1.09958649E-03
  -1.00040436E-03
  -9.99450684E-04
  -9.99450684E-04
  -9.00268555E-04
  -9.00268555E-04
  -9.00268555E-04
  -8.99314880E-04
  -8.99314880E-04
  -8.00132751E-04
  -8.00132751E-04
  -8.00132751E-04
  -8.00132751E-04
  -8.00132751E-04
  -8.00132751E-04
  -8.00132751E-04
  -6.99996948E-04
  -6.99996948E-04
  -6.99996948E-04
  -6.99996948E-04
  -6.99996948E-04
  -6.99996948E-04
  -6.00814819E-04
  -6.00814819E-04
  -5.99861145E-04
  -5.99861145E-04
  -5.00679016E-04
  -5.00679016E-04
  -4.99725342E-04
  -4.00543213E-04
  -4.00543213E-04
  -3.99589539E-04
  -3.99589539E-04
  -3.99589539E-04
  -3.99589539E-04
  -3.99589539E-04
  -3.00407410E-04
  -2.99453735E-04
  -2.99453735E-04
  -2.00271606E-04
  -1.99317932E-04
  -1.99317932E-04
  -1.00135803E-04
  -1.00135803E-04
  -1.00135803E-04
  -1.00135803E-04
  -1.00135803E-04
   0.00000000    
   0.00000000    
   0.00000000    
   1.00135803E-04
   1.00135803E-04
   1.00135803E-04
   1.00135803E-04
   1.00135803E-04
   1.00135803E-04
   1.99317932E-04
   2.00271606E-04
   2.00271606E-04
   2.00271606E-04
   2.99453735E-04
   3.00407410E-04
   3.00407410E-04
   3.00407410E-04
   3.99589539E-04
   4.00543213E-04
   4.00543213E-04
   4.00543213E-04
   4.00543213E-04
   4.99725342E-04
   4.99725342E-04
   5.99861145E-04
   5.99861145E-04
   6.99996948E-04
   6.99996948E-04
   6.99996948E-04
   8.00132751E-04
   8.00132751E-04
   8.00132751E-04
   8.00132751E-04
   8.99314880E-04
   9.00268555E-04
   9.00268555E-04
   9.99450684E-04
   1.00040436E-03
   1.09958649E-03
   1.10054016E-03
   1.19972229E-03
   1.29985809E-03
   1.39999390E-03
   1.39999390E-03
   1.39999390E-03
   1.39999390E-03
   1.50012970E-03
   1.59931183E-03
   1.69944763E-03
   1.70040131E-03
   1.79958344E-03
   1.79958344E-03
   1.79958344E-03
   1.80053711E-03
   1.89971924E-03
   1.99985504E-03
   1.99985504E-03
   1.99985504E-03
   2.00080872E-03
   2.00080872E-03
   2.09999084E-03
   2.20012665E-03
   2.29930878E-03
   2.30026245E-03
   2.39944458E-03
   2.49958038E-03
   2.49958038E-03
   2.49958038E-03
   2.50053406E-03
   2.50053406E-03
   2.59971619E-03
   2.59971619E-03
   2.59971619E-03
   2.60066986E-03
   2.69985199E-03
   2.79998779E-03
   2.79998779E-03
   2.89916992E-03
   3.00025940E-03
   3.10039520E-03
   3.19957733E-03
   3.20053101E-03
   3.29971313E-03
   3.39984894E-03
   3.39984894E-03
   3.49998474E-03
   3.49998474E-03
   3.60012054E-03
   3.70025635E-03
   3.80039215E-03
   3.80039215E-03
   3.90052795E-03
   4.19998169E-03
   4.30011749E-03
   4.49943542E-03
   4.59957123E-03
   4.59957123E-03
   4.60052490E-03
   4.69970703E-03
   4.70066071E-03
   4.70066071E-03
   4.79984283E-03
   4.79984283E-03
   4.79984283E-03
   4.89997864E-03
   4.89997864E-03
   5.00011444E-03
   5.00011444E-03
   5.10025024E-03
   5.10025024E-03
   5.29956818E-03
   5.30052185E-03
   5.39970398E-03
   5.49983978E-03
   5.49983978E-03
   5.59997559E-03
   5.80024719E-03
   5.89942932E-03
   5.99956512E-03
   5.99956512E-03
   6.10065460E-03
   6.19983673E-03
   6.50024414E-03
   6.59942627E-03
   6.60037994E-03
   6.79969788E-03
   6.79969788E-03
   6.99996948E-03
   6.99996948E-03
   7.10010529E-03
   7.20024109E-03
   7.20024109E-03
   7.30037689E-03
   7.59983063E-03
   7.59983063E-03
   7.99942017E-03
   8.09955597E-03
   8.10050964E-03
   8.19969177E-03
   8.19969177E-03
   8.60023499E-03
   8.70037079E-03
   8.79955292E-03
   8.99982452E-03
   9.69982147E-03
   9.90009308E-03
   9.90009308E-03
   1.01003647E-02
   1.01995468E-02
   1.03006363E-02
   1.04999542E-02
   1.09996796E-02
   1.09996796E-02
   1.13000870E-02
   1.15995407E-02
   1.17998123E-02
   1.20000839E-02
   1.23004913E-02
   1.24006271E-02
   1.25999451E-02
   1.27000809E-02
   1.27992630E-02
   1.28002167E-02
   1.29003525E-02
   1.31998062E-02
   1.35993958E-02
   1.35993958E-02
   1.37996674E-02
   1.41992569E-02
   1.42002106E-02
   1.49002075E-02
   1.55000687E-02
   1.57003403E-02
   1.60999298E-02
   1.73006058E-02
   1.73997879E-02
   1.81007385E-02
   1.84001923E-02
   1.94005966E-02
   1.95007324E-02
   1.98001862E-02
   2.06003189E-02
   2.07004547E-02
   2.07004547E-02
   2.15005875E-02
   2.30998993E-02
   2.32000351E-02
   2.33993530E-02
   2.36005783E-02
   2.48994827E-02
   2.54001617E-02
   2.76994705E-02
   2.95000076E-02
   3.24993134E-02
   3.45001221E-02
   3.45001221E-02
   3.68003845E-02
   3.85999680E-02
   3.90005112E-02
   3.99999619E-02
   4.08000946E-02
   4.17995453E-02
   4.54998016E-02
   4.68997955E-02
   4.82006073E-02
   5.44996262E-02
   5.46998978E-02
   7.95001984E-02
   8.52003098E-02
   9.74998474E-02
  0.109399796    
  0.282199860    
  0.339200020    
  0.363500595    
