#Npts     Radius    Mag      Completeness
#   98 1858.0938  -14.260000 0.989899
# Ierr
  -2.32000351E-02
  -1.41000748E-02
  -1.30004883E-02
  -1.17006302E-02
  -1.06000900E-02
  -1.02996826E-02
  -8.39996338E-03
  -8.39996338E-03
  -8.29982758E-03
  -7.69996643E-03
  -7.20024109E-03
  -7.20024109E-03
  -5.80024719E-03
  -5.79929352E-03
  -5.29956818E-03
  -4.60052490E-03
  -4.39929962E-03
  -4.29916382E-03
  -4.10079956E-03
  -4.09984589E-03
  -4.09984589E-03
  -4.00066376E-03
  -3.90052795E-03
  -3.79943848E-03
  -3.70025635E-03
  -3.40080261E-03
  -3.20053101E-03
  -3.00025940E-03
  -2.90012360E-03
  -2.89916992E-03
  -2.49958038E-03
  -2.49958038E-03
  -1.99985504E-03
  -1.20067596E-03
  -1.10054016E-03
  -8.00132751E-04
  -6.99996948E-04
  -4.99725342E-04
  -3.00407410E-04
  -3.00407410E-04
   0.00000000    
   0.00000000    
   6.99996948E-04
   8.00132751E-04
   1.29985809E-03
   1.29985809E-03
   1.50012970E-03
   1.50012970E-03
   1.60026550E-03
   1.60026550E-03
   1.80053711E-03
   1.90067291E-03
   1.99985504E-03
   1.99985504E-03
   2.40039825E-03
   2.49958038E-03
   3.09944153E-03
   3.10039520E-03
   3.10039520E-03
   3.10039520E-03
   3.20053101E-03
   3.39984894E-03
   3.60012054E-03
   3.60012054E-03
   4.09984589E-03
   4.40025330E-03
   4.79984283E-03
   5.29956818E-03
   6.50024414E-03
   6.50024414E-03
   6.69956207E-03
   7.20024109E-03
   7.39955902E-03
   7.59983063E-03
   8.09955597E-03
   8.20064545E-03
   8.29982758E-03
   8.29982758E-03
   8.60023499E-03
   9.09996033E-03
   9.39941406E-03
   9.90009308E-03
   1.01003647E-02
   1.08995438E-02
   1.16996765E-02
   1.17998123E-02
   1.17998123E-02
   1.23004913E-02
   1.27000809E-02
   1.30996704E-02
   1.45998001E-02
   2.63996124E-02
   2.91004181E-02
   3.31001282E-02
   5.56001663E-02
   6.25000000E-02
   7.98006058E-02
  0.202400208    
