#Npts     Radius    Mag      Completeness
#  308  638.6573  -11.755000 0.980892
# Ierr
 -0.518500328    
 -0.425399780    
 -0.306900024    
 -0.151000023    
 -0.131899834    
 -0.102300644    
  -6.14995956E-02
  -4.79001999E-02
  -4.60996628E-02
  -3.80001068E-02
  -3.34997177E-02
  -3.24001312E-02
  -3.18994522E-02
  -3.12995911E-02
  -2.86998749E-02
  -2.64997482E-02
  -2.62994766E-02
  -2.56996155E-02
  -2.51998901E-02
  -2.50005722E-02
  -2.44007111E-02
  -2.26001740E-02
  -2.18992233E-02
  -2.14996338E-02
  -2.12993622E-02
  -1.91001892E-02
  -1.84001923E-02
  -1.77993774E-02
  -1.76000595E-02
  -1.74999237E-02
  -1.69000626E-02
  -1.66997910E-02
  -1.60007477E-02
  -1.57995224E-02
  -1.49993896E-02
  -1.48000717E-02
  -1.42002106E-02
  -1.40991211E-02
  -1.37996674E-02
  -1.31998062E-02
  -1.21002197E-02
  -1.18999481E-02
  -1.18999481E-02
  -1.18999481E-02
  -1.12991333E-02
  -1.09996796E-02
  -1.07002258E-02
  -1.04999542E-02
  -1.04007721E-02
  -9.90009308E-03
  -9.69982147E-03
  -9.60063934E-03
  -9.59968567E-03
  -9.59968567E-03
  -8.99982452E-03
  -8.89968872E-03
  -8.39996338E-03
  -8.39996338E-03
  -8.09955597E-03
  -7.99942017E-03
  -7.49969482E-03
  -7.40051270E-03
  -7.30037689E-03
  -7.10010529E-03
  -7.10010529E-03
  -6.70051575E-03
  -6.69956207E-03
  -6.60037994E-03
  -6.29997253E-03
  -6.19983673E-03
  -6.00051880E-03
  -5.39970398E-03
  -5.39970398E-03
  -5.29956818E-03
  -5.20038605E-03
  -5.20038605E-03
  -5.19943237E-03
  -5.00011444E-03
  -4.89997864E-03
  -4.50038910E-03
  -3.89957428E-03
  -3.80039215E-03
  -3.79943848E-03
  -3.70025635E-03
  -3.70025635E-03
  -3.60012054E-03
  -2.79998779E-03
  -2.59971619E-03
  -2.39944458E-03
  -1.90067291E-03
  -1.90067291E-03
  -1.80053711E-03
  -1.79958344E-03
  -1.70040131E-03
  -1.69944763E-03
  -1.69944763E-03
  -1.59931183E-03
  -1.49917603E-03
  -1.00040436E-03
  -9.99450684E-04
  -9.00268555E-04
  -9.00268555E-04
  -7.99179077E-04
  -6.99996948E-04
  -6.99996948E-04
  -5.99861145E-04
  -4.99725342E-04
  -3.00407410E-04
  -2.00271606E-04
  -1.00135803E-04
  -9.91821289E-05
   1.00135803E-04
   3.99589539E-04
   6.99996948E-04
   8.00132751E-04
   8.99314880E-04
   9.99450684E-04
   1.00040436E-03
   1.09958649E-03
   1.29985809E-03
   1.39999390E-03
   1.39999390E-03
   1.70040131E-03
   1.90067291E-03
   2.09999084E-03
   2.30026245E-03
   2.40039825E-03
   2.50053406E-03
   2.79998779E-03
   2.89916992E-03
   2.90012360E-03
   2.90012360E-03
   2.90012360E-03
   2.90012360E-03
   2.99930573E-03
   3.00025940E-03
   3.29971313E-03
   3.39984894E-03
   3.49998474E-03
   3.49998474E-03
   3.60012054E-03
   3.90052795E-03
   3.99971008E-03
   4.09984589E-03
   4.09984589E-03
   4.19998169E-03
   4.19998169E-03
   4.19998169E-03
   4.40025330E-03
   4.49943542E-03
   4.89997864E-03
   5.10025024E-03
   5.59997559E-03
   5.79929352E-03
   5.80024719E-03
   5.90038300E-03
   5.99956512E-03
   6.19983673E-03
   6.29997253E-03
   6.39915466E-03
   6.40010834E-03
   6.59942627E-03
   6.70051575E-03
   6.79969788E-03
   6.80065155E-03
   6.99996948E-03
   7.10010529E-03
   7.30037689E-03
   7.50064850E-03
   7.69996643E-03
   7.90023804E-03
   7.90023804E-03
   8.19969177E-03
   8.29982758E-03
   8.39996338E-03
   8.39996338E-03
   8.50009918E-03
   8.70037079E-03
   8.80050659E-03
   9.39941406E-03
   9.50050354E-03
   1.01003647E-02
   1.01003647E-02
   1.03998184E-02
   1.04999542E-02
   1.04999542E-02
   1.06000900E-02
   1.06000900E-02
   1.07002258E-02
   1.08003616E-02
   1.08995438E-02
   1.09996796E-02
   1.14002228E-02
   1.18999481E-02
   1.18999481E-02
   1.21994019E-02
   1.23996735E-02
   1.23996735E-02
   1.25999451E-02
   1.28993988E-02
   1.37996674E-02
   1.42993927E-02
   1.43995285E-02
   1.44996643E-02
   1.49993896E-02
   1.50995255E-02
   1.52997971E-02
   1.56002045E-02
   1.60999298E-02
   1.62000656E-02
   1.66006088E-02
   1.70001984E-02
   1.72004700E-02
   1.78003311E-02
   1.80006027E-02
   1.80006027E-02
   1.81999207E-02
   1.87997818E-02
   1.92003250E-02
   1.92003250E-02
   1.94997787E-02
   1.96990967E-02
   2.01997757E-02
   2.02999115E-02
   2.04000473E-02
   2.11000443E-02
   2.20003128E-02
   2.37998962E-02
   2.40001678E-02
   2.40993500E-02
   2.41994858E-02
   2.43005753E-02
   2.48003006E-02
   2.53000259E-02
   2.57997513E-02
   2.67000198E-02
   2.75001526E-02
   2.84004211E-02
   2.94008255E-02
   2.96001434E-02
   3.07998657E-02
   3.07998657E-02
   3.17993164E-02
   3.38001251E-02
   3.46994400E-02
   3.50999832E-02
   3.59001160E-02
   3.59992981E-02
   3.60994339E-02
   3.62997055E-02
   3.67994308E-02
   3.84998322E-02
   4.11005020E-02
   4.12998199E-02
   4.25996780E-02
   4.27999496E-02
   4.44002151E-02
   4.53996658E-02
   4.76007462E-02
   4.85000610E-02
   4.93993759E-02
   5.21001816E-02
   5.24997711E-02
   5.30996323E-02
   5.32999039E-02
   5.34000397E-02
   5.37004471E-02
   5.52005768E-02
   5.58004379E-02
   5.86996078E-02
   6.10008240E-02
   6.12001419E-02
   6.18000031E-02
   6.37006760E-02
   6.37998581E-02
   6.81991577E-02
   6.87999725E-02
   7.14998245E-02
   7.33995438E-02
   7.41996765E-02
   8.02001953E-02
   8.11996460E-02
   8.19997787E-02
   8.40997696E-02
   9.46998596E-02
  0.103400230    
  0.105500221    
  0.109000206    
  0.115099907    
  0.124100685    
  0.130300522    
  0.143800735    
  0.151200294    
  0.156900406    
  0.157999992    
  0.161899567    
  0.169600487    
  0.194299698    
  0.205699921    
  0.229900360    
  0.270000458    
  0.283900261    
  0.298000336    
  0.358300209    
  0.389699936    
  0.494800568    
  0.562399864    
  0.566399574    
