#Npts     Radius    Mag      Completeness
#  437  841.8665  -10.809000 0.939785
# Ierr
 -0.735799789    
 -0.516500473    
 -0.345700264    
 -0.338500023    
 -0.310999870    
 -0.309599876    
 -0.283599854    
 -0.177000046    
 -0.173399925    
 -0.173199654    
 -0.111800194    
 -0.102899551    
  -9.36002731E-02
  -9.24997330E-02
  -8.96997452E-02
  -8.42008591E-02
  -7.95993805E-02
  -6.80999756E-02
  -6.70003891E-02
  -6.59999847E-02
  -6.48002625E-02
  -6.45999908E-02
  -6.22997284E-02
  -6.14995956E-02
  -6.11991882E-02
  -5.76000214E-02
  -5.74998856E-02
  -5.55000305E-02
  -5.43003082E-02
  -5.36003113E-02
  -5.03005981E-02
  -4.76999283E-02
  -4.59995270E-02
  -4.03995514E-02
  -3.87001038E-02
  -3.78999710E-02
  -3.75003815E-02
  -3.64007950E-02
  -3.38993073E-02
  -3.36999893E-02
  -3.33995819E-02
  -3.31001282E-02
  -3.29999924E-02
  -3.26004028E-02
  -3.05004120E-02
  -2.96001434E-02
  -2.85997391E-02
  -2.72998810E-02
  -2.72998810E-02
  -2.68993378E-02
  -2.63996124E-02
  -2.60000229E-02
  -2.54993439E-02
  -2.32000351E-02
  -2.27994919E-02
  -2.26001740E-02
  -2.23007202E-02
  -2.22997665E-02
  -2.14004517E-02
  -2.13994980E-02
  -2.13003159E-02
  -2.08997726E-02
  -2.07996368E-02
  -2.04000473E-02
  -2.02999115E-02
  -1.99995041E-02
  -1.95999146E-02
  -1.93996429E-02
  -1.93996429E-02
  -1.91001892E-02
  -1.90992355E-02
  -1.86004639E-02
  -1.86004639E-02
  -1.86004639E-02
  -1.84001923E-02
  -1.84001923E-02
  -1.83000565E-02
  -1.81999207E-02
  -1.81007385E-02
  -1.77001953E-02
  -1.74007416E-02
  -1.73006058E-02
  -1.66006088E-02
  -1.65996552E-02
  -1.63002014E-02
  -1.63002014E-02
  -1.57003403E-02
  -1.56993866E-02
  -1.55992508E-02
  -1.53999329E-02
  -1.47991180E-02
  -1.46999359E-02
  -1.43003464E-02
  -1.38998032E-02
  -1.37996674E-02
  -1.37004852E-02
  -1.35002136E-02
  -1.34992599E-02
  -1.33991241E-02
  -1.31998062E-02
  -1.28002167E-02
  -1.27000809E-02
  -1.23004913E-02
  -1.22003555E-02
  -1.20992661E-02
  -1.16996765E-02
  -1.15003586E-02
  -1.14002228E-02
  -1.10998154E-02
  -1.09996796E-02
  -1.08995438E-02
  -1.08995438E-02
  -1.08995438E-02
  -1.04999542E-02
  -1.04999542E-02
  -1.03998184E-02
  -1.02996826E-02
  -9.90009308E-03
  -9.90009308E-03
  -9.50050354E-03
  -9.49954987E-03
  -9.40036774E-03
  -9.20009613E-03
  -9.09996033E-03
  -8.89968872E-03
  -8.70037079E-03
  -8.69941711E-03
  -8.49914551E-03
  -8.30078125E-03
  -8.30078125E-03
  -8.29982758E-03
  -8.19969177E-03
  -8.10050964E-03
  -7.90023804E-03
  -7.80010223E-03
  -7.69996643E-03
  -7.59983063E-03
  -7.29942322E-03
  -7.20024109E-03
  -7.20024109E-03
  -7.19928741E-03
  -6.89983368E-03
  -6.79969788E-03
  -6.69956207E-03
  -6.40010834E-03
  -6.40010834E-03
  -6.19983673E-03
  -5.99956512E-03
  -5.99956512E-03
  -5.70011139E-03
  -5.59997559E-03
  -5.39970398E-03
  -4.70066071E-03
  -4.69970703E-03
  -4.59957123E-03
  -4.40025330E-03
  -3.60012054E-03
  -3.60012054E-03
  -3.49998474E-03
  -3.49998474E-03
  -3.20053101E-03
  -3.19957733E-03
  -3.09944153E-03
  -2.90012360E-03
  -2.79998779E-03
  -2.69985199E-03
  -2.69985199E-03
  -2.59971619E-03
  -2.49958038E-03
  -2.30026245E-03
  -2.30026245E-03
  -2.29930878E-03
  -2.20012665E-03
  -2.19917297E-03
  -2.09999084E-03
  -2.09999084E-03
  -2.00080872E-03
  -1.99985504E-03
  -1.80053711E-03
  -1.70040131E-03
  -1.60026550E-03
  -1.60026550E-03
  -1.50012970E-03
  -1.50012970E-03
  -1.39999390E-03
  -1.30081177E-03
  -1.29985809E-03
  -1.10054016E-03
  -8.00132751E-04
  -5.99861145E-04
  -5.99861145E-04
  -5.00679016E-04
  -3.99589539E-04
  -2.99453735E-04
  -1.00135803E-04
   0.00000000    
   2.00271606E-04
   3.99589539E-04
   5.00679016E-04
   9.00268555E-04
   9.99450684E-04
   1.00040436E-03
   1.09958649E-03
   1.10054016E-03
   1.19972229E-03
   1.20067596E-03
   1.29985809E-03
   1.39999390E-03
   1.39999390E-03
   1.49917603E-03
   1.60026550E-03
   1.60026550E-03
   1.69944763E-03
   1.70040131E-03
   1.89971924E-03
   1.99985504E-03
   1.99985504E-03
   2.09999084E-03
   2.09999084E-03
   2.39944458E-03
   2.59971619E-03
   2.60066986E-03
   3.29971313E-03
   3.29971313E-03
   3.39984894E-03
   3.39984894E-03
   3.49998474E-03
   3.49998474E-03
   3.49998474E-03
   3.60012054E-03
   3.79943848E-03
   3.89957428E-03
   3.90052795E-03
   4.19998169E-03
   4.19998169E-03
   4.19998169E-03
   4.30011749E-03
   4.49943542E-03
   4.60052490E-03
   4.99916077E-03
   5.20038605E-03
   5.49983978E-03
   5.59997559E-03
   5.59997559E-03
   5.90038300E-03
   5.99956512E-03
   6.29997253E-03
   6.40010834E-03
   6.40010834E-03
   6.59942627E-03
   6.59942627E-03
   6.79969788E-03
   6.79969788E-03
   6.80065155E-03
   6.89983368E-03
   7.00092316E-03
   7.30037689E-03
   7.40051270E-03
   7.69996643E-03
   7.90023804E-03
   8.09955597E-03
   8.19969177E-03
   8.39996338E-03
   8.39996338E-03
   8.69941711E-03
   8.79955292E-03
   8.79955292E-03
   8.80050659E-03
   8.99982452E-03
   9.09996033E-03
   9.49954987E-03
   9.60063934E-03
   9.79995728E-03
   1.00002289E-02
   1.00002289E-02
   1.00002289E-02
   1.03006363E-02
   1.04999542E-02
   1.06000900E-02
   1.07002258E-02
   1.09996796E-02
   1.10998154E-02
   1.11999512E-02
   1.13000870E-02
   1.14002228E-02
   1.15003586E-02
   1.16004944E-02
   1.16996765E-02
   1.18999481E-02
   1.21994019E-02
   1.23996735E-02
   1.28993988E-02
   1.35993958E-02
   1.44996643E-02
   1.45998001E-02
   1.48000717E-02
   1.53999329E-02
   1.55000687E-02
   1.56002045E-02
   1.56002045E-02
   1.56993866E-02
   1.58996582E-02
   1.62000656E-02
   1.63002014E-02
   1.67999268E-02
   1.69000626E-02
   1.72004700E-02
   1.79996490E-02
   1.85995102E-02
   1.89990997E-02
   1.89990997E-02
   1.95007324E-02
   1.99003220E-02
   1.99995041E-02
   2.01005936E-02
   2.02999115E-02
   2.04000473E-02
   2.06003189E-02
   2.06995010E-02
   2.09999084E-02
   2.13003159E-02
   2.14996338E-02
   2.14996338E-02
   2.18000412E-02
   2.20994949E-02
   2.26001740E-02
   2.26001740E-02
   2.30998993E-02
   2.33001709E-02
   2.37007141E-02
   2.43005753E-02
   2.51998901E-02
   2.56004333E-02
   2.63004303E-02
   2.65998840E-02
   2.74000168E-02
   2.77996063E-02
   2.83994675E-02
   2.88000107E-02
   2.92997360E-02
   2.92997360E-02
   2.97002792E-02
   3.02000046E-02
   3.04994583E-02
   3.06997299E-02
   3.24993134E-02
   3.33003998E-02
   3.34997177E-02
   3.38001251E-02
   3.41997147E-02
   3.55997086E-02
   3.60002518E-02
   3.74002457E-02
   3.75003815E-02
   3.81002426E-02
   3.84006500E-02
   3.85007858E-02
   3.90005112E-02
   3.91998291E-02
   4.04005051E-02
   4.13007736E-02
   4.18004990E-02
   4.29000854E-02
   4.34999466E-02
   4.38003540E-02
   4.39004898E-02
   4.39996719E-02
   4.90999222E-02
   4.92000580E-02
   4.95996475E-02
   4.97007370E-02
   5.03005981E-02
   5.03997803E-02
   5.29003143E-02
   5.35001755E-02
   5.39999008E-02
   5.44996262E-02
   5.99002838E-02
   6.09998703E-02
   6.11000061E-02
   6.34002686E-02
   6.41002655E-02
   6.56003952E-02
   7.00998306E-02
   7.06005096E-02
   7.06996918E-02
   7.14006424E-02
   7.29999542E-02
   7.38992691E-02
   7.72991180E-02
   7.78999329E-02
   7.82003403E-02
   8.08000565E-02
   8.44993591E-02
   8.51001740E-02
   9.00001526E-02
   9.15002823E-02
   9.16996002E-02
   9.24005508E-02
   9.28001404E-02
   9.51995850E-02
   9.51995850E-02
   9.60006714E-02
  0.100700378    
  0.102699280    
  0.112299919    
  0.113200188    
  0.118300438    
  0.123000145    
  0.123800278    
  0.125900269    
  0.130899429    
  0.134600639    
  0.139100075    
  0.169000626    
  0.169799805    
  0.174799919    
  0.182600021    
  0.185700417    
  0.206200600    
  0.216800690    
  0.234099388    
  0.247699738    
  0.257999420    
  0.284500122    
  0.307700157    
  0.309299469    
  0.344500542    
  0.374899864    
  0.383500099    
  0.392000198    
  0.427299500    
  0.461500168    
  0.471499443    
  0.532400131    
  0.548500061    
  0.609100342    
