#Npts     Radius    Mag      Completeness
#  516 2061.3228  -11.364166 0.996139
# Ierr
 -0.123000145    
  -6.45999908E-02
  -5.18007278E-02
  -4.85000610E-02
  -4.30994034E-02
  -4.05006409E-02
  -3.70998383E-02
  -3.44991684E-02
  -3.19995880E-02
  -2.09007263E-02
  -2.05993652E-02
  -1.85995102E-02
  -1.84001923E-02
  -1.81999207E-02
  -1.74999237E-02
  -1.50003433E-02
  -1.45998001E-02
  -1.36003494E-02
  -1.35002136E-02
  -1.28993988E-02
  -1.24998093E-02
  -1.13000870E-02
  -1.08995438E-02
  -1.08003616E-02
  -1.01995468E-02
  -1.01003647E-02
  -1.00002289E-02
  -9.40036774E-03
  -9.39941406E-03
  -8.99982452E-03
  -8.90064240E-03
  -8.89968872E-03
  -8.70037079E-03
  -8.69941711E-03
  -8.69941711E-03
  -8.60023499E-03
  -8.50009918E-03
  -8.49914551E-03
  -8.39996338E-03
  -8.29982758E-03
  -8.29982758E-03
  -7.90023804E-03
  -7.90023804E-03
  -7.90023804E-03
  -7.90023804E-03
  -7.80010223E-03
  -7.69996643E-03
  -7.69996643E-03
  -7.59983063E-03
  -7.50064850E-03
  -7.39955902E-03
  -7.39955902E-03
  -7.30037689E-03
  -7.29942322E-03
  -7.20024109E-03
  -7.19928741E-03
  -6.99996948E-03
  -6.89983368E-03
  -6.79969788E-03
  -6.70051575E-03
  -6.70051575E-03
  -6.69956207E-03
  -6.60037994E-03
  -6.40010834E-03
  -6.40010834E-03
  -6.30092621E-03
  -6.29997253E-03
  -6.29997253E-03
  -6.29997253E-03
  -6.29997253E-03
  -6.19983673E-03
  -6.19983673E-03
  -6.19983673E-03
  -6.09970093E-03
  -6.00051880E-03
  -5.90038300E-03
  -5.80024719E-03
  -5.70011139E-03
  -5.59997559E-03
  -5.49983978E-03
  -5.49983978E-03
  -5.39970398E-03
  -5.39970398E-03
  -5.30052185E-03
  -5.29956818E-03
  -5.20038605E-03
  -5.20038605E-03
  -5.20038605E-03
  -5.20038605E-03
  -5.20038605E-03
  -5.19943237E-03
  -5.10025024E-03
  -5.10025024E-03
  -5.00011444E-03
  -4.89997864E-03
  -4.89997864E-03
  -4.89997864E-03
  -4.89997864E-03
  -4.79984283E-03
  -4.79984283E-03
  -4.69970703E-03
  -4.69970703E-03
  -4.60052490E-03
  -4.59957123E-03
  -4.50038910E-03
  -4.40025330E-03
  -4.40025330E-03
  -4.19998169E-03
  -4.19998169E-03
  -4.10079956E-03
  -4.10079956E-03
  -4.09984589E-03
  -4.09984589E-03
  -4.09984589E-03
  -4.09984589E-03
  -4.09984589E-03
  -4.09984589E-03
  -4.00066376E-03
  -4.00066376E-03
  -4.00066376E-03
  -3.99971008E-03
  -3.99971008E-03
  -3.99971008E-03
  -3.90052795E-03
  -3.80039215E-03
  -3.79943848E-03
  -3.70025635E-03
  -3.70025635E-03
  -3.70025635E-03
  -3.69930267E-03
  -3.60012054E-03
  -3.60012054E-03
  -3.49998474E-03
  -3.49998474E-03
  -3.49998474E-03
  -3.40080261E-03
  -3.39984894E-03
  -3.39984894E-03
  -3.39984894E-03
  -3.30066681E-03
  -3.30066681E-03
  -3.29971313E-03
  -3.20053101E-03
  -3.10039520E-03
  -3.09944153E-03
  -3.09944153E-03
  -3.00025940E-03
  -3.00025940E-03
  -2.90012360E-03
  -2.89916992E-03
  -2.79998779E-03
  -2.69985199E-03
  -2.69985199E-03
  -2.69985199E-03
  -2.69985199E-03
  -2.59971619E-03
  -2.50053406E-03
  -2.50053406E-03
  -2.49958038E-03
  -2.49958038E-03
  -2.49958038E-03
  -2.49958038E-03
  -2.49958038E-03
  -2.40039825E-03
  -2.39944458E-03
  -2.39944458E-03
  -2.30026245E-03
  -2.30026245E-03
  -2.30026245E-03
  -2.30026245E-03
  -2.30026245E-03
  -2.30026245E-03
  -2.29930878E-03
  -2.20012665E-03
  -2.20012665E-03
  -2.20012665E-03
  -2.20012665E-03
  -2.09999084E-03
  -2.00080872E-03
  -1.99985504E-03
  -1.99985504E-03
  -1.99985504E-03
  -1.89971924E-03
  -1.89971924E-03
  -1.89971924E-03
  -1.89971924E-03
  -1.80053711E-03
  -1.80053711E-03
  -1.80053711E-03
  -1.79958344E-03
  -1.79958344E-03
  -1.79958344E-03
  -1.70040131E-03
  -1.70040131E-03
  -1.70040131E-03
  -1.60026550E-03
  -1.60026550E-03
  -1.50012970E-03
  -1.50012970E-03
  -1.50012970E-03
  -1.39999390E-03
  -1.39999390E-03
  -1.39999390E-03
  -1.39999390E-03
  -1.39999390E-03
  -1.30081177E-03
  -1.29985809E-03
  -1.29985809E-03
  -1.29985809E-03
  -1.20067596E-03
  -1.19972229E-03
  -1.19972229E-03
  -1.10054016E-03
  -1.10054016E-03
  -1.09958649E-03
  -1.09958649E-03
  -1.09958649E-03
  -9.99450684E-04
  -9.00268555E-04
  -9.00268555E-04
  -9.00268555E-04
  -8.99314880E-04
  -8.00132751E-04
  -8.00132751E-04
  -6.99996948E-04
  -6.99996948E-04
  -6.99996948E-04
  -6.99996948E-04
  -6.99996948E-04
  -5.99861145E-04
  -5.99861145E-04
  -5.99861145E-04
  -5.99861145E-04
  -5.99861145E-04
  -5.00679016E-04
  -5.00679016E-04
  -4.99725342E-04
  -4.00543213E-04
  -4.00543213E-04
  -3.99589539E-04
  -3.99589539E-04
  -3.99589539E-04
  -3.99589539E-04
  -3.00407410E-04
  -2.99453735E-04
  -2.99453735E-04
  -2.99453735E-04
  -2.00271606E-04
  -2.00271606E-04
  -1.99317932E-04
  -1.00135803E-04
  -1.00135803E-04
  -1.00135803E-04
  -1.00135803E-04
  -1.00135803E-04
  -1.00135803E-04
   0.00000000    
   0.00000000    
   0.00000000    
   1.00135803E-04
   1.00135803E-04
   1.00135803E-04
   1.00135803E-04
   1.00135803E-04
   1.99317932E-04
   2.00271606E-04
   2.00271606E-04
   2.00271606E-04
   2.00271606E-04
   2.99453735E-04
   3.00407410E-04
   3.00407410E-04
   3.00407410E-04
   3.99589539E-04
   4.00543213E-04
   4.00543213E-04
   4.00543213E-04
   4.00543213E-04
   4.00543213E-04
   4.99725342E-04
   4.99725342E-04
   5.00679016E-04
   5.99861145E-04
   5.99861145E-04
   6.99996948E-04
   6.99996948E-04
   6.99996948E-04
   6.99996948E-04
   8.00132751E-04
   8.99314880E-04
   9.00268555E-04
   9.99450684E-04
   9.99450684E-04
   9.99450684E-04
   1.00040436E-03
   1.00040436E-03
   1.00040436E-03
   1.09958649E-03
   1.10054016E-03
   1.10054016E-03
   1.19972229E-03
   1.19972229E-03
   1.19972229E-03
   1.19972229E-03
   1.29985809E-03
   1.29985809E-03
   1.29985809E-03
   1.30081177E-03
   1.30081177E-03
   1.39999390E-03
   1.39999390E-03
   1.39999390E-03
   1.39999390E-03
   1.50012970E-03
   1.70040131E-03
   1.79958344E-03
   1.79958344E-03
   1.79958344E-03
   1.79958344E-03
   1.79958344E-03
   1.80053711E-03
   1.80053711E-03
   1.89971924E-03
   1.89971924E-03
   1.89971924E-03
   1.99985504E-03
   1.99985504E-03
   1.99985504E-03
   2.09999084E-03
   2.20012665E-03
   2.29930878E-03
   2.39944458E-03
   2.40039825E-03
   2.49958038E-03
   2.49958038E-03
   2.49958038E-03
   2.49958038E-03
   2.59971619E-03
   2.59971619E-03
   2.60066986E-03
   2.60066986E-03
   2.60066986E-03
   2.69985199E-03
   2.69985199E-03
   2.79998779E-03
   2.79998779E-03
   2.79998779E-03
   2.79998779E-03
   2.99930573E-03
   3.00025940E-03
   3.00025940E-03
   3.09944153E-03
   3.10039520E-03
   3.19957733E-03
   3.19957733E-03
   3.39984894E-03
   3.39984894E-03
   3.49998474E-03
   3.49998474E-03
   3.60012054E-03
   3.60012054E-03
   3.60012054E-03
   3.70025635E-03
   3.70025635E-03
   3.80039215E-03
   3.80039215E-03
   3.80039215E-03
   3.89957428E-03
   3.99971008E-03
   4.09984589E-03
   4.09984589E-03
   4.19998169E-03
   4.19998169E-03
   4.19998169E-03
   4.30011749E-03
   4.30011749E-03
   4.49943542E-03
   4.50038910E-03
   4.59957123E-03
   4.59957123E-03
   4.60052490E-03
   4.69970703E-03
   4.69970703E-03
   4.69970703E-03
   4.70066071E-03
   4.79984283E-03
   4.80079651E-03
   5.00011444E-03
   5.00011444E-03
   5.00011444E-03
   5.10025024E-03
   5.10025024E-03
   5.20038605E-03
   5.30052185E-03
   5.39970398E-03
   5.49983978E-03
   5.59997559E-03
   5.59997559E-03
   5.59997559E-03
   5.59997559E-03
   5.70011139E-03
   5.79929352E-03
   5.89942932E-03
   5.89942932E-03
   5.99956512E-03
   6.00051880E-03
   6.09970093E-03
   6.10065460E-03
   6.19983673E-03
   6.19983673E-03
   6.20079041E-03
   6.29997253E-03
   6.29997253E-03
   6.49929047E-03
   6.59942627E-03
   6.70051575E-03
   6.70051575E-03
   6.79969788E-03
   6.99996948E-03
   7.20024109E-03
   7.29942322E-03
   7.30037689E-03
   7.30037689E-03
   7.39955902E-03
   7.59983063E-03
   7.59983063E-03
   7.80010223E-03
   7.80010223E-03
   7.90023804E-03
   7.90023804E-03
   7.99942017E-03
   8.09955597E-03
   8.10050964E-03
   8.19969177E-03
   8.19969177E-03
   8.29982758E-03
   8.50009918E-03
   8.50009918E-03
   8.60023499E-03
   8.79955292E-03
   8.89968872E-03
   8.90064240E-03
   9.30023193E-03
   9.40036774E-03
   9.69982147E-03
   9.90009308E-03
   1.01003647E-02
   1.01995468E-02
   1.02005005E-02
   1.02996826E-02
   1.03006363E-02
   1.04999542E-02
   1.04999542E-02
   1.13000870E-02
   1.15003586E-02
   1.15995407E-02
   1.21002197E-02
   1.23004913E-02
   1.25999451E-02
   1.25999451E-02
   1.27992630E-02
   1.28002167E-02
   1.31998062E-02
   1.31998062E-02
   1.31998062E-02
   1.32999420E-02
   1.35993958E-02
   1.39999390E-02
   1.43003464E-02
   1.55000687E-02
   1.55000687E-02
   1.58004761E-02
   1.77993774E-02
   1.81007385E-02
   1.94005966E-02
   1.95007324E-02
   2.01005936E-02
   2.02999115E-02
   2.06003189E-02
   2.11992264E-02
   2.15997696E-02
   2.16999054E-02
   2.19001770E-02
   2.20003128E-02
   2.30998993E-02
   2.37998962E-02
   2.39000320E-02
   2.48994827E-02
   2.54001617E-02
   2.60000229E-02
   2.76994705E-02
   2.85005569E-02
   2.90994644E-02
   3.04994583E-02
   3.32002640E-02
   3.39994431E-02
   3.45001221E-02
   3.68003845E-02
   3.90005112E-02
   3.98998260E-02
   3.99999619E-02
   4.17995453E-02
   4.22000885E-02
   4.27999496E-02
   4.62999344E-02
   4.68997955E-02
   5.39999008E-02
   5.44996262E-02
   6.50005341E-02
   7.95001984E-02
   8.26005936E-02
   8.48007202E-02
  0.144700050    
  0.363500595    
  0.423800468    
  0.731300354    
