#Npts     Radius    Mag      Completeness
#  493 1045.1777  -13.680834 0.989960
# Ierr
  -5.51996231E-02
  -2.81000137E-02
  -1.90000534E-02
  -1.80006027E-02
  -1.74999237E-02
  -1.66006088E-02
  -1.62000656E-02
  -1.36995316E-02
  -1.35002136E-02
  -1.28002167E-02
  -1.21002197E-02
  -1.03998184E-02
  -9.39941406E-03
  -8.90064240E-03
  -8.69941711E-03
  -7.90023804E-03
  -7.80010223E-03
  -7.69996643E-03
  -7.29942322E-03
  -6.70051575E-03
  -6.60037994E-03
  -6.29997253E-03
  -6.09970093E-03
  -5.79929352E-03
  -5.70011139E-03
  -5.49983978E-03
  -5.39970398E-03
  -5.30052185E-03
  -5.29956818E-03
  -5.20038605E-03
  -5.10025024E-03
  -4.89997864E-03
  -4.69970703E-03
  -4.69970703E-03
  -4.19998169E-03
  -4.19998169E-03
  -4.10079956E-03
  -3.70025635E-03
  -3.70025635E-03
  -3.60012054E-03
  -3.60012054E-03
  -3.49998474E-03
  -3.49998474E-03
  -3.49998474E-03
  -3.40080261E-03
  -3.39984894E-03
  -3.00025940E-03
  -3.00025940E-03
  -3.00025940E-03
  -3.00025940E-03
  -2.90012360E-03
  -2.79998779E-03
  -2.79998779E-03
  -2.79998779E-03
  -2.69985199E-03
  -2.69985199E-03
  -2.60066986E-03
  -2.59971619E-03
  -2.50053406E-03
  -2.40039825E-03
  -2.40039825E-03
  -2.40039825E-03
  -2.39944458E-03
  -2.30026245E-03
  -2.29930878E-03
  -2.20012665E-03
  -2.20012665E-03
  -2.09999084E-03
  -2.09999084E-03
  -2.00080872E-03
  -2.00080872E-03
  -1.99985504E-03
  -1.99985504E-03
  -1.99985504E-03
  -1.99985504E-03
  -1.99985504E-03
  -1.90067291E-03
  -1.89971924E-03
  -1.89971924E-03
  -1.89971924E-03
  -1.89971924E-03
  -1.80053711E-03
  -1.80053711E-03
  -1.79958344E-03
  -1.70040131E-03
  -1.70040131E-03
  -1.70040131E-03
  -1.60026550E-03
  -1.60026550E-03
  -1.60026550E-03
  -1.60026550E-03
  -1.60026550E-03
  -1.50012970E-03
  -1.50012970E-03
  -1.50012970E-03
  -1.39999390E-03
  -1.39999390E-03
  -1.39999390E-03
  -1.39999390E-03
  -1.20067596E-03
  -1.20067596E-03
  -1.20067596E-03
  -1.19972229E-03
  -1.19972229E-03
  -1.19972229E-03
  -1.10054016E-03
  -1.10054016E-03
  -1.10054016E-03
  -1.09958649E-03
  -1.09958649E-03
  -1.09958649E-03
  -1.00040436E-03
  -1.00040436E-03
  -1.00040436E-03
  -9.99450684E-04
  -9.99450684E-04
  -9.99450684E-04
  -9.00268555E-04
  -9.00268555E-04
  -8.00132751E-04
  -8.00132751E-04
  -8.00132751E-04
  -7.99179077E-04
  -7.99179077E-04
  -7.99179077E-04
  -6.99996948E-04
  -6.99996948E-04
  -6.99996948E-04
  -6.99996948E-04
  -6.99996948E-04
  -6.99996948E-04
  -6.99996948E-04
  -6.99996948E-04
  -6.99996948E-04
  -6.00814819E-04
  -5.99861145E-04
  -5.99861145E-04
  -5.99861145E-04
  -4.99725342E-04
  -4.99725342E-04
  -4.99725342E-04
  -4.00543213E-04
  -4.00543213E-04
  -4.00543213E-04
  -4.00543213E-04
  -4.00543213E-04
  -3.99589539E-04
  -3.00407410E-04
  -3.00407410E-04
  -2.99453735E-04
  -2.00271606E-04
  -2.00271606E-04
  -2.00271606E-04
  -2.00271606E-04
  -2.00271606E-04
  -1.99317932E-04
  -1.99317932E-04
  -1.00135803E-04
  -1.00135803E-04
  -1.00135803E-04
  -1.00135803E-04
  -1.00135803E-04
  -9.91821289E-05
  -9.91821289E-05
   0.00000000    
   0.00000000    
   0.00000000    
   0.00000000    
   9.91821289E-05
   1.00135803E-04
   1.00135803E-04
   1.00135803E-04
   1.00135803E-04
   1.00135803E-04
   2.00271606E-04
   2.00271606E-04
   2.00271606E-04
   2.00271606E-04
   2.99453735E-04
   2.99453735E-04
   2.99453735E-04
   2.99453735E-04
   3.00407410E-04
   3.00407410E-04
   3.00407410E-04
   3.99589539E-04
   4.00543213E-04
   4.99725342E-04
   4.99725342E-04
   4.99725342E-04
   4.99725342E-04
   5.00679016E-04
   5.00679016E-04
   5.99861145E-04
   5.99861145E-04
   5.99861145E-04
   6.99996948E-04
   6.99996948E-04
   6.99996948E-04
   6.99996948E-04
   8.00132751E-04
   8.00132751E-04
   8.00132751E-04
   8.00132751E-04
   9.00268555E-04
   9.00268555E-04
   9.00268555E-04
   9.00268555E-04
   1.00040436E-03
   1.09958649E-03
   1.09958649E-03
   1.09958649E-03
   1.09958649E-03
   1.10054016E-03
   1.10054016E-03
   1.19972229E-03
   1.19972229E-03
   1.19972229E-03
   1.20067596E-03
   1.29985809E-03
   1.29985809E-03
   1.30081177E-03
   1.39999390E-03
   1.39999390E-03
   1.39999390E-03
   1.39999390E-03
   1.49917603E-03
   1.50012970E-03
   1.50012970E-03
   1.50012970E-03
   1.50012970E-03
   1.60026550E-03
   1.60026550E-03
   1.60026550E-03
   1.60026550E-03
   1.69944763E-03
   1.70040131E-03
   1.70040131E-03
   1.79958344E-03
   1.79958344E-03
   1.79958344E-03
   1.80053711E-03
   1.90067291E-03
   1.99985504E-03
   1.99985504E-03
   1.99985504E-03
   1.99985504E-03
   1.99985504E-03
   1.99985504E-03
   1.99985504E-03
   2.19917297E-03
   2.20012665E-03
   2.29930878E-03
   2.29930878E-03
   2.30026245E-03
   2.30026245E-03
   2.30026245E-03
   2.30026245E-03
   2.39944458E-03
   2.40039825E-03
   2.49958038E-03
   2.59971619E-03
   2.59971619E-03
   2.59971619E-03
   2.60066986E-03
   2.60066986E-03
   2.60066986E-03
   2.69985199E-03
   2.69985199E-03
   2.69985199E-03
   2.69985199E-03
   2.70080566E-03
   2.79998779E-03
   2.79998779E-03
   2.90012360E-03
   2.90012360E-03
   2.90012360E-03
   2.99930573E-03
   2.99930573E-03
   2.99930573E-03
   3.10039520E-03
   3.10039520E-03
   3.29971313E-03
   3.29971313E-03
   3.40080261E-03
   3.49998474E-03
   3.69930267E-03
   3.69930267E-03
   3.69930267E-03
   3.70025635E-03
   3.70025635E-03
   3.89957428E-03
   3.89957428E-03
   3.90052795E-03
   3.90052795E-03
   3.99971008E-03
   3.99971008E-03
   4.10079956E-03
   4.10079956E-03
   4.19998169E-03
   4.19998169E-03
   4.30011749E-03
   4.30011749E-03
   4.30011749E-03
   4.30011749E-03
   4.40025330E-03
   4.40025330E-03
   4.50038910E-03
   4.50038910E-03
   4.50038910E-03
   4.69970703E-03
   4.79984283E-03
   4.79984283E-03
   4.79984283E-03
   5.00011444E-03
   5.00011444E-03
   5.00011444E-03
   5.00011444E-03
   5.09929657E-03
   5.10025024E-03
   5.10025024E-03
   5.10025024E-03
   5.20038605E-03
   5.29956818E-03
   5.30052185E-03
   5.39970398E-03
   5.49983978E-03
   5.49983978E-03
   5.49983978E-03
   5.49983978E-03
   5.59997559E-03
   5.70011139E-03
   5.80024719E-03
   5.99956512E-03
   6.10065460E-03
   6.19983673E-03
   6.19983673E-03
   6.19983673E-03
   6.29997253E-03
   6.40010834E-03
   6.50024414E-03
   6.59942627E-03
   6.59942627E-03
   6.60037994E-03
   6.60037994E-03
   6.69956207E-03
   6.69956207E-03
   6.69956207E-03
   6.70051575E-03
   6.79969788E-03
   7.20024109E-03
   7.29942322E-03
   7.39955902E-03
   7.49969482E-03
   7.50064850E-03
   7.59983063E-03
   7.90023804E-03
   8.19969177E-03
   8.29982758E-03
   8.29982758E-03
   8.29982758E-03
   8.90064240E-03
   8.99982452E-03
   9.20009613E-03
   9.39941406E-03
   9.40036774E-03
   9.40036774E-03
   9.49954987E-03
   9.89913940E-03
   9.90009308E-03
   1.01003647E-02
   1.01003647E-02
   1.02005005E-02
   1.02005005E-02
   1.06000900E-02
   1.09004974E-02
   1.09004974E-02
   1.10006332E-02
   1.13000870E-02
   1.16004944E-02
   1.16996765E-02
   1.18999481E-02
   1.20000839E-02
   1.22995377E-02
   1.24006271E-02
   1.29003525E-02
   1.30996704E-02
   1.32999420E-02
   1.35002136E-02
   1.39999390E-02
   1.41000748E-02
   1.44996643E-02
   1.46999359E-02
   1.48000717E-02
   1.48000717E-02
   1.49002075E-02
   1.49993896E-02
   1.49993896E-02
   1.51996613E-02
   1.53999329E-02
   1.60007477E-02
   1.65004730E-02
   1.66006088E-02
   1.66997910E-02
   1.66997910E-02
   1.74999237E-02
   1.76992416E-02
   1.77993774E-02
   1.84993744E-02
   1.90000534E-02
   2.04000473E-02
   2.06995010E-02
   2.07996368E-02
   2.09007263E-02
   2.09999084E-02
   2.09999084E-02
   2.09999084E-02
   2.14004517E-02
   2.15005875E-02
   2.20994949E-02
   2.22005844E-02
   2.25000381E-02
   2.29005814E-02
   2.31008530E-02
   2.41994858E-02
   2.51998901E-02
   2.54993439E-02
   2.57005692E-02
   2.57005692E-02
   2.67000198E-02
   2.68001556E-02
   2.68001556E-02
   2.70996094E-02
   2.78005600E-02
   2.86998749E-02
   3.01008224E-02
   3.02000046E-02
   3.10993195E-02
   3.25002670E-02
   3.26004028E-02
   3.26995850E-02
   3.27997208E-02
   3.33003998E-02
   3.36999893E-02
   3.53002548E-02
   3.64999771E-02
   3.67994308E-02
   3.70006561E-02
   3.73001099E-02
   3.75995636E-02
   3.85007858E-02
   3.99999619E-02
   4.03995514E-02
   4.05998230E-02
   4.08000946E-02
   4.25996780E-02
   4.32996750E-02
   4.53004837E-02
   4.74996567E-02
   4.94003296E-02
   5.11999130E-02
   5.17005920E-02
   5.22003174E-02
   5.66997528E-02
   5.71002960E-02
   5.77001572E-02
   5.98993301E-02
   6.05001450E-02
   6.11000061E-02
   6.11000061E-02
   6.11000061E-02
   6.25000000E-02
   6.38999939E-02
   6.41994476E-02
   6.44998550E-02
   7.18994141E-02
   7.76004791E-02
   8.51001740E-02
   9.10005569E-02
   9.66997147E-02
   9.85002518E-02
  0.100000381    
  0.119000435    
  0.139300346    
  0.165499687    
  0.200300217    
  0.224299431    
  0.231800079    
  0.267399788    
  0.302099228    
  0.309499741    
  0.328900337    
  0.369999886    
