#Npts     Radius    Mag      Completeness
#  431 1045.1777  -12.522500 1.000000
# Ierr
 -0.487899780    
  -7.55996704E-02
  -2.20003128E-02
  -2.00996399E-02
  -1.43003464E-02
  -1.08995438E-02
  -1.02996826E-02
  -9.50050354E-03
  -9.50050354E-03
  -8.99982452E-03
  -8.09955597E-03
  -8.00037384E-03
  -7.69996643E-03
  -7.50064850E-03
  -7.39955902E-03
  -6.40010834E-03
  -6.40010834E-03
  -6.39915466E-03
  -6.19983673E-03
  -6.09970093E-03
  -5.90038300E-03
  -5.80024719E-03
  -5.59997559E-03
  -5.59997559E-03
  -5.40065765E-03
  -5.39970398E-03
  -5.20038605E-03
  -5.10025024E-03
  -5.10025024E-03
  -5.09929657E-03
  -4.89997864E-03
  -4.79984283E-03
  -4.79984283E-03
  -4.79984283E-03
  -4.79984283E-03
  -4.70066071E-03
  -4.69970703E-03
  -4.60052490E-03
  -4.60052490E-03
  -4.60052490E-03
  -4.40025330E-03
  -4.40025330E-03
  -4.40025330E-03
  -4.19998169E-03
  -4.19998169E-03
  -4.19998169E-03
  -4.19998169E-03
  -4.19998169E-03
  -3.99971008E-03
  -3.90052795E-03
  -3.90052795E-03
  -3.89957428E-03
  -3.80039215E-03
  -3.79943848E-03
  -3.79943848E-03
  -3.70025635E-03
  -3.70025635E-03
  -3.70025635E-03
  -3.70025635E-03
  -3.60012054E-03
  -3.60012054E-03
  -3.49998474E-03
  -3.40080261E-03
  -3.39984894E-03
  -3.39984894E-03
  -3.39984894E-03
  -3.30066681E-03
  -3.30066681E-03
  -3.20053101E-03
  -3.19957733E-03
  -3.19957733E-03
  -3.09944153E-03
  -3.00025940E-03
  -3.00025940E-03
  -2.99930573E-03
  -2.99930573E-03
  -2.90012360E-03
  -2.90012360E-03
  -2.90012360E-03
  -2.79998779E-03
  -2.79998779E-03
  -2.79998779E-03
  -2.79998779E-03
  -2.70080566E-03
  -2.69985199E-03
  -2.69985199E-03
  -2.69985199E-03
  -2.69985199E-03
  -2.69985199E-03
  -2.69985199E-03
  -2.69985199E-03
  -2.69985199E-03
  -2.69985199E-03
  -2.60066986E-03
  -2.59971619E-03
  -2.59971619E-03
  -2.59971619E-03
  -2.59971619E-03
  -2.59971619E-03
  -2.50053406E-03
  -2.40039825E-03
  -2.39944458E-03
  -2.30026245E-03
  -2.29930878E-03
  -2.20012665E-03
  -2.20012665E-03
  -2.20012665E-03
  -2.00080872E-03
  -1.99985504E-03
  -1.99985504E-03
  -1.99985504E-03
  -1.90067291E-03
  -1.90067291E-03
  -1.89971924E-03
  -1.89971924E-03
  -1.89971924E-03
  -1.80053711E-03
  -1.80053711E-03
  -1.79958344E-03
  -1.69944763E-03
  -1.69944763E-03
  -1.60026550E-03
  -1.59931183E-03
  -1.50012970E-03
  -1.50012970E-03
  -1.50012970E-03
  -1.49917603E-03
  -1.39999390E-03
  -1.39999390E-03
  -1.39999390E-03
  -1.39999390E-03
  -1.30081177E-03
  -1.29985809E-03
  -1.20067596E-03
  -1.19972229E-03
  -1.19972229E-03
  -1.10054016E-03
  -1.09958649E-03
  -1.00040436E-03
  -9.99450684E-04
  -9.00268555E-04
  -9.00268555E-04
  -8.99314880E-04
  -8.99314880E-04
  -8.00132751E-04
  -8.00132751E-04
  -8.00132751E-04
  -8.00132751E-04
  -6.99996948E-04
  -6.99996948E-04
  -6.99996948E-04
  -6.99996948E-04
  -6.99996948E-04
  -5.99861145E-04
  -5.99861145E-04
  -5.99861145E-04
  -5.99861145E-04
  -5.99861145E-04
  -4.00543213E-04
  -4.00543213E-04
  -4.00543213E-04
  -4.00543213E-04
  -3.99589539E-04
  -3.99589539E-04
  -3.99589539E-04
  -2.99453735E-04
  -2.99453735E-04
  -2.00271606E-04
  -2.00271606E-04
  -1.99317932E-04
  -1.00135803E-04
  -1.00135803E-04
  -1.00135803E-04
   0.00000000    
   0.00000000    
   0.00000000    
   0.00000000    
   1.00135803E-04
   1.00135803E-04
   2.00271606E-04
   2.00271606E-04
   2.99453735E-04
   2.99453735E-04
   3.00407410E-04
   3.00407410E-04
   3.99589539E-04
   4.99725342E-04
   4.99725342E-04
   4.99725342E-04
   5.00679016E-04
   5.99861145E-04
   5.99861145E-04
   5.99861145E-04
   6.00814819E-04
   6.99996948E-04
   6.99996948E-04
   8.00132751E-04
   8.99314880E-04
   8.99314880E-04
   9.00268555E-04
   9.00268555E-04
   9.00268555E-04
   9.99450684E-04
   1.00040436E-03
   1.09958649E-03
   1.09958649E-03
   1.09958649E-03
   1.09958649E-03
   1.10054016E-03
   1.10054016E-03
   1.19972229E-03
   1.29985809E-03
   1.29985809E-03
   1.29985809E-03
   1.30081177E-03
   1.39999390E-03
   1.39999390E-03
   1.39999390E-03
   1.39999390E-03
   1.39999390E-03
   1.39999390E-03
   1.59931183E-03
   1.60026550E-03
   1.60026550E-03
   1.60026550E-03
   1.79958344E-03
   1.80053711E-03
   1.80053711E-03
   1.89971924E-03
   1.90067291E-03
   1.99985504E-03
   2.09999084E-03
   2.09999084E-03
   2.19917297E-03
   2.20012665E-03
   2.29930878E-03
   2.30026245E-03
   2.30026245E-03
   2.30026245E-03
   2.39944458E-03
   2.40039825E-03
   2.40039825E-03
   2.59971619E-03
   2.60066986E-03
   2.69985199E-03
   2.79998779E-03
   2.79998779E-03
   2.90012360E-03
   2.99930573E-03
   3.29971313E-03
   3.29971313E-03
   3.39984894E-03
   3.49998474E-03
   3.49998474E-03
   3.60012054E-03
   3.60012054E-03
   3.79943848E-03
   3.80039215E-03
   3.89957428E-03
   3.90052795E-03
   3.99971008E-03
   4.09984589E-03
   4.10079956E-03
   4.30011749E-03
   4.30011749E-03
   4.59957123E-03
   4.59957123E-03
   4.60052490E-03
   4.60052490E-03
   4.69970703E-03
   4.89997864E-03
   4.89997864E-03
   5.00011444E-03
   5.00011444E-03
   5.00011444E-03
   5.10025024E-03
   5.10025024E-03
   5.10025024E-03
   5.20038605E-03
   5.39970398E-03
   5.39970398E-03
   5.49983978E-03
   5.69915771E-03
   5.79929352E-03
   5.99956512E-03
   6.10065460E-03
   6.19983673E-03
   6.29997253E-03
   6.59942627E-03
   6.79969788E-03
   6.89983368E-03
   7.10010529E-03
   7.39955902E-03
   7.40051270E-03
   7.49969482E-03
   7.80010223E-03
   7.89928436E-03
   7.99942017E-03
   8.19969177E-03
   8.29982758E-03
   8.29982758E-03
   8.50009918E-03
   8.59928131E-03
   8.60023499E-03
   8.69941711E-03
   8.90064240E-03
   8.99982452E-03
   8.99982452E-03
   9.09996033E-03
   9.20009613E-03
   9.29927826E-03
   9.30023193E-03
   9.40036774E-03
   9.69982147E-03
   1.00002289E-02
   1.00994110E-02
   1.01995468E-02
   1.03998184E-02
   1.07994080E-02
   1.08003616E-02
   1.09004974E-02
   1.10998154E-02
   1.13000870E-02
   1.13992691E-02
   1.14994049E-02
   1.18999481E-02
   1.18999481E-02
   1.22995377E-02
   1.24998093E-02
   1.25999451E-02
   1.27000809E-02
   1.29995346E-02
   1.32999420E-02
   1.32999420E-02
   1.34000778E-02
   1.36003494E-02
   1.37004852E-02
   1.37996674E-02
   1.37996674E-02
   1.38006210E-02
   1.42002106E-02
   1.43003464E-02
   1.43003464E-02
   1.43995285E-02
   1.50995255E-02
   1.51996613E-02
   1.56002045E-02
   1.56993866E-02
   1.59997940E-02
   1.60999298E-02
   1.64003372E-02
   1.64995193E-02
   1.66006088E-02
   1.67999268E-02
   1.67999268E-02
   1.73997879E-02
   1.73997879E-02
   1.74007416E-02
   1.74999237E-02
   1.78003311E-02
   1.86996460E-02
   1.87005997E-02
   1.88999176E-02
   1.94005966E-02
   1.94997787E-02
   1.94997787E-02
   1.95999146E-02
   1.99995041E-02
   2.02999115E-02
   2.03008652E-02
   2.06995010E-02
   2.23999023E-02
   2.26001740E-02
   2.28004456E-02
   2.30998993E-02
   2.32992172E-02
   2.34003067E-02
   2.39000320E-02
   2.39992142E-02
   2.42996216E-02
   2.47001648E-02
   2.47001648E-02
   2.51998901E-02
   2.53000259E-02
   2.55002975E-02
   2.68001556E-02
   2.69994736E-02
   2.72006989E-02
   2.90002823E-02
   2.91004181E-02
   2.98995972E-02
   2.99005508E-02
   2.99005508E-02
   3.04002762E-02
   3.05995941E-02
   3.06997299E-02
   3.10001373E-02
   3.25994492E-02
   3.63006592E-02
   4.26998138E-02
   4.33006287E-02
   4.41007614E-02
   4.46996689E-02
   4.99000549E-02
   5.03997803E-02
   5.35001755E-02
   5.35001755E-02
   5.99994659E-02
   6.07995987E-02
   6.12001419E-02
   6.43997192E-02
   6.62002563E-02
   6.96001053E-02
   7.06005096E-02
   7.12995529E-02
   7.25002289E-02
   7.38000870E-02
   7.52000809E-02
   8.05997849E-02
   9.44995880E-02
  0.103099823    
  0.104299545    
  0.113400459    
  0.113699913    
  0.173700333    
  0.239099503    
  0.277400017    
  0.280200005    
  0.370500565    
  0.418700218    
  0.444100380    
