#Npts     Radius    Mag      Completeness
#  113 1654.8647  -14.885833 1.000000
# Ierr
  -1.02005005E-02
  -7.99942017E-03
  -7.89928436E-03
  -7.80010223E-03
  -7.59983063E-03
  -6.60037994E-03
  -6.40010834E-03
  -6.29997253E-03
  -6.09970093E-03
  -6.09970093E-03
  -6.00051880E-03
  -5.99956512E-03
  -5.49983978E-03
  -5.49983978E-03
  -5.00011444E-03
  -5.00011444E-03
  -5.00011444E-03
  -4.49943542E-03
  -4.10079956E-03
  -4.09984589E-03
  -3.99971008E-03
  -3.90052795E-03
  -3.89957428E-03
  -3.80039215E-03
  -3.49998474E-03
  -3.29971313E-03
  -3.20053101E-03
  -3.10039520E-03
  -2.99930573E-03
  -2.79998779E-03
  -2.79998779E-03
  -2.59971619E-03
  -2.49958038E-03
  -2.30026245E-03
  -2.29930878E-03
  -1.80053711E-03
  -1.79958344E-03
  -1.50012970E-03
  -1.39999390E-03
  -1.39999390E-03
  -1.29985809E-03
  -1.19972229E-03
  -1.19972229E-03
  -9.99450684E-04
  -6.99996948E-04
  -5.99861145E-04
  -4.99725342E-04
  -3.00407410E-04
  -2.00271606E-04
  -2.00271606E-04
  -1.99317932E-04
  -1.00135803E-04
  -1.00135803E-04
  -9.91821289E-05
   0.00000000    
   1.00135803E-04
   1.99317932E-04
   4.00543213E-04
   4.00543213E-04
   5.99861145E-04
   6.99996948E-04
   8.00132751E-04
   1.09958649E-03
   1.10054016E-03
   1.60026550E-03
   1.60026550E-03
   1.70040131E-03
   1.79958344E-03
   1.89971924E-03
   1.99985504E-03
   1.99985504E-03
   1.99985504E-03
   2.20012665E-03
   2.30026245E-03
   2.49958038E-03
   2.59971619E-03
   2.69985199E-03
   2.79998779E-03
   2.90012360E-03
   2.99930573E-03
   3.29971313E-03
   3.29971313E-03
   3.39984894E-03
   3.60012054E-03
   3.60012054E-03
   3.89957428E-03
   4.09984589E-03
   4.50038910E-03
   4.69970703E-03
   5.20038605E-03
   5.29956818E-03
   5.50079346E-03
   5.79929352E-03
   6.00051880E-03
   6.00051880E-03
   6.19983673E-03
   6.40010834E-03
   6.50024414E-03
   7.30037689E-03
   7.69996643E-03
   7.80010223E-03
   8.19969177E-03
   8.29982758E-03
   8.29982758E-03
   8.80050659E-03
   9.20009613E-03
   9.90009308E-03
   1.10998154E-02
   1.13000870E-02
   1.18999481E-02
   2.54001617E-02
   6.51998520E-02
   7.42998123E-02
