#Npts     Radius    Mag      Completeness
#  204 1248.2847  -14.101334 1.000000
# Ierr
  -1.48000717E-02
  -1.34000778E-02
  -1.20992661E-02
  -1.15003586E-02
  -1.09004974E-02
  -1.04999542E-02
  -9.20009613E-03
  -9.20009613E-03
  -9.20009613E-03
  -8.80050659E-03
  -8.50009918E-03
  -8.09955597E-03
  -8.00037384E-03
  -7.49969482E-03
  -7.49969482E-03
  -7.40051270E-03
  -7.40051270E-03
  -7.29942322E-03
  -6.89983368E-03
  -6.79969788E-03
  -6.70051575E-03
  -6.59942627E-03
  -6.40010834E-03
  -6.29997253E-03
  -6.09970093E-03
  -6.00051880E-03
  -5.99956512E-03
  -5.90038300E-03
  -5.49983978E-03
  -5.30052185E-03
  -4.89997864E-03
  -4.39929962E-03
  -4.39929962E-03
  -4.30011749E-03
  -4.09984589E-03
  -4.00066376E-03
  -3.70025635E-03
  -3.49998474E-03
  -3.30066681E-03
  -3.29971313E-03
  -3.29971313E-03
  -3.29971313E-03
  -3.29971313E-03
  -3.29971313E-03
  -3.20053101E-03
  -3.20053101E-03
  -2.89916992E-03
  -2.70080566E-03
  -2.59971619E-03
  -2.40039825E-03
  -2.40039825E-03
  -2.30026245E-03
  -2.30026245E-03
  -2.29930878E-03
  -2.20012665E-03
  -2.20012665E-03
  -2.09999084E-03
  -1.70040131E-03
  -1.50012970E-03
  -1.50012970E-03
  -1.50012970E-03
  -1.39999390E-03
  -1.29985809E-03
  -1.19972229E-03
  -9.00268555E-04
  -8.99314880E-04
  -6.99996948E-04
  -5.99861145E-04
  -5.99861145E-04
  -4.99725342E-04
  -3.00407410E-04
  -2.00271606E-04
  -2.00271606E-04
  -2.00271606E-04
  -1.99317932E-04
  -1.00135803E-04
  -1.00135803E-04
  -1.00135803E-04
  -9.91821289E-05
   1.99317932E-04
   1.99317932E-04
   1.99317932E-04
   2.00271606E-04
   2.00271606E-04
   2.00271606E-04
   2.99453735E-04
   4.99725342E-04
   6.99996948E-04
   6.99996948E-04
   6.99996948E-04
   6.99996948E-04
   8.00132751E-04
   8.00132751E-04
   9.99450684E-04
   9.99450684E-04
   1.10054016E-03
   1.10054016E-03
   1.20067596E-03
   1.29985809E-03
   1.29985809E-03
   1.50012970E-03
   1.59931183E-03
   1.60026550E-03
   1.70040131E-03
   1.79958344E-03
   1.80053711E-03
   1.89971924E-03
   1.90067291E-03
   1.90067291E-03
   1.90067291E-03
   1.99985504E-03
   2.09999084E-03
   2.09999084E-03
   2.09999084E-03
   2.19917297E-03
   2.39944458E-03
   2.40039825E-03
   2.40039825E-03
   2.49958038E-03
   2.50053406E-03
   2.59971619E-03
   2.59971619E-03
   2.69985199E-03
   2.69985199E-03
   3.00025940E-03
   3.20053101E-03
   3.30066681E-03
   3.69930267E-03
   3.70025635E-03
   3.70025635E-03
   4.09984589E-03
   4.19998169E-03
   4.19998169E-03
   4.30011749E-03
   4.50038910E-03
   4.59957123E-03
   4.59957123E-03
   5.20038605E-03
   5.40065765E-03
   5.79929352E-03
   6.09970093E-03
   6.19983673E-03
   6.29997253E-03
   6.40010834E-03
   6.40010834E-03
   6.60037994E-03
   6.79969788E-03
   6.90078735E-03
   7.10010529E-03
   7.10010529E-03
   7.39955902E-03
   7.49969482E-03
   7.69996643E-03
   7.69996643E-03
   8.00037384E-03
   8.09955597E-03
   8.09955597E-03
   8.19969177E-03
   8.29982758E-03
   8.39996338E-03
   8.60023499E-03
   8.90064240E-03
   8.99982452E-03
   8.99982452E-03
   9.09996033E-03
   9.39941406E-03
   9.69982147E-03
   9.79995728E-03
   1.02005005E-02
   1.04999542E-02
   1.04999542E-02
   1.14002228E-02
   1.16996765E-02
   1.29995346E-02
   1.42002106E-02
   1.45998001E-02
   1.49002075E-02
   1.50995255E-02
   1.52997971E-02
   1.52997971E-02
   1.57003403E-02
   1.58996582E-02
   1.84001923E-02
   1.87997818E-02
   2.12001801E-02
   2.14996338E-02
   2.44998932E-02
   2.49004364E-02
   2.65998840E-02
   2.68993378E-02
   2.85005569E-02
   3.11002731E-02
   3.43999863E-02
   3.83996964E-02
   4.69999313E-02
   4.95004654E-02
   5.56993484E-02
   5.58004379E-02
   5.71002960E-02
   6.80999756E-02
   6.84995651E-02
   7.22999573E-02
   8.64000320E-02
  0.210199356    
