#Npts     Radius    Mag      Completeness
#  104 2903.2715  -14.260000 1.000000
# Ierr
  -1.31998062E-02
  -1.11999512E-02
  -9.90009308E-03
  -9.70077515E-03
  -9.69982147E-03
  -9.50050354E-03
  -9.29927826E-03
  -9.20009613E-03
  -8.50009918E-03
  -7.50064850E-03
  -7.49969482E-03
  -7.30037689E-03
  -7.10010529E-03
  -7.09915161E-03
  -6.30092621E-03
  -5.79929352E-03
  -5.79929352E-03
  -5.70011139E-03
  -5.40065765E-03
  -5.20038605E-03
  -5.10025024E-03
  -5.10025024E-03
  -4.50038910E-03
  -4.49943542E-03
  -3.70025635E-03
  -3.70025635E-03
  -3.69930267E-03
  -3.49998474E-03
  -3.09944153E-03
  -2.99930573E-03
  -2.90012360E-03
  -2.90012360E-03
  -2.79998779E-03
  -2.69985199E-03
  -2.60066986E-03
  -2.40039825E-03
  -2.40039825E-03
  -2.30026245E-03
  -1.99985504E-03
  -1.79958344E-03
  -1.69944763E-03
  -1.39999390E-03
  -1.19972229E-03
  -1.19972229E-03
  -1.09958649E-03
  -9.00268555E-04
  -6.99996948E-04
  -6.99996948E-04
  -6.99996948E-04
  -6.99996948E-04
  -5.99861145E-04
  -3.00407410E-04
  -1.00135803E-04
   2.00271606E-04
   3.00407410E-04
   3.00407410E-04
   4.00543213E-04
   4.99725342E-04
   5.99861145E-04
   5.99861145E-04
   1.00040436E-03
   1.00040436E-03
   1.00040436E-03
   1.09958649E-03
   1.09958649E-03
   1.39999390E-03
   1.39999390E-03
   1.39999390E-03
   1.50012970E-03
   1.79958344E-03
   2.29930878E-03
   2.30026245E-03
   2.30026245E-03
   2.59971619E-03
   2.59971619E-03
   2.79998779E-03
   2.79998779E-03
   3.49998474E-03
   3.60012054E-03
   3.70025635E-03
   3.89957428E-03
   4.50038910E-03
   5.00011444E-03
   5.10025024E-03
   5.19943237E-03
   5.20038605E-03
   5.49983978E-03
   5.80024719E-03
   6.09970093E-03
   6.29997253E-03
   6.89983368E-03
   7.10010529E-03
   7.69996643E-03
   8.60023499E-03
   8.89968872E-03
   9.09996033E-03
   1.27000809E-02
   1.50003433E-02
   1.77993774E-02
   2.25000381E-02
   3.31001282E-02
   9.42993164E-02
  0.119099617    
  0.183899879    
