#Npts     Radius    Mag      Completeness
#  102 1654.8647  -14.260000 1.000000
# Ierr
  -1.39999390E-02
  -1.23996735E-02
  -1.01995468E-02
  -9.90009308E-03
  -9.70077515E-03
  -8.29982758E-03
  -8.19969177E-03
  -6.59942627E-03
  -6.40010834E-03
  -6.09970093E-03
  -5.70011139E-03
  -5.50079346E-03
  -5.49983978E-03
  -5.09929657E-03
  -4.19998169E-03
  -4.09984589E-03
  -3.80039215E-03
  -3.79943848E-03
  -3.70025635E-03
  -3.60012054E-03
  -3.39984894E-03
  -2.90012360E-03
  -2.90012360E-03
  -2.90012360E-03
  -2.79998779E-03
  -2.50053406E-03
  -2.40039825E-03
  -2.09999084E-03
  -2.09999084E-03
  -1.99985504E-03
  -1.89971924E-03
  -1.80053711E-03
  -1.69944763E-03
  -1.69944763E-03
  -1.59931183E-03
  -1.50012970E-03
  -1.50012970E-03
  -1.39999390E-03
  -1.09958649E-03
  -6.99996948E-04
  -6.99996948E-04
  -4.99725342E-04
  -3.99589539E-04
  -1.00135803E-04
   0.00000000    
   3.99589539E-04
   3.99589539E-04
   9.99450684E-04
   1.00040436E-03
   1.80053711E-03
   1.89971924E-03
   2.09999084E-03
   2.29930878E-03
   2.59971619E-03
   2.60066986E-03
   2.90012360E-03
   2.90012360E-03
   3.00025940E-03
   3.00025940E-03
   3.09944153E-03
   3.10039520E-03
   3.19957733E-03
   3.29971313E-03
   3.30066681E-03
   3.30066681E-03
   3.49998474E-03
   3.99971008E-03
   4.69970703E-03
   5.10025024E-03
   5.20038605E-03
   5.30052185E-03
   5.30052185E-03
   6.00051880E-03
   6.20079041E-03
   6.69956207E-03
   6.90078735E-03
   7.10010529E-03
   7.29942322E-03
   7.50064850E-03
   7.50064850E-03
   7.59983063E-03
   8.00037384E-03
   8.29982758E-03
   8.99982452E-03
   8.99982452E-03
   9.30023193E-03
   9.69982147E-03
   1.11999512E-02
   1.13000870E-02
   1.13000870E-02
   1.13992691E-02
   1.15003586E-02
   1.18007660E-02
   1.29995346E-02
   1.44996643E-02
   1.67999268E-02
   1.85003281E-02
   2.19001770E-02
   2.91004181E-02
   3.61003876E-02
   6.97002411E-02
  0.126899719    
