#Npts     Radius    Mag      Completeness
#  529 1248.4067  -10.785000 0.985102
# Ierr
 -0.560299873    
 -0.429900169    
 -0.360600471    
 -0.111900330    
  -8.51001740E-02
  -6.97994232E-02
  -6.14995956E-02
  -5.99994659E-02
  -5.37996292E-02
  -4.85000610E-02
  -4.76999283E-02
  -4.73003387E-02
  -4.31995392E-02
  -3.92999649E-02
  -3.87001038E-02
  -3.71999741E-02
  -3.49998474E-02
  -3.48997116E-02
  -3.42006683E-02
  -3.35006714E-02
  -3.24993134E-02
  -3.10001373E-02
  -2.96001434E-02
  -2.60000229E-02
  -2.49004364E-02
  -2.48003006E-02
  -2.42004395E-02
  -2.42004395E-02
  -2.36997604E-02
  -2.30998993E-02
  -2.30007172E-02
  -2.29997635E-02
  -2.23999023E-02
  -2.19993591E-02
  -2.08005905E-02
  -2.05001831E-02
  -2.04000473E-02
  -2.02999115E-02
  -2.01997757E-02
  -1.98001862E-02
  -1.93996429E-02
  -1.91001892E-02
  -1.90000534E-02
  -1.90000534E-02
  -1.84001923E-02
  -1.84001923E-02
  -1.73997879E-02
  -1.71995163E-02
  -1.70993805E-02
  -1.66006088E-02
  -1.62992477E-02
  -1.60999298E-02
  -1.58996582E-02
  -1.58996582E-02
  -1.56002045E-02
  -1.53999329E-02
  -1.52006149E-02
  -1.52006149E-02
  -1.52006149E-02
  -1.51004791E-02
  -1.48000717E-02
  -1.48000717E-02
  -1.46999359E-02
  -1.45998001E-02
  -1.45006180E-02
  -1.43003464E-02
  -1.42002106E-02
  -1.41000748E-02
  -1.40008926E-02
  -1.34000778E-02
  -1.34000778E-02
  -1.32999420E-02
  -1.32007599E-02
  -1.31998062E-02
  -1.29003525E-02
  -1.27000809E-02
  -1.26991272E-02
  -1.25999451E-02
  -1.25999451E-02
  -1.21002197E-02
  -1.20992661E-02
  -1.20000839E-02
  -1.18999481E-02
  -1.15995407E-02
  -1.14002228E-02
  -1.14002228E-02
  -1.13000870E-02
  -1.12009048E-02
  -1.10998154E-02
  -1.10998154E-02
  -1.10006332E-02
  -1.09996796E-02
  -1.06992722E-02
  -1.06992722E-02
  -1.06000900E-02
  -1.06000900E-02
  -1.06000900E-02
  -1.04999542E-02
  -1.03998184E-02
  -1.02996826E-02
  -1.01003647E-02
  -1.01003647E-02
  -9.90009308E-03
  -9.79995728E-03
  -9.79995728E-03
  -9.69982147E-03
  -9.49954987E-03
  -9.30023193E-03
  -9.30023193E-03
  -9.29927826E-03
  -9.20009613E-03
  -9.20009613E-03
  -9.20009613E-03
  -9.09996033E-03
  -9.09996033E-03
  -8.90064240E-03
  -8.89968872E-03
  -8.60023499E-03
  -8.60023499E-03
  -8.29982758E-03
  -7.80010223E-03
  -7.80010223E-03
  -7.59983063E-03
  -7.59983063E-03
  -7.49969482E-03
  -7.40051270E-03
  -7.30037689E-03
  -7.29942322E-03
  -7.10010529E-03
  -6.89983368E-03
  -6.89983368E-03
  -6.89983368E-03
  -6.80065155E-03
  -6.59942627E-03
  -6.59942627E-03
  -6.40010834E-03
  -6.40010834E-03
  -6.40010834E-03
  -6.29997253E-03
  -6.29997253E-03
  -6.19983673E-03
  -6.10065460E-03
  -6.09970093E-03
  -6.09970093E-03
  -6.09970093E-03
  -6.00051880E-03
  -5.89942932E-03
  -5.80024719E-03
  -5.80024719E-03
  -5.79929352E-03
  -5.70011139E-03
  -5.59997559E-03
  -5.59997559E-03
  -5.50079346E-03
  -5.49983978E-03
  -5.49983978E-03
  -5.49983978E-03
  -5.39970398E-03
  -5.39970398E-03
  -5.20038605E-03
  -5.10025024E-03
  -5.10025024E-03
  -5.09929657E-03
  -4.99916077E-03
  -4.89997864E-03
  -4.89997864E-03
  -4.79984283E-03
  -4.79984283E-03
  -4.79984283E-03
  -4.59957123E-03
  -4.59957123E-03
  -4.59957123E-03
  -4.50038910E-03
  -4.49943542E-03
  -4.39929962E-03
  -4.30011749E-03
  -4.30011749E-03
  -4.19998169E-03
  -4.19998169E-03
  -4.10079956E-03
  -4.09984589E-03
  -4.00066376E-03
  -3.99971008E-03
  -3.80039215E-03
  -3.70025635E-03
  -3.70025635E-03
  -3.60012054E-03
  -3.29971313E-03
  -3.29971313E-03
  -3.10039520E-03
  -3.10039520E-03
  -3.00025940E-03
  -3.00025940E-03
  -2.90012360E-03
  -2.90012360E-03
  -2.90012360E-03
  -2.90012360E-03
  -2.89916992E-03
  -2.59971619E-03
  -2.50053406E-03
  -2.40039825E-03
  -2.40039825E-03
  -2.09999084E-03
  -2.09999084E-03
  -2.00080872E-03
  -1.99985504E-03
  -1.99985504E-03
  -1.89971924E-03
  -1.80053711E-03
  -1.79958344E-03
  -1.79958344E-03
  -1.39999390E-03
  -1.39999390E-03
  -1.39999390E-03
  -1.39999390E-03
  -1.29985809E-03
  -1.29985809E-03
  -1.19972229E-03
  -1.19972229E-03
  -1.09958649E-03
  -1.09958649E-03
  -1.00040436E-03
  -1.00040436E-03
  -9.99450684E-04
  -9.99450684E-04
  -9.00268555E-04
  -8.00132751E-04
  -8.00132751E-04
  -6.99996948E-04
  -6.99996948E-04
  -6.99996948E-04
  -6.00814819E-04
  -5.99861145E-04
  -5.99861145E-04
  -5.00679016E-04
  -5.00679016E-04
  -5.00679016E-04
  -4.99725342E-04
  -4.99725342E-04
  -4.00543213E-04
  -3.99589539E-04
  -2.99453735E-04
  -1.00135803E-04
  -1.00135803E-04
  -1.00135803E-04
  -1.00135803E-04
  -1.00135803E-04
   0.00000000    
   1.00135803E-04
   2.99453735E-04
   2.99453735E-04
   5.00679016E-04
   5.99861145E-04
   6.00814819E-04
   6.99996948E-04
   6.99996948E-04
   6.99996948E-04
   6.99996948E-04
   9.00268555E-04
   9.00268555E-04
   9.00268555E-04
   9.99450684E-04
   1.00040436E-03
   1.10054016E-03
   1.19972229E-03
   1.19972229E-03
   1.39999390E-03
   1.60026550E-03
   1.69944763E-03
   1.79958344E-03
   1.89971924E-03
   1.89971924E-03
   1.89971924E-03
   1.89971924E-03
   1.90067291E-03
   1.99985504E-03
   2.00080872E-03
   2.09999084E-03
   2.20012665E-03
   2.20012665E-03
   2.20012665E-03
   2.20012665E-03
   2.20012665E-03
   2.30026245E-03
   2.30026245E-03
   2.40039825E-03
   2.40039825E-03
   2.50053406E-03
   2.60066986E-03
   2.69985199E-03
   2.79998779E-03
   2.79998779E-03
   2.89916992E-03
   2.90012360E-03
   2.90012360E-03
   2.90012360E-03
   2.90012360E-03
   3.00025940E-03
   3.10039520E-03
   3.10039520E-03
   3.29971313E-03
   3.39984894E-03
   3.39984894E-03
   3.49998474E-03
   3.49998474E-03
   3.60012054E-03
   3.60012054E-03
   3.69930267E-03
   3.70025635E-03
   3.70025635E-03
   3.89957428E-03
   3.90052795E-03
   3.99971008E-03
   4.09984589E-03
   4.09984589E-03
   4.09984589E-03
   4.19998169E-03
   4.30011749E-03
   4.40025330E-03
   4.49943542E-03
   4.50038910E-03
   4.50038910E-03
   4.60052490E-03
   4.69970703E-03
   4.79984283E-03
   5.00011444E-03
   5.00011444E-03
   5.10025024E-03
   5.10025024E-03
   5.29956818E-03
   5.30052185E-03
   5.50079346E-03
   5.59997559E-03
   5.59997559E-03
   5.70011139E-03
   5.70011139E-03
   5.70011139E-03
   5.80024719E-03
   5.90038300E-03
   5.99956512E-03
   6.09970093E-03
   6.09970093E-03
   6.19983673E-03
   6.20079041E-03
   6.40010834E-03
   6.50024414E-03
   6.70051575E-03
   6.70051575E-03
   6.80065155E-03
   6.80065155E-03
   6.89983368E-03
   6.89983368E-03
   6.89983368E-03
   6.99996948E-03
   6.99996948E-03
   7.10010529E-03
   7.20024109E-03
   7.29942322E-03
   7.59983063E-03
   7.59983063E-03
   7.60078430E-03
   7.70092010E-03
   7.89928436E-03
   7.99942017E-03
   8.10050964E-03
   8.19969177E-03
   8.29982758E-03
   8.30078125E-03
   8.50009918E-03
   8.89968872E-03
   8.90064240E-03
   8.90064240E-03
   8.99982452E-03
   8.99982452E-03
   9.09996033E-03
   9.09996033E-03
   9.09996033E-03
   9.20009613E-03
   9.30023193E-03
   9.79995728E-03
   1.00002289E-02
   1.00994110E-02
   1.02005005E-02
   1.08003616E-02
   1.08003616E-02
   1.08003616E-02
   1.08995438E-02
   1.09004974E-02
   1.09996796E-02
   1.10998154E-02
   1.11007690E-02
   1.13992691E-02
   1.15995407E-02
   1.16004944E-02
   1.20000839E-02
   1.23004913E-02
   1.23996735E-02
   1.24998093E-02
   1.25999451E-02
   1.29995346E-02
   1.30004883E-02
   1.38998032E-02
   1.41000748E-02
   1.42993927E-02
   1.42993927E-02
   1.43003464E-02
   1.44004822E-02
   1.45998001E-02
   1.46999359E-02
   1.46999359E-02
   1.48000717E-02
   1.49002075E-02
   1.49002075E-02
   1.51004791E-02
   1.62000656E-02
   1.62000656E-02
   1.69000626E-02
   1.70001984E-02
   1.72996521E-02
   1.80006027E-02
   1.80006027E-02
   1.81999207E-02
   1.83000565E-02
   1.84001923E-02
   1.87005997E-02
   1.88999176E-02
   1.90000534E-02
   1.90992355E-02
   2.00004578E-02
   2.00004578E-02
   2.02999115E-02
   2.02999115E-02
   2.04000473E-02
   2.11992264E-02
   2.16999054E-02
   2.17008591E-02
   2.21996307E-02
   2.22997665E-02
   2.25000381E-02
   2.30007172E-02
   2.30998993E-02
   2.35004425E-02
   2.41003036E-02
   2.46992111E-02
   2.47001648E-02
   2.55994797E-02
   2.56004333E-02
   2.56996155E-02
   2.60000229E-02
   2.62994766E-02
   2.64997482E-02
   2.69002914E-02
   2.74000168E-02
   2.75001526E-02
   2.79998779E-02
   2.79998779E-02
   2.91004181E-02
   2.91004181E-02
   2.98004150E-02
   3.19004059E-02
   3.21998596E-02
   3.32002640E-02
   3.32002640E-02
   3.33995819E-02
   3.34997177E-02
   3.41997147E-02
   3.46002579E-02
   3.48005295E-02
   3.48005295E-02
   3.56998444E-02
   3.64999771E-02
   3.69005203E-02
   3.70998383E-02
   3.74002457E-02
   3.77998352E-02
   3.82003784E-02
   3.84006500E-02
   3.91998291E-02
   3.94001007E-02
   3.96003723E-02
   3.97996902E-02
   4.01000977E-02
   4.22000885E-02
   4.23002243E-02
   4.37002182E-02
   4.43000793E-02
   4.46996689E-02
   4.46996689E-02
   4.54006195E-02
   4.55999374E-02
   4.74004745E-02
   5.09004593E-02
   5.21001816E-02
   5.27000427E-02
   5.28993607E-02
   5.42001724E-02
   5.61008453E-02
   5.76000214E-02
   6.04000092E-02
   6.12993240E-02
   7.06996918E-02
   7.25002289E-02
   7.60002136E-02
   8.03003311E-02
   8.52994919E-02
   8.72001648E-02
   8.72993469E-02
   8.73003006E-02
   8.75997543E-02
   8.87994766E-02
   9.20000076E-02
   9.45005417E-02
  0.111000061    
  0.120699883    
  0.130100250    
  0.132699966    
  0.161799431    
  0.202799797    
  0.272799492    
  0.419599533    
  0.423399925    
  0.456199646    
  0.464700699    
  0.516300201    
  0.540300369    
  0.658900261    
  0.666500092    
  0.679100037    
  0.686500549    
