#Npts     Radius    Mag      Completeness
#  465  841.9487  -13.680834 0.981013
# Ierr
 -0.726699829    
  -4.14991379E-02
  -2.96001434E-02
  -2.25000381E-02
  -2.14996338E-02
  -1.87005997E-02
  -1.64995193E-02
  -1.21994019E-02
  -1.03998184E-02
  -9.79995728E-03
  -9.60063934E-03
  -8.99982452E-03
  -8.79955292E-03
  -8.79955292E-03
  -8.60023499E-03
  -8.50009918E-03
  -8.20064545E-03
  -8.10050964E-03
  -7.80010223E-03
  -7.39955902E-03
  -6.89983368E-03
  -6.60037994E-03
  -6.59942627E-03
  -6.50024414E-03
  -6.20079041E-03
  -6.19983673E-03
  -5.70011139E-03
  -5.59997559E-03
  -5.39970398E-03
  -5.29956818E-03
  -5.19943237E-03
  -4.80079651E-03
  -4.80079651E-03
  -4.70066071E-03
  -4.59957123E-03
  -4.50038910E-03
  -4.30011749E-03
  -4.30011749E-03
  -4.19998169E-03
  -4.19998169E-03
  -3.90052795E-03
  -3.80039215E-03
  -3.80039215E-03
  -3.79943848E-03
  -3.79943848E-03
  -3.69930267E-03
  -3.60012054E-03
  -3.59916687E-03
  -3.49998474E-03
  -3.39984894E-03
  -3.29971313E-03
  -3.19957733E-03
  -3.19957733E-03
  -3.09944153E-03
  -3.00025940E-03
  -2.99930573E-03
  -2.90012360E-03
  -2.90012360E-03
  -2.89916992E-03
  -2.69985199E-03
  -2.69985199E-03
  -2.69985199E-03
  -2.60066986E-03
  -2.59971619E-03
  -2.59971619E-03
  -2.49958038E-03
  -2.40039825E-03
  -2.40039825E-03
  -2.39944458E-03
  -2.30026245E-03
  -2.30026245E-03
  -2.20012665E-03
  -2.20012665E-03
  -2.20012665E-03
  -2.20012665E-03
  -2.09999084E-03
  -2.09999084E-03
  -1.89971924E-03
  -1.79958344E-03
  -1.79958344E-03
  -1.69944763E-03
  -1.60026550E-03
  -1.50012970E-03
  -1.50012970E-03
  -1.39999390E-03
  -1.39999390E-03
  -1.39999390E-03
  -1.39999390E-03
  -1.39999390E-03
  -1.29985809E-03
  -1.29985809E-03
  -1.20067596E-03
  -1.19972229E-03
  -1.19972229E-03
  -1.10054016E-03
  -1.10054016E-03
  -1.10054016E-03
  -1.09958649E-03
  -1.09958649E-03
  -1.09958649E-03
  -1.09958649E-03
  -1.00040436E-03
  -1.00040436E-03
  -1.00040436E-03
  -9.99450684E-04
  -9.00268555E-04
  -9.00268555E-04
  -9.00268555E-04
  -9.00268555E-04
  -8.99314880E-04
  -8.00132751E-04
  -8.00132751E-04
  -7.99179077E-04
  -7.99179077E-04
  -6.99996948E-04
  -6.99996948E-04
  -6.00814819E-04
  -5.99861145E-04
  -5.99861145E-04
  -5.99861145E-04
  -5.00679016E-04
  -4.99725342E-04
  -4.00543213E-04
  -4.00543213E-04
  -3.99589539E-04
  -3.99589539E-04
  -3.99589539E-04
  -3.00407410E-04
  -2.99453735E-04
  -2.00271606E-04
  -2.00271606E-04
  -1.00135803E-04
  -1.00135803E-04
  -9.91821289E-05
   0.00000000    
   0.00000000    
   1.00135803E-04
   1.99317932E-04
   2.00271606E-04
   2.00271606E-04
   2.99453735E-04
   3.00407410E-04
   3.00407410E-04
   3.99589539E-04
   3.99589539E-04
   3.99589539E-04
   4.99725342E-04
   4.99725342E-04
   4.99725342E-04
   4.99725342E-04
   4.99725342E-04
   5.00679016E-04
   5.99861145E-04
   5.99861145E-04
   5.99861145E-04
   6.99996948E-04
   6.99996948E-04
   6.99996948E-04
   6.99996948E-04
   7.99179077E-04
   8.00132751E-04
   8.00132751E-04
   8.99314880E-04
   9.00268555E-04
   9.00268555E-04
   9.00268555E-04
   9.00268555E-04
   9.99450684E-04
   1.00040436E-03
   1.00040436E-03
   1.10054016E-03
   1.10054016E-03
   1.19972229E-03
   1.29985809E-03
   1.29985809E-03
   1.29985809E-03
   1.39999390E-03
   1.39999390E-03
   1.59931183E-03
   1.59931183E-03
   1.59931183E-03
   1.60026550E-03
   1.60026550E-03
   1.60026550E-03
   1.60026550E-03
   1.70040131E-03
   1.70040131E-03
   1.70040131E-03
   1.70040131E-03
   1.79958344E-03
   1.79958344E-03
   1.80053711E-03
   1.90067291E-03
   1.99985504E-03
   1.99985504E-03
   1.99985504E-03
   2.09999084E-03
   2.09999084E-03
   2.09999084E-03
   2.19917297E-03
   2.30026245E-03
   2.60066986E-03
   2.69985199E-03
   2.69985199E-03
   2.79998779E-03
   2.79998779E-03
   2.90012360E-03
   2.90012360E-03
   2.90012360E-03
   2.99930573E-03
   3.00025940E-03
   3.00025940E-03
   3.00025940E-03
   3.00025940E-03
   3.09944153E-03
   3.10039520E-03
   3.10039520E-03
   3.10039520E-03
   3.29971313E-03
   3.29971313E-03
   3.30066681E-03
   3.39984894E-03
   3.39984894E-03
   3.49998474E-03
   3.49998474E-03
   3.70025635E-03
   3.80039215E-03
   3.89957428E-03
   3.89957428E-03
   3.90052795E-03
   3.99971008E-03
   3.99971008E-03
   3.99971008E-03
   4.09984589E-03
   4.09984589E-03
   4.19998169E-03
   4.19998169E-03
   4.29916382E-03
   4.30011749E-03
   4.39929962E-03
   4.40025330E-03
   4.49943542E-03
   4.59957123E-03
   4.60052490E-03
   4.60052490E-03
   4.60052490E-03
   4.69970703E-03
   4.70066071E-03
   4.79984283E-03
   4.79984283E-03
   4.89997864E-03
   4.89997864E-03
   4.89997864E-03
   5.10025024E-03
   5.10025024E-03
   5.19943237E-03
   5.20038605E-03
   5.30052185E-03
   5.30052185E-03
   5.40065765E-03
   5.49983978E-03
   5.50079346E-03
   5.50079346E-03
   5.59997559E-03
   5.59997559E-03
   5.59997559E-03
   5.70011139E-03
   5.80024719E-03
   6.09970093E-03
   6.10065460E-03
   6.19983673E-03
   6.20079041E-03
   6.29997253E-03
   6.40010834E-03
   6.40010834E-03
   6.49929047E-03
   6.59942627E-03
   6.59942627E-03
   6.60037994E-03
   6.69956207E-03
   6.80065155E-03
   6.89983368E-03
   6.89983368E-03
   7.30037689E-03
   7.40051270E-03
   7.59983063E-03
   7.69996643E-03
   7.90023804E-03
   7.90023804E-03
   7.99942017E-03
   8.09955597E-03
   8.09955597E-03
   8.09955597E-03
   8.39996338E-03
   8.50009918E-03
   8.50009918E-03
   8.50009918E-03
   8.60023499E-03
   8.70037079E-03
   8.80050659E-03
   8.80050659E-03
   8.80050659E-03
   8.80050659E-03
   8.90064240E-03
   8.99982452E-03
   8.99982452E-03
   9.20009613E-03
   9.20009613E-03
   9.40036774E-03
   9.69982147E-03
   9.89913940E-03
   9.90009308E-03
   1.00994110E-02
   1.01003647E-02
   1.03998184E-02
   1.10998154E-02
   1.10998154E-02
   1.11007690E-02
   1.15003586E-02
   1.18999481E-02
   1.20000839E-02
   1.24006271E-02
   1.24998093E-02
   1.24998093E-02
   1.27000809E-02
   1.29003525E-02
   1.31998062E-02
   1.32999420E-02
   1.37004852E-02
   1.38006210E-02
   1.41000748E-02
   1.42002106E-02
   1.46007538E-02
   1.46999359E-02
   1.50003433E-02
   1.51996613E-02
   1.58004761E-02
   1.59997940E-02
   1.60999298E-02
   1.62000656E-02
   1.63002014E-02
   1.63993835E-02
   1.64003372E-02
   1.69000626E-02
   1.69000626E-02
   1.72996521E-02
   1.76000595E-02
   1.78003311E-02
   1.81999207E-02
   1.83000565E-02
   1.86004639E-02
   1.86004639E-02
   1.91001892E-02
   1.92003250E-02
   1.92003250E-02
   1.97992325E-02
   1.98993683E-02
   1.99995041E-02
   2.02999115E-02
   2.04000473E-02
   2.05001831E-02
   2.05993652E-02
   2.07004547E-02
   2.08005905E-02
   2.14004517E-02
   2.20994949E-02
   2.21004486E-02
   2.26001740E-02
   2.35004425E-02
   2.40001678E-02
   2.46000290E-02
   2.47001648E-02
   2.50005722E-02
   2.50005722E-02
   2.57997513E-02
   2.60000229E-02
   2.63996124E-02
   2.64005661E-02
   2.65998840E-02
   2.68001556E-02
   2.70996094E-02
   2.72998810E-02
   2.77004242E-02
   2.77004242E-02
   2.81000137E-02
   2.82993317E-02
   2.84004211E-02
   2.88000107E-02
   2.88000107E-02
   2.92005539E-02
   2.92997360E-02
   2.96001434E-02
   2.99005508E-02
   3.03001404E-02
   3.04994583E-02
   3.06997299E-02
   3.08008194E-02
   3.14998627E-02
   3.15999985E-02
   3.22999954E-02
   3.22999954E-02
   3.31001282E-02
   3.45001221E-02
   3.47995758E-02
   3.50999832E-02
   3.74002457E-02
   3.75995636E-02
   3.76005173E-02
   3.82003784E-02
   3.82995605E-02
   3.88994217E-02
   4.06007767E-02
   4.25996780E-02
   4.51002121E-02
   4.51993942E-02
   4.61997986E-02
   4.62999344E-02
   4.75997925E-02
   4.80995178E-02
   5.15995026E-02
   5.25999069E-02
   5.29994965E-02
   5.31997681E-02
   5.38997650E-02
   5.43003082E-02
   5.81007004E-02
   5.97000122E-02
   6.85997009E-02
   6.97994232E-02
   7.00006485E-02
   7.01999664E-02
   7.21998215E-02
   7.48004913E-02
   7.62996674E-02
   7.78999329E-02
   7.87000656E-02
   8.02993774E-02
   8.03995132E-02
   8.10995102E-02
   8.19997787E-02
   8.40005875E-02
   8.62998962E-02
   8.89997482E-02
   9.03005600E-02
   9.88006592E-02
   9.88998413E-02
  0.109499931    
  0.110500336    
  0.132900238    
  0.134799957    
  0.136899948    
  0.142999649    
  0.152800560    
  0.161499977    
  0.174399376    
  0.201499939    
  0.211600304    
  0.280100822    
  0.290499687    
  0.365499496    
  0.368300438    
  0.407899857    
  0.450600624    
  0.490099907    
  0.514200211    
