#Npts     Radius    Mag      Completeness
#  344  638.7197  -13.680834 0.980057
# Ierr
 -0.133799553    
  -5.22003174E-02
  -2.49996185E-02
  -2.32000351E-02
  -2.16999054E-02
  -1.74999237E-02
  -1.67999268E-02
  -1.49002075E-02
  -1.46999359E-02
  -1.32999420E-02
  -1.29003525E-02
  -1.13992691E-02
  -1.06000900E-02
  -9.40036774E-03
  -8.39996338E-03
  -8.10050964E-03
  -7.10010529E-03
  -6.49929047E-03
  -6.40010834E-03
  -5.79929352E-03
  -5.30052185E-03
  -5.29956818E-03
  -5.09929657E-03
  -4.60052490E-03
  -4.60052490E-03
  -4.50038910E-03
  -4.40025330E-03
  -4.30011749E-03
  -4.30011749E-03
  -4.19998169E-03
  -4.19998169E-03
  -4.09984589E-03
  -3.99971008E-03
  -3.89957428E-03
  -3.89957428E-03
  -3.79943848E-03
  -3.79943848E-03
  -3.70025635E-03
  -3.49998474E-03
  -3.30066681E-03
  -3.19957733E-03
  -3.10039520E-03
  -3.00025940E-03
  -2.90012360E-03
  -2.79998779E-03
  -2.39944458E-03
  -2.20012665E-03
  -2.09999084E-03
  -2.09999084E-03
  -1.89971924E-03
  -1.89971924E-03
  -1.80053711E-03
  -1.80053711E-03
  -1.79958344E-03
  -1.70040131E-03
  -1.69944763E-03
  -1.60026550E-03
  -1.59931183E-03
  -1.30081177E-03
  -1.29985809E-03
  -1.19972229E-03
  -1.19972229E-03
  -1.09958649E-03
  -1.00040436E-03
  -9.00268555E-04
  -9.00268555E-04
  -8.99314880E-04
  -8.99314880E-04
  -6.99996948E-04
  -5.99861145E-04
  -5.99861145E-04
  -5.99861145E-04
  -4.99725342E-04
  -2.00271606E-04
  -2.00271606E-04
  -1.99317932E-04
  -1.00135803E-04
   1.00135803E-04
   1.99317932E-04
   1.99317932E-04
   2.00271606E-04
   3.00407410E-04
   3.00407410E-04
   3.00407410E-04
   3.99589539E-04
   4.00543213E-04
   4.00543213E-04
   4.99725342E-04
   4.99725342E-04
   5.00679016E-04
   5.99861145E-04
   6.99996948E-04
   8.00132751E-04
   8.00132751E-04
   1.09958649E-03
   1.10054016E-03
   1.10054016E-03
   1.10054016E-03
   1.10054016E-03
   1.19972229E-03
   1.29985809E-03
   1.29985809E-03
   1.59931183E-03
   1.60026550E-03
   1.60026550E-03
   1.60026550E-03
   1.70040131E-03
   1.79958344E-03
   1.80053711E-03
   1.80053711E-03
   1.80053711E-03
   1.89971924E-03
   1.90067291E-03
   1.99985504E-03
   1.99985504E-03
   2.00080872E-03
   2.09999084E-03
   2.20012665E-03
   2.20012665E-03
   2.29930878E-03
   2.39944458E-03
   2.40039825E-03
   2.40039825E-03
   2.49958038E-03
   2.59971619E-03
   2.60066986E-03
   2.60066986E-03
   2.60066986E-03
   2.69985199E-03
   2.70080566E-03
   2.79998779E-03
   2.79998779E-03
   2.79998779E-03
   2.79998779E-03
   2.90012360E-03
   3.30066681E-03
   3.39984894E-03
   3.50093842E-03
   3.80039215E-03
   3.99971008E-03
   3.99971008E-03
   3.99971008E-03
   4.09984589E-03
   4.30011749E-03
   4.30011749E-03
   4.39929962E-03
   4.50038910E-03
   4.60052490E-03
   4.69970703E-03
   4.89997864E-03
   5.00011444E-03
   5.19943237E-03
   5.20038605E-03
   5.29956818E-03
   5.40065765E-03
   5.59997559E-03
   5.80024719E-03
   6.09970093E-03
   6.09970093E-03
   6.19983673E-03
   6.20079041E-03
   6.40010834E-03
   6.50024414E-03
   6.60037994E-03
   6.79969788E-03
   6.80065155E-03
   6.90078735E-03
   7.20024109E-03
   7.20024109E-03
   7.20024109E-03
   7.29942322E-03
   7.80010223E-03
   8.09955597E-03
   8.09955597E-03
   8.19969177E-03
   8.29982758E-03
   8.39996338E-03
   8.39996338E-03
   8.50009918E-03
   8.70037079E-03
   9.00077820E-03
   9.09996033E-03
   9.09996033E-03
   9.39941406E-03
   9.50050354E-03
   9.79995728E-03
   9.90009308E-03
   1.00002289E-02
   1.00002289E-02
   1.00994110E-02
   1.02996826E-02
   1.07002258E-02
   1.10006332E-02
   1.11999512E-02
   1.17998123E-02
   1.21002197E-02
   1.21002197E-02
   1.24998093E-02
   1.24998093E-02
   1.25999451E-02
   1.27000809E-02
   1.28002167E-02
   1.28002167E-02
   1.32999420E-02
   1.34000778E-02
   1.38998032E-02
   1.39999390E-02
   1.43003464E-02
   1.44996643E-02
   1.48000717E-02
   1.50003433E-02
   1.53999329E-02
   1.56002045E-02
   1.58004761E-02
   1.62000656E-02
   1.65004730E-02
   1.67999268E-02
   1.69000626E-02
   1.73997879E-02
   1.84001923E-02
   1.85003281E-02
   1.85995102E-02
   1.86996460E-02
   1.88999176E-02
   1.90000534E-02
   1.95999146E-02
   1.97000504E-02
   2.07996368E-02
   2.07996368E-02
   2.12001801E-02
   2.12993622E-02
   2.13003159E-02
   2.16999054E-02
   2.18000412E-02
   2.24990845E-02
   2.25000381E-02
   2.33001709E-02
   2.34003067E-02
   2.35996246E-02
   2.38990784E-02
   2.40001678E-02
   2.43997574E-02
   2.57997513E-02
   2.62002945E-02
   2.63996124E-02
   2.70004272E-02
   2.71997452E-02
   2.88000107E-02
   2.91004181E-02
   3.05995941E-02
   3.08008194E-02
   3.11002731E-02
   3.19995880E-02
   3.19995880E-02
   3.20997238E-02
   3.28006744E-02
   3.28998566E-02
   3.39994431E-02
   3.51991653E-02
   3.59001160E-02
   3.68003845E-02
   3.71999741E-02
   3.76996994E-02
   3.76996994E-02
   3.77006531E-02
   3.77998352E-02
   3.78007889E-02
   3.81002426E-02
   3.91998291E-02
   3.98998260E-02
   4.02002335E-02
   4.16002274E-02
   4.29000854E-02
   4.32996750E-02
   4.57000732E-02
   4.69999313E-02
   4.73995209E-02
   4.83999252E-02
   4.85000610E-02
   4.87003326E-02
   4.96006012E-02
   5.01003265E-02
   5.01995087E-02
   5.04999161E-02
   5.07001877E-02
   5.07993698E-02
   5.20000458E-02
   5.31997681E-02
   5.40008545E-02
   5.41000366E-02
   5.53998947E-02
   5.70001602E-02
   5.70001602E-02
   5.72004318E-02
   5.78002930E-02
   5.81998825E-02
   5.87005615E-02
   5.93004227E-02
   6.08997345E-02
   6.09998703E-02
   6.11000061E-02
   6.41002655E-02
   6.56003952E-02
   6.65998459E-02
   6.80999756E-02
   6.99996948E-02
   7.04002380E-02
   7.10000992E-02
   7.12995529E-02
   7.32994080E-02
   7.38000870E-02
   7.64999390E-02
   7.68995285E-02
   7.83996582E-02
   8.24995041E-02
   8.53004456E-02
   8.66003036E-02
   8.74996185E-02
   9.14001465E-02
   9.14001465E-02
   9.99002457E-02
  0.101000786    
  0.101599693    
  0.107900620    
  0.111399651    
  0.112400055    
  0.121999741    
  0.122800827    
  0.126000404    
  0.133599281    
  0.137299538    
  0.139200211    
  0.139900208    
  0.149599075    
  0.155099869    
  0.155699730    
  0.170799255    
  0.171199799    
  0.183499336    
  0.232799530    
  0.278800011    
  0.332200050    
  0.356699944    
  0.372499466    
