#Npts     Radius    Mag      Completeness
#   94 1248.4067  -14.635500 1.000000
# Ierr
  -2.40993500E-02
  -1.06000900E-02
  -9.20009613E-03
  -8.60023499E-03
  -8.60023499E-03
  -8.00037384E-03
  -7.80010223E-03
  -7.60078430E-03
  -7.30037689E-03
  -6.59942627E-03
  -6.10065460E-03
  -5.90038300E-03
  -5.00011444E-03
  -4.89997864E-03
  -4.59957123E-03
  -4.19998169E-03
  -3.19957733E-03
  -2.79998779E-03
  -2.60066986E-03
  -2.59971619E-03
  -2.50053406E-03
  -2.20012665E-03
  -1.99985504E-03
  -1.79958344E-03
  -1.70040131E-03
  -1.50012970E-03
  -1.39999390E-03
  -1.39999390E-03
  -1.39999390E-03
  -1.19972229E-03
  -1.19972229E-03
  -1.19972229E-03
  -1.09958649E-03
  -1.00040436E-03
  -1.00040436E-03
  -8.00132751E-04
  -1.00135803E-04
  -9.91821289E-05
   2.00271606E-04
   3.00407410E-04
   3.99589539E-04
   8.99314880E-04
   9.00268555E-04
   1.00040436E-03
   1.19972229E-03
   1.99985504E-03
   2.09999084E-03
   2.60066986E-03
   2.69985199E-03
   2.69985199E-03
   3.00025940E-03
   3.09944153E-03
   3.39984894E-03
   3.60012054E-03
   3.70025635E-03
   3.70025635E-03
   3.89957428E-03
   4.89997864E-03
   4.89997864E-03
   5.00011444E-03
   5.50079346E-03
   5.59997559E-03
   5.90038300E-03
   5.90038300E-03
   6.10065460E-03
   6.79969788E-03
   6.80065155E-03
   6.99996948E-03
   7.20024109E-03
   7.29942322E-03
   7.90023804E-03
   8.50009918E-03
   8.80050659E-03
   9.70077515E-03
   1.02005005E-02
   1.07002258E-02
   1.34000778E-02
   1.36995316E-02
   1.36995316E-02
   1.46999359E-02
   1.56002045E-02
   1.70993805E-02
   1.76000595E-02
   2.14004517E-02
   2.18000412E-02
   2.21996307E-02
   2.88000107E-02
   2.97002792E-02
   3.09000015E-02
   4.66003418E-02
   5.93004227E-02
   6.73007965E-02
   7.35998154E-02
   7.90004730E-02
