#Npts     Radius    Mag      Completeness
#  107 1045.1777  -14.260000 1.000000
# Ierr
 -0.162899971    
 -0.123899460    
  -1.21002197E-02
  -6.99996948E-03
  -6.79969788E-03
  -6.59942627E-03
  -6.29997253E-03
  -6.29997253E-03
  -5.70011139E-03
  -5.49983978E-03
  -5.39970398E-03
  -5.10025024E-03
  -4.89997864E-03
  -4.50038910E-03
  -4.40025330E-03
  -4.30011749E-03
  -2.59971619E-03
  -2.40039825E-03
  -2.20012665E-03
  -1.79958344E-03
  -1.70040131E-03
  -1.60026550E-03
  -1.60026550E-03
  -1.50012970E-03
  -1.20067596E-03
  -7.99179077E-04
  -6.99996948E-04
  -5.99861145E-04
  -5.99861145E-04
  -3.99589539E-04
  -9.91821289E-05
   0.00000000    
   1.00135803E-04
   2.00271606E-04
   2.99453735E-04
   3.99589539E-04
   5.00679016E-04
   6.99996948E-04
   6.99996948E-04
   6.99996948E-04
   8.00132751E-04
   9.00268555E-04
   1.09958649E-03
   1.10054016E-03
   1.29985809E-03
   1.39999390E-03
   1.70040131E-03
   1.70040131E-03
   1.99985504E-03
   1.99985504E-03
   2.00080872E-03
   2.49958038E-03
   3.09944153E-03
   3.10039520E-03
   3.19957733E-03
   3.19957733E-03
   4.09984589E-03
   4.19998169E-03
   4.39929962E-03
   4.40025330E-03
   4.79984283E-03
   4.89997864E-03
   5.19943237E-03
   5.39970398E-03
   6.00051880E-03
   6.09970093E-03
   6.19983673E-03
   6.59942627E-03
   7.99942017E-03
   8.00037384E-03
   8.09955597E-03
   8.09955597E-03
   8.80050659E-03
   9.00077820E-03
   9.20009613E-03
   9.39941406E-03
   9.40036774E-03
   9.79995728E-03
   1.10998154E-02
   1.10998154E-02
   1.20000839E-02
   1.24006271E-02
   1.26008987E-02
   1.29995346E-02
   1.31006241E-02
   1.39999390E-02
   1.62000656E-02
   1.69000626E-02
   1.72996521E-02
   2.36005783E-02
   2.47993469E-02
   2.67992020E-02
   2.72998810E-02
   2.94008255E-02
   2.96001434E-02
   3.10001373E-02
   3.20997238E-02
   3.24001312E-02
   3.39002609E-02
   3.92007828E-02
   4.37994003E-02
   4.64992523E-02
   5.18999100E-02
   5.30004501E-02
   7.08999634E-02
   7.67993927E-02
  0.120499611    
