#Npts     Radius    Mag      Completeness
#   73  638.7197  -14.635500 0.986486
# Ierr
 -0.166399956    
  -3.25002670E-02
  -1.90000534E-02
  -1.56002045E-02
  -7.30037689E-03
  -7.09915161E-03
  -6.90078735E-03
  -5.80024719E-03
  -5.00011444E-03
  -4.30011749E-03
  -3.60012054E-03
  -3.00025940E-03
  -2.79998779E-03
  -1.99985504E-03
  -1.80053711E-03
  -1.59931183E-03
  -8.00132751E-04
   3.99589539E-04
   1.10054016E-03
   1.39999390E-03
   1.60026550E-03
   2.20012665E-03
   2.20012665E-03
   2.20012665E-03
   2.30026245E-03
   3.49998474E-03
   4.50038910E-03
   5.30052185E-03
   5.89942932E-03
   6.00051880E-03
   6.50024414E-03
   6.60037994E-03
   6.69956207E-03
   6.79969788E-03
   7.29942322E-03
   7.30037689E-03
   7.39955902E-03
   8.29982758E-03
   8.30078125E-03
   8.90064240E-03
   9.30023193E-03
   9.49954987E-03
   1.01003647E-02
   1.02996826E-02
   1.22995377E-02
   1.48000717E-02
   1.48000717E-02
   1.49993896E-02
   1.62000656E-02
   1.65004730E-02
   1.76000595E-02
   1.80006027E-02
   2.21996307E-02
   2.33001709E-02
   2.33001709E-02
   3.71999741E-02
   3.77998352E-02
   3.80001068E-02
   4.22000885E-02
   4.34007645E-02
   4.90999222E-02
   5.91001511E-02
   6.65998459E-02
   6.80999756E-02
   8.85000229E-02
   9.13991928E-02
  0.118000031    
  0.122499466    
  0.130100250    
  0.202899933    
  0.262700081    
  0.267399788    
  0.319399834    
