#Npts     Radius    Mag      Completeness
#  576 1451.6357  -10.785000 0.981261
# Ierr
 -0.460400581    
 -0.355600357    
  -7.03992844E-02
  -6.52999878E-02
  -6.24008179E-02
  -6.22997284E-02
  -5.62000275E-02
  -5.28001785E-02
  -5.28001785E-02
  -4.96997833E-02
  -4.52003479E-02
  -3.70998383E-02
  -3.57999802E-02
  -3.46002579E-02
  -3.31001282E-02
  -3.09000015E-02
  -3.04002762E-02
  -2.99997330E-02
  -2.96993256E-02
  -2.84996033E-02
  -2.81000137E-02
  -2.70996094E-02
  -2.64997482E-02
  -2.33001709E-02
  -2.29005814E-02
  -2.28996277E-02
  -2.22997665E-02
  -2.15997696E-02
  -2.14996338E-02
  -2.05001831E-02
  -2.04000473E-02
  -2.04000473E-02
  -2.01005936E-02
  -2.01005936E-02
  -1.95999146E-02
  -1.94005966E-02
  -1.93996429E-02
  -1.90000534E-02
  -1.86996460E-02
  -1.83000565E-02
  -1.80997849E-02
  -1.76000595E-02
  -1.73997879E-02
  -1.73006058E-02
  -1.70001984E-02
  -1.69000626E-02
  -1.65004730E-02
  -1.63002014E-02
  -1.60999298E-02
  -1.45998001E-02
  -1.43003464E-02
  -1.38998032E-02
  -1.37996674E-02
  -1.36003494E-02
  -1.35993958E-02
  -1.35993958E-02
  -1.34000778E-02
  -1.32999420E-02
  -1.30004883E-02
  -1.29995346E-02
  -1.27000809E-02
  -1.24998093E-02
  -1.24998093E-02
  -1.23996735E-02
  -1.18999481E-02
  -1.17006302E-02
  -1.16996765E-02
  -1.16996765E-02
  -1.14994049E-02
  -1.12009048E-02
  -1.11999512E-02
  -1.11999512E-02
  -1.11999512E-02
  -1.11999512E-02
  -1.10006332E-02
  -1.09996796E-02
  -1.09996796E-02
  -1.09004974E-02
  -1.08003616E-02
  -1.08003616E-02
  -1.07002258E-02
  -1.04999542E-02
  -1.04999542E-02
  -1.04999542E-02
  -1.04999542E-02
  -1.04999542E-02
  -1.03998184E-02
  -1.03998184E-02
  -1.03006363E-02
  -1.03006363E-02
  -1.02005005E-02
  -1.01003647E-02
  -1.00994110E-02
  -9.30023193E-03
  -9.30023193E-03
  -9.09996033E-03
  -9.09996033E-03
  -9.00077820E-03
  -8.99982452E-03
  -8.90064240E-03
  -8.89968872E-03
  -8.50009918E-03
  -8.50009918E-03
  -8.39996338E-03
  -8.39996338E-03
  -8.19969177E-03
  -8.10050964E-03
  -8.10050964E-03
  -8.09955597E-03
  -8.00037384E-03
  -7.99942017E-03
  -7.90023804E-03
  -7.80010223E-03
  -7.69996643E-03
  -7.69996643E-03
  -7.59983063E-03
  -7.59983063E-03
  -7.59983063E-03
  -7.59983063E-03
  -7.49969482E-03
  -7.40051270E-03
  -7.39955902E-03
  -7.30037689E-03
  -7.30037689E-03
  -7.20024109E-03
  -7.20024109E-03
  -7.20024109E-03
  -7.10010529E-03
  -7.10010529E-03
  -7.00092316E-03
  -6.99996948E-03
  -6.89983368E-03
  -6.79969788E-03
  -6.79969788E-03
  -6.69956207E-03
  -6.50024414E-03
  -6.50024414E-03
  -6.40010834E-03
  -6.40010834E-03
  -6.39915466E-03
  -6.29997253E-03
  -6.29997253E-03
  -6.19983673E-03
  -6.19983673E-03
  -6.09970093E-03
  -6.00051880E-03
  -5.99956512E-03
  -5.99956512E-03
  -5.90038300E-03
  -5.80024719E-03
  -5.80024719E-03
  -5.70011139E-03
  -5.70011139E-03
  -5.70011139E-03
  -5.70011139E-03
  -5.70011139E-03
  -5.59997559E-03
  -5.59997559E-03
  -5.49983978E-03
  -5.39970398E-03
  -5.29956818E-03
  -5.20038605E-03
  -5.20038605E-03
  -5.19943237E-03
  -5.10025024E-03
  -4.99916077E-03
  -4.99916077E-03
  -4.79984283E-03
  -4.79984283E-03
  -4.79984283E-03
  -4.69970703E-03
  -4.69970703E-03
  -4.60052490E-03
  -4.60052490E-03
  -4.59957123E-03
  -4.50038910E-03
  -4.49943542E-03
  -4.40025330E-03
  -4.40025330E-03
  -4.40025330E-03
  -4.39929962E-03
  -4.39929962E-03
  -4.30011749E-03
  -4.30011749E-03
  -4.30011749E-03
  -4.30011749E-03
  -4.30011749E-03
  -4.19998169E-03
  -4.19998169E-03
  -4.19998169E-03
  -3.99971008E-03
  -3.99971008E-03
  -3.89957428E-03
  -3.80039215E-03
  -3.80039215E-03
  -3.70025635E-03
  -3.70025635E-03
  -3.60012054E-03
  -3.60012054E-03
  -3.60012054E-03
  -3.60012054E-03
  -3.59916687E-03
  -3.49998474E-03
  -3.49998474E-03
  -3.49998474E-03
  -3.39984894E-03
  -3.39984894E-03
  -3.39984894E-03
  -3.30066681E-03
  -3.20053101E-03
  -3.19957733E-03
  -3.10039520E-03
  -3.10039520E-03
  -3.10039520E-03
  -3.10039520E-03
  -3.09944153E-03
  -3.00025940E-03
  -3.00025940E-03
  -2.90012360E-03
  -2.90012360E-03
  -2.79998779E-03
  -2.79998779E-03
  -2.79998779E-03
  -2.70080566E-03
  -2.69985199E-03
  -2.69985199E-03
  -2.69985199E-03
  -2.60066986E-03
  -2.49958038E-03
  -2.49958038E-03
  -2.49958038E-03
  -2.49958038E-03
  -2.39944458E-03
  -2.30026245E-03
  -2.30026245E-03
  -2.30026245E-03
  -2.29930878E-03
  -2.29930878E-03
  -2.20012665E-03
  -2.09999084E-03
  -2.00080872E-03
  -1.99985504E-03
  -1.99985504E-03
  -1.99985504E-03
  -1.99985504E-03
  -1.99985504E-03
  -1.89971924E-03
  -1.80053711E-03
  -1.80053711E-03
  -1.79958344E-03
  -1.79958344E-03
  -1.79958344E-03
  -1.70040131E-03
  -1.60026550E-03
  -1.60026550E-03
  -1.60026550E-03
  -1.60026550E-03
  -1.60026550E-03
  -1.59931183E-03
  -1.50012970E-03
  -1.50012970E-03
  -1.50012970E-03
  -1.50012970E-03
  -1.50012970E-03
  -1.39999390E-03
  -1.39999390E-03
  -1.39999390E-03
  -1.30081177E-03
  -1.29985809E-03
  -1.20067596E-03
  -1.19972229E-03
  -1.10054016E-03
  -1.00040436E-03
  -9.99450684E-04
  -9.00268555E-04
  -9.00268555E-04
  -9.00268555E-04
  -8.99314880E-04
  -8.00132751E-04
  -5.99861145E-04
  -5.99861145E-04
  -5.00679016E-04
  -4.99725342E-04
  -4.99725342E-04
  -4.99725342E-04
  -4.00543213E-04
  -4.00543213E-04
  -3.99589539E-04
  -3.00407410E-04
  -3.00407410E-04
  -1.99317932E-04
  -1.00135803E-04
  -1.00135803E-04
   0.00000000    
   0.00000000    
   1.00135803E-04
   2.00271606E-04
   2.99453735E-04
   3.00407410E-04
   3.00407410E-04
   3.99589539E-04
   4.99725342E-04
   4.99725342E-04
   5.99861145E-04
   5.99861145E-04
   5.99861145E-04
   6.00814819E-04
   6.99996948E-04
   6.99996948E-04
   8.00132751E-04
   8.00132751E-04
   8.00132751E-04
   8.00132751E-04
   9.00268555E-04
   9.99450684E-04
   9.99450684E-04
   1.00040436E-03
   1.00040436E-03
   1.00040436E-03
   1.00040436E-03
   1.00040436E-03
   1.09958649E-03
   1.09958649E-03
   1.19972229E-03
   1.19972229E-03
   1.19972229E-03
   1.20067596E-03
   1.29985809E-03
   1.39999390E-03
   1.50012970E-03
   1.50012970E-03
   1.59931183E-03
   1.59931183E-03
   1.59931183E-03
   1.60026550E-03
   1.60026550E-03
   1.60026550E-03
   1.70040131E-03
   1.79958344E-03
   1.79958344E-03
   1.90067291E-03
   1.99985504E-03
   2.09999084E-03
   2.09999084E-03
   2.20012665E-03
   2.20012665E-03
   2.20012665E-03
   2.29930878E-03
   2.30026245E-03
   2.30026245E-03
   2.39944458E-03
   2.40039825E-03
   2.49958038E-03
   2.49958038E-03
   2.50053406E-03
   2.59971619E-03
   2.59971619E-03
   2.69985199E-03
   2.69985199E-03
   2.69985199E-03
   2.90012360E-03
   2.90012360E-03
   2.90012360E-03
   2.90012360E-03
   2.90012360E-03
   3.10039520E-03
   3.10039520E-03
   3.19957733E-03
   3.19957733E-03
   3.20053101E-03
   3.20053101E-03
   3.49998474E-03
   3.60012054E-03
   3.60012054E-03
   3.60012054E-03
   3.60012054E-03
   3.70025635E-03
   3.89957428E-03
   3.89957428E-03
   3.90052795E-03
   4.09984589E-03
   4.19998169E-03
   4.29916382E-03
   4.30011749E-03
   4.50038910E-03
   4.59957123E-03
   4.59957123E-03
   4.69970703E-03
   4.70066071E-03
   4.70066071E-03
   4.79984283E-03
   4.79984283E-03
   4.89997864E-03
   4.89997864E-03
   4.89997864E-03
   4.99916077E-03
   5.10025024E-03
   5.19943237E-03
   5.20038605E-03
   5.29956818E-03
   5.29956818E-03
   5.39970398E-03
   5.49983978E-03
   5.49983978E-03
   5.59997559E-03
   5.70011139E-03
   5.80024719E-03
   5.89942932E-03
   6.09970093E-03
   6.10065460E-03
   6.29997253E-03
   6.29997253E-03
   6.29997253E-03
   6.40010834E-03
   6.40010834E-03
   6.59942627E-03
   6.69956207E-03
   6.79969788E-03
   6.89983368E-03
   6.89983368E-03
   6.89983368E-03
   6.89983368E-03
   6.99996948E-03
   6.99996948E-03
   7.10010529E-03
   7.19928741E-03
   7.49969482E-03
   7.49969482E-03
   7.50064850E-03
   7.80010223E-03
   7.89928436E-03
   7.90023804E-03
   7.99942017E-03
   8.10050964E-03
   8.19969177E-03
   8.29982758E-03
   8.39996338E-03
   8.59928131E-03
   8.80050659E-03
   8.90064240E-03
   8.90064240E-03
   8.99982452E-03
   9.00077820E-03
   9.09996033E-03
   9.09996033E-03
   9.20009613E-03
   9.20009613E-03
   9.20009613E-03
   9.30023193E-03
   9.39941406E-03
   9.49954987E-03
   9.50050354E-03
   9.60063934E-03
   9.69982147E-03
   9.89913940E-03
   1.02005005E-02
   1.03998184E-02
   1.08003616E-02
   1.09996796E-02
   1.10998154E-02
   1.14002228E-02
   1.14994049E-02
   1.18999481E-02
   1.22003555E-02
   1.22995377E-02
   1.23996735E-02
   1.23996735E-02
   1.23996735E-02
   1.28002167E-02
   1.29995346E-02
   1.30996704E-02
   1.31006241E-02
   1.31006241E-02
   1.31006241E-02
   1.32999420E-02
   1.38006210E-02
   1.38998032E-02
   1.38998032E-02
   1.39999390E-02
   1.44004822E-02
   1.44004822E-02
   1.44996643E-02
   1.49002075E-02
   1.55000687E-02
   1.57995224E-02
   1.58996582E-02
   1.64003372E-02
   1.79996490E-02
   1.80006027E-02
   1.81999207E-02
   1.83000565E-02
   1.84001923E-02
   1.86004639E-02
   1.90000534E-02
   1.93996429E-02
   1.97000504E-02
   1.98993683E-02
   2.00004578E-02
   2.06003189E-02
   2.09999084E-02
   2.11992264E-02
   2.14004517E-02
   2.22997665E-02
   2.26001740E-02
   2.28996277E-02
   2.33001709E-02
   2.39000320E-02
   2.42996216E-02
   2.43997574E-02
   2.50997543E-02
   2.61001587E-02
   2.63996124E-02
   2.64997482E-02
   2.65998840E-02
   2.65998840E-02
   2.67000198E-02
   2.79998779E-02
   2.81000137E-02
   2.81000137E-02
   2.83994675E-02
   2.84996033E-02
   3.02000046E-02
   3.15999985E-02
   3.17993164E-02
   3.19004059E-02
   3.26995850E-02
   3.27005386E-02
   3.31001282E-02
   3.31001282E-02
   3.35006714E-02
   3.35998535E-02
   3.38001251E-02
   3.40995789E-02
   3.46994400E-02
   3.46994400E-02
   3.61995697E-02
   3.64999771E-02
   3.88994217E-02
   3.98998260E-02
   4.12998199E-02
   4.13999557E-02
   4.23994064E-02
   4.30002213E-02
   4.31003571E-02
   4.32996750E-02
   4.45003510E-02
   4.50992584E-02
   4.50992584E-02
   4.58002090E-02
   5.00001907E-02
   5.16996384E-02
   5.53998947E-02
   5.74998856E-02
   5.76000214E-02
   6.18000031E-02
   6.70003891E-02
   7.12995529E-02
   7.43999481E-02
   7.49006271E-02
   7.57999420E-02
   7.88002014E-02
   8.31003189E-02
   8.69998932E-02
   9.60006714E-02
  0.106599808    
  0.108099937    
  0.128100395    
  0.138199806    
  0.167900085    
  0.168700218    
  0.246000290    
  0.255099297    
  0.298100471    
  0.303400040    
  0.329899788    
  0.383199692    
