#Npts     Radius    Mag      Completeness
#  122 2061.3228  -14.760667 0.991870
# Ierr
  -2.14996338E-02
  -1.13992691E-02
  -8.89968872E-03
  -8.70037079E-03
  -8.50009918E-03
  -7.90023804E-03
  -7.89928436E-03
  -7.49969482E-03
  -6.69956207E-03
  -6.60037994E-03
  -6.59942627E-03
  -6.19983673E-03
  -6.00051880E-03
  -5.39970398E-03
  -5.29956818E-03
  -5.29956818E-03
  -5.10025024E-03
  -4.79984283E-03
  -4.70066071E-03
  -4.50038910E-03
  -4.09984589E-03
  -3.99971008E-03
  -3.90052795E-03
  -3.89957428E-03
  -3.79943848E-03
  -3.70025635E-03
  -3.49998474E-03
  -3.39984894E-03
  -3.20053101E-03
  -3.10039520E-03
  -3.09944153E-03
  -2.90012360E-03
  -2.90012360E-03
  -2.20012665E-03
  -2.19917297E-03
  -2.19917297E-03
  -2.09999084E-03
  -1.90067291E-03
  -1.79958344E-03
  -1.59931183E-03
  -1.50012970E-03
  -1.50012970E-03
  -1.39999390E-03
  -1.30081177E-03
  -1.19972229E-03
  -1.19972229E-03
  -1.19972229E-03
  -1.09958649E-03
  -9.00268555E-04
  -8.00132751E-04
  -6.99996948E-04
  -5.99861145E-04
  -3.99589539E-04
  -2.99453735E-04
  -2.00271606E-04
   0.00000000    
   1.00135803E-04
   3.00407410E-04
   3.00407410E-04
   3.00407410E-04
   5.99861145E-04
   8.00132751E-04
   1.00040436E-03
   1.09958649E-03
   1.09958649E-03
   1.20067596E-03
   1.20067596E-03
   1.29985809E-03
   1.30081177E-03
   1.39999390E-03
   1.69944763E-03
   1.80053711E-03
   2.00080872E-03
   2.09999084E-03
   2.09999084E-03
   2.09999084E-03
   2.09999084E-03
   2.20012665E-03
   2.20012665E-03
   2.30026245E-03
   2.30026245E-03
   2.50053406E-03
   2.69985199E-03
   2.79998779E-03
   2.79998779E-03
   3.00025940E-03
   3.19957733E-03
   3.20053101E-03
   3.29971313E-03
   3.40080261E-03
   3.49998474E-03
   3.89957428E-03
   3.89957428E-03
   4.30011749E-03
   4.30011749E-03
   4.30011749E-03
   4.50038910E-03
   4.69970703E-03
   5.00011444E-03
   5.30052185E-03
   5.59997559E-03
   5.90038300E-03
   5.90038300E-03
   6.49929047E-03
   6.59942627E-03
   6.89983368E-03
   7.59983063E-03
   7.69996643E-03
   9.30023193E-03
   9.40036774E-03
   9.60063934E-03
   9.60063934E-03
   1.11999512E-02
   1.14002228E-02
   1.21002197E-02
   1.42993927E-02
   1.91001892E-02
   2.04000473E-02
   2.30998993E-02
   2.41003036E-02
   4.43992615E-02
   8.13999176E-02
