#Npts     Radius    Mag      Completeness
#  517 1654.8647  -11.943334 0.994231
# Ierr
 -0.635900497    
 -0.392100334    
 -0.191999435    
  -5.57994843E-02
  -4.82997894E-02
  -4.41999435E-02
  -4.39996719E-02
  -4.13999557E-02
  -2.54001617E-02
  -1.64995193E-02
  -1.58996582E-02
  -1.45998001E-02
  -1.35002136E-02
  -1.31006241E-02
  -1.17006302E-02
  -1.15995407E-02
  -1.13992691E-02
  -1.08003616E-02
  -1.03998184E-02
  -1.02005005E-02
  -9.99927521E-03
  -9.90009308E-03
  -9.69982147E-03
  -9.29927826E-03
  -9.00077820E-03
  -9.00077820E-03
  -7.90023804E-03
  -7.69996643E-03
  -7.59983063E-03
  -7.49969482E-03
  -7.40051270E-03
  -7.39955902E-03
  -7.30037689E-03
  -7.29942322E-03
  -7.10010529E-03
  -7.10010529E-03
  -6.99996948E-03
  -6.89983368E-03
  -6.80065155E-03
  -6.80065155E-03
  -6.79969788E-03
  -6.59942627E-03
  -6.50024414E-03
  -6.29997253E-03
  -6.20079041E-03
  -6.19983673E-03
  -5.99956512E-03
  -5.89942932E-03
  -5.70011139E-03
  -5.49983978E-03
  -5.49983978E-03
  -5.49983978E-03
  -5.40065765E-03
  -5.39970398E-03
  -5.29956818E-03
  -5.29956818E-03
  -5.19943237E-03
  -5.19943237E-03
  -5.19943237E-03
  -5.19943237E-03
  -5.19943237E-03
  -5.09929657E-03
  -5.00011444E-03
  -5.00011444E-03
  -5.00011444E-03
  -5.00011444E-03
  -4.89997864E-03
  -4.89997864E-03
  -4.79984283E-03
  -4.79984283E-03
  -4.69970703E-03
  -4.69970703E-03
  -4.69970703E-03
  -4.59957123E-03
  -4.50038910E-03
  -4.49943542E-03
  -4.40025330E-03
  -4.30011749E-03
  -4.30011749E-03
  -4.30011749E-03
  -4.30011749E-03
  -4.19998169E-03
  -4.19998169E-03
  -4.19998169E-03
  -4.09984589E-03
  -4.09984589E-03
  -3.99971008E-03
  -3.99971008E-03
  -3.99971008E-03
  -3.90052795E-03
  -3.90052795E-03
  -3.89957428E-03
  -3.89957428E-03
  -3.89957428E-03
  -3.89957428E-03
  -3.80039215E-03
  -3.70025635E-03
  -3.70025635E-03
  -3.69930267E-03
  -3.59916687E-03
  -3.49998474E-03
  -3.49998474E-03
  -3.49998474E-03
  -3.49998474E-03
  -3.40080261E-03
  -3.39984894E-03
  -3.39984894E-03
  -3.39984894E-03
  -3.39984894E-03
  -3.30066681E-03
  -3.29971313E-03
  -3.10039520E-03
  -3.10039520E-03
  -3.10039520E-03
  -3.10039520E-03
  -3.10039520E-03
  -3.09944153E-03
  -3.00025940E-03
  -3.00025940E-03
  -2.99930573E-03
  -2.79998779E-03
  -2.79998779E-03
  -2.79998779E-03
  -2.79998779E-03
  -2.69985199E-03
  -2.69985199E-03
  -2.69985199E-03
  -2.60066986E-03
  -2.59971619E-03
  -2.59971619E-03
  -2.49958038E-03
  -2.49958038E-03
  -2.39944458E-03
  -2.39944458E-03
  -2.30026245E-03
  -2.29930878E-03
  -2.09999084E-03
  -2.09999084E-03
  -2.09999084E-03
  -2.09999084E-03
  -2.09999084E-03
  -2.09999084E-03
  -2.09999084E-03
  -1.99985504E-03
  -1.99985504E-03
  -1.99985504E-03
  -1.99985504E-03
  -1.99985504E-03
  -1.89971924E-03
  -1.89971924E-03
  -1.89971924E-03
  -1.89971924E-03
  -1.89971924E-03
  -1.89971924E-03
  -1.80053711E-03
  -1.80053711E-03
  -1.80053711E-03
  -1.80053711E-03
  -1.79958344E-03
  -1.79958344E-03
  -1.70040131E-03
  -1.70040131E-03
  -1.60026550E-03
  -1.50012970E-03
  -1.49917603E-03
  -1.39999390E-03
  -1.39999390E-03
  -1.39999390E-03
  -1.39999390E-03
  -1.39999390E-03
  -1.39999390E-03
  -1.39999390E-03
  -1.29985809E-03
  -1.29985809E-03
  -1.29985809E-03
  -1.29985809E-03
  -1.20067596E-03
  -1.19972229E-03
  -1.19972229E-03
  -1.19972229E-03
  -1.19972229E-03
  -1.10054016E-03
  -1.10054016E-03
  -1.09958649E-03
  -1.09958649E-03
  -1.00040436E-03
  -9.99450684E-04
  -9.00268555E-04
  -9.00268555E-04
  -9.00268555E-04
  -9.00268555E-04
  -9.00268555E-04
  -8.00132751E-04
  -8.00132751E-04
  -7.99179077E-04
  -6.99996948E-04
  -6.99996948E-04
  -6.99996948E-04
  -6.99996948E-04
  -6.99996948E-04
  -6.00814819E-04
  -5.99861145E-04
  -4.99725342E-04
  -4.99725342E-04
  -4.99725342E-04
  -4.99725342E-04
  -4.00543213E-04
  -3.99589539E-04
  -3.99589539E-04
  -3.99589539E-04
  -3.00407410E-04
  -3.00407410E-04
  -3.00407410E-04
  -3.00407410E-04
  -3.00407410E-04
  -3.00407410E-04
  -2.99453735E-04
  -2.99453735E-04
  -2.00271606E-04
  -2.00271606E-04
  -2.00271606E-04
  -1.99317932E-04
  -1.00135803E-04
  -1.00135803E-04
  -1.00135803E-04
  -1.00135803E-04
  -1.00135803E-04
   0.00000000    
   0.00000000    
   0.00000000    
   9.91821289E-05
   1.00135803E-04
   1.00135803E-04
   1.00135803E-04
   1.99317932E-04
   1.99317932E-04
   2.00271606E-04
   2.00271606E-04
   2.00271606E-04
   2.99453735E-04
   2.99453735E-04
   3.00407410E-04
   3.99589539E-04
   3.99589539E-04
   3.99589539E-04
   4.00543213E-04
   4.00543213E-04
   4.99725342E-04
   4.99725342E-04
   5.00679016E-04
   5.99861145E-04
   5.99861145E-04
   5.99861145E-04
   6.99996948E-04
   6.99996948E-04
   6.99996948E-04
   6.99996948E-04
   6.99996948E-04
   6.99996948E-04
   6.99996948E-04
   8.99314880E-04
   8.99314880E-04
   9.00268555E-04
   9.99450684E-04
   1.00040436E-03
   1.10054016E-03
   1.10054016E-03
   1.19972229E-03
   1.19972229E-03
   1.20067596E-03
   1.29985809E-03
   1.29985809E-03
   1.30081177E-03
   1.30081177E-03
   1.39999390E-03
   1.39999390E-03
   1.39999390E-03
   1.39999390E-03
   1.50012970E-03
   1.59931183E-03
   1.60026550E-03
   1.60026550E-03
   1.60026550E-03
   1.69944763E-03
   1.69944763E-03
   1.80053711E-03
   1.89971924E-03
   1.90067291E-03
   1.90067291E-03
   1.99985504E-03
   1.99985504E-03
   2.00080872E-03
   2.00080872E-03
   2.09999084E-03
   2.09999084E-03
   2.09999084E-03
   2.09999084E-03
   2.09999084E-03
   2.09999084E-03
   2.20012665E-03
   2.20012665E-03
   2.29930878E-03
   2.30026245E-03
   2.30026245E-03
   2.30026245E-03
   2.30026245E-03
   2.30026245E-03
   2.40039825E-03
   2.40039825E-03
   2.40039825E-03
   2.40039825E-03
   2.40039825E-03
   2.40039825E-03
   2.49958038E-03
   2.50053406E-03
   2.59971619E-03
   2.59971619E-03
   2.69985199E-03
   2.90012360E-03
   2.90012360E-03
   2.90012360E-03
   2.90012360E-03
   3.09944153E-03
   3.10039520E-03
   3.20053101E-03
   3.20053101E-03
   3.29971313E-03
   3.29971313E-03
   3.29971313E-03
   3.29971313E-03
   3.39984894E-03
   3.39984894E-03
   3.39984894E-03
   3.39984894E-03
   3.40080261E-03
   3.40080261E-03
   3.49998474E-03
   3.59916687E-03
   3.60012054E-03
   3.70025635E-03
   3.79943848E-03
   3.79943848E-03
   3.89957428E-03
   3.89957428E-03
   3.89957428E-03
   3.90052795E-03
   3.90052795E-03
   3.90052795E-03
   4.19998169E-03
   4.19998169E-03
   4.19998169E-03
   4.30011749E-03
   4.30011749E-03
   4.30011749E-03
   4.30011749E-03
   4.30011749E-03
   4.40025330E-03
   4.50038910E-03
   4.59957123E-03
   4.69970703E-03
   4.89997864E-03
   4.89997864E-03
   5.00011444E-03
   5.10025024E-03
   5.10025024E-03
   5.30052185E-03
   5.40065765E-03
   5.50079346E-03
   5.59997559E-03
   5.70011139E-03
   5.79929352E-03
   5.80024719E-03
   5.80024719E-03
   5.89942932E-03
   5.99956512E-03
   6.00051880E-03
   6.00051880E-03
   6.00051880E-03
   6.09970093E-03
   6.09970093E-03
   6.09970093E-03
   6.29997253E-03
   6.29997253E-03
   6.29997253E-03
   6.29997253E-03
   6.50024414E-03
   6.50024414E-03
   6.59942627E-03
   6.60037994E-03
   6.79969788E-03
   6.79969788E-03
   6.99996948E-03
   6.99996948E-03
   7.10010529E-03
   7.20024109E-03
   7.59983063E-03
   7.59983063E-03
   7.59983063E-03
   7.59983063E-03
   7.69996643E-03
   7.89928436E-03
   8.09955597E-03
   8.19969177E-03
   8.29982758E-03
   8.29982758E-03
   8.39996338E-03
   8.39996338E-03
   8.50009918E-03
   8.50009918E-03
   8.60023499E-03
   9.09996033E-03
   9.40036774E-03
   9.59968567E-03
   9.79995728E-03
   9.90009308E-03
   9.90009308E-03
   1.02996826E-02
   1.03006363E-02
   1.03998184E-02
   1.04999542E-02
   1.04999542E-02
   1.04999542E-02
   1.04999542E-02
   1.06000900E-02
   1.07002258E-02
   1.08995438E-02
   1.08995438E-02
   1.09996796E-02
   1.09996796E-02
   1.11999512E-02
   1.13000870E-02
   1.15995407E-02
   1.16004944E-02
   1.17006302E-02
   1.17998123E-02
   1.17998123E-02
   1.21002197E-02
   1.22995377E-02
   1.23996735E-02
   1.24998093E-02
   1.34000778E-02
   1.35002136E-02
   1.42002106E-02
   1.43003464E-02
   1.45998001E-02
   1.46999359E-02
   1.49002075E-02
   1.63993835E-02
   1.63993835E-02
   1.67999268E-02
   1.73006058E-02
   1.79996490E-02
   1.81999207E-02
   1.83000565E-02
   1.84001923E-02
   1.84001923E-02
   1.86996460E-02
   1.87005997E-02
   1.87005997E-02
   1.93996429E-02
   1.94997787E-02
   2.08005905E-02
   2.09999084E-02
   2.13003159E-02
   2.23999023E-02
   2.34003067E-02
   2.37998962E-02
   2.46000290E-02
   2.63004303E-02
   2.63004303E-02
   2.75993347E-02
   2.82001495E-02
   2.89001465E-02
   3.13005447E-02
   3.14006805E-02
   3.15999985E-02
   3.19004059E-02
   3.20005417E-02
   3.35006714E-02
   3.35998535E-02
   3.49998474E-02
   3.50999832E-02
   3.55997086E-02
   3.83005142E-02
   4.04996872E-02
   4.12998199E-02
   4.20999527E-02
   4.20999527E-02
   4.32996750E-02
   4.33998108E-02
   4.46996689E-02
   4.61997986E-02
   4.72993851E-02
   4.81004715E-02
   5.34992218E-02
   5.50994873E-02
   5.55000305E-02
   5.73005676E-02
   5.88998795E-02
   6.20002747E-02
   6.52999878E-02
   6.75992966E-02
   6.84995651E-02
   6.90994263E-02
   7.11002350E-02
   8.05997849E-02
   8.12997818E-02
   9.96999741E-02
  0.103300095    
  0.109099388    
  0.131600380    
  0.142799377    
  0.164299965    
  0.180899620    
  0.196100235    
  0.227600098    
  0.571899414    
