#Npts     Radius    Mag      Completeness
#  199 1451.4938  -14.101334 1.000000
# Ierr
  -1.70001984E-02
  -1.53999329E-02
  -1.25999451E-02
  -1.18999481E-02
  -1.09996796E-02
  -1.08003616E-02
  -1.06000900E-02
  -9.79995728E-03
  -9.29927826E-03
  -9.20009613E-03
  -9.00077820E-03
  -8.90064240E-03
  -8.80050659E-03
  -8.50009918E-03
  -8.29982758E-03
  -8.20064545E-03
  -8.20064545E-03
  -8.19969177E-03
  -7.39955902E-03
  -7.20024109E-03
  -7.20024109E-03
  -7.20024109E-03
  -6.89983368E-03
  -6.79969788E-03
  -6.09970093E-03
  -6.00051880E-03
  -5.29956818E-03
  -5.20038605E-03
  -4.79984283E-03
  -4.70066071E-03
  -4.60052490E-03
  -4.49943542E-03
  -4.30011749E-03
  -3.89957428E-03
  -3.80039215E-03
  -3.80039215E-03
  -3.79943848E-03
  -3.60012054E-03
  -3.49998474E-03
  -3.39984894E-03
  -3.39984894E-03
  -3.29971313E-03
  -3.10039520E-03
  -3.00025940E-03
  -2.99930573E-03
  -2.79998779E-03
  -2.79998779E-03
  -2.59971619E-03
  -2.50053406E-03
  -2.30026245E-03
  -2.20012665E-03
  -1.99985504E-03
  -1.90067291E-03
  -1.89971924E-03
  -1.89971924E-03
  -1.80053711E-03
  -1.59931183E-03
  -1.50012970E-03
  -1.50012970E-03
  -1.39999390E-03
  -1.30081177E-03
  -1.29985809E-03
  -1.00040436E-03
  -1.00040436E-03
  -9.99450684E-04
  -9.00268555E-04
  -9.00268555E-04
  -6.99996948E-04
  -5.99861145E-04
  -4.99725342E-04
  -4.00543213E-04
  -2.00271606E-04
  -1.00135803E-04
   0.00000000    
   0.00000000    
   1.99317932E-04
   2.00271606E-04
   3.00407410E-04
   3.00407410E-04
   3.99589539E-04
   4.00543213E-04
   4.00543213E-04
   4.00543213E-04
   4.00543213E-04
   4.99725342E-04
   4.99725342E-04
   5.00679016E-04
   6.99996948E-04
   6.99996948E-04
   6.99996948E-04
   6.99996948E-04
   8.00132751E-04
   8.00132751E-04
   8.00132751E-04
   8.99314880E-04
   9.00268555E-04
   9.00268555E-04
   9.99450684E-04
   9.99450684E-04
   1.00040436E-03
   1.09958649E-03
   1.09958649E-03
   1.30081177E-03
   1.39999390E-03
   1.50012970E-03
   1.59931183E-03
   1.59931183E-03
   1.60026550E-03
   1.99985504E-03
   2.09999084E-03
   2.19917297E-03
   2.20012665E-03
   2.20012665E-03
   2.30026245E-03
   2.39944458E-03
   2.49958038E-03
   2.50053406E-03
   2.50053406E-03
   2.59971619E-03
   2.60066986E-03
   2.70080566E-03
   2.70080566E-03
   2.70080566E-03
   2.79998779E-03
   2.79998779E-03
   2.79998779E-03
   3.00025940E-03
   3.30066681E-03
   3.49998474E-03
   3.60012054E-03
   3.60012054E-03
   3.70025635E-03
   3.70025635E-03
   3.80039215E-03
   3.89957428E-03
   3.99971008E-03
   3.99971008E-03
   4.09984589E-03
   4.10079956E-03
   4.19998169E-03
   4.39929962E-03
   4.69970703E-03
   4.89997864E-03
   5.29956818E-03
   5.39970398E-03
   5.39970398E-03
   5.59997559E-03
   5.70011139E-03
   5.80024719E-03
   5.80024719E-03
   5.80024719E-03
   5.80024719E-03
   5.89942932E-03
   6.09970093E-03
   6.19983673E-03
   6.89983368E-03
   7.09915161E-03
   7.49969482E-03
   7.69996643E-03
   7.80010223E-03
   7.89928436E-03
   8.10050964E-03
   8.39996338E-03
   8.39996338E-03
   8.50009918E-03
   8.80050659E-03
   9.20009613E-03
   9.30023193E-03
   9.40036774E-03
   9.59968567E-03
   9.79995728E-03
   1.00002289E-02
   1.13000870E-02
   1.14002228E-02
   1.16996765E-02
   1.17006302E-02
   1.25007629E-02
   1.28002167E-02
   1.29995346E-02
   1.39999390E-02
   1.55992508E-02
   1.65004730E-02
   1.80997849E-02
   1.90000534E-02
   2.17008591E-02
   2.53000259E-02
   2.55002975E-02
   2.65998840E-02
   2.75993347E-02
   3.06005478E-02
   3.55005264E-02
   4.11005020E-02
   4.15000916E-02
   4.92992401E-02
   5.55000305E-02
   5.73005676E-02
   7.48996735E-02
   8.91008377E-02
   9.54999924E-02
