#Npts     Radius    Mag      Completeness
#  361 2061.1211  -12.228001 0.997238
# Ierr
  -6.13994598E-02
  -3.92999649E-02
  -1.87005997E-02
  -1.14994049E-02
  -9.39941406E-03
  -7.99942017E-03
  -7.49969482E-03
  -6.19983673E-03
  -6.00051880E-03
  -5.80024719E-03
  -5.80024719E-03
  -5.70011139E-03
  -5.70011139E-03
  -5.70011139E-03
  -5.69915771E-03
  -5.59997559E-03
  -5.49983978E-03
  -5.20038605E-03
  -4.89997864E-03
  -4.89997864E-03
  -4.79984283E-03
  -4.30011749E-03
  -4.30011749E-03
  -4.30011749E-03
  -4.10079956E-03
  -3.90052795E-03
  -3.89957428E-03
  -3.89957428E-03
  -3.69930267E-03
  -3.60012054E-03
  -3.49998474E-03
  -3.49998474E-03
  -3.30066681E-03
  -3.29971313E-03
  -3.29971313E-03
  -3.20053101E-03
  -3.20053101E-03
  -3.20053101E-03
  -3.19957733E-03
  -3.10039520E-03
  -3.10039520E-03
  -3.00025940E-03
  -2.99930573E-03
  -2.99930573E-03
  -2.90012360E-03
  -2.90012360E-03
  -2.90012360E-03
  -2.90012360E-03
  -2.79998779E-03
  -2.79998779E-03
  -2.79998779E-03
  -2.70080566E-03
  -2.69985199E-03
  -2.59971619E-03
  -2.59971619E-03
  -2.49958038E-03
  -2.49958038E-03
  -2.40039825E-03
  -2.40039825E-03
  -2.30026245E-03
  -2.30026245E-03
  -2.30026245E-03
  -2.29930878E-03
  -2.20012665E-03
  -2.20012665E-03
  -2.20012665E-03
  -2.19917297E-03
  -2.19917297E-03
  -2.09999084E-03
  -2.00080872E-03
  -1.99985504E-03
  -1.99985504E-03
  -1.99985504E-03
  -1.99985504E-03
  -1.99985504E-03
  -1.99985504E-03
  -1.90067291E-03
  -1.89971924E-03
  -1.80053711E-03
  -1.79958344E-03
  -1.79958344E-03
  -1.70040131E-03
  -1.69944763E-03
  -1.69944763E-03
  -1.69944763E-03
  -1.60026550E-03
  -1.60026550E-03
  -1.60026550E-03
  -1.50012970E-03
  -1.49917603E-03
  -1.39999390E-03
  -1.39999390E-03
  -1.39999390E-03
  -1.39999390E-03
  -1.39999390E-03
  -1.30081177E-03
  -1.29985809E-03
  -1.29985809E-03
  -1.29985809E-03
  -1.29985809E-03
  -1.20067596E-03
  -1.19972229E-03
  -1.19972229E-03
  -1.19972229E-03
  -1.10054016E-03
  -1.10054016E-03
  -1.09958649E-03
  -1.09958649E-03
  -1.09958649E-03
  -1.09958649E-03
  -1.09958649E-03
  -9.99450684E-04
  -9.99450684E-04
  -9.99450684E-04
  -9.99450684E-04
  -9.00268555E-04
  -9.00268555E-04
  -9.00268555E-04
  -8.99314880E-04
  -8.00132751E-04
  -8.00132751E-04
  -8.00132751E-04
  -6.99996948E-04
  -6.99996948E-04
  -6.99996948E-04
  -6.99996948E-04
  -6.99996948E-04
  -5.99861145E-04
  -5.99861145E-04
  -5.99861145E-04
  -5.99861145E-04
  -5.99861145E-04
  -5.99861145E-04
  -5.00679016E-04
  -5.00679016E-04
  -4.99725342E-04
  -4.99725342E-04
  -4.99725342E-04
  -4.99725342E-04
  -4.00543213E-04
  -3.99589539E-04
  -3.00407410E-04
  -3.00407410E-04
  -3.00407410E-04
  -3.00407410E-04
  -2.99453735E-04
  -2.99453735E-04
  -2.00271606E-04
  -2.00271606E-04
  -2.00271606E-04
  -2.00271606E-04
  -2.00271606E-04
  -2.00271606E-04
  -2.00271606E-04
  -1.99317932E-04
  -1.99317932E-04
  -1.00135803E-04
  -1.00135803E-04
  -1.00135803E-04
  -1.00135803E-04
  -1.00135803E-04
  -1.00135803E-04
   0.00000000    
   0.00000000    
   0.00000000    
   0.00000000    
   0.00000000    
   1.00135803E-04
   1.00135803E-04
   2.00271606E-04
   2.99453735E-04
   2.99453735E-04
   2.99453735E-04
   2.99453735E-04
   3.00407410E-04
   3.00407410E-04
   3.00407410E-04
   3.99589539E-04
   3.99589539E-04
   4.00543213E-04
   4.99725342E-04
   4.99725342E-04
   4.99725342E-04
   5.99861145E-04
   5.99861145E-04
   5.99861145E-04
   6.00814819E-04
   6.00814819E-04
   6.99996948E-04
   6.99996948E-04
   8.00132751E-04
   8.00132751E-04
   9.00268555E-04
   9.99450684E-04
   9.99450684E-04
   1.00040436E-03
   1.00040436E-03
   1.00040436E-03
   1.00040436E-03
   1.00040436E-03
   1.09958649E-03
   1.10054016E-03
   1.10054016E-03
   1.19972229E-03
   1.19972229E-03
   1.30081177E-03
   1.39999390E-03
   1.39999390E-03
   1.39999390E-03
   1.49917603E-03
   1.50012970E-03
   1.50012970E-03
   1.50012970E-03
   1.50012970E-03
   1.59931183E-03
   1.60026550E-03
   1.60026550E-03
   1.70040131E-03
   1.70040131E-03
   1.70040131E-03
   1.79958344E-03
   1.89971924E-03
   1.90067291E-03
   1.90067291E-03
   1.90067291E-03
   1.90067291E-03
   1.90067291E-03
   1.99985504E-03
   1.99985504E-03
   1.99985504E-03
   2.09999084E-03
   2.09999084E-03
   2.09999084E-03
   2.09999084E-03
   2.20012665E-03
   2.20012665E-03
   2.39944458E-03
   2.39944458E-03
   2.40039825E-03
   2.40039825E-03
   2.40039825E-03
   2.49958038E-03
   2.50053406E-03
   2.50053406E-03
   2.60066986E-03
   2.69985199E-03
   2.69985199E-03
   2.79998779E-03
   2.79998779E-03
   2.79998779E-03
   2.79998779E-03
   2.90012360E-03
   3.00025940E-03
   3.09944153E-03
   3.19957733E-03
   3.20053101E-03
   3.20053101E-03
   3.29971313E-03
   3.29971313E-03
   3.30066681E-03
   3.30066681E-03
   3.39984894E-03
   3.39984894E-03
   3.40080261E-03
   3.49998474E-03
   3.49998474E-03
   3.59916687E-03
   3.60012054E-03
   3.60012054E-03
   3.70025635E-03
   3.79943848E-03
   3.80039215E-03
   3.89957428E-03
   3.90052795E-03
   4.19998169E-03
   4.19998169E-03
   4.19998169E-03
   4.19998169E-03
   4.29916382E-03
   4.30011749E-03
   4.30011749E-03
   4.60052490E-03
   4.79984283E-03
   5.19943237E-03
   5.39970398E-03
   5.40065765E-03
   5.49983978E-03
   5.49983978E-03
   5.89942932E-03
   6.10065460E-03
   6.19983673E-03
   6.40010834E-03
   6.49929047E-03
   6.69956207E-03
   6.79969788E-03
   6.89983368E-03
   6.99996948E-03
   7.10010529E-03
   7.20024109E-03
   7.40051270E-03
   7.80010223E-03
   7.90023804E-03
   7.90023804E-03
   8.00037384E-03
   8.19969177E-03
   8.29982758E-03
   8.39996338E-03
   8.50009918E-03
   8.99982452E-03
   9.69982147E-03
   9.90009308E-03
   1.02996826E-02
   1.06000900E-02
   1.09996796E-02
   1.09996796E-02
   1.13000870E-02
   1.15995407E-02
   1.17998123E-02
   1.21994019E-02
   1.24998093E-02
   1.28002167E-02
   1.29995346E-02
   1.29995346E-02
   1.31006241E-02
   1.36003494E-02
   1.36003494E-02
   1.37996674E-02
   1.37996674E-02
   1.42002106E-02
   1.43003464E-02
   1.46999359E-02
   1.52006149E-02
   1.53999329E-02
   1.56002045E-02
   1.57003403E-02
   1.58004761E-02
   1.59006119E-02
   1.59997940E-02
   1.70001984E-02
   1.93004608E-02
   1.94997787E-02
   1.95999146E-02
   2.12001801E-02
   2.14996338E-02
   2.14996338E-02
   2.19001770E-02
   2.21996307E-02
   2.41994858E-02
   2.46992111E-02
   2.58998871E-02
   2.58998871E-02
   2.84996033E-02
   3.38993073E-02
   3.78999710E-02
   4.02994156E-02
   4.19998169E-02
   4.97007370E-02
   5.52005768E-02
   5.59997559E-02
   9.57002640E-02
  0.179200172    
