#Npts     Radius    Mag      Completeness
#   73  638.7197  -14.760667 1.000000
# Ierr
  -1.76000595E-02
  -1.57995224E-02
  -9.49954987E-03
  -9.40036774E-03
  -7.20024109E-03
  -3.39984894E-03
  -3.00025940E-03
  -2.90012360E-03
  -2.79998779E-03
  -2.79998779E-03
  -2.30026245E-03
  -2.20012665E-03
  -1.99985504E-03
  -1.89971924E-03
  -1.19972229E-03
  -9.00268555E-04
  -5.99861145E-04
   3.99589539E-04
   3.99589539E-04
   4.99725342E-04
   5.99861145E-04
   1.19972229E-03
   1.60026550E-03
   1.60026550E-03
   1.69944763E-03
   1.89971924E-03
   3.39984894E-03
   3.49998474E-03
   3.49998474E-03
   3.49998474E-03
   3.69930267E-03
   5.49983978E-03
   7.10010529E-03
   7.69996643E-03
   7.69996643E-03
   7.90023804E-03
   8.69941711E-03
   9.39941406E-03
   9.39941406E-03
   1.00002289E-02
   1.09996796E-02
   1.10006332E-02
   1.18999481E-02
   1.29995346E-02
   1.29995346E-02
   1.31006241E-02
   1.31998062E-02
   1.58004761E-02
   1.67999268E-02
   1.69000626E-02
   1.72004700E-02
   1.84001923E-02
   2.00004578E-02
   2.23999023E-02
   2.48994827E-02
   2.75001526E-02
   2.83002853E-02
   2.85005569E-02
   3.13997269E-02
   3.42998505E-02
   3.48997116E-02
   3.62997055E-02
   4.09002304E-02
   4.74004745E-02
   4.97999191E-02
   5.81998825E-02
   6.20002747E-02
  0.102699280    
  0.127399445    
  0.128000259    
  0.156900406    
  0.249400139    
  0.330300331    
