#Npts     Radius    Mag      Completeness
#  435 1045.0756  -11.755000 0.981941
# Ierr
 -0.409499168    
 -0.127200127    
  -7.71007538E-02
  -6.73999786E-02
  -6.01997375E-02
  -5.81007004E-02
  -3.17993164E-02
  -2.64997482E-02
  -2.53000259E-02
  -2.25000381E-02
  -2.14004517E-02
  -2.11000443E-02
  -2.02999115E-02
  -1.99995041E-02
  -1.88999176E-02
  -1.81999207E-02
  -1.79004669E-02
  -1.70001984E-02
  -1.59997940E-02
  -1.58004761E-02
  -1.45998001E-02
  -1.44004822E-02
  -1.37004852E-02
  -1.35993958E-02
  -1.30996704E-02
  -1.30996704E-02
  -1.28002167E-02
  -1.20992661E-02
  -1.18999481E-02
  -1.18999481E-02
  -1.15995407E-02
  -1.14002228E-02
  -1.14002228E-02
  -1.11999512E-02
  -1.11007690E-02
  -1.07002258E-02
  -1.06992722E-02
  -1.06000900E-02
  -1.06000900E-02
  -1.04999542E-02
  -1.04999542E-02
  -1.04007721E-02
  -1.03998184E-02
  -1.03006363E-02
  -1.02005005E-02
  -9.99927521E-03
  -9.90009308E-03
  -9.79995728E-03
  -9.39941406E-03
  -9.09996033E-03
  -8.90064240E-03
  -8.79955292E-03
  -8.79955292E-03
  -8.39996338E-03
  -8.29982758E-03
  -8.29982758E-03
  -8.29982758E-03
  -8.19969177E-03
  -7.99942017E-03
  -7.90023804E-03
  -7.90023804E-03
  -7.89928436E-03
  -7.80010223E-03
  -7.80010223E-03
  -7.80010223E-03
  -7.69996643E-03
  -7.59983063E-03
  -7.59983063E-03
  -7.59983063E-03
  -7.50064850E-03
  -7.40051270E-03
  -7.39955902E-03
  -7.29942322E-03
  -7.10010529E-03
  -7.10010529E-03
  -6.99996948E-03
  -6.89983368E-03
  -6.79969788E-03
  -6.79969788E-03
  -6.79969788E-03
  -6.69956207E-03
  -6.69956207E-03
  -6.60037994E-03
  -6.40010834E-03
  -6.30092621E-03
  -6.09970093E-03
  -6.00051880E-03
  -5.99956512E-03
  -5.89942932E-03
  -5.80024719E-03
  -5.70011139E-03
  -5.59997559E-03
  -5.59997559E-03
  -5.49983978E-03
  -5.39970398E-03
  -5.30052185E-03
  -5.10025024E-03
  -5.10025024E-03
  -5.00011444E-03
  -4.79984283E-03
  -4.70066071E-03
  -4.70066071E-03
  -4.50038910E-03
  -4.50038910E-03
  -4.30011749E-03
  -4.19998169E-03
  -4.19998169E-03
  -4.10079956E-03
  -3.90052795E-03
  -3.89957428E-03
  -3.80039215E-03
  -3.60012054E-03
  -3.60012054E-03
  -3.60012054E-03
  -3.59916687E-03
  -3.59916687E-03
  -3.49998474E-03
  -3.40080261E-03
  -3.39984894E-03
  -3.29971313E-03
  -3.29971313E-03
  -3.29971313E-03
  -3.29971313E-03
  -3.29971313E-03
  -3.29971313E-03
  -3.20053101E-03
  -3.19957733E-03
  -3.10039520E-03
  -3.10039520E-03
  -3.10039520E-03
  -3.00025940E-03
  -3.00025940E-03
  -3.00025940E-03
  -2.90012360E-03
  -2.90012360E-03
  -2.70080566E-03
  -2.69985199E-03
  -2.69985199E-03
  -2.50053406E-03
  -2.50053406E-03
  -2.49958038E-03
  -2.49958038E-03
  -2.40039825E-03
  -2.20012665E-03
  -2.19917297E-03
  -2.19917297E-03
  -2.09999084E-03
  -2.09999084E-03
  -2.09999084E-03
  -1.99985504E-03
  -1.99985504E-03
  -1.80053711E-03
  -1.79958344E-03
  -1.79958344E-03
  -1.69944763E-03
  -1.50012970E-03
  -1.39999390E-03
  -1.39999390E-03
  -1.39999390E-03
  -1.19972229E-03
  -1.10054016E-03
  -1.10054016E-03
  -1.09958649E-03
  -9.99450684E-04
  -9.00268555E-04
  -9.00268555E-04
  -8.99314880E-04
  -8.00132751E-04
  -8.00132751E-04
  -8.00132751E-04
  -8.00132751E-04
  -8.00132751E-04
  -7.99179077E-04
  -4.00543213E-04
  -4.00543213E-04
  -3.99589539E-04
  -3.00407410E-04
  -3.00407410E-04
  -2.99453735E-04
  -1.00135803E-04
  -9.91821289E-05
   0.00000000    
   0.00000000    
   1.00135803E-04
   1.00135803E-04
   2.00271606E-04
   3.00407410E-04
   3.99589539E-04
   3.99589539E-04
   4.00543213E-04
   4.99725342E-04
   5.00679016E-04
   5.99861145E-04
   5.99861145E-04
   5.99861145E-04
   6.99996948E-04
   8.00132751E-04
   8.00132751E-04
   9.99450684E-04
   9.99450684E-04
   1.00040436E-03
   1.00040436E-03
   1.10054016E-03
   1.19972229E-03
   1.19972229E-03
   1.19972229E-03
   1.29985809E-03
   1.29985809E-03
   1.29985809E-03
   1.29985809E-03
   1.39999390E-03
   1.39999390E-03
   1.39999390E-03
   1.59931183E-03
   1.59931183E-03
   1.60026550E-03
   1.69944763E-03
   1.70040131E-03
   1.70040131E-03
   1.79958344E-03
   1.89971924E-03
   1.99985504E-03
   2.00080872E-03
   2.20012665E-03
   2.20012665E-03
   2.29930878E-03
   2.39944458E-03
   2.49958038E-03
   2.50053406E-03
   2.50053406E-03
   2.50053406E-03
   2.60066986E-03
   2.69985199E-03
   2.69985199E-03
   2.69985199E-03
   2.79998779E-03
   2.89916992E-03
   2.90012360E-03
   2.90012360E-03
   3.19957733E-03
   3.20053101E-03
   3.29971313E-03
   3.29971313E-03
   3.29971313E-03
   3.30066681E-03
   3.39984894E-03
   3.40080261E-03
   3.60012054E-03
   3.60012054E-03
   3.69930267E-03
   3.79943848E-03
   3.90052795E-03
   3.99971008E-03
   4.09984589E-03
   4.09984589E-03
   4.10079956E-03
   4.30011749E-03
   4.59957123E-03
   4.60052490E-03
   4.79984283E-03
   4.80079651E-03
   4.89997864E-03
   5.10025024E-03
   5.39970398E-03
   5.40065765E-03
   5.49983978E-03
   5.70011139E-03
   6.09970093E-03
   6.09970093E-03
   6.10065460E-03
   6.19983673E-03
   6.19983673E-03
   6.40010834E-03
   6.50024414E-03
   6.60037994E-03
   6.69956207E-03
   6.69956207E-03
   6.80065155E-03
   6.89983368E-03
   6.99996948E-03
   7.10010529E-03
   7.10010529E-03
   7.29942322E-03
   7.29942322E-03
   7.39955902E-03
   7.40051270E-03
   7.49969482E-03
   7.79914856E-03
   7.80010223E-03
   8.10050964E-03
   8.10050964E-03
   8.19969177E-03
   8.39996338E-03
   8.39996338E-03
   8.60023499E-03
   8.70037079E-03
   8.99982452E-03
   9.09996033E-03
   9.30023193E-03
   9.40036774E-03
   9.49954987E-03
   9.50050354E-03
   9.60063934E-03
   9.79995728E-03
   1.00994110E-02
   1.01995468E-02
   1.04999542E-02
   1.07994080E-02
   1.08995438E-02
   1.13992691E-02
   1.15003586E-02
   1.17998123E-02
   1.17998123E-02
   1.18007660E-02
   1.18999481E-02
   1.20000839E-02
   1.21002197E-02
   1.21994019E-02
   1.22995377E-02
   1.27000809E-02
   1.29003525E-02
   1.29995346E-02
   1.31998062E-02
   1.31998062E-02
   1.31998062E-02
   1.32999420E-02
   1.33991241E-02
   1.34992599E-02
   1.36003494E-02
   1.41000748E-02
   1.42002106E-02
   1.43003464E-02
   1.44996643E-02
   1.44996643E-02
   1.55000687E-02
   1.55000687E-02
   1.55000687E-02
   1.56002045E-02
   1.57995224E-02
   1.58996582E-02
   1.65004730E-02
   1.65996552E-02
   1.65996552E-02
   1.70001984E-02
   1.70001984E-02
   1.70001984E-02
   1.84001923E-02
   1.84993744E-02
   1.85003281E-02
   1.92995071E-02
   1.94997787E-02
   1.97000504E-02
   1.98001862E-02
   2.00996399E-02
   2.01005936E-02
   2.02999115E-02
   2.15997696E-02
   2.16999054E-02
   2.18000412E-02
   2.25000381E-02
   2.26001740E-02
   2.28996277E-02
   2.29997635E-02
   2.32000351E-02
   2.32000351E-02
   2.42004395E-02
   2.44007111E-02
   2.44998932E-02
   2.49004364E-02
   2.58998871E-02
   2.62994766E-02
   2.62994766E-02
   2.64997482E-02
   2.74000168E-02
   2.75001526E-02
   2.83994675E-02
   2.88000107E-02
   2.91004181E-02
   2.91996002E-02
   2.93998718E-02
   3.04994583E-02
   3.05995941E-02
   3.18994522E-02
   3.21998596E-02
   3.22999954E-02
   3.26004028E-02
   3.32994461E-02
   3.33995819E-02
   3.34997177E-02
   3.64999771E-02
   3.64999771E-02
   3.70998383E-02
   3.81002426E-02
   3.95994186E-02
   4.31003571E-02
   4.40998077E-02
   4.46004868E-02
   4.52003479E-02
   4.65993881E-02
   4.90007401E-02
   4.99992371E-02
   5.48000336E-02
   5.53998947E-02
   5.53998947E-02
   5.57003021E-02
   5.74998856E-02
   5.98001480E-02
   6.11000061E-02
   6.23006821E-02
   6.26001358E-02
   6.85005188E-02
   7.36007690E-02
   7.49998093E-02
   7.56006241E-02
   7.63998032E-02
   7.99999237E-02
   8.16001892E-02
   8.25996399E-02
   8.83007050E-02
   9.04998779E-02
   9.45997238E-02
  0.109100342    
  0.123399734    
  0.125000000    
  0.131599426    
  0.134499550    
  0.163099289    
  0.181500435    
  0.198200226    
  0.203800201    
  0.214900017    
  0.275700569    
  0.291500092    
  0.357899666    
  0.478300095    
