#Npts     Radius    Mag      Completeness
#  102 1045.1777  -14.635500 0.990291
# Ierr
 -0.140900612    
  -1.57995224E-02
  -9.90009308E-03
  -9.79995728E-03
  -9.40036774E-03
  -8.10050964E-03
  -8.10050964E-03
  -7.20024109E-03
  -7.10010529E-03
  -6.89983368E-03
  -6.60037994E-03
  -5.39970398E-03
  -5.09929657E-03
  -5.00011444E-03
  -4.70066071E-03
  -4.69970703E-03
  -4.40025330E-03
  -4.30011749E-03
  -4.09984589E-03
  -3.89957428E-03
  -3.70025635E-03
  -3.60012054E-03
  -3.30066681E-03
  -3.19957733E-03
  -3.19957733E-03
  -2.90012360E-03
  -2.90012360E-03
  -2.79998779E-03
  -2.60066986E-03
  -2.59971619E-03
  -2.00080872E-03
  -1.70040131E-03
  -1.39999390E-03
  -1.39999390E-03
  -1.39999390E-03
  -1.29985809E-03
  -1.19972229E-03
  -1.09958649E-03
  -8.00132751E-04
  -5.99861145E-04
  -4.99725342E-04
  -4.99725342E-04
  -2.99453735E-04
  -2.00271606E-04
  -1.00135803E-04
  -9.91821289E-05
   0.00000000    
   3.00407410E-04
   5.99861145E-04
   9.00268555E-04
   1.09958649E-03
   1.39999390E-03
   1.70040131E-03
   1.70040131E-03
   1.70040131E-03
   1.89971924E-03
   2.29930878E-03
   2.39944458E-03
   2.49958038E-03
   2.49958038E-03
   2.69985199E-03
   2.69985199E-03
   3.20053101E-03
   3.39984894E-03
   3.69930267E-03
   4.19998169E-03
   4.19998169E-03
   4.59957123E-03
   5.00011444E-03
   5.30052185E-03
   5.49983978E-03
   6.10065460E-03
   6.29997253E-03
   6.59942627E-03
   6.59942627E-03
   6.79969788E-03
   6.99996948E-03
   7.79914856E-03
   8.99982452E-03
   9.19914246E-03
   9.69982147E-03
   1.06000900E-02
   1.23996735E-02
   1.24998093E-02
   1.24998093E-02
   1.43995285E-02
   1.59006119E-02
   1.60999298E-02
   1.91001892E-02
   2.06003189E-02
   2.61001587E-02
   2.74000168E-02
   2.74991989E-02
   2.84004211E-02
   2.89001465E-02
   2.96001434E-02
   3.57999802E-02
   3.67002487E-02
   3.93009186E-02
   5.73997498E-02
  0.156899452    
  0.328100204    
