#Npts     Radius    Mag      Completeness
#   97  841.9487  -14.635500 0.970000
# Ierr
  -1.34000778E-02
  -1.31998062E-02
  -9.39941406E-03
  -8.99982452E-03
  -8.60023499E-03
  -8.19969177E-03
  -7.59983063E-03
  -7.09915161E-03
  -6.79969788E-03
  -6.09970093E-03
  -5.90038300E-03
  -4.79984283E-03
  -4.59957123E-03
  -4.10079956E-03
  -4.09984589E-03
  -3.49998474E-03
  -3.20053101E-03
  -2.99930573E-03
  -2.69985199E-03
  -2.49958038E-03
  -2.29930878E-03
  -2.20012665E-03
  -2.09999084E-03
  -2.09999084E-03
  -2.00080872E-03
  -1.39999390E-03
  -1.20067596E-03
  -1.19972229E-03
  -9.99450684E-04
  -9.00268555E-04
  -7.99179077E-04
  -5.99861145E-04
  -5.00679016E-04
  -3.00407410E-04
   1.00135803E-04
   1.99317932E-04
   5.99861145E-04
   9.00268555E-04
   1.39999390E-03
   1.39999390E-03
   1.50012970E-03
   1.50012970E-03
   1.50012970E-03
   1.69944763E-03
   2.30026245E-03
   2.60066986E-03
   2.69985199E-03
   2.70080566E-03
   2.79998779E-03
   2.79998779E-03
   2.79998779E-03
   3.09944153E-03
   3.10039520E-03
   3.19957733E-03
   3.30066681E-03
   3.80039215E-03
   3.80039215E-03
   3.99971008E-03
   4.09984589E-03
   4.30011749E-03
   4.30011749E-03
   4.79984283E-03
   5.20038605E-03
   5.39970398E-03
   5.49983978E-03
   6.19983673E-03
   6.40010834E-03
   6.40010834E-03
   7.30037689E-03
   7.40051270E-03
   8.10050964E-03
   1.07002258E-02
   1.08003616E-02
   1.13000870E-02
   1.14002228E-02
   1.17006302E-02
   1.25999451E-02
   1.25999451E-02
   1.28002167E-02
   1.42993927E-02
   1.49002075E-02
   1.56002045E-02
   1.64003372E-02
   2.53000259E-02
   2.71005630E-02
   2.73008347E-02
   2.76002884E-02
   3.15999985E-02
   3.33995819E-02
   3.83005142E-02
   4.53996658E-02
   4.60004807E-02
   5.55992126E-02
   6.91995621E-02
   7.43007660E-02
   7.96003342E-02
  0.105899811    
