#Npts     Radius    Mag      Completeness
#  190 2061.1211  -14.328501 0.994764
# Ierr
  -1.71003342E-02
  -1.42002106E-02
  -1.36995316E-02
  -1.36995316E-02
  -1.04007721E-02
  -9.50050354E-03
  -9.00077820E-03
  -8.29982758E-03
  -8.19969177E-03
  -8.00037384E-03
  -7.90023804E-03
  -7.69996643E-03
  -7.69996643E-03
  -7.59983063E-03
  -7.49969482E-03
  -7.39955902E-03
  -7.30037689E-03
  -6.99996948E-03
  -6.99996948E-03
  -6.89983368E-03
  -6.70051575E-03
  -5.99956512E-03
  -5.80024719E-03
  -5.59997559E-03
  -5.59997559E-03
  -5.49983978E-03
  -5.09929657E-03
  -5.00011444E-03
  -4.99916077E-03
  -4.89997864E-03
  -4.80079651E-03
  -4.69970703E-03
  -4.69970703E-03
  -4.59957123E-03
  -4.50038910E-03
  -4.49943542E-03
  -4.40025330E-03
  -4.40025330E-03
  -4.30011749E-03
  -4.29916382E-03
  -4.29916382E-03
  -4.19998169E-03
  -4.09984589E-03
  -4.09984589E-03
  -3.99971008E-03
  -3.79943848E-03
  -3.70025635E-03
  -3.69930267E-03
  -3.69930267E-03
  -3.49998474E-03
  -3.40080261E-03
  -3.19957733E-03
  -3.09944153E-03
  -3.09944153E-03
  -3.00025940E-03
  -2.79998779E-03
  -2.69985199E-03
  -2.49958038E-03
  -2.49958038E-03
  -2.40039825E-03
  -2.29930878E-03
  -2.20012665E-03
  -2.09999084E-03
  -1.99985504E-03
  -1.99985504E-03
  -1.99985504E-03
  -1.69944763E-03
  -1.50012970E-03
  -1.50012970E-03
  -1.49917603E-03
  -1.29985809E-03
  -1.29985809E-03
  -8.99314880E-04
  -8.00132751E-04
  -8.00132751E-04
  -7.99179077E-04
  -6.99996948E-04
  -4.00543213E-04
  -1.99317932E-04
  -1.00135803E-04
  -1.00135803E-04
  -9.91821289E-05
   0.00000000    
   0.00000000    
   9.91821289E-05
   2.00271606E-04
   4.00543213E-04
   5.99861145E-04
   5.99861145E-04
   6.99996948E-04
   8.00132751E-04
   8.00132751E-04
   8.99314880E-04
   9.00268555E-04
   1.10054016E-03
   1.10054016E-03
   1.20067596E-03
   1.29985809E-03
   1.39999390E-03
   1.39999390E-03
   1.50012970E-03
   1.50012970E-03
   1.50012970E-03
   1.50012970E-03
   1.60026550E-03
   1.69944763E-03
   1.69944763E-03
   1.99985504E-03
   1.99985504E-03
   1.99985504E-03
   2.09999084E-03
   2.30026245E-03
   2.39944458E-03
   2.49958038E-03
   2.49958038E-03
   2.59971619E-03
   2.69985199E-03
   2.79998779E-03
   2.79998779E-03
   2.89916992E-03
   2.90012360E-03
   3.00025940E-03
   3.19957733E-03
   3.39984894E-03
   3.49998474E-03
   3.60012054E-03
   3.60012054E-03
   3.60012054E-03
   3.80039215E-03
   3.80039215E-03
   3.89957428E-03
   3.99971008E-03
   4.00066376E-03
   4.00066376E-03
   4.09984589E-03
   4.09984589E-03
   4.19998169E-03
   4.30011749E-03
   4.39929962E-03
   4.39929962E-03
   4.40025330E-03
   4.59957123E-03
   4.60052490E-03
   4.69970703E-03
   4.79984283E-03
   5.10025024E-03
   5.10025024E-03
   5.49983978E-03
   5.49983978E-03
   5.59997559E-03
   5.59997559E-03
   5.70011139E-03
   6.50024414E-03
   6.50024414E-03
   6.59942627E-03
   6.79969788E-03
   6.89983368E-03
   6.99996948E-03
   7.10010529E-03
   7.10010529E-03
   7.39955902E-03
   7.50064850E-03
   7.90023804E-03
   8.09955597E-03
   8.19969177E-03
   8.30078125E-03
   8.50009918E-03
   8.60023499E-03
   8.70037079E-03
   9.09996033E-03
   9.39941406E-03
   9.59968567E-03
   9.79995728E-03
   9.90009308E-03
   9.90009308E-03
   9.90009308E-03
   1.04007721E-02
   1.09996796E-02
   1.09996796E-02
   1.17006302E-02
   1.25999451E-02
   1.34000778E-02
   1.37996674E-02
   1.38006210E-02
   1.64995193E-02
   2.96993256E-02
   3.00998688E-02
   3.63998413E-02
   5.92002869E-02
  0.127499580    
