#Npts     Radius    Mag      Completeness
#  118 1858.0938  -14.385167 1.000000
# Ierr
  -1.42002106E-02
  -1.27992630E-02
  -9.79995728E-03
  -9.39941406E-03
  -9.20009613E-03
  -9.09996033E-03
  -7.99942017E-03
  -7.90023804E-03
  -6.99996948E-03
  -6.79969788E-03
  -5.49983978E-03
  -5.49983978E-03
  -5.10025024E-03
  -5.10025024E-03
  -5.00011444E-03
  -4.89997864E-03
  -4.89997864E-03
  -4.80079651E-03
  -4.09984589E-03
  -3.80039215E-03
  -3.60012054E-03
  -3.60012054E-03
  -3.49998474E-03
  -3.49998474E-03
  -3.29971313E-03
  -2.09999084E-03
  -2.09999084E-03
  -1.99985504E-03
  -1.70040131E-03
  -1.50012970E-03
  -1.50012970E-03
  -1.39999390E-03
  -1.39999390E-03
  -1.29985809E-03
  -1.09958649E-03
  -1.09958649E-03
  -1.09958649E-03
  -1.00040436E-03
  -8.99314880E-04
  -8.00132751E-04
  -8.00132751E-04
  -6.99996948E-04
  -6.00814819E-04
  -3.00407410E-04
  -2.99453735E-04
   0.00000000    
   1.00135803E-04
   1.99317932E-04
   4.00543213E-04
   6.99996948E-04
   8.00132751E-04
   9.00268555E-04
   1.09958649E-03
   1.30081177E-03
   1.49917603E-03
   1.50012970E-03
   1.50012970E-03
   1.50012970E-03
   1.69944763E-03
   1.79958344E-03
   1.79958344E-03
   1.89971924E-03
   1.89971924E-03
   2.20012665E-03
   2.39944458E-03
   2.40039825E-03
   2.59971619E-03
   2.59971619E-03
   2.69985199E-03
   2.79998779E-03
   3.10039520E-03
   3.10039520E-03
   3.19957733E-03
   3.49998474E-03
   3.79943848E-03
   3.80039215E-03
   4.09984589E-03
   4.09984589E-03
   4.10079956E-03
   4.49943542E-03
   4.49943542E-03
   4.50038910E-03
   4.79984283E-03
   5.10025024E-03
   5.19943237E-03
   5.29956818E-03
   5.79929352E-03
   6.00051880E-03
   6.29997253E-03
   6.50024414E-03
   6.50024414E-03
   6.80065155E-03
   6.89983368E-03
   7.29942322E-03
   7.39955902E-03
   7.39955902E-03
   7.69996643E-03
   7.90023804E-03
   8.09955597E-03
   8.29982758E-03
   8.30078125E-03
   8.99982452E-03
   9.20009613E-03
   9.69982147E-03
   1.00994110E-02
   1.02005005E-02
   1.03998184E-02
   1.11999512E-02
   1.13992691E-02
   1.27000809E-02
   1.27000809E-02
   1.35002136E-02
   1.35002136E-02
   2.53000259E-02
   2.96001434E-02
   3.02000046E-02
   3.25994492E-02
   3.62997055E-02
