#Npts     Radius    Mag      Completeness
#  308  435.4907  -13.680834 0.936170
# Ierr
 -0.376700401    
 -0.305099487    
 -0.258000374    
 -0.176399231    
  -9.43002701E-02
  -4.95004654E-02
  -2.96001434E-02
  -2.80008316E-02
  -2.71997452E-02
  -2.23999023E-02
  -2.15997696E-02
  -1.64995193E-02
  -1.43995285E-02
  -1.21002197E-02
  -1.17998123E-02
  -1.14002228E-02
  -1.14002228E-02
  -1.09004974E-02
  -1.08003616E-02
  -8.90064240E-03
  -8.79955292E-03
  -7.90023804E-03
  -7.49969482E-03
  -6.89983368E-03
  -6.80065155E-03
  -6.79969788E-03
  -6.60037994E-03
  -6.20079041E-03
  -5.80024719E-03
  -5.80024719E-03
  -5.59997559E-03
  -5.30052185E-03
  -5.19943237E-03
  -4.79984283E-03
  -4.49943542E-03
  -4.09984589E-03
  -4.09984589E-03
  -3.90052795E-03
  -3.89957428E-03
  -3.80039215E-03
  -3.69930267E-03
  -3.69930267E-03
  -3.39984894E-03
  -3.29971313E-03
  -3.19957733E-03
  -3.00025940E-03
  -2.79998779E-03
  -2.49958038E-03
  -2.30026245E-03
  -2.30026245E-03
  -2.09999084E-03
  -2.09999084E-03
  -1.99985504E-03
  -1.89971924E-03
  -1.89971924E-03
  -1.79958344E-03
  -1.70040131E-03
  -1.69944763E-03
  -1.69944763E-03
  -1.50012970E-03
  -1.39999390E-03
  -1.00040436E-03
  -9.00268555E-04
  -9.00268555E-04
  -9.00268555E-04
  -8.00132751E-04
  -6.99996948E-04
  -6.99996948E-04
  -4.00543213E-04
  -2.00271606E-04
  -2.00271606E-04
  -2.00271606E-04
  -2.00271606E-04
  -1.00135803E-04
   1.00135803E-04
   1.00135803E-04
   6.99996948E-04
   6.99996948E-04
   6.99996948E-04
   1.09958649E-03
   1.09958649E-03
   1.19972229E-03
   1.79958344E-03
   1.79958344E-03
   1.90067291E-03
   2.09999084E-03
   2.20012665E-03
   2.30026245E-03
   2.50053406E-03
   2.60066986E-03
   3.30066681E-03
   3.39984894E-03
   3.69930267E-03
   3.69930267E-03
   3.80039215E-03
   3.89957428E-03
   3.99971008E-03
   4.00066376E-03
   4.09984589E-03
   4.29916382E-03
   4.30011749E-03
   4.40025330E-03
   4.49943542E-03
   4.60052490E-03
   4.60052490E-03
   4.79984283E-03
   5.00011444E-03
   5.39970398E-03
   5.59997559E-03
   5.70011139E-03
   5.90038300E-03
   5.90038300E-03
   5.90038300E-03
   5.99956512E-03
   5.99956512E-03
   6.00051880E-03
   6.30092621E-03
   6.59942627E-03
   6.89983368E-03
   6.89983368E-03
   7.20024109E-03
   7.29942322E-03
   7.30037689E-03
   7.80010223E-03
   8.09955597E-03
   9.40036774E-03
   9.40036774E-03
   9.70077515E-03
   1.03998184E-02
   1.03998184E-02
   1.06992722E-02
   1.07994080E-02
   1.07994080E-02
   1.07994080E-02
   1.08003616E-02
   1.09004974E-02
   1.13000870E-02
   1.16004944E-02
   1.16996765E-02
   1.18999481E-02
   1.27992630E-02
   1.34000778E-02
   1.37004852E-02
   1.41000748E-02
   1.41992569E-02
   1.46007538E-02
   1.50003433E-02
   1.57003403E-02
   1.57003403E-02
   1.57995224E-02
   1.63002014E-02
   1.66006088E-02
   1.66006088E-02
   1.66997910E-02
   1.70001984E-02
   1.72996521E-02
   1.74999237E-02
   1.76992416E-02
   1.79996490E-02
   1.83000565E-02
   1.86004639E-02
   1.88999176E-02
   1.88999176E-02
   1.90000534E-02
   1.90000534E-02
   1.98001862E-02
   2.01997757E-02
   2.12001801E-02
   2.15005875E-02
   2.15997696E-02
   2.15997696E-02
   2.17008591E-02
   2.20003128E-02
   2.21996307E-02
   2.26001740E-02
   2.26993561E-02
   2.32000351E-02
   2.47001648E-02
   2.49004364E-02
   2.49004364E-02
   2.51007080E-02
   2.51998901E-02
   2.66008377E-02
   2.68001556E-02
   2.69994736E-02
   2.72998810E-02
   2.77004242E-02
   2.79998779E-02
   2.89001465E-02
   2.93006897E-02
   3.04002762E-02
   3.06005478E-02
   3.10001373E-02
   3.20997238E-02
   3.24001312E-02
   3.27997208E-02
   3.31993103E-02
   3.32002640E-02
   3.32002640E-02
   3.36999893E-02
   3.39002609E-02
   3.39994431E-02
   3.41997147E-02
   3.45001221E-02
   3.46994400E-02
   3.54003906E-02
   3.55005264E-02
   3.63998413E-02
   3.70998383E-02
   3.73992920E-02
   3.81002426E-02
   3.81994247E-02
   3.85007858E-02
   3.91998291E-02
   4.01992798E-02
   4.31003571E-02
   4.37994003E-02
   4.45003510E-02
   4.66995239E-02
   4.86993790E-02
   4.98008728E-02
   4.99000549E-02
   5.26008606E-02
   5.46998978E-02
   5.52997589E-02
   5.57994843E-02
   5.70993423E-02
   5.73005676E-02
   5.77001572E-02
   5.77993393E-02
   6.02998734E-02
   6.23998642E-02
   6.36997223E-02
   6.72998428E-02
   6.77995682E-02
   6.89001083E-02
   6.90994263E-02
   7.08999634E-02
   7.21998215E-02
   7.34996796E-02
   7.35998154E-02
   7.45000839E-02
   7.66000748E-02
   7.69004822E-02
   7.69996643E-02
   7.77997971E-02
   7.79008865E-02
   7.87000656E-02
   7.89003372E-02
   7.91006088E-02
   8.02001953E-02
   8.02993774E-02
   8.19997787E-02
   8.19997787E-02
   8.34999084E-02
   8.72001648E-02
   9.03997421E-02
   9.13000107E-02
   9.38997269E-02
   9.40999985E-02
  0.102499962    
  0.107700348    
  0.108700752    
  0.109200478    
  0.112700462    
  0.113100052    
  0.121200562    
  0.121399879    
  0.122500420    
  0.123200417    
  0.129399300    
  0.131700516    
  0.133799553    
  0.133800507    
  0.135100365    
  0.141799927    
  0.142899513    
  0.145400047    
  0.151800156    
  0.153200150    
  0.159700394    
  0.160299301    
  0.162299156    
  0.166099548    
  0.167699814    
  0.169899940    
  0.175999641    
  0.181499481    
  0.187099457    
  0.195399284    
  0.201000214    
  0.206600189    
  0.213500023    
  0.223400116    
  0.225700378    
  0.244400024    
  0.253299713    
  0.334600449    
  0.357199669    
  0.362400055    
  0.400899887    
  0.448200226    
  0.452600479    
  0.488699913    
  0.514399529    
  0.519900322    
  0.520500183    
  0.611299515    
