#Npts     Radius    Mag      Completeness
#  177 2902.9878  -14.101334 1.000000
# Ierr
  -1.12991333E-02
  -1.06000900E-02
  -9.90009308E-03
  -9.70077515E-03
  -9.69982147E-03
  -9.09996033E-03
  -8.00037384E-03
  -7.99942017E-03
  -7.89928436E-03
  -7.50064850E-03
  -7.50064850E-03
  -7.50064850E-03
  -7.50064850E-03
  -7.49969482E-03
  -7.10010529E-03
  -7.10010529E-03
  -6.30092621E-03
  -6.29997253E-03
  -6.29997253E-03
  -6.19983673E-03
  -5.89942932E-03
  -5.79929352E-03
  -5.40065765E-03
  -5.39970398E-03
  -5.20038605E-03
  -5.19943237E-03
  -5.09929657E-03
  -4.80079651E-03
  -4.79984283E-03
  -4.49943542E-03
  -4.49943542E-03
  -4.40025330E-03
  -4.19998169E-03
  -4.09984589E-03
  -3.99971008E-03
  -3.89957428E-03
  -3.80039215E-03
  -3.70025635E-03
  -3.49998474E-03
  -3.49998474E-03
  -3.00025940E-03
  -2.99930573E-03
  -2.90012360E-03
  -2.90012360E-03
  -2.79998779E-03
  -2.70080566E-03
  -2.40039825E-03
  -2.40039825E-03
  -2.39944458E-03
  -2.39944458E-03
  -2.30026245E-03
  -2.09999084E-03
  -2.09999084E-03
  -2.09999084E-03
  -1.90067291E-03
  -1.90067291E-03
  -1.80053711E-03
  -1.79958344E-03
  -1.70040131E-03
  -1.69944763E-03
  -1.50012970E-03
  -1.50012970E-03
  -1.50012970E-03
  -1.50012970E-03
  -1.29985809E-03
  -1.29985809E-03
  -1.10054016E-03
  -1.09958649E-03
  -1.00040436E-03
  -1.00040436E-03
  -1.00040436E-03
  -9.99450684E-04
  -9.99450684E-04
  -9.00268555E-04
  -8.00132751E-04
  -6.99996948E-04
  -6.99996948E-04
  -6.99996948E-04
  -5.99861145E-04
  -5.00679016E-04
  -5.00679016E-04
  -4.00543213E-04
  -3.99589539E-04
  -3.99589539E-04
  -3.00407410E-04
  -3.00407410E-04
  -3.00407410E-04
  -3.00407410E-04
  -1.00135803E-04
   1.00135803E-04
   2.00271606E-04
   3.00407410E-04
   3.99589539E-04
   4.99725342E-04
   5.99861145E-04
   5.99861145E-04
   5.99861145E-04
   8.00132751E-04
   9.00268555E-04
   9.00268555E-04
   1.00040436E-03
   1.00040436E-03
   1.00040436E-03
   1.00040436E-03
   1.09958649E-03
   1.09958649E-03
   1.09958649E-03
   1.10054016E-03
   1.10054016E-03
   1.19972229E-03
   1.29985809E-03
   1.39999390E-03
   1.39999390E-03
   1.39999390E-03
   1.50012970E-03
   1.50012970E-03
   1.50012970E-03
   1.70040131E-03
   1.79958344E-03
   1.79958344E-03
   1.79958344E-03
   2.09999084E-03
   2.30026245E-03
   2.30026245E-03
   2.30026245E-03
   2.40039825E-03
   2.59971619E-03
   2.59971619E-03
   2.79998779E-03
   2.79998779E-03
   2.79998779E-03
   3.00025940E-03
   3.00025940E-03
   3.09944153E-03
   3.20053101E-03
   3.40080261E-03
   3.49998474E-03
   3.60012054E-03
   3.70025635E-03
   3.90052795E-03
   3.99971008E-03
   4.19998169E-03
   4.19998169E-03
   5.10025024E-03
   5.10025024E-03
   5.20038605E-03
   5.39970398E-03
   5.49983978E-03
   5.70011139E-03
   5.80024719E-03
   5.80024719E-03
   6.09970093E-03
   6.29997253E-03
   6.39915466E-03
   6.70051575E-03
   6.89983368E-03
   7.20024109E-03
   7.80010223E-03
   8.29982758E-03
   8.60023499E-03
   8.79955292E-03
   9.00077820E-03
   9.20009613E-03
   9.20009613E-03
   1.27000809E-02
   1.35002136E-02
   1.48000717E-02
   1.69992447E-02
   1.77993774E-02
   2.13003159E-02
   2.46000290E-02
   3.31001282E-02
   6.48002625E-02
   7.57999420E-02
   9.68999863E-02
  0.119099617    
  0.183899879    
