#Npts     Radius    Mag      Completeness
#  494 1451.6357  -11.364166 0.988000
# Ierr
 -0.283300400    
 -0.192500114    
 -0.108300209    
  -9.98001099E-02
  -3.24001312E-02
  -3.21998596E-02
  -2.99005508E-02
  -2.36997604E-02
  -2.34003067E-02
  -2.14004517E-02
  -2.12001801E-02
  -1.93004608E-02
  -1.91001892E-02
  -1.80997849E-02
  -1.78995132E-02
  -1.73997879E-02
  -1.58996582E-02
  -1.49002075E-02
  -1.39999390E-02
  -1.39999390E-02
  -1.39999390E-02
  -1.39999390E-02
  -1.37996674E-02
  -1.35002136E-02
  -1.35002136E-02
  -1.31998062E-02
  -1.31998062E-02
  -1.29003525E-02
  -1.27992630E-02
  -1.25999451E-02
  -1.23996735E-02
  -1.21002197E-02
  -1.20000839E-02
  -1.16996765E-02
  -1.15995407E-02
  -1.14002228E-02
  -1.11999512E-02
  -1.11999512E-02
  -1.11999512E-02
  -1.10998154E-02
  -1.09996796E-02
  -1.09004974E-02
  -1.07002258E-02
  -1.01995468E-02
  -1.01995468E-02
  -1.01003647E-02
  -9.89913940E-03
  -9.69982147E-03
  -9.49954987E-03
  -9.20009613E-03
  -8.90064240E-03
  -8.90064240E-03
  -8.89968872E-03
  -8.89968872E-03
  -8.60023499E-03
  -8.50009918E-03
  -8.10050964E-03
  -8.09955597E-03
  -8.09955597E-03
  -7.99942017E-03
  -7.69996643E-03
  -7.69996643E-03
  -7.59983063E-03
  -7.59983063E-03
  -7.59983063E-03
  -7.49969482E-03
  -7.40051270E-03
  -7.30037689E-03
  -7.29942322E-03
  -7.20024109E-03
  -7.10010529E-03
  -6.89983368E-03
  -6.89983368E-03
  -6.79969788E-03
  -6.60037994E-03
  -6.60037994E-03
  -6.50024414E-03
  -6.29997253E-03
  -6.29997253E-03
  -6.29997253E-03
  -6.29997253E-03
  -6.20079041E-03
  -6.20079041E-03
  -6.20079041E-03
  -6.19983673E-03
  -6.19983673E-03
  -6.09970093E-03
  -5.80024719E-03
  -5.70011139E-03
  -5.69915771E-03
  -5.49983978E-03
  -5.49983978E-03
  -5.39970398E-03
  -5.39970398E-03
  -5.30052185E-03
  -5.30052185E-03
  -5.30052185E-03
  -5.29956818E-03
  -5.29956818E-03
  -5.29956818E-03
  -5.29956818E-03
  -5.20038605E-03
  -5.19943237E-03
  -5.10025024E-03
  -5.09929657E-03
  -5.00011444E-03
  -5.00011444E-03
  -4.99916077E-03
  -4.89997864E-03
  -4.89997864E-03
  -4.89997864E-03
  -4.80079651E-03
  -4.79984283E-03
  -4.79984283E-03
  -4.70066071E-03
  -4.70066071E-03
  -4.69970703E-03
  -4.69970703E-03
  -4.69970703E-03
  -4.59957123E-03
  -4.50038910E-03
  -4.49943542E-03
  -4.49943542E-03
  -4.49943542E-03
  -4.40025330E-03
  -4.40025330E-03
  -4.39929962E-03
  -4.30011749E-03
  -4.30011749E-03
  -4.30011749E-03
  -4.20093536E-03
  -4.19998169E-03
  -4.09984589E-03
  -4.09984589E-03
  -3.89957428E-03
  -3.89957428E-03
  -3.80039215E-03
  -3.79943848E-03
  -3.79943848E-03
  -3.70025635E-03
  -3.60012054E-03
  -3.60012054E-03
  -3.60012054E-03
  -3.49998474E-03
  -3.39984894E-03
  -3.39984894E-03
  -3.39984894E-03
  -3.30066681E-03
  -3.30066681E-03
  -3.29971313E-03
  -3.29971313E-03
  -3.19957733E-03
  -3.10039520E-03
  -3.10039520E-03
  -3.09944153E-03
  -3.00025940E-03
  -3.00025940E-03
  -3.00025940E-03
  -2.90012360E-03
  -2.90012360E-03
  -2.90012360E-03
  -2.70080566E-03
  -2.69985199E-03
  -2.60066986E-03
  -2.60066986E-03
  -2.60066986E-03
  -2.59971619E-03
  -2.59971619E-03
  -2.59971619E-03
  -2.59971619E-03
  -2.50053406E-03
  -2.49958038E-03
  -2.40039825E-03
  -2.40039825E-03
  -2.39944458E-03
  -2.20012665E-03
  -2.20012665E-03
  -2.20012665E-03
  -2.09999084E-03
  -2.09999084E-03
  -2.09999084E-03
  -2.09999084E-03
  -1.99985504E-03
  -1.80053711E-03
  -1.79958344E-03
  -1.79958344E-03
  -1.70040131E-03
  -1.70040131E-03
  -1.69944763E-03
  -1.60026550E-03
  -1.60026550E-03
  -1.50012970E-03
  -1.50012970E-03
  -1.50012970E-03
  -1.39999390E-03
  -1.39999390E-03
  -1.39999390E-03
  -1.29985809E-03
  -1.19972229E-03
  -1.10054016E-03
  -1.09958649E-03
  -1.09958649E-03
  -9.00268555E-04
  -8.99314880E-04
  -8.00132751E-04
  -6.99996948E-04
  -5.99861145E-04
  -5.99861145E-04
  -5.99861145E-04
  -5.00679016E-04
  -5.00679016E-04
  -4.99725342E-04
  -4.99725342E-04
  -4.99725342E-04
  -4.99725342E-04
  -4.00543213E-04
  -4.00543213E-04
  -4.00543213E-04
  -4.00543213E-04
  -3.99589539E-04
  -3.00407410E-04
  -3.00407410E-04
  -3.00407410E-04
  -2.00271606E-04
  -2.00271606E-04
  -1.99317932E-04
  -1.99317932E-04
  -1.00135803E-04
   1.00135803E-04
   1.00135803E-04
   2.00271606E-04
   2.00271606E-04
   2.00271606E-04
   4.00543213E-04
   4.99725342E-04
   4.99725342E-04
   5.00679016E-04
   5.99861145E-04
   6.99996948E-04
   6.99996948E-04
   8.00132751E-04
   8.00132751E-04
   8.00132751E-04
   8.00132751E-04
   9.00268555E-04
   9.00268555E-04
   9.99450684E-04
   1.00040436E-03
   1.00040436E-03
   1.00040436E-03
   1.09958649E-03
   1.09958649E-03
   1.09958649E-03
   1.29985809E-03
   1.29985809E-03
   1.39999390E-03
   1.39999390E-03
   1.50012970E-03
   1.50012970E-03
   1.50012970E-03
   1.60026550E-03
   1.60026550E-03
   1.60026550E-03
   1.60026550E-03
   1.69944763E-03
   1.69944763E-03
   1.70040131E-03
   1.79958344E-03
   1.79958344E-03
   1.89971924E-03
   1.89971924E-03
   2.09999084E-03
   2.20012665E-03
   2.20012665E-03
   2.20012665E-03
   2.30026245E-03
   2.40039825E-03
   2.49958038E-03
   2.49958038E-03
   2.49958038E-03
   2.49958038E-03
   2.59971619E-03
   2.59971619E-03
   2.60066986E-03
   2.69985199E-03
   2.69985199E-03
   2.69985199E-03
   2.69985199E-03
   2.79998779E-03
   2.79998779E-03
   2.79998779E-03
   2.79998779E-03
   2.90012360E-03
   2.90012360E-03
   2.90012360E-03
   2.90012360E-03
   2.90012360E-03
   2.90012360E-03
   3.00025940E-03
   3.00025940E-03
   3.09944153E-03
   3.09944153E-03
   3.10039520E-03
   3.19957733E-03
   3.20053101E-03
   3.29971313E-03
   3.29971313E-03
   3.29971313E-03
   3.39984894E-03
   3.39984894E-03
   3.49998474E-03
   3.70025635E-03
   3.70025635E-03
   3.70025635E-03
   3.80039215E-03
   3.80039215E-03
   3.80039215E-03
   4.09984589E-03
   4.09984589E-03
   4.09984589E-03
   4.19998169E-03
   4.19998169E-03
   4.30011749E-03
   4.30011749E-03
   4.40025330E-03
   4.49943542E-03
   4.59957123E-03
   4.60052490E-03
   4.60052490E-03
   4.69970703E-03
   4.69970703E-03
   4.80079651E-03
   4.89997864E-03
   4.89997864E-03
   4.89997864E-03
   4.89997864E-03
   4.89997864E-03
   5.00011444E-03
   5.00011444E-03
   5.20038605E-03
   5.30052185E-03
   5.39970398E-03
   5.59997559E-03
   5.59997559E-03
   5.70011139E-03
   5.70011139E-03
   5.70011139E-03
   5.80024719E-03
   5.80024719E-03
   5.90038300E-03
   6.19983673E-03
   6.29997253E-03
   6.29997253E-03
   6.50024414E-03
   6.60037994E-03
   6.69956207E-03
   6.89983368E-03
   6.89983368E-03
   6.89983368E-03
   6.90078735E-03
   6.99996948E-03
   7.10010529E-03
   7.10010529E-03
   7.20024109E-03
   7.20024109E-03
   7.29942322E-03
   7.29942322E-03
   7.30037689E-03
   7.40051270E-03
   7.50064850E-03
   7.59983063E-03
   7.69996643E-03
   7.69996643E-03
   7.69996643E-03
   7.89928436E-03
   7.90023804E-03
   8.09955597E-03
   8.19969177E-03
   8.39996338E-03
   8.50009918E-03
   8.50009918E-03
   8.59928131E-03
   8.60023499E-03
   8.89968872E-03
   9.00077820E-03
   9.09996033E-03
   9.09996033E-03
   9.40036774E-03
   9.69982147E-03
   9.69982147E-03
   9.70077515E-03
   1.00002289E-02
   1.01003647E-02
   1.08003616E-02
   1.13000870E-02
   1.13992691E-02
   1.14002228E-02
   1.17006302E-02
   1.18999481E-02
   1.21002197E-02
   1.21002197E-02
   1.22003555E-02
   1.26008987E-02
   1.32999420E-02
   1.34000778E-02
   1.34000778E-02
   1.35002136E-02
   1.35993958E-02
   1.37004852E-02
   1.37004852E-02
   1.37996674E-02
   1.38998032E-02
   1.38998032E-02
   1.39999390E-02
   1.42002106E-02
   1.43995285E-02
   1.44996643E-02
   1.44996643E-02
   1.45998001E-02
   1.48000717E-02
   1.50003433E-02
   1.51004791E-02
   1.51996613E-02
   1.56002045E-02
   1.59006119E-02
   1.59997940E-02
   1.60007477E-02
   1.62000656E-02
   1.67999268E-02
   1.69992447E-02
   1.71003342E-02
   1.72996521E-02
   1.73997879E-02
   1.73997879E-02
   1.75008774E-02
   1.76992416E-02
   1.80997849E-02
   1.85003281E-02
   1.85995102E-02
   1.88999176E-02
   1.91001892E-02
   1.93996429E-02
   2.08997726E-02
   2.14004517E-02
   2.22997665E-02
   2.22997665E-02
   2.33001709E-02
   2.33993530E-02
   2.41003036E-02
   2.42996216E-02
   2.48994827E-02
   2.51998901E-02
   2.64005661E-02
   2.64005661E-02
   2.65998840E-02
   2.75001526E-02
   2.79998779E-02
   3.12004089E-02
   3.19995880E-02
   3.20997238E-02
   3.29999924E-02
   3.35006714E-02
   3.46002579E-02
   3.78999710E-02
   3.89995575E-02
   4.08000946E-02
   4.32004929E-02
   4.44993973E-02
   4.76999283E-02
   4.96997833E-02
   4.97999191E-02
   5.52997589E-02
   5.67998886E-02
   5.78002930E-02
   6.04000092E-02
   6.07004166E-02
   6.65998459E-02
   7.34996796E-02
   7.39002228E-02
   7.50007629E-02
   7.98997879E-02
   8.54997635E-02
   8.68997574E-02
   8.81996155E-02
   9.08002853E-02
   9.29002762E-02
  0.107500076    
  0.143300056    
  0.229700089    
  0.232800484    
  0.238000870    
  0.515500069    
  0.549099922    
  0.608900070    
