#Npts     Radius    Mag      Completeness
#  108 1248.4067  -14.260000 1.000000
# Ierr
  -3.48997116E-02
  -1.34000778E-02
  -1.20992661E-02
  -1.15003586E-02
  -1.09004974E-02
  -9.60063934E-03
  -9.49954987E-03
  -8.80050659E-03
  -8.50009918E-03
  -7.49969482E-03
  -7.29942322E-03
  -6.99996948E-03
  -6.99996948E-03
  -6.89983368E-03
  -6.69956207E-03
  -6.40010834E-03
  -6.29997253E-03
  -5.99956512E-03
  -5.80024719E-03
  -5.49983978E-03
  -5.49983978E-03
  -5.30052185E-03
  -5.29956818E-03
  -4.89997864E-03
  -4.40025330E-03
  -4.39929962E-03
  -4.39929962E-03
  -4.30011749E-03
  -4.09984589E-03
  -3.90052795E-03
  -3.70025635E-03
  -3.49998474E-03
  -3.29971313E-03
  -3.29971313E-03
  -3.20053101E-03
  -2.89916992E-03
  -2.69985199E-03
  -2.59971619E-03
  -2.20012665E-03
  -1.79958344E-03
  -1.50012970E-03
  -1.50012970E-03
  -1.29985809E-03
  -1.00040436E-03
  -5.99861145E-04
  -4.99725342E-04
  -3.00407410E-04
  -1.00135803E-04
  -1.00135803E-04
   0.00000000    
   1.99317932E-04
   2.00271606E-04
   6.99996948E-04
   6.99996948E-04
   6.99996948E-04
   6.99996948E-04
   8.00132751E-04
   9.99450684E-04
   1.00040436E-03
   1.10054016E-03
   1.19972229E-03
   1.29985809E-03
   1.70040131E-03
   2.20012665E-03
   2.20012665E-03
   2.30026245E-03
   2.40039825E-03
   2.60066986E-03
   2.69985199E-03
   2.69985199E-03
   3.30066681E-03
   4.19998169E-03
   4.19998169E-03
   4.30011749E-03
   4.59957123E-03
   5.09929657E-03
   5.40065765E-03
   5.79929352E-03
   6.29997253E-03
   6.40010834E-03
   7.10010529E-03
   7.69996643E-03
   7.69996643E-03
   8.00037384E-03
   8.09955597E-03
   8.09955597E-03
   8.10050964E-03
   8.39996338E-03
   8.90064240E-03
   8.99982452E-03
   9.39941406E-03
   1.04007721E-02
   1.07994080E-02
   1.29995346E-02
   1.32007599E-02
   1.53999329E-02
   1.57003403E-02
   1.58996582E-02
   1.87997818E-02
   1.98001862E-02
   2.12001801E-02
   2.44998932E-02
   3.13997269E-02
   3.43999863E-02
   3.57999802E-02
   4.69999313E-02
   4.95004654E-02
   9.75999832E-02
