#Npts     Radius    Mag      Completeness
#  124 1654.8647  -14.385167 1.000000
# Ierr
 -0.569399834    
  -1.06000900E-02
  -9.30023193E-03
  -9.09996033E-03
  -9.09996033E-03
  -8.99982452E-03
  -8.39996338E-03
  -8.29982758E-03
  -8.29982758E-03
  -7.10010529E-03
  -6.90078735E-03
  -6.50024414E-03
  -6.50024414E-03
  -6.49929047E-03
  -6.29997253E-03
  -5.59997559E-03
  -5.10025024E-03
  -5.10025024E-03
  -5.00011444E-03
  -5.00011444E-03
  -4.79984283E-03
  -4.19998169E-03
  -4.19998169E-03
  -4.09984589E-03
  -3.99971008E-03
  -3.80039215E-03
  -3.70025635E-03
  -3.49998474E-03
  -3.30066681E-03
  -3.30066681E-03
  -3.19957733E-03
  -3.10039520E-03
  -2.90012360E-03
  -2.90012360E-03
  -2.90012360E-03
  -2.79998779E-03
  -2.69985199E-03
  -2.69985199E-03
  -2.40039825E-03
  -2.20012665E-03
  -2.09999084E-03
  -2.09999084E-03
  -2.09999084E-03
  -1.99985504E-03
  -1.89971924E-03
  -1.89971924E-03
  -1.50012970E-03
  -1.39999390E-03
  -1.00040436E-03
  -9.00268555E-04
  -8.99314880E-04
  -4.99725342E-04
  -4.99725342E-04
  -4.99725342E-04
  -3.00407410E-04
  -2.99453735E-04
  -9.91821289E-05
   0.00000000    
   0.00000000    
   1.99317932E-04
   1.99317932E-04
   4.00543213E-04
   4.99725342E-04
   7.99179077E-04
   8.00132751E-04
   9.00268555E-04
   9.00268555E-04
   1.10054016E-03
   1.50012970E-03
   1.59931183E-03
   1.60026550E-03
   1.90067291E-03
   1.99985504E-03
   2.29930878E-03
   2.50053406E-03
   3.39984894E-03
   3.60012054E-03
   3.99971008E-03
   4.10079956E-03
   4.30011749E-03
   4.59957123E-03
   4.60052490E-03
   4.70066071E-03
   4.80079651E-03
   4.80079651E-03
   5.20038605E-03
   5.30052185E-03
   5.30052185E-03
   5.39970398E-03
   5.39970398E-03
   5.70011139E-03
   5.80024719E-03
   6.09970093E-03
   6.10065460E-03
   6.19983673E-03
   6.79969788E-03
   6.79969788E-03
   7.30037689E-03
   7.40051270E-03
   7.49969482E-03
   7.60078430E-03
   7.79914856E-03
   8.09955597E-03
   8.30078125E-03
   8.89968872E-03
   9.20009613E-03
   9.30023193E-03
   9.50050354E-03
   1.00994110E-02
   1.02005005E-02
   1.02005005E-02
   1.06000900E-02
   1.07002258E-02
   1.12991333E-02
   1.39007568E-02
   1.63002014E-02
   1.67999268E-02
   1.69992447E-02
   1.70001984E-02
   1.86996460E-02
   2.48003006E-02
   2.79006958E-02
   5.59997559E-02
  0.103099823    
