#Npts     Radius    Mag      Completeness
#  448  841.8665  -11.282000 0.971800
# Ierr
 -0.469099998    
 -0.260700226    
 -0.223200798    
 -0.169099808    
 -0.155599594    
 -0.137999535    
 -0.123299599    
  -9.58995819E-02
  -7.87000656E-02
  -7.77006149E-02
  -7.27996826E-02
  -6.80999756E-02
  -6.37006760E-02
  -6.28004074E-02
  -5.60998917E-02
  -5.15003204E-02
  -4.31995392E-02
  -4.23002243E-02
  -4.18996811E-02
  -4.17003632E-02
  -4.09002304E-02
  -4.04996872E-02
  -3.99007797E-02
  -3.90996933E-02
  -3.84998322E-02
  -3.69997025E-02
  -3.68995667E-02
  -3.63998413E-02
  -3.61995697E-02
  -3.53002548E-02
  -3.39994431E-02
  -3.11994553E-02
  -3.10993195E-02
  -2.90002823E-02
  -2.87008286E-02
  -2.85997391E-02
  -2.53992081E-02
  -2.48003006E-02
  -2.47001648E-02
  -2.37998962E-02
  -2.36997604E-02
  -2.33993530E-02
  -2.33001709E-02
  -2.30998993E-02
  -2.27994919E-02
  -2.26993561E-02
  -2.05001831E-02
  -2.01997757E-02
  -1.98001862E-02
  -1.91001892E-02
  -1.90992355E-02
  -1.90000534E-02
  -1.90000534E-02
  -1.86996460E-02
  -1.85995102E-02
  -1.80997849E-02
  -1.76992416E-02
  -1.75008774E-02
  -1.69000626E-02
  -1.67999268E-02
  -1.66997910E-02
  -1.65996552E-02
  -1.64003372E-02
  -1.62992477E-02
  -1.59997940E-02
  -1.51996613E-02
  -1.50995255E-02
  -1.43003464E-02
  -1.43003464E-02
  -1.42002106E-02
  -1.37996674E-02
  -1.35993958E-02
  -1.34000778E-02
  -1.32999420E-02
  -1.31006241E-02
  -1.28002167E-02
  -1.27000809E-02
  -1.27000809E-02
  -1.25999451E-02
  -1.22995377E-02
  -1.22003555E-02
  -1.21002197E-02
  -1.17998123E-02
  -1.17998123E-02
  -1.17998123E-02
  -1.16996765E-02
  -1.16996765E-02
  -1.15003586E-02
  -1.11999512E-02
  -1.09004974E-02
  -1.08003616E-02
  -1.07002258E-02
  -1.06000900E-02
  -1.03006363E-02
  -1.00002289E-02
  -9.69982147E-03
  -9.60063934E-03
  -9.20009613E-03
  -9.20009613E-03
  -9.09996033E-03
  -9.09996033E-03
  -8.70037079E-03
  -8.69941711E-03
  -8.60023499E-03
  -8.39996338E-03
  -8.09955597E-03
  -8.09955597E-03
  -8.00037384E-03
  -7.69996643E-03
  -7.69996643E-03
  -7.50064850E-03
  -7.49969482E-03
  -7.39955902E-03
  -7.19928741E-03
  -7.10010529E-03
  -7.10010529E-03
  -6.89983368E-03
  -6.79969788E-03
  -6.79969788E-03
  -6.70051575E-03
  -6.50024414E-03
  -6.40010834E-03
  -6.00051880E-03
  -5.90038300E-03
  -5.70011139E-03
  -5.70011139E-03
  -5.49983978E-03
  -5.30052185E-03
  -5.30052185E-03
  -5.29956818E-03
  -5.29956818E-03
  -5.19943237E-03
  -5.09929657E-03
  -5.00011444E-03
  -4.89997864E-03
  -4.89997864E-03
  -4.69970703E-03
  -4.50038910E-03
  -4.40025330E-03
  -4.40025330E-03
  -4.40025330E-03
  -4.40025330E-03
  -4.30011749E-03
  -4.19998169E-03
  -4.19998169E-03
  -4.00066376E-03
  -3.80039215E-03
  -3.79943848E-03
  -3.70025635E-03
  -3.60012054E-03
  -3.40080261E-03
  -3.39984894E-03
  -3.29971313E-03
  -3.29971313E-03
  -3.29971313E-03
  -3.29971313E-03
  -3.20053101E-03
  -2.99930573E-03
  -2.90012360E-03
  -2.69985199E-03
  -2.59971619E-03
  -2.50053406E-03
  -2.50053406E-03
  -2.29930878E-03
  -2.20012665E-03
  -2.20012665E-03
  -2.09999084E-03
  -2.00080872E-03
  -1.89971924E-03
  -1.89971924E-03
  -1.80053711E-03
  -1.59931183E-03
  -1.29985809E-03
  -1.20067596E-03
  -1.19972229E-03
  -1.10054016E-03
  -1.09958649E-03
  -8.99314880E-04
  -5.99861145E-04
  -4.99725342E-04
  -4.99725342E-04
  -4.00543213E-04
  -3.99589539E-04
  -3.00407410E-04
  -2.99453735E-04
  -2.00271606E-04
   5.99861145E-04
   5.99861145E-04
   5.99861145E-04
   6.99996948E-04
   8.00132751E-04
   9.00268555E-04
   9.99450684E-04
   1.10054016E-03
   1.19972229E-03
   1.39999390E-03
   1.39999390E-03
   1.50012970E-03
   1.50012970E-03
   1.50012970E-03
   1.70040131E-03
   1.79958344E-03
   1.79958344E-03
   1.79958344E-03
   1.89971924E-03
   1.89971924E-03
   1.89971924E-03
   1.90067291E-03
   1.99985504E-03
   1.99985504E-03
   2.29930878E-03
   2.29930878E-03
   2.40039825E-03
   2.40039825E-03
   2.69985199E-03
   2.79998779E-03
   2.89916992E-03
   2.90012360E-03
   2.99930573E-03
   3.09944153E-03
   3.10039520E-03
   3.19957733E-03
   3.29971313E-03
   3.39984894E-03
   3.39984894E-03
   3.49998474E-03
   3.60012054E-03
   3.70025635E-03
   3.79943848E-03
   3.79943848E-03
   3.80039215E-03
   3.80039215E-03
   3.99971008E-03
   4.10079956E-03
   4.19998169E-03
   4.19998169E-03
   4.19998169E-03
   4.30011749E-03
   4.40025330E-03
   4.50038910E-03
   4.59957123E-03
   4.59957123E-03
   4.60052490E-03
   4.70066071E-03
   4.79984283E-03
   4.79984283E-03
   4.79984283E-03
   4.89997864E-03
   4.89997864E-03
   4.90093231E-03
   5.00011444E-03
   5.00011444E-03
   5.00011444E-03
   5.39970398E-03
   5.40065765E-03
   5.79929352E-03
   6.09970093E-03
   6.19983673E-03
   6.29997253E-03
   6.49929047E-03
   6.60037994E-03
   6.70051575E-03
   6.79969788E-03
   6.79969788E-03
   6.89983368E-03
   6.89983368E-03
   6.89983368E-03
   7.39955902E-03
   7.39955902E-03
   7.69996643E-03
   7.69996643E-03
   7.80010223E-03
   7.80010223E-03
   7.89928436E-03
   7.99942017E-03
   8.09955597E-03
   8.29982758E-03
   8.39996338E-03
   8.40091705E-03
   8.50009918E-03
   8.60023499E-03
   8.60023499E-03
   8.69941711E-03
   9.20009613E-03
   9.59968567E-03
   9.79995728E-03
   9.79995728E-03
   1.00994110E-02
   1.01995468E-02
   1.02005005E-02
   1.04007721E-02
   1.09996796E-02
   1.10998154E-02
   1.11007690E-02
   1.11999512E-02
   1.11999512E-02
   1.13000870E-02
   1.17006302E-02
   1.20000839E-02
   1.21002197E-02
   1.21994019E-02
   1.22003555E-02
   1.22995377E-02
   1.22995377E-02
   1.23996735E-02
   1.27000809E-02
   1.28002167E-02
   1.30996704E-02
   1.30996704E-02
   1.30996704E-02
   1.31998062E-02
   1.32999420E-02
   1.34000778E-02
   1.35002136E-02
   1.36995316E-02
   1.38006210E-02
   1.41000748E-02
   1.41000748E-02
   1.43003464E-02
   1.46007538E-02
   1.50003433E-02
   1.52997971E-02
   1.55000687E-02
   1.58004761E-02
   1.60999298E-02
   1.66997910E-02
   1.70001984E-02
   1.74999237E-02
   1.76000595E-02
   1.78995132E-02
   1.80997849E-02
   1.85003281E-02
   1.85003281E-02
   1.90000534E-02
   1.90992355E-02
   1.93996429E-02
   2.00996399E-02
   2.01997757E-02
   2.02999115E-02
   2.05001831E-02
   2.07004547E-02
   2.07004547E-02
   2.08997726E-02
   2.09007263E-02
   2.09007263E-02
   2.14004517E-02
   2.18000412E-02
   2.20003128E-02
   2.21996307E-02
   2.22997665E-02
   2.28996277E-02
   2.33993530E-02
   2.34003067E-02
   2.39000320E-02
   2.40001678E-02
   2.42004395E-02
   2.42004395E-02
   2.51007080E-02
   2.62002945E-02
   2.64005661E-02
   2.65998840E-02
   2.70996094E-02
   2.72998810E-02
   2.79998779E-02
   2.87008286E-02
   3.00998688E-02
   3.10001373E-02
   3.13997269E-02
   3.29999924E-02
   3.33995819E-02
   3.45001221E-02
   3.57999802E-02
   3.74002457E-02
   3.78999710E-02
   3.91006470E-02
   3.92999649E-02
   3.93009186E-02
   4.01000977E-02
   4.05998230E-02
   4.08000946E-02
   4.09994125E-02
   4.10995483E-02
   4.15000916E-02
   4.22000885E-02
   4.31003571E-02
   4.37002182E-02
   4.54998016E-02
   4.78000641E-02
   4.79001999E-02
   5.00001907E-02
   5.04007339E-02
   5.17005920E-02
   5.24997711E-02
   5.34000397E-02
   5.37004471E-02
   5.39999008E-02
   5.57994843E-02
   5.65996170E-02
   5.93004227E-02
   6.07995987E-02
   6.45999908E-02
   6.55994415E-02
   6.70995712E-02
   6.77995682E-02
   6.79998398E-02
   6.83002472E-02
   6.86998367E-02
   7.34004974E-02
   7.36999512E-02
   7.56998062E-02
   7.92999268E-02
   7.99999237E-02
   8.04996490E-02
   9.08994675E-02
   9.40999985E-02
   9.50002670E-02
   9.51995850E-02
   9.59005356E-02
   9.67998505E-02
   9.75999832E-02
  0.102700233    
  0.104099274    
  0.118499756    
  0.122300148    
  0.125900269    
  0.130900383    
  0.131300926    
  0.136399269    
  0.136800766    
  0.137899399    
  0.138599396    
  0.160999298    
  0.168899536    
  0.169399261    
  0.173399925    
  0.176699638    
  0.187600136    
  0.198999405    
  0.220800400    
  0.225000381    
  0.239299774    
  0.252499580    
  0.281999588    
  0.304300308    
  0.402500153    
  0.410399437    
  0.462900162    
  0.509799957    
