#Npts     Radius    Mag      Completeness
#  290  638.6573  -10.809000 0.917722
# Ierr
 -0.351099968    
 -0.210300446    
 -0.193699837    
 -0.165600777    
 -0.160599709    
 -0.150799751    
 -0.148199081    
 -0.122200012    
 -0.119899750    
 -0.109099388    
 -0.107600212    
 -0.105699539    
  -9.66005325E-02
  -8.73994827E-02
  -7.24992752E-02
  -6.89001083E-02
  -6.84995651E-02
  -6.82001114E-02
  -6.43997192E-02
  -6.07004166E-02
  -5.89008331E-02
  -5.66997528E-02
  -5.65004349E-02
  -5.29994965E-02
  -5.27000427E-02
  -5.16996384E-02
  -4.90999222E-02
  -4.50000763E-02
  -4.48999405E-02
  -4.46004868E-02
  -4.29000854E-02
  -4.18996811E-02
  -4.18996811E-02
  -4.18004990E-02
  -4.06999588E-02
  -4.02002335E-02
  -3.88002396E-02
  -3.71999741E-02
  -3.70006561E-02
  -3.62997055E-02
  -3.47003937E-02
  -3.42998505E-02
  -3.32994461E-02
  -3.28998566E-02
  -2.88000107E-02
  -2.75993347E-02
  -2.75001526E-02
  -2.58007050E-02
  -2.39000320E-02
  -2.39000320E-02
  -2.37998962E-02
  -2.33001709E-02
  -2.32992172E-02
  -2.20003128E-02
  -2.20003128E-02
  -2.19993591E-02
  -1.92995071E-02
  -1.92995071E-02
  -1.92003250E-02
  -1.79996490E-02
  -1.76000595E-02
  -1.70993805E-02
  -1.67999268E-02
  -1.64995193E-02
  -1.60007477E-02
  -1.52006149E-02
  -1.50003433E-02
  -1.42002106E-02
  -1.40008926E-02
  -1.39007568E-02
  -1.38006210E-02
  -1.36003494E-02
  -1.34000778E-02
  -1.32999420E-02
  -1.27992630E-02
  -1.27992630E-02
  -1.23996735E-02
  -1.16996765E-02
  -1.16996765E-02
  -1.13992691E-02
  -1.13000870E-02
  -1.11999512E-02
  -1.04999542E-02
  -1.03998184E-02
  -1.01995468E-02
  -1.01003647E-02
  -1.00994110E-02
  -9.99927521E-03
  -9.90009308E-03
  -9.90009308E-03
  -9.69982147E-03
  -8.99982452E-03
  -8.89968872E-03
  -8.50009918E-03
  -7.59983063E-03
  -7.49969482E-03
  -7.30037689E-03
  -6.99996948E-03
  -6.79969788E-03
  -6.60037994E-03
  -6.50024414E-03
  -5.99956512E-03
  -5.70011139E-03
  -5.30052185E-03
  -5.20038605E-03
  -5.09929657E-03
  -4.79984283E-03
  -4.49943542E-03
  -3.99971008E-03
  -3.89957428E-03
  -3.49998474E-03
  -3.10039520E-03
  -2.79998779E-03
  -2.69985199E-03
  -2.50053406E-03
  -2.39944458E-03
  -2.20012665E-03
  -2.09999084E-03
  -1.29985809E-03
  -1.19972229E-03
  -1.00040436E-03
  -6.00814819E-04
  -5.99861145E-04
  -3.99589539E-04
   9.91821289E-05
   4.99725342E-04
   6.99996948E-04
   6.99996948E-04
   1.39999390E-03
   1.99985504E-03
   2.49958038E-03
   2.59971619E-03
   2.69985199E-03
   3.10039520E-03
   3.39984894E-03
   3.39984894E-03
   3.60012054E-03
   3.79943848E-03
   3.80039215E-03
   3.99971008E-03
   4.79984283E-03
   6.19983673E-03
   6.40010834E-03
   6.99996948E-03
   7.10010529E-03
   7.30037689E-03
   8.10050964E-03
   8.10050964E-03
   8.29982758E-03
   8.70037079E-03
   9.09996033E-03
   9.59968567E-03
   9.90009308E-03
   1.00994110E-02
   1.00994110E-02
   1.01003647E-02
   1.08995438E-02
   1.18999481E-02
   1.20992661E-02
   1.23004913E-02
   1.24998093E-02
   1.24998093E-02
   1.27000809E-02
   1.29995346E-02
   1.30996704E-02
   1.31998062E-02
   1.34000778E-02
   1.36003494E-02
   1.36003494E-02
   1.38006210E-02
   1.38998032E-02
   1.41000748E-02
   1.41992569E-02
   1.44996643E-02
   1.45998001E-02
   1.51004791E-02
   1.64995193E-02
   1.67999268E-02
   1.69000626E-02
   1.70001984E-02
   1.72004700E-02
   1.74999237E-02
   1.94005966E-02
   1.94997787E-02
   1.97992325E-02
   1.98993683E-02
   2.01997757E-02
   2.05001831E-02
   2.06995010E-02
   2.22005844E-02
   2.23007202E-02
   2.23999023E-02
   2.25000381E-02
   2.33001709E-02
   2.34003067E-02
   2.36997604E-02
   2.57997513E-02
   2.67000198E-02
   2.95000076E-02
   3.00006866E-02
   3.00998688E-02
   3.07998657E-02
   3.28998566E-02
   3.41997147E-02
   3.45001221E-02
   3.45001221E-02
   3.47003937E-02
   3.48997116E-02
   3.49998474E-02
   3.54995728E-02
   3.59992981E-02
   3.82995605E-02
   3.87001038E-02
   3.96995544E-02
   3.97996902E-02
   3.99999619E-02
   4.01992798E-02
   4.09002304E-02
   4.15000916E-02
   4.38003540E-02
   4.39996719E-02
   4.51002121E-02
   4.53996658E-02
   4.58993912E-02
   4.78000641E-02
   4.86001968E-02
   4.87003326E-02
   5.03005981E-02
   5.15003204E-02
   5.22003174E-02
   5.22994995E-02
   5.30004501E-02
   5.31997681E-02
   5.62000275E-02
   5.66997528E-02
   5.78994751E-02
   5.80997467E-02
   5.83000183E-02
   5.88998795E-02
   6.11000061E-02
   6.32991791E-02
   6.35995865E-02
   6.43997192E-02
   7.28006363E-02
   7.37009048E-02
   7.85999298E-02
   8.26997757E-02
   8.43000412E-02
   8.65993500E-02
   8.66003036E-02
   8.85000229E-02
   9.45005417E-02
   9.52005386E-02
   9.54999924E-02
  0.104800224    
  0.111299515    
  0.112900734    
  0.123200417    
  0.123800278    
  0.131000519    
  0.135800362    
  0.157999992    
  0.159099579    
  0.166299820    
  0.170899391    
  0.171899796    
  0.213600159    
  0.220199585    
  0.239600182    
  0.242500305    
  0.251299858    
  0.254500389    
  0.255500793    
  0.269400597    
  0.281299591    
  0.281299591    
  0.286600113    
  0.290800095    
  0.299500465    
  0.331399918    
  0.333799362    
  0.342199326    
  0.381299973    
  0.395999908    
  0.413900375    
  0.420399666    
  0.463299751    
  0.463300705    
  0.544099808    
  0.614800453    
