#Npts     Radius    Mag      Completeness
#  112 1248.4067  -14.760667 1.000000
# Ierr
  -1.38998032E-02
  -1.28002167E-02
  -1.15995407E-02
  -9.99927521E-03
  -8.99982452E-03
  -8.99982452E-03
  -8.00037384E-03
  -6.69956207E-03
  -6.09970093E-03
  -5.59997559E-03
  -5.49983978E-03
  -4.89997864E-03
  -4.79984283E-03
  -4.69970703E-03
  -4.60052490E-03
  -4.19998169E-03
  -4.10079956E-03
  -4.09984589E-03
  -3.69930267E-03
  -3.60012054E-03
  -3.39984894E-03
  -3.29971313E-03
  -3.20053101E-03
  -3.20053101E-03
  -3.19957733E-03
  -2.90012360E-03
  -2.20012665E-03
  -2.19917297E-03
  -1.99985504E-03
  -1.79958344E-03
  -1.70040131E-03
  -1.59931183E-03
  -1.59931183E-03
  -1.50012970E-03
  -1.19972229E-03
  -9.00268555E-04
  -9.00268555E-04
  -8.99314880E-04
  -8.99314880E-04
  -8.00132751E-04
  -5.99861145E-04
  -3.99589539E-04
  -2.00271606E-04
  -1.99317932E-04
   1.99317932E-04
   1.99317932E-04
   2.00271606E-04
   3.00407410E-04
   4.99725342E-04
   9.00268555E-04
   1.09958649E-03
   1.19972229E-03
   1.29985809E-03
   1.39999390E-03
   1.50012970E-03
   1.69944763E-03
   1.69944763E-03
   1.80053711E-03
   1.90067291E-03
   2.09999084E-03
   2.29930878E-03
   2.50053406E-03
   2.59971619E-03
   2.69985199E-03
   2.99930573E-03
   3.19957733E-03
   3.19957733E-03
   3.49998474E-03
   3.79943848E-03
   3.79943848E-03
   3.79943848E-03
   4.00066376E-03
   4.00066376E-03
   4.19998169E-03
   4.39929962E-03
   4.49943542E-03
   4.50038910E-03
   4.69970703E-03
   4.69970703E-03
   4.89997864E-03
   5.00011444E-03
   5.19943237E-03
   5.30052185E-03
   5.39970398E-03
   5.49983978E-03
   5.80024719E-03
   6.09970093E-03
   6.29997253E-03
   6.29997253E-03
   6.69956207E-03
   6.99996948E-03
   7.69996643E-03
   8.79955292E-03
   8.80050659E-03
   1.10006332E-02
   1.17006302E-02
   1.25999451E-02
   1.53999329E-02
   1.99995041E-02
   2.07996368E-02
   2.13994980E-02
   2.16999054E-02
   2.19001770E-02
   2.40993500E-02
   2.46000290E-02
   2.54001617E-02
   3.12004089E-02
   3.21998596E-02
   3.36999893E-02
   4.11996841E-02
   5.20992279E-02
   9.86003876E-02
