#Npts     Radius    Mag      Completeness
#  111  435.4482  -14.328501 0.909836
# Ierr
  -6.55002594E-02
  -6.16998672E-02
  -5.86004257E-02
  -5.35993576E-02
  -5.02004623E-02
  -4.03003693E-02
  -3.85007858E-02
  -1.92003250E-02
  -1.78003311E-02
  -1.51996613E-02
  -1.41000748E-02
  -1.37004852E-02
  -1.27000809E-02
  -1.09004974E-02
  -1.04007721E-02
  -7.59983063E-03
  -7.40051270E-03
  -7.30037689E-03
  -6.70051575E-03
  -6.69956207E-03
  -6.50024414E-03
  -6.29997253E-03
  -5.09929657E-03
  -4.49943542E-03
  -4.30011749E-03
  -3.49998474E-03
  -3.39984894E-03
  -3.20053101E-03
  -2.79998779E-03
  -1.60026550E-03
  -5.99861145E-04
   3.00407410E-04
   5.99861145E-04
   1.19972229E-03
   1.70040131E-03
   2.09999084E-03
   2.79998779E-03
   3.29971313E-03
   3.39984894E-03
   3.99971008E-03
   4.69970703E-03
   4.79984283E-03
   5.59997559E-03
   6.00051880E-03
   6.00051880E-03
   6.79969788E-03
   6.89983368E-03
   7.20024109E-03
   7.59983063E-03
   7.90023804E-03
   7.90023804E-03
   8.29982758E-03
   8.49914551E-03
   8.69941711E-03
   1.02996826E-02
   1.15003586E-02
   1.17998123E-02
   1.18007660E-02
   1.18999481E-02
   1.24998093E-02
   1.27000809E-02
   1.32999420E-02
   1.32999420E-02
   1.46999359E-02
   1.60999298E-02
   1.65996552E-02
   1.69000626E-02
   1.94005966E-02
   2.68001556E-02
   2.70004272E-02
   2.70996094E-02
   2.86998749E-02
   2.93998718E-02
   2.96001434E-02
   3.03001404E-02
   3.04002762E-02
   3.10993195E-02
   3.68003845E-02
   3.94992828E-02
   4.15992737E-02
   4.16994095E-02
   4.23994064E-02
   4.45003510E-02
   4.95004654E-02
   5.03997803E-02
   5.12008667E-02
   5.18999100E-02
   5.29994965E-02
   5.30996323E-02
   5.56001663E-02
   5.67007065E-02
   5.69000244E-02
   6.02006912E-02
   6.31008148E-02
   6.47001266E-02
   7.35998154E-02
   7.56006241E-02
   7.59000778E-02
   7.61995316E-02
   8.13999176E-02
   8.17003250E-02
   9.22994614E-02
   9.87997055E-02
  0.105199814    
  0.109399796    
  0.118500710    
  0.124199867    
  0.146200180    
  0.206500053    
  0.327199936    
  0.453100204    
