#Npts     Radius    Mag      Completeness
#   92 1451.6357  -14.885833 1.000000
# Ierr
  -1.07002258E-02
  -7.80010223E-03
  -7.59983063E-03
  -7.49969482E-03
  -6.79969788E-03
  -5.90038300E-03
  -5.80024719E-03
  -5.49983978E-03
  -5.29956818E-03
  -4.59957123E-03
  -4.19998169E-03
  -4.19998169E-03
  -3.99971008E-03
  -3.90052795E-03
  -3.60012054E-03
  -3.49998474E-03
  -3.49998474E-03
  -3.30066681E-03
  -3.00025940E-03
  -3.00025940E-03
  -2.79998779E-03
  -2.69985199E-03
  -2.30026245E-03
  -2.30026245E-03
  -1.99985504E-03
  -1.60026550E-03
  -1.50012970E-03
  -1.49917603E-03
  -1.29985809E-03
  -1.29985809E-03
  -1.29985809E-03
  -1.00040436E-03
  -8.99314880E-04
  -8.99314880E-04
  -6.99996948E-04
  -5.99861145E-04
  -5.00679016E-04
   9.91821289E-05
   2.99453735E-04
   5.00679016E-04
   5.99861145E-04
   6.99996948E-04
   1.00040436E-03
   1.09958649E-03
   1.10054016E-03
   1.29985809E-03
   1.29985809E-03
   1.29985809E-03
   1.30081177E-03
   1.39999390E-03
   1.69944763E-03
   1.80053711E-03
   1.99985504E-03
   2.30026245E-03
   2.30026245E-03
   2.30026245E-03
   2.39944458E-03
   3.00025940E-03
   3.49998474E-03
   3.90052795E-03
   4.10079956E-03
   4.19998169E-03
   4.19998169E-03
   4.19998169E-03
   4.40025330E-03
   4.59957123E-03
   4.89997864E-03
   5.09929657E-03
   5.10025024E-03
   5.29956818E-03
   5.49983978E-03
   5.50079346E-03
   5.99956512E-03
   6.19983673E-03
   6.50024414E-03
   6.60037994E-03
   7.20024109E-03
   7.69996643E-03
   7.90023804E-03
   8.00037384E-03
   8.39996338E-03
   8.70037079E-03
   8.90064240E-03
   9.40036774E-03
   9.59968567E-03
   9.69982147E-03
   1.26008987E-02
   1.31998062E-02
   1.80006027E-02
   2.13994980E-02
   2.49004364E-02
  0.166599274    
