#Npts     Radius    Mag      Completeness
#  102  435.4482  -14.782833 0.953271
# Ierr
 -0.739800453    
  -1.16996765E-02
  -9.90009308E-03
  -6.79969788E-03
  -5.80024719E-03
  -4.50038910E-03
  -4.19998169E-03
  -3.69930267E-03
  -2.09999084E-03
  -1.90067291E-03
  -1.50012970E-03
  -1.00135803E-04
   0.00000000    
   1.00040436E-03
   1.29985809E-03
   1.79958344E-03
   2.59971619E-03
   2.59971619E-03
   2.90012360E-03
   2.90012360E-03
   3.09944153E-03
   3.89957428E-03
   4.09984589E-03
   4.19998169E-03
   4.50038910E-03
   4.79984283E-03
   5.70011139E-03
   5.90038300E-03
   6.29997253E-03
   6.29997253E-03
   6.79969788E-03
   6.99996948E-03
   7.10010529E-03
   7.40051270E-03
   7.90023804E-03
   8.20064545E-03
   8.20064545E-03
   8.30078125E-03
   9.40036774E-03
   9.59968567E-03
   1.06000900E-02
   1.11999512E-02
   1.21002197E-02
   1.29995346E-02
   1.31998062E-02
   1.34000778E-02
   1.38998032E-02
   1.56993866E-02
   1.70993805E-02
   1.79996490E-02
   1.81999207E-02
   2.00004578E-02
   2.11000443E-02
   2.12001801E-02
   2.16999054E-02
   2.16999054E-02
   2.22997665E-02
   2.25000381E-02
   2.41994858E-02
   2.45008469E-02
   2.50997543E-02
   2.75001526E-02
   2.89001465E-02
   2.91004181E-02
   3.02000046E-02
   3.05995941E-02
   3.26995850E-02
   3.36999893E-02
   3.49998474E-02
   3.69997025E-02
   3.70006561E-02
   3.82003784E-02
   4.24003601E-02
   4.50992584E-02
   4.53004837E-02
   4.57000732E-02
   4.89006042E-02
   4.94995117E-02
   5.45997620E-02
   5.83992004E-02
   6.16006851E-02
   6.49995804E-02
   6.93998337E-02
   7.42006302E-02
   8.20007324E-02
   9.16004181E-02
   9.47999954E-02
   9.76991653E-02
  0.154900551    
  0.169700623    
  0.187500000    
  0.194799423    
  0.213599205    
  0.260899544    
  0.291299820    
  0.334799767    
  0.376200676    
  0.395799637    
  0.400199890    
  0.470900536    
  0.502200127    
  0.593800545    
