#Npts     Radius    Mag      Completeness
#  428 1248.4067  -12.522500 0.990741
# Ierr
 -0.197999954    
 -0.149700165    
  -5.97000122E-02
  -1.11999512E-02
  -6.40010834E-03
  -6.40010834E-03
  -5.90038300E-03
  -5.89942932E-03
  -5.80024719E-03
  -5.49983978E-03
  -5.49983978E-03
  -5.39970398E-03
  -5.00011444E-03
  -4.99916077E-03
  -4.89997864E-03
  -4.89997864E-03
  -4.79984283E-03
  -4.79984283E-03
  -4.70066071E-03
  -4.70066071E-03
  -4.69970703E-03
  -4.50038910E-03
  -4.40025330E-03
  -4.40025330E-03
  -4.30011749E-03
  -4.30011749E-03
  -4.29916382E-03
  -4.19998169E-03
  -4.09984589E-03
  -4.09984589E-03
  -4.09984589E-03
  -3.99971008E-03
  -3.90052795E-03
  -3.89957428E-03
  -3.89957428E-03
  -3.80039215E-03
  -3.70025635E-03
  -3.70025635E-03
  -3.69930267E-03
  -3.69930267E-03
  -3.69930267E-03
  -3.60012054E-03
  -3.60012054E-03
  -3.59916687E-03
  -3.49998474E-03
  -3.40080261E-03
  -3.39984894E-03
  -3.30066681E-03
  -3.30066681E-03
  -3.19957733E-03
  -3.19957733E-03
  -3.19957733E-03
  -3.00025940E-03
  -3.00025940E-03
  -3.00025940E-03
  -2.90012360E-03
  -2.90012360E-03
  -2.79998779E-03
  -2.79998779E-03
  -2.79998779E-03
  -2.79998779E-03
  -2.79998779E-03
  -2.69985199E-03
  -2.60066986E-03
  -2.59971619E-03
  -2.59971619E-03
  -2.59971619E-03
  -2.59971619E-03
  -2.40039825E-03
  -2.40039825E-03
  -2.30026245E-03
  -2.30026245E-03
  -2.30026245E-03
  -2.29930878E-03
  -2.20012665E-03
  -2.20012665E-03
  -2.09999084E-03
  -2.09999084E-03
  -2.09999084E-03
  -2.09999084E-03
  -2.09999084E-03
  -2.00080872E-03
  -1.99985504E-03
  -1.99985504E-03
  -1.99985504E-03
  -1.90067291E-03
  -1.89971924E-03
  -1.89971924E-03
  -1.89971924E-03
  -1.89971924E-03
  -1.89971924E-03
  -1.80053711E-03
  -1.70040131E-03
  -1.70040131E-03
  -1.69944763E-03
  -1.69944763E-03
  -1.60026550E-03
  -1.60026550E-03
  -1.60026550E-03
  -1.59931183E-03
  -1.59931183E-03
  -1.59931183E-03
  -1.50012970E-03
  -1.50012970E-03
  -1.39999390E-03
  -1.39999390E-03
  -1.39999390E-03
  -1.39999390E-03
  -1.39999390E-03
  -1.39999390E-03
  -1.39999390E-03
  -1.30081177E-03
  -1.29985809E-03
  -1.29985809E-03
  -1.29985809E-03
  -1.29985809E-03
  -1.29985809E-03
  -1.29985809E-03
  -1.20067596E-03
  -1.20067596E-03
  -1.20067596E-03
  -1.19972229E-03
  -1.19972229E-03
  -1.10054016E-03
  -1.10054016E-03
  -1.10054016E-03
  -1.09958649E-03
  -1.09958649E-03
  -1.00040436E-03
  -9.99450684E-04
  -9.99450684E-04
  -8.99314880E-04
  -8.99314880E-04
  -8.00132751E-04
  -8.00132751E-04
  -8.00132751E-04
  -8.00132751E-04
  -8.00132751E-04
  -8.00132751E-04
  -6.99996948E-04
  -6.99996948E-04
  -6.99996948E-04
  -6.99996948E-04
  -6.99996948E-04
  -6.99996948E-04
  -5.99861145E-04
  -5.99861145E-04
  -5.00679016E-04
  -4.99725342E-04
  -4.00543213E-04
  -4.00543213E-04
  -4.00543213E-04
  -3.99589539E-04
  -3.00407410E-04
  -2.99453735E-04
  -2.99453735E-04
  -2.99453735E-04
  -2.00271606E-04
  -2.00271606E-04
  -2.00271606E-04
  -1.00135803E-04
  -1.00135803E-04
   0.00000000    
   0.00000000    
   0.00000000    
   0.00000000    
   9.91821289E-05
   1.00135803E-04
   1.00135803E-04
   1.00135803E-04
   1.00135803E-04
   1.00135803E-04
   1.00135803E-04
   1.00135803E-04
   1.99317932E-04
   2.00271606E-04
   2.00271606E-04
   2.00271606E-04
   2.00271606E-04
   2.99453735E-04
   2.99453735E-04
   3.00407410E-04
   3.00407410E-04
   3.00407410E-04
   3.99589539E-04
   4.00543213E-04
   4.99725342E-04
   4.99725342E-04
   4.99725342E-04
   4.99725342E-04
   4.99725342E-04
   5.00679016E-04
   5.00679016E-04
   5.00679016E-04
   5.00679016E-04
   5.99861145E-04
   5.99861145E-04
   5.99861145E-04
   5.99861145E-04
   5.99861145E-04
   5.99861145E-04
   6.00814819E-04
   6.00814819E-04
   6.99996948E-04
   7.99179077E-04
   8.00132751E-04
   8.00132751E-04
   8.00132751E-04
   8.00132751E-04
   9.00268555E-04
   9.00268555E-04
   9.99450684E-04
   9.99450684E-04
   9.99450684E-04
   1.10054016E-03
   1.10054016E-03
   1.19972229E-03
   1.20067596E-03
   1.29985809E-03
   1.29985809E-03
   1.39999390E-03
   1.39999390E-03
   1.39999390E-03
   1.50012970E-03
   1.50012970E-03
   1.50012970E-03
   1.59931183E-03
   1.59931183E-03
   1.69944763E-03
   1.69944763E-03
   1.70040131E-03
   1.70040131E-03
   1.79958344E-03
   1.89971924E-03
   1.89971924E-03
   1.99985504E-03
   1.99985504E-03
   2.09999084E-03
   2.09999084E-03
   2.09999084E-03
   2.20012665E-03
   2.20012665E-03
   2.29930878E-03
   2.30026245E-03
   2.30026245E-03
   2.39944458E-03
   2.40039825E-03
   2.49958038E-03
   2.50053406E-03
   2.50053406E-03
   2.50053406E-03
   2.50053406E-03
   2.60066986E-03
   2.69985199E-03
   2.69985199E-03
   2.70080566E-03
   2.79998779E-03
   2.89916992E-03
   2.90012360E-03
   3.00025940E-03
   3.09944153E-03
   3.10039520E-03
   3.10039520E-03
   3.19957733E-03
   3.19957733E-03
   3.20053101E-03
   3.29971313E-03
   3.29971313E-03
   3.29971313E-03
   3.30066681E-03
   3.30066681E-03
   3.39984894E-03
   3.39984894E-03
   3.49998474E-03
   3.60012054E-03
   3.60012054E-03
   3.60012054E-03
   3.69930267E-03
   3.69930267E-03
   3.70025635E-03
   3.70025635E-03
   3.79943848E-03
   3.79943848E-03
   3.89957428E-03
   3.89957428E-03
   3.99971008E-03
   4.09984589E-03
   4.09984589E-03
   4.19998169E-03
   4.30011749E-03
   4.50038910E-03
   4.60052490E-03
   4.69970703E-03
   4.69970703E-03
   4.89997864E-03
   4.89997864E-03
   4.89997864E-03
   5.00011444E-03
   5.19943237E-03
   5.20038605E-03
   5.20038605E-03
   5.29956818E-03
   5.30052185E-03
   5.59997559E-03
   5.70011139E-03
   5.79929352E-03
   5.79929352E-03
   5.90038300E-03
   5.99956512E-03
   6.09970093E-03
   6.09970093E-03
   6.09970093E-03
   6.50024414E-03
   6.60037994E-03
   6.69956207E-03
   6.69956207E-03
   6.89983368E-03
   6.99996948E-03
   6.99996948E-03
   7.20024109E-03
   7.30037689E-03
   7.30037689E-03
   7.40051270E-03
   7.49969482E-03
   7.50064850E-03
   7.59983063E-03
   7.80010223E-03
   7.90023804E-03
   8.00037384E-03
   8.09955597E-03
   8.09955597E-03
   8.19969177E-03
   8.39996338E-03
   8.39996338E-03
   8.50009918E-03
   8.50009918E-03
   8.50009918E-03
   8.69941711E-03
   8.69941711E-03
   8.80050659E-03
   8.80050659E-03
   9.09996033E-03
   9.09996033E-03
   9.30023193E-03
   9.50050354E-03
   9.50050354E-03
   9.59968567E-03
   9.60063934E-03
   9.90009308E-03
   1.00002289E-02
   1.04007721E-02
   1.04999542E-02
   1.06000900E-02
   1.06000900E-02
   1.07002258E-02
   1.09996796E-02
   1.14002228E-02
   1.14002228E-02
   1.16996765E-02
   1.17998123E-02
   1.20000839E-02
   1.23996735E-02
   1.23996735E-02
   1.25007629E-02
   1.25999451E-02
   1.28993988E-02
   1.34000778E-02
   1.35993958E-02
   1.37004852E-02
   1.37996674E-02
   1.48000717E-02
   1.50003433E-02
   1.55000687E-02
   1.56002045E-02
   1.60007477E-02
   1.67007446E-02
   1.69000626E-02
   1.69000626E-02
   1.70993805E-02
   1.72996521E-02
   1.73997879E-02
   1.74999237E-02
   1.79996490E-02
   1.81999207E-02
   1.81999207E-02
   2.01997757E-02
   2.02999115E-02
   2.09999084E-02
   2.21996307E-02
   2.28996277E-02
   2.30007172E-02
   2.30998993E-02
   2.33001709E-02
   2.54001617E-02
   2.64005661E-02
   2.69002914E-02
   2.69994736E-02
   2.79998779E-02
   2.83002853E-02
   2.89001465E-02
   3.13997269E-02
   3.14998627E-02
   3.15008163E-02
   3.47003937E-02
   3.60994339E-02
   3.71999741E-02
   3.90996933E-02
   3.97996902E-02
   4.09002304E-02
   4.18004990E-02
   4.23994064E-02
   4.58993912E-02
   4.66003418E-02
   5.66005707E-02
   6.23998642E-02
   6.38999939E-02
   8.46996307E-02
   8.74996185E-02
   9.66997147E-02
   9.74006653E-02
   9.80997086E-02
  0.100800514    
  0.113800049    
  0.220299721    
  0.232900620    
  0.260700226    
  0.343799591    
  0.380399704    
