#Npts     Radius    Mag      Completeness
#  100 2903.2715  -14.635500 0.980392
# Ierr
  -1.06992722E-02
  -1.03998184E-02
  -9.79995728E-03
  -8.20064545E-03
  -7.99942017E-03
  -7.19928741E-03
  -7.10010529E-03
  -6.60037994E-03
  -5.70011139E-03
  -4.80079651E-03
  -4.69970703E-03
  -4.59957123E-03
  -3.99971008E-03
  -3.99971008E-03
  -3.89957428E-03
  -3.89957428E-03
  -3.49998474E-03
  -3.39984894E-03
  -3.29971313E-03
  -3.10039520E-03
  -3.09944153E-03
  -3.00025940E-03
  -2.69985199E-03
  -2.69985199E-03
  -2.59971619E-03
  -2.30026245E-03
  -1.90067291E-03
  -1.79958344E-03
  -1.79958344E-03
  -1.60026550E-03
  -1.39999390E-03
  -1.39999390E-03
  -1.39999390E-03
  -9.99450684E-04
  -9.00268555E-04
  -8.00132751E-04
  -5.00679016E-04
  -3.99589539E-04
  -3.99589539E-04
  -3.99589539E-04
  -3.00407410E-04
  -1.99317932E-04
  -1.00135803E-04
   1.00135803E-04
   1.00135803E-04
   1.00135803E-04
   4.99725342E-04
   6.99996948E-04
   8.00132751E-04
   1.39999390E-03
   1.39999390E-03
   1.50012970E-03
   1.59931183E-03
   1.60026550E-03
   1.60026550E-03
   1.80053711E-03
   1.99985504E-03
   2.09999084E-03
   2.20012665E-03
   2.30026245E-03
   2.49958038E-03
   2.49958038E-03
   2.50053406E-03
   2.59971619E-03
   2.60066986E-03
   2.90012360E-03
   3.09944153E-03
   3.19957733E-03
   3.20053101E-03
   3.29971313E-03
   3.29971313E-03
   3.69930267E-03
   3.70025635E-03
   3.80039215E-03
   4.09984589E-03
   4.09984589E-03
   4.30011749E-03
   4.69970703E-03
   4.70066071E-03
   4.80079651E-03
   5.00011444E-03
   5.10025024E-03
   5.59997559E-03
   5.90038300E-03
   6.00051880E-03
   6.20079041E-03
   6.50024414E-03
   6.60037994E-03
   7.10010529E-03
   7.39955902E-03
   7.80010223E-03
   8.29982758E-03
   8.60023499E-03
   8.99982452E-03
   8.99982452E-03
   9.09996033E-03
   9.09996033E-03
   1.06992722E-02
   1.76000595E-02
   9.36994553E-02
