#Npts     Radius    Mag      Completeness
#  113 2061.3228  -14.510333 1.000000
# Ierr
  -1.18999481E-02
  -1.12009048E-02
  -9.50050354E-03
  -9.39941406E-03
  -8.09955597E-03
  -7.90023804E-03
  -7.90023804E-03
  -7.30037689E-03
  -7.30037689E-03
  -7.29942322E-03
  -6.99996948E-03
  -6.90078735E-03
  -6.70051575E-03
  -6.19983673E-03
  -5.80024719E-03
  -5.59997559E-03
  -5.59997559E-03
  -5.20038605E-03
  -4.89997864E-03
  -4.69970703E-03
  -4.30011749E-03
  -4.09984589E-03
  -3.80039215E-03
  -3.69930267E-03
  -3.60012054E-03
  -3.49998474E-03
  -3.29971313E-03
  -3.20053101E-03
  -2.90012360E-03
  -2.79998779E-03
  -2.60066986E-03
  -2.49958038E-03
  -2.30026245E-03
  -2.29930878E-03
  -2.20012665E-03
  -2.20012665E-03
  -2.20012665E-03
  -2.20012665E-03
  -1.99985504E-03
  -1.70040131E-03
  -1.39999390E-03
  -1.29985809E-03
  -1.29985809E-03
  -1.29985809E-03
  -9.99450684E-04
  -7.99179077E-04
  -6.99996948E-04
  -4.99725342E-04
  -2.99453735E-04
  -2.00271606E-04
  -1.00135803E-04
  -1.00135803E-04
  -9.91821289E-05
   0.00000000    
   2.00271606E-04
   2.99453735E-04
   6.99996948E-04
   6.99996948E-04
   8.00132751E-04
   8.99314880E-04
   9.00268555E-04
   9.99450684E-04
   9.99450684E-04
   1.20067596E-03
   1.39999390E-03
   1.39999390E-03
   1.39999390E-03
   1.50012970E-03
   1.50012970E-03
   1.60026550E-03
   1.70040131E-03
   1.89971924E-03
   1.90067291E-03
   1.99985504E-03
   2.09999084E-03
   2.09999084E-03
   2.59971619E-03
   2.59971619E-03
   2.79998779E-03
   3.39984894E-03
   3.60012054E-03
   3.60012054E-03
   3.80039215E-03
   4.09984589E-03
   4.59957123E-03
   4.59957123E-03
   4.60052490E-03
   4.60052490E-03
   4.79984283E-03
   4.79984283E-03
   4.89997864E-03
   5.09929657E-03
   5.20038605E-03
   5.49983978E-03
   5.69915771E-03
   6.00051880E-03
   6.90078735E-03
   7.19928741E-03
   7.39955902E-03
   7.39955902E-03
   8.00037384E-03
   8.19969177E-03
   8.50009918E-03
   8.60023499E-03
   9.09996033E-03
   9.90009308E-03
   1.13000870E-02
   1.22995377E-02
   1.34000778E-02
   1.64995193E-02
   1.69000626E-02
   1.86004639E-02
  0.127499580    
