#Npts     Radius    Mag      Completeness
#  131  435.4482  -14.101334 0.970370
# Ierr
 -0.141900063    
  -6.85997009E-02
  -3.15999985E-02
  -2.98004150E-02
  -2.96001434E-02
  -2.80008316E-02
  -2.23999023E-02
  -2.15997696E-02
  -1.98993683E-02
  -1.64995193E-02
  -1.43995285E-02
  -1.27000809E-02
  -1.14002228E-02
  -1.09004974E-02
  -1.08003616E-02
  -1.04999542E-02
  -8.00037384E-03
  -6.80065155E-03
  -6.20079041E-03
  -5.59997559E-03
  -5.19943237E-03
  -4.79984283E-03
  -3.80039215E-03
  -3.00025940E-03
  -2.30026245E-03
  -2.20012665E-03
  -2.09999084E-03
  -1.89971924E-03
  -1.80053711E-03
  -1.69944763E-03
  -9.00268555E-04
  -8.00132751E-04
  -6.99996948E-04
  -4.00543213E-04
  -1.99317932E-04
   1.00135803E-04
   6.99996948E-04
   1.09958649E-03
   1.79958344E-03
   1.79958344E-03
   2.30026245E-03
   2.30026245E-03
   2.60066986E-03
   3.29971313E-03
   3.69930267E-03
   3.69930267E-03
   3.80039215E-03
   3.89957428E-03
   4.09984589E-03
   4.30011749E-03
   4.60052490E-03
   4.79984283E-03
   5.49983978E-03
   5.59997559E-03
   5.90038300E-03
   5.99956512E-03
   6.50024414E-03
   7.29942322E-03
   7.40051270E-03
   7.69996643E-03
   7.80010223E-03
   8.29982758E-03
   9.40036774E-03
   1.07994080E-02
   1.11999512E-02
   1.13000870E-02
   1.16996765E-02
   1.37004852E-02
   1.41992569E-02
   1.62992477E-02
   1.63002014E-02
   1.76992416E-02
   1.79004669E-02
   1.86004639E-02
   1.90000534E-02
   1.90000534E-02
   1.98001862E-02
   2.01005936E-02
   2.21996307E-02
   2.23999023E-02
   2.32000351E-02
   2.47001648E-02
   2.49004364E-02
   2.62002945E-02
   2.66008377E-02
   2.72998810E-02
   2.79998779E-02
   3.04002762E-02
   3.08008194E-02
   3.31993103E-02
   3.41997147E-02
   3.54003906E-02
   3.70998383E-02
   3.81002426E-02
   3.81994247E-02
   3.91998291E-02
   4.37994003E-02
   4.49008942E-02
   4.86993790E-02
   5.45005798E-02
   5.73005676E-02
   5.77993393E-02
   6.72998428E-02
   6.90994263E-02
   7.34996796E-02
   7.35998154E-02
   7.45000839E-02
   7.69996643E-02
   7.79008865E-02
   7.89003372E-02
   8.19997787E-02
   9.13000107E-02
   9.37004089E-02
   9.40999985E-02
  0.102499962    
  0.108700752    
  0.121800423    
  0.122500420    
  0.135100365    
  0.145400047    
  0.153200150    
  0.159700394    
  0.175999641    
  0.181499481    
  0.195399284    
  0.269400597    
  0.365799904    
  0.452600479    
  0.514399529    
  0.520500183    
  0.521400452    
