#Npts     Radius    Mag      Completeness
#   93 1451.6357  -14.260000 1.000000
# Ierr
  -1.25999451E-02
  -1.09996796E-02
  -9.60063934E-03
  -9.20009613E-03
  -8.99982452E-03
  -8.80050659E-03
  -8.50009918E-03
  -8.29982758E-03
  -8.20064545E-03
  -8.19969177E-03
  -8.19969177E-03
  -7.20024109E-03
  -5.30052185E-03
  -5.20038605E-03
  -4.89997864E-03
  -4.49943542E-03
  -4.49943542E-03
  -4.09984589E-03
  -3.90052795E-03
  -3.89957428E-03
  -3.80039215E-03
  -3.79943848E-03
  -3.70025635E-03
  -3.60012054E-03
  -3.49998474E-03
  -3.49998474E-03
  -3.39984894E-03
  -3.29971313E-03
  -2.99930573E-03
  -2.79998779E-03
  -2.60066986E-03
  -2.50053406E-03
  -2.50053406E-03
  -2.20012665E-03
  -1.50012970E-03
  -1.39999390E-03
  -1.19972229E-03
  -1.00040436E-03
  -9.99450684E-04
  -5.99861145E-04
  -5.00679016E-04
  -3.00407410E-04
   0.00000000    
   0.00000000    
   2.00271606E-04
   3.00407410E-04
   4.00543213E-04
   6.99996948E-04
   8.00132751E-04
   9.00268555E-04
   9.99450684E-04
   1.09958649E-03
   1.49917603E-03
   1.50012970E-03
   1.59931183E-03
   1.99985504E-03
   2.19917297E-03
   2.39944458E-03
   2.59971619E-03
   2.70080566E-03
   2.70080566E-03
   3.00025940E-03
   3.20053101E-03
   3.60012054E-03
   3.60012054E-03
   3.60012054E-03
   3.89957428E-03
   3.99971008E-03
   3.99971008E-03
   4.19998169E-03
   4.79984283E-03
   5.09929657E-03
   5.39970398E-03
   5.99956512E-03
   6.40010834E-03
   6.89983368E-03
   7.80010223E-03
   7.89928436E-03
   7.90023804E-03
   8.39996338E-03
   8.50009918E-03
   8.80050659E-03
   9.89913940E-03
   1.00002289E-02
   1.13000870E-02
   1.14002228E-02
   1.17006302E-02
   1.21002197E-02
   3.55005264E-02
   4.97007370E-02
   8.91008377E-02
  0.143199921    
  0.200200081    
