#Npts     Radius    Mag      Completeness
#  104 1451.6357  -14.385167 1.000000
# Ierr
  -5.34000397E-02
  -2.35996246E-02
  -1.64003372E-02
  -1.25999451E-02
  -1.01995468E-02
  -1.00002289E-02
  -9.90009308E-03
  -9.59968567E-03
  -9.40036774E-03
  -9.09996033E-03
  -8.29982758E-03
  -8.20064545E-03
  -7.50064850E-03
  -7.29942322E-03
  -6.79969788E-03
  -6.39915466E-03
  -6.29997253E-03
  -5.80024719E-03
  -5.80024719E-03
  -5.80024719E-03
  -5.39970398E-03
  -5.00011444E-03
  -4.89997864E-03
  -4.80079651E-03
  -4.59957123E-03
  -4.49943542E-03
  -4.09984589E-03
  -4.09984589E-03
  -3.60012054E-03
  -3.59916687E-03
  -3.49998474E-03
  -3.49998474E-03
  -3.00025940E-03
  -2.69985199E-03
  -2.40039825E-03
  -2.30026245E-03
  -2.20012665E-03
  -1.99985504E-03
  -1.89971924E-03
  -1.80053711E-03
  -1.60026550E-03
  -1.39999390E-03
  -1.29985809E-03
  -1.20067596E-03
  -1.09958649E-03
  -1.00040436E-03
  -9.00268555E-04
  -5.99861145E-04
  -3.99589539E-04
   3.99589539E-04
   8.99314880E-04
   8.99314880E-04
   1.29985809E-03
   1.39999390E-03
   1.50012970E-03
   2.20012665E-03
   2.20012665E-03
   2.40039825E-03
   2.79998779E-03
   2.89916992E-03
   2.90012360E-03
   2.90012360E-03
   3.09944153E-03
   3.19957733E-03
   4.09984589E-03
   4.39929962E-03
   4.49943542E-03
   4.50038910E-03
   4.69970703E-03
   4.70066071E-03
   5.30052185E-03
   5.49983978E-03
   5.59997559E-03
   6.00051880E-03
   6.20079041E-03
   6.29997253E-03
   6.99996948E-03
   7.10010529E-03
   7.30037689E-03
   7.40051270E-03
   8.19969177E-03
   8.89968872E-03
   8.99982452E-03
   9.29927826E-03
   9.50050354E-03
   1.00002289E-02
   1.01003647E-02
   1.10006332E-02
   1.37004852E-02
   1.57995224E-02
   1.84001923E-02
   1.87997818E-02
   2.23999023E-02
   2.61993408E-02
   2.82001495E-02
   2.90002823E-02
   3.78999710E-02
   3.84998322E-02
   4.93001938E-02
   6.16006851E-02
   6.48994446E-02
   6.66999817E-02
  0.107500076    
  0.282200813    
