#Npts     Radius    Mag      Completeness
#  183  841.8665  -14.101334 0.983871
# Ierr
  -2.25000381E-02
  -1.87005997E-02
  -1.64995193E-02
  -1.55000687E-02
  -1.31998062E-02
  -1.21994019E-02
  -1.21994019E-02
  -1.03998184E-02
  -1.03998184E-02
  -9.79995728E-03
  -9.60063934E-03
  -9.20009613E-03
  -8.89968872E-03
  -8.79955292E-03
  -8.79955292E-03
  -8.60023499E-03
  -8.50009918E-03
  -8.20064545E-03
  -8.10050964E-03
  -8.10050964E-03
  -7.80010223E-03
  -7.39955902E-03
  -6.89983368E-03
  -6.60037994E-03
  -6.59942627E-03
  -6.20079041E-03
  -5.39970398E-03
  -4.59957123E-03
  -4.50038910E-03
  -4.30011749E-03
  -3.80039215E-03
  -3.80039215E-03
  -3.79943848E-03
  -3.69930267E-03
  -3.49998474E-03
  -3.19957733E-03
  -3.09944153E-03
  -2.99930573E-03
  -2.49958038E-03
  -2.20012665E-03
  -2.20012665E-03
  -1.89971924E-03
  -1.70040131E-03
  -1.69944763E-03
  -1.50012970E-03
  -1.39999390E-03
  -1.19972229E-03
  -1.09958649E-03
  -1.09958649E-03
  -9.00268555E-04
  -9.00268555E-04
  -9.00268555E-04
  -8.99314880E-04
  -7.99179077E-04
  -6.99996948E-04
  -5.99861145E-04
  -4.00543213E-04
  -3.99589539E-04
   2.00271606E-04
   3.00407410E-04
   3.99589539E-04
   4.99725342E-04
   5.00679016E-04
   5.99861145E-04
   8.00132751E-04
   8.00132751E-04
   9.00268555E-04
   1.00040436E-03
   1.10054016E-03
   1.59931183E-03
   1.60026550E-03
   1.60026550E-03
   1.69944763E-03
   1.70040131E-03
   1.70040131E-03
   1.80053711E-03
   1.99985504E-03
   2.09999084E-03
   2.09999084E-03
   2.20012665E-03
   2.30026245E-03
   2.60066986E-03
   2.69985199E-03
   3.09944153E-03
   3.10039520E-03
   3.20053101E-03
   3.20053101E-03
   3.39984894E-03
   3.49998474E-03
   3.60012054E-03
   3.60012054E-03
   3.70025635E-03
   3.89957428E-03
   4.09984589E-03
   4.19998169E-03
   4.30011749E-03
   4.40025330E-03
   4.49943542E-03
   4.60052490E-03
   4.69970703E-03
   4.89997864E-03
   5.10025024E-03
   5.10025024E-03
   5.30052185E-03
   5.30052185E-03
   5.40065765E-03
   5.49983978E-03
   5.70011139E-03
   6.09970093E-03
   6.09970093E-03
   6.20079041E-03
   6.29997253E-03
   6.29997253E-03
   6.40010834E-03
   6.40010834E-03
   6.49929047E-03
   6.59942627E-03
   6.80065155E-03
   7.50064850E-03
   7.59983063E-03
   7.99942017E-03
   8.50009918E-03
   8.50009918E-03
   8.70037079E-03
   8.80050659E-03
   8.80050659E-03
   8.90064240E-03
   8.99982452E-03
   9.20009613E-03
   9.20009613E-03
   9.89913940E-03
   1.00994110E-02
   1.11007690E-02
   1.15003586E-02
   1.24998093E-02
   1.27000809E-02
   1.28993988E-02
   1.31998062E-02
   1.36995316E-02
   1.46007538E-02
   1.60999298E-02
   1.60999298E-02
   1.63993835E-02
   1.65004730E-02
   1.69000626E-02
   1.87997818E-02
   1.91001892E-02
   1.97992325E-02
   2.04000473E-02
   2.20994949E-02
   2.40001678E-02
   2.50005722E-02
   2.50005722E-02
   2.53000259E-02
   2.70996094E-02
   2.72998810E-02
   2.77004242E-02
   2.82993317E-02
   3.15999985E-02
   3.22999954E-02
   3.31001282E-02
   3.45001221E-02
   3.76005173E-02
   3.82995605E-02
   4.06007767E-02
   4.25996780E-02
   4.61997986E-02
   5.15995026E-02
   5.38997650E-02
   6.48002625E-02
   6.52999878E-02
   6.65998459E-02
   6.83994293E-02
   6.97994232E-02
   7.01999664E-02
   7.62996674E-02
   8.02993774E-02
   8.19997787E-02
  0.132900238    
  0.134799957    
  0.161499977    
  0.280100822    
  0.368300438    
