#Npts     Radius    Mag      Completeness
#   60  435.4907  -14.385167 0.869565
# Ierr
  -5.35993576E-02
  -5.02004623E-02
  -4.03003693E-02
  -3.85007858E-02
  -1.78003311E-02
  -1.51996613E-02
  -1.41000748E-02
  -1.09004974E-02
  -1.04007721E-02
  -7.40051270E-03
  -6.70051575E-03
  -6.69956207E-03
  -6.50024414E-03
  -5.09929657E-03
  -4.49943542E-03
  -3.49998474E-03
  -3.39984894E-03
   3.00407410E-04
   1.70040131E-03
   2.79998779E-03
   3.29971313E-03
   3.39984894E-03
   3.99971008E-03
   4.79984283E-03
   6.89983368E-03
   7.20024109E-03
   7.59983063E-03
   8.49914551E-03
   8.69941711E-03
   1.02996826E-02
   1.24998093E-02
   1.32999420E-02
   1.46999359E-02
   1.65996552E-02
   1.94005966E-02
   2.68001556E-02
   2.70996094E-02
   2.86998749E-02
   2.93998718E-02
   2.96001434E-02
   3.04002762E-02
   3.10993195E-02
   3.68003845E-02
   3.94992828E-02
   4.45003510E-02
   4.95004654E-02
   5.03997803E-02
   5.18999100E-02
   5.69000244E-02
   6.02006912E-02
   6.47001266E-02
   7.59000778E-02
   7.61995316E-02
   9.87997055E-02
  0.109399796    
  0.118500710    
  0.124199867    
  0.146200180    
  0.206500053    
  0.327199936    
