#Npts     Radius    Mag      Completeness
#  204 1045.0756  -14.782833 0.976077
# Ierr
  -1.37004852E-02
  -1.15003586E-02
  -1.04999542E-02
  -9.99927521E-03
  -8.29982758E-03
  -7.99942017E-03
  -7.90023804E-03
  -7.89928436E-03
  -7.69996643E-03
  -7.49969482E-03
  -7.29942322E-03
  -7.09915161E-03
  -6.70051575E-03
  -6.70051575E-03
  -6.50024414E-03
  -6.50024414E-03
  -6.09970093E-03
  -5.99956512E-03
  -5.89942932E-03
  -5.40065765E-03
  -5.39970398E-03
  -5.39970398E-03
  -5.29956818E-03
  -5.10025024E-03
  -5.10025024E-03
  -4.89997864E-03
  -4.89997864E-03
  -4.19998169E-03
  -4.09984589E-03
  -4.00066376E-03
  -4.00066376E-03
  -3.99971008E-03
  -3.80039215E-03
  -3.80039215E-03
  -3.60012054E-03
  -3.60012054E-03
  -3.39984894E-03
  -3.20053101E-03
  -2.59971619E-03
  -2.50053406E-03
  -2.49958038E-03
  -2.49958038E-03
  -2.30026245E-03
  -2.30026245E-03
  -2.09999084E-03
  -2.09999084E-03
  -1.99985504E-03
  -1.79958344E-03
  -1.69944763E-03
  -1.59931183E-03
  -1.50012970E-03
  -1.39999390E-03
  -1.29985809E-03
  -1.20067596E-03
  -1.19972229E-03
  -1.10054016E-03
  -9.99450684E-04
  -9.00268555E-04
  -6.99996948E-04
  -6.99996948E-04
  -5.99861145E-04
  -4.99725342E-04
  -4.99725342E-04
  -4.00543213E-04
  -3.00407410E-04
  -3.00407410E-04
  -2.99453735E-04
  -2.99453735E-04
  -2.00271606E-04
  -1.99317932E-04
   0.00000000    
   0.00000000    
   9.91821289E-05
   9.91821289E-05
   9.91821289E-05
   1.00135803E-04
   1.00135803E-04
   3.00407410E-04
   3.00407410E-04
   4.00543213E-04
   4.00543213E-04
   4.99725342E-04
   4.99725342E-04
   8.99314880E-04
   9.00268555E-04
   9.00268555E-04
   9.00268555E-04
   9.99450684E-04
   1.00040436E-03
   1.09958649E-03
   1.10054016E-03
   1.19972229E-03
   1.19972229E-03
   1.39999390E-03
   1.39999390E-03
   1.50012970E-03
   1.50012970E-03
   1.50012970E-03
   1.50012970E-03
   1.69944763E-03
   1.89971924E-03
   1.90067291E-03
   1.99985504E-03
   2.09999084E-03
   2.19917297E-03
   2.19917297E-03
   2.20012665E-03
   2.30026245E-03
   2.40039825E-03
   2.49958038E-03
   2.50053406E-03
   2.50053406E-03
   2.59971619E-03
   2.59971619E-03
   2.60066986E-03
   2.69985199E-03
   3.00025940E-03
   3.09944153E-03
   3.10039520E-03
   3.19957733E-03
   3.19957733E-03
   3.19957733E-03
   3.19957733E-03
   3.30066681E-03
   3.39984894E-03
   3.49998474E-03
   3.60012054E-03
   3.79943848E-03
   3.90052795E-03
   3.99971008E-03
   4.09984589E-03
   4.50038910E-03
   4.69970703E-03
   4.79984283E-03
   5.00011444E-03
   5.10025024E-03
   5.29956818E-03
   5.40065765E-03
   5.49983978E-03
   6.50024414E-03
   6.60037994E-03
   6.69956207E-03
   6.69956207E-03
   6.89983368E-03
   6.89983368E-03
   7.20024109E-03
   7.20024109E-03
   7.69996643E-03
   7.89928436E-03
   8.19969177E-03
   8.29982758E-03
   8.50009918E-03
   8.90064240E-03
   9.09996033E-03
   9.20009613E-03
   9.20009613E-03
   9.29927826E-03
   9.59968567E-03
   1.00002289E-02
   1.02996826E-02
   1.04999542E-02
   1.04999542E-02
   1.04999542E-02
   1.11999512E-02
   1.12991333E-02
   1.14994049E-02
   1.15995407E-02
   1.16996765E-02
   1.21002197E-02
   1.21002197E-02
   1.22003555E-02
   1.24006271E-02
   1.53999329E-02
   1.56002045E-02
   1.56993866E-02
   1.57995224E-02
   1.63002014E-02
   1.67999268E-02
   1.71995163E-02
   1.73997879E-02
   1.80006027E-02
   1.80997849E-02
   1.95999146E-02
   1.99003220E-02
   2.01997757E-02
   2.02999115E-02
   2.28004456E-02
   2.33001709E-02
   2.57997513E-02
   2.61993408E-02
   2.65007019E-02
   2.70996094E-02
   2.92997360E-02
   3.07998657E-02
   3.47003937E-02
   3.57999802E-02
   4.43992615E-02
   5.20000458E-02
   6.02998734E-02
   6.96001053E-02
   7.50007629E-02
   8.60004425E-02
  0.119299889    
  0.130599976    
