#Npts     Radius    Mag      Completeness
#  478 1654.7029  -10.809000 0.989648
# Ierr
 -0.185599327    
 -0.180899620    
 -0.148300171    
 -0.102399826    
  -6.35004044E-02
  -6.07004166E-02
  -5.36003113E-02
  -4.78000641E-02
  -3.97005081E-02
  -3.82995605E-02
  -2.50005722E-02
  -2.48003006E-02
  -2.47001648E-02
  -2.35004425E-02
  -2.34994888E-02
  -2.34003067E-02
  -2.33001709E-02
  -2.28004456E-02
  -2.16999054E-02
  -2.10990906E-02
  -2.09999084E-02
  -2.05001831E-02
  -1.97000504E-02
  -1.95999146E-02
  -1.87997818E-02
  -1.72004700E-02
  -1.72004700E-02
  -1.67999268E-02
  -1.62992477E-02
  -1.59997940E-02
  -1.51996613E-02
  -1.50995255E-02
  -1.46999359E-02
  -1.42993927E-02
  -1.42002106E-02
  -1.41992569E-02
  -1.37996674E-02
  -1.35993958E-02
  -1.35002136E-02
  -1.34000778E-02
  -1.31998062E-02
  -1.28993988E-02
  -1.25999451E-02
  -1.25999451E-02
  -1.22995377E-02
  -1.22003555E-02
  -1.22003555E-02
  -1.21994019E-02
  -1.20000839E-02
  -1.20000839E-02
  -1.18999481E-02
  -1.18999481E-02
  -1.17998123E-02
  -1.15003586E-02
  -1.15003586E-02
  -1.15003586E-02
  -1.14994049E-02
  -1.14002228E-02
  -1.14002228E-02
  -1.11999512E-02
  -1.11999512E-02
  -1.11999512E-02
  -1.10998154E-02
  -1.10998154E-02
  -1.09004974E-02
  -1.09004974E-02
  -1.07002258E-02
  -1.04999542E-02
  -1.04999542E-02
  -1.04999542E-02
  -1.02005005E-02
  -1.01995468E-02
  -1.01995468E-02
  -9.90009308E-03
  -9.59968567E-03
  -9.39941406E-03
  -9.29927826E-03
  -9.20009613E-03
  -9.09996033E-03
  -8.99982452E-03
  -8.99982452E-03
  -8.89968872E-03
  -8.80050659E-03
  -8.80050659E-03
  -8.79955292E-03
  -8.79955292E-03
  -8.79955292E-03
  -8.69941711E-03
  -8.50009918E-03
  -8.29982758E-03
  -8.20064545E-03
  -8.19969177E-03
  -8.19969177E-03
  -8.19969177E-03
  -8.10050964E-03
  -8.10050964E-03
  -8.09955597E-03
  -8.00037384E-03
  -7.90023804E-03
  -7.90023804E-03
  -7.90023804E-03
  -7.90023804E-03
  -7.80010223E-03
  -7.69996643E-03
  -7.69996643E-03
  -7.69996643E-03
  -7.49969482E-03
  -7.49969482E-03
  -7.39955902E-03
  -7.30037689E-03
  -7.10010529E-03
  -7.10010529E-03
  -7.10010529E-03
  -6.89983368E-03
  -6.89983368E-03
  -6.79969788E-03
  -6.79969788E-03
  -6.70051575E-03
  -6.69956207E-03
  -6.60037994E-03
  -6.60037994E-03
  -6.59942627E-03
  -6.50024414E-03
  -6.50024414E-03
  -6.40010834E-03
  -6.40010834E-03
  -6.40010834E-03
  -6.30092621E-03
  -6.29997253E-03
  -6.19983673E-03
  -6.09970093E-03
  -6.09970093E-03
  -6.09970093E-03
  -6.00051880E-03
  -5.90038300E-03
  -5.89942932E-03
  -5.80024719E-03
  -5.80024719E-03
  -5.79929352E-03
  -5.70011139E-03
  -5.70011139E-03
  -5.59997559E-03
  -5.59997559E-03
  -5.59997559E-03
  -5.49983978E-03
  -5.49983978E-03
  -5.39970398E-03
  -5.30052185E-03
  -5.30052185E-03
  -5.30052185E-03
  -5.20038605E-03
  -5.20038605E-03
  -5.19943237E-03
  -5.10025024E-03
  -5.10025024E-03
  -5.09929657E-03
  -5.09929657E-03
  -5.00011444E-03
  -5.00011444E-03
  -4.89997864E-03
  -4.89997864E-03
  -4.79984283E-03
  -4.69970703E-03
  -4.60052490E-03
  -4.59957123E-03
  -4.50038910E-03
  -4.50038910E-03
  -4.40025330E-03
  -4.39929962E-03
  -4.30011749E-03
  -4.30011749E-03
  -4.30011749E-03
  -4.30011749E-03
  -4.30011749E-03
  -4.29916382E-03
  -4.29916382E-03
  -4.19998169E-03
  -4.19998169E-03
  -4.19998169E-03
  -4.09984589E-03
  -3.99971008E-03
  -3.90052795E-03
  -3.90052795E-03
  -3.89957428E-03
  -3.80039215E-03
  -3.70025635E-03
  -3.69930267E-03
  -3.69930267E-03
  -3.60012054E-03
  -3.60012054E-03
  -3.60012054E-03
  -3.60012054E-03
  -3.60012054E-03
  -3.60012054E-03
  -3.60012054E-03
  -3.60012054E-03
  -3.49998474E-03
  -3.20053101E-03
  -3.20053101E-03
  -3.19957733E-03
  -3.10039520E-03
  -3.10039520E-03
  -3.10039520E-03
  -3.09944153E-03
  -3.00025940E-03
  -3.00025940E-03
  -2.90012360E-03
  -2.89916992E-03
  -2.89916992E-03
  -2.79998779E-03
  -2.79998779E-03
  -2.79998779E-03
  -2.69985199E-03
  -2.69985199E-03
  -2.59971619E-03
  -2.30026245E-03
  -2.30026245E-03
  -2.30026245E-03
  -2.29930878E-03
  -2.20012665E-03
  -2.20012665E-03
  -2.20012665E-03
  -2.20012665E-03
  -2.00080872E-03
  -1.99985504E-03
  -1.99985504E-03
  -1.99985504E-03
  -1.90067291E-03
  -1.89971924E-03
  -1.89971924E-03
  -1.89971924E-03
  -1.89971924E-03
  -1.80053711E-03
  -1.70040131E-03
  -1.50012970E-03
  -1.50012970E-03
  -1.39999390E-03
  -1.39999390E-03
  -1.29985809E-03
  -1.29985809E-03
  -1.19972229E-03
  -1.19972229E-03
  -1.10054016E-03
  -1.10054016E-03
  -1.09958649E-03
  -9.00268555E-04
  -9.00268555E-04
  -9.00268555E-04
  -8.00132751E-04
  -6.99996948E-04
  -6.99996948E-04
  -6.99996948E-04
  -6.99996948E-04
  -6.00814819E-04
  -5.00679016E-04
  -4.99725342E-04
  -4.99725342E-04
  -4.99725342E-04
  -4.00543213E-04
  -3.99589539E-04
  -2.00271606E-04
  -1.99317932E-04
  -1.99317932E-04
  -1.99317932E-04
  -1.00135803E-04
  -1.00135803E-04
   0.00000000    
   2.99453735E-04
   3.00407410E-04
   4.99725342E-04
   5.99861145E-04
   5.99861145E-04
   5.99861145E-04
   6.99996948E-04
   9.99450684E-04
   9.99450684E-04
   1.09958649E-03
   1.09958649E-03
   1.10054016E-03
   1.10054016E-03
   1.10054016E-03
   1.10054016E-03
   1.20067596E-03
   1.29985809E-03
   1.29985809E-03
   1.29985809E-03
   1.50012970E-03
   1.69944763E-03
   1.79958344E-03
   1.80053711E-03
   1.89971924E-03
   1.89971924E-03
   1.90067291E-03
   1.90067291E-03
   1.99985504E-03
   1.99985504E-03
   2.20012665E-03
   2.29930878E-03
   2.39944458E-03
   2.39944458E-03
   2.40039825E-03
   2.40039825E-03
   2.49958038E-03
   2.49958038E-03
   2.69985199E-03
   2.70080566E-03
   2.89916992E-03
   2.90012360E-03
   2.90012360E-03
   3.00025940E-03
   3.10039520E-03
   3.19957733E-03
   3.30066681E-03
   3.30066681E-03
   3.39984894E-03
   3.39984894E-03
   3.39984894E-03
   3.49998474E-03
   3.59916687E-03
   3.60012054E-03
   3.60012054E-03
   3.70025635E-03
   3.79943848E-03
   3.80039215E-03
   3.89957428E-03
   3.89957428E-03
   3.89957428E-03
   4.09984589E-03
   4.09984589E-03
   4.09984589E-03
   4.19998169E-03
   4.19998169E-03
   4.49943542E-03
   4.50038910E-03
   4.50038910E-03
   4.50038910E-03
   4.69970703E-03
   4.70066071E-03
   4.89997864E-03
   5.00011444E-03
   5.30052185E-03
   5.39970398E-03
   5.39970398E-03
   5.40065765E-03
   5.59997559E-03
   5.80024719E-03
   6.00051880E-03
   6.19983673E-03
   6.29997253E-03
   6.50024414E-03
   6.69956207E-03
   6.89983368E-03
   6.89983368E-03
   6.99996948E-03
   6.99996948E-03
   7.40051270E-03
   7.60078430E-03
   7.89928436E-03
   7.99942017E-03
   8.10050964E-03
   8.19969177E-03
   8.39996338E-03
   9.19914246E-03
   9.39941406E-03
   9.89913940E-03
   1.01003647E-02
   1.01003647E-02
   1.01995468E-02
   1.03998184E-02
   1.04999542E-02
   1.07002258E-02
   1.07994080E-02
   1.09996796E-02
   1.09996796E-02
   1.11999512E-02
   1.16004944E-02
   1.17006302E-02
   1.17998123E-02
   1.17998123E-02
   1.22003555E-02
   1.23004913E-02
   1.23996735E-02
   1.24006271E-02
   1.27000809E-02
   1.27992630E-02
   1.30004883E-02
   1.36995316E-02
   1.39999390E-02
   1.39999390E-02
   1.39999390E-02
   1.40008926E-02
   1.43995285E-02
   1.48000717E-02
   1.48992538E-02
   1.52006149E-02
   1.54991150E-02
   1.56002045E-02
   1.63002014E-02
   1.63002014E-02
   1.69000626E-02
   1.73006058E-02
   1.73997879E-02
   1.77993774E-02
   1.80997849E-02
   1.85995102E-02
   1.85995102E-02
   1.88007355E-02
   1.93004608E-02
   1.94997787E-02
   1.99995041E-02
   2.05001831E-02
   2.07004547E-02
   2.14996338E-02
   2.22005844E-02
   2.26993561E-02
   2.30998993E-02
   2.30998993E-02
   2.42004395E-02
   2.46000290E-02
   2.49996185E-02
   2.53000259E-02
   2.55002975E-02
   2.60000229E-02
   2.72998810E-02
   2.75993347E-02
   2.78005600E-02
   2.79006958E-02
   2.85005569E-02
   2.85997391E-02
   2.86998749E-02
   2.90002823E-02
   2.91996002E-02
   2.97002792E-02
   3.05004120E-02
   3.05995941E-02
   3.18002701E-02
   3.40003967E-02
   3.60002518E-02
   3.62005234E-02
   3.73001099E-02
   3.80992889E-02
   3.81002426E-02
   3.94001007E-02
   4.21991348E-02
   4.22992706E-02
   4.25004959E-02
   4.32996750E-02
   4.32996750E-02
   4.45003510E-02
   4.59003448E-02
   4.71000671E-02
   4.94995117E-02
   5.11999130E-02
   5.21993637E-02
   5.35001755E-02
   6.16006851E-02
   6.47001266E-02
   6.96001053E-02
   6.99996948E-02
   7.35006332E-02
   8.36000443E-02
   8.57000351E-02
  0.106699944    
  0.114999771    
  0.128900528    
  0.135500908    
  0.141500473    
  0.159899712    
  0.175899506    
  0.198299408    
  0.202899933    
  0.221500397    
  0.253200531    
  0.254300117    
  0.296899796    
  0.366000175    
  0.607799530    
  0.723700523    
