#Npts     Radius    Mag      Completeness
#  446 1045.0756  -11.282000 0.980220
# Ierr
 -0.627799988    
 -0.430900574    
 -0.181700706    
 -0.171900749    
 -0.148500443    
 -0.111799240    
 -0.109099388    
 -0.103499413    
  -8.24995041E-02
  -6.62994385E-02
  -6.56995773E-02
  -6.52999878E-02
  -6.43997192E-02
  -5.29003143E-02
  -5.28993607E-02
  -4.82997894E-02
  -4.54998016E-02
  -4.29000854E-02
  -3.98998260E-02
  -3.97996902E-02
  -3.45001221E-02
  -3.12004089E-02
  -3.10993195E-02
  -2.62994766E-02
  -2.46000290E-02
  -2.17990875E-02
  -2.15005875E-02
  -2.06995010E-02
  -1.97000504E-02
  -1.78003311E-02
  -1.72996521E-02
  -1.72996521E-02
  -1.71003342E-02
  -1.70001984E-02
  -1.67999268E-02
  -1.63002014E-02
  -1.62000656E-02
  -1.61991119E-02
  -1.58996582E-02
  -1.56002045E-02
  -1.55000687E-02
  -1.52006149E-02
  -1.52006149E-02
  -1.48000717E-02
  -1.43003464E-02
  -1.41000748E-02
  -1.38998032E-02
  -1.38998032E-02
  -1.36003494E-02
  -1.28993988E-02
  -1.27992630E-02
  -1.25999451E-02
  -1.22995377E-02
  -1.22003555E-02
  -1.20000839E-02
  -1.17998123E-02
  -1.16004944E-02
  -1.15003586E-02
  -1.11999512E-02
  -1.09996796E-02
  -1.06000900E-02
  -1.06000900E-02
  -9.70077515E-03
  -9.60063934E-03
  -9.49954987E-03
  -9.09996033E-03
  -9.09996033E-03
  -8.99982452E-03
  -8.99982452E-03
  -8.90064240E-03
  -8.90064240E-03
  -8.89968872E-03
  -8.89968872E-03
  -8.80050659E-03
  -8.79955292E-03
  -8.70037079E-03
  -8.60023499E-03
  -8.59928131E-03
  -8.20064545E-03
  -8.19969177E-03
  -8.00037384E-03
  -7.90023804E-03
  -7.69996643E-03
  -7.49969482E-03
  -7.40051270E-03
  -7.30037689E-03
  -7.30037689E-03
  -7.20024109E-03
  -7.20024109E-03
  -7.10010529E-03
  -7.09915161E-03
  -6.79969788E-03
  -6.29997253E-03
  -6.19983673E-03
  -6.10065460E-03
  -6.09970093E-03
  -6.09970093E-03
  -6.09970093E-03
  -5.70011139E-03
  -5.59997559E-03
  -5.59997559E-03
  -5.59997559E-03
  -5.59997559E-03
  -5.49983978E-03
  -5.39970398E-03
  -5.20038605E-03
  -5.19943237E-03
  -5.10025024E-03
  -5.10025024E-03
  -5.00011444E-03
  -5.00011444E-03
  -4.99916077E-03
  -4.99916077E-03
  -4.80079651E-03
  -4.79984283E-03
  -4.70066071E-03
  -4.60052490E-03
  -4.59957123E-03
  -4.59957123E-03
  -4.50038910E-03
  -4.50038910E-03
  -4.49943542E-03
  -4.40025330E-03
  -4.30011749E-03
  -4.19998169E-03
  -4.10079956E-03
  -4.00066376E-03
  -3.90052795E-03
  -3.90052795E-03
  -3.89957428E-03
  -3.80039215E-03
  -3.80039215E-03
  -3.80039215E-03
  -3.80039215E-03
  -3.79943848E-03
  -3.69930267E-03
  -3.60012054E-03
  -3.49998474E-03
  -3.40080261E-03
  -3.39984894E-03
  -3.39984894E-03
  -3.20053101E-03
  -3.19957733E-03
  -3.10039520E-03
  -3.09944153E-03
  -3.00025940E-03
  -2.90012360E-03
  -2.79998779E-03
  -2.79998779E-03
  -2.79998779E-03
  -2.69985199E-03
  -2.69985199E-03
  -2.69985199E-03
  -2.59971619E-03
  -2.49958038E-03
  -2.39944458E-03
  -2.29930878E-03
  -2.20012665E-03
  -2.09999084E-03
  -2.09999084E-03
  -2.09999084E-03
  -2.00080872E-03
  -1.99985504E-03
  -1.90067291E-03
  -1.89971924E-03
  -1.80053711E-03
  -1.79958344E-03
  -1.79958344E-03
  -1.69944763E-03
  -1.60026550E-03
  -1.60026550E-03
  -1.39999390E-03
  -1.30081177E-03
  -1.29985809E-03
  -1.29985809E-03
  -1.19972229E-03
  -9.00268555E-04
  -9.00268555E-04
  -8.00132751E-04
  -6.99996948E-04
  -6.00814819E-04
  -5.00679016E-04
  -4.99725342E-04
  -4.00543213E-04
  -4.00543213E-04
  -3.00407410E-04
  -3.00407410E-04
  -3.00407410E-04
  -2.99453735E-04
  -1.00135803E-04
   0.00000000    
   0.00000000    
   9.91821289E-05
   1.00135803E-04
   1.99317932E-04
   3.00407410E-04
   3.00407410E-04
   3.99589539E-04
   4.99725342E-04
   5.99861145E-04
   5.99861145E-04
   6.99996948E-04
   7.99179077E-04
   7.99179077E-04
   8.00132751E-04
   8.99314880E-04
   8.99314880E-04
   9.00268555E-04
   9.99450684E-04
   9.99450684E-04
   1.00040436E-03
   1.10054016E-03
   1.19972229E-03
   1.19972229E-03
   1.19972229E-03
   1.19972229E-03
   1.29985809E-03
   1.29985809E-03
   1.39999390E-03
   1.60026550E-03
   1.60026550E-03
   1.60026550E-03
   1.60026550E-03
   1.70040131E-03
   1.70040131E-03
   1.79958344E-03
   1.89971924E-03
   2.00080872E-03
   2.09999084E-03
   2.09999084E-03
   2.20012665E-03
   2.30026245E-03
   2.40039825E-03
   2.49958038E-03
   2.59971619E-03
   2.70080566E-03
   2.79998779E-03
   2.79998779E-03
   2.90012360E-03
   2.90012360E-03
   2.99930573E-03
   3.09944153E-03
   3.09944153E-03
   3.10039520E-03
   3.20053101E-03
   3.29971313E-03
   3.39984894E-03
   3.39984894E-03
   3.70025635E-03
   3.89957428E-03
   3.89957428E-03
   3.90052795E-03
   3.99971008E-03
   3.99971008E-03
   3.99971008E-03
   4.09984589E-03
   4.09984589E-03
   4.19998169E-03
   4.30011749E-03
   4.49943542E-03
   4.49943542E-03
   4.50038910E-03
   4.50038910E-03
   4.59957123E-03
   4.59957123E-03
   4.60052490E-03
   4.60052490E-03
   4.79984283E-03
   4.89997864E-03
   4.99916077E-03
   5.00011444E-03
   5.10025024E-03
   5.19943237E-03
   5.19943237E-03
   5.29956818E-03
   5.39970398E-03
   5.59997559E-03
   5.59997559E-03
   5.90038300E-03
   6.10065460E-03
   6.19983673E-03
   6.29997253E-03
   6.29997253E-03
   6.50024414E-03
   6.59942627E-03
   6.59942627E-03
   6.59942627E-03
   6.79969788E-03
   6.89983368E-03
   7.20024109E-03
   7.30037689E-03
   7.60078430E-03
   8.09955597E-03
   8.19969177E-03
   8.20064545E-03
   8.20064545E-03
   8.20064545E-03
   8.29982758E-03
   8.49914551E-03
   8.50009918E-03
   8.70037079E-03
   8.89968872E-03
   9.00077820E-03
   9.30023193E-03
   9.69982147E-03
   9.99927521E-03
   1.00002289E-02
   1.00994110E-02
   1.03998184E-02
   1.04999542E-02
   1.04999542E-02
   1.06000900E-02
   1.10006332E-02
   1.10998154E-02
   1.10998154E-02
   1.11007690E-02
   1.11007690E-02
   1.13000870E-02
   1.15995407E-02
   1.16996765E-02
   1.16996765E-02
   1.17006302E-02
   1.20000839E-02
   1.23004913E-02
   1.23996735E-02
   1.28002167E-02
   1.28993988E-02
   1.30996704E-02
   1.31998062E-02
   1.35002136E-02
   1.37996674E-02
   1.41000748E-02
   1.41000748E-02
   1.42002106E-02
   1.43003464E-02
   1.43003464E-02
   1.43995285E-02
   1.44004822E-02
   1.46999359E-02
   1.49002075E-02
   1.49993896E-02
   1.51004791E-02
   1.56993866E-02
   1.62000656E-02
   1.66997910E-02
   1.66997910E-02
   1.67999268E-02
   1.67999268E-02
   1.72004700E-02
   1.73997879E-02
   1.74999237E-02
   1.74999237E-02
   1.76000595E-02
   1.81999207E-02
   1.86004639E-02
   1.86996460E-02
   1.87005997E-02
   1.91993713E-02
   1.92003250E-02
   1.92995071E-02
   1.96008682E-02
   1.97000504E-02
   1.98001862E-02
   2.04000473E-02
   2.07004547E-02
   2.12001801E-02
   2.13003159E-02
   2.19001770E-02
   2.20003128E-02
   2.25000381E-02
   2.33001709E-02
   2.47001648E-02
   2.51007080E-02
   2.53000259E-02
   2.64005661E-02
   2.68993378E-02
   3.04002762E-02
   3.04994583E-02
   3.09000015E-02
   3.11994553E-02
   3.12004089E-02
   3.15999985E-02
   3.25994492E-02
   3.38001251E-02
   3.49006653E-02
   3.50999832E-02
   3.62005234E-02
   3.71999741E-02
   3.74002457E-02
   3.80992889E-02
   3.81002426E-02
   3.96003723E-02
   3.96003723E-02
   3.97996902E-02
   4.03003693E-02
   4.03995514E-02
   4.16994095E-02
   4.23002243E-02
   4.48999405E-02
   4.58002090E-02
   4.82006073E-02
   4.86001968E-02
   4.92000580E-02
   4.99000549E-02
   5.11999130E-02
   5.24997711E-02
   5.38997650E-02
   5.50003052E-02
   5.59997559E-02
   5.69000244E-02
   5.83992004E-02
   5.86996078E-02
   5.92994690E-02
   5.98993301E-02
   6.54993057E-02
   6.65998459E-02
   6.98995590E-02
   7.16009140E-02
   7.82003403E-02
   8.17995071E-02
   8.52994919E-02
   8.54997635E-02
   8.55998993E-02
   8.63008499E-02
   8.71000290E-02
   8.84008408E-02
   9.03005600E-02
   9.86003876E-02
   9.99002457E-02
  0.104600906    
  0.107100487    
  0.113999367    
  0.114900589    
  0.117100716    
  0.120599747    
  0.168799400    
  0.185799599    
  0.204099655    
  0.235799789    
  0.240099907    
  0.260199547    
  0.287199974    
  0.344599724    
  0.359700203    
  0.411799431    
  0.602499962    
