#Npts     Radius    Mag      Completeness
#   93  638.5385  -14.424566 0.948980
# Verr
  -1.91993713E-02
  -1.78003311E-02
  -1.35002136E-02
  -1.18999481E-02
  -1.05991364E-02
  -8.69941711E-03
  -7.59983063E-03
  -7.20024109E-03
  -6.69956207E-03
  -6.29997253E-03
  -4.89997864E-03
  -4.79984283E-03
  -4.59957123E-03
  -3.89957428E-03
  -3.60012054E-03
  -3.60012054E-03
  -3.60012054E-03
  -3.49998474E-03
  -3.49998474E-03
  -3.49998474E-03
  -3.39984894E-03
  -2.69985199E-03
  -2.59971619E-03
  -2.19917297E-03
  -1.90067291E-03
  -1.89971924E-03
   1.00135803E-04
   1.00135803E-04
   3.99589539E-04
   4.00543213E-04
   1.49917603E-03
   1.89971924E-03
   2.20012665E-03
   2.59971619E-03
   3.29971313E-03
   3.89957428E-03
   4.40025330E-03
   4.70066071E-03
   4.79984283E-03
   5.10025024E-03
   5.30052185E-03
   5.70011139E-03
   7.09915161E-03
   7.10010529E-03
   7.30037689E-03
   7.50064850E-03
   7.80010223E-03
   8.20064545E-03
   8.99982452E-03
   9.99927521E-03
   1.20000839E-02
   1.30996704E-02
   1.31006241E-02
   1.34000778E-02
   1.36003494E-02
   1.42002106E-02
   1.42993927E-02
   1.46999359E-02
   1.46999359E-02
   1.58996582E-02
   1.78995132E-02
   1.80997849E-02
   1.92995071E-02
   1.95999146E-02
   1.97000504E-02
   2.44998932E-02
   2.56996155E-02
   2.62002945E-02
   2.74991989E-02
   2.78005600E-02
   2.85997391E-02
   3.83996964E-02
   3.91006470E-02
   3.92999649E-02
   3.95002365E-02
   4.20999527E-02
   4.61997986E-02
   5.43994904E-02
   5.69000244E-02
   5.93996048E-02
   6.07004166E-02
   6.08997345E-02
   9.10997391E-02
  0.125899315    
  0.127599716    
  0.142100334    
  0.150899887    
  0.164000511    
  0.174400330    
  0.184300423    
  0.289999962    
  0.422999382    
  0.562100410    
