#Npts     Radius    Mag      Completeness
#  118 1248.0525  -14.711133 1.000000
# Verr
  -7.90023804E-03
  -7.69996643E-03
  -7.50064850E-03
  -7.30037689E-03
  -7.29942322E-03
  -6.39915466E-03
  -6.29997253E-03
  -6.00051880E-03
  -5.99956512E-03
  -5.70011139E-03
  -5.70011139E-03
  -5.20038605E-03
  -5.20038605E-03
  -4.89997864E-03
  -4.40025330E-03
  -4.30011749E-03
  -4.09984589E-03
  -3.99971008E-03
  -3.89957428E-03
  -3.60012054E-03
  -3.60012054E-03
  -3.39984894E-03
  -3.29971313E-03
  -3.20053101E-03
  -3.10039520E-03
  -2.99930573E-03
  -2.79998779E-03
  -2.79998779E-03
  -2.69985199E-03
  -2.69985199E-03
  -2.30026245E-03
  -2.29930878E-03
  -2.20012665E-03
  -2.09999084E-03
  -1.89971924E-03
  -1.70040131E-03
  -1.09958649E-03
  -1.00040436E-03
  -1.00040436E-03
  -9.99450684E-04
  -8.00132751E-04
  -6.99996948E-04
  -5.99861145E-04
  -3.00407410E-04
  -1.99317932E-04
   2.00271606E-04
   2.99453735E-04
   2.99453735E-04
   4.00543213E-04
   4.00543213E-04
   4.99725342E-04
   6.99996948E-04
   8.00132751E-04
   9.99450684E-04
   1.10054016E-03
   1.39999390E-03
   1.39999390E-03
   1.50012970E-03
   1.69944763E-03
   1.99985504E-03
   1.99985504E-03
   1.99985504E-03
   2.09999084E-03
   2.20012665E-03
   2.20012665E-03
   2.29930878E-03
   2.29930878E-03
   2.40039825E-03
   2.59971619E-03
   2.60066986E-03
   2.69985199E-03
   2.69985199E-03
   3.09944153E-03
   3.29971313E-03
   3.40080261E-03
   3.60012054E-03
   3.80039215E-03
   4.19998169E-03
   4.30011749E-03
   4.30011749E-03
   4.40025330E-03
   4.60052490E-03
   4.69970703E-03
   4.89997864E-03
   5.00011444E-03
   5.10025024E-03
   5.30052185E-03
   5.59997559E-03
   6.29997253E-03
   6.50024414E-03
   6.89983368E-03
   7.19928741E-03
   7.20024109E-03
   7.49969482E-03
   7.50064850E-03
   8.10050964E-03
   8.29982758E-03
   8.60023499E-03
   1.17998123E-02
   1.28002167E-02
   1.50003433E-02
   1.59006119E-02
   1.70001984E-02
   1.77001953E-02
   1.94997787E-02
   1.98001862E-02
   2.14996338E-02
   2.64997482E-02
   2.88000107E-02
   3.09991837E-02
   3.26995850E-02
   3.80001068E-02
   3.88002396E-02
   4.20999527E-02
   4.76999283E-02
   6.70995712E-02
   7.60993958E-02
  0.104000092    
