#Npts     Radius    Mag      Completeness
#   76  435.3671  -14.424566 0.894118
# Verr
 -0.178699493    
  -8.32004547E-02
  -6.89001083E-02
  -3.36008072E-02
  -2.53000259E-02
  -2.29005814E-02
  -1.76000595E-02
  -1.59997940E-02
  -1.10006332E-02
  -1.00002289E-02
  -8.10050964E-03
  -7.10010529E-03
  -7.09915161E-03
  -6.69956207E-03
  -5.49983978E-03
  -3.79943848E-03
  -3.49998474E-03
  -3.29971313E-03
  -2.79998779E-03
  -2.99453735E-04
   1.00135803E-04
   3.99589539E-04
   1.10054016E-03
   2.00080872E-03
   2.29930878E-03
   3.70025635E-03
   3.89957428E-03
   5.70011139E-03
   5.80024719E-03
   6.09970093E-03
   6.40010834E-03
   6.59942627E-03
   9.90009308E-03
   1.03998184E-02
   1.13000870E-02
   1.20000839E-02
   1.24006271E-02
   1.35993958E-02
   1.39007568E-02
   1.45998001E-02
   1.58996582E-02
   1.70001984E-02
   1.72004700E-02
   1.88999176E-02
   2.06995010E-02
   2.10990906E-02
   2.28004456E-02
   2.35996246E-02
   2.39992142E-02
   2.64005661E-02
   2.85005569E-02
   3.10993195E-02
   3.36008072E-02
   3.42998505E-02
   3.47003937E-02
   3.78999710E-02
   3.85999680E-02
   3.87001038E-02
   3.94001007E-02
   4.04996872E-02
   4.27999496E-02
   4.96997833E-02
   5.34000397E-02
   8.38994980E-02
   8.60004425E-02
   8.79001617E-02
   9.07001495E-02
  0.109999657    
  0.113100052    
  0.125999451    
  0.127099991    
  0.140899658    
  0.154299736    
  0.179899216    
  0.193499565    
  0.342299461    
