#Npts     Radius    Mag      Completeness
#  155 1451.2239  -14.711133 1.000000
# Verr
  -1.10998154E-02
  -1.01995468E-02
  -8.99982452E-03
  -8.70037079E-03
  -8.30078125E-03
  -8.19969177E-03
  -8.09955597E-03
  -8.00037384E-03
  -7.80010223E-03
  -7.69996643E-03
  -7.69996643E-03
  -7.30037689E-03
  -6.60037994E-03
  -5.80024719E-03
  -5.10025024E-03
  -5.10025024E-03
  -5.00011444E-03
  -5.00011444E-03
  -4.89997864E-03
  -4.89997864E-03
  -4.79984283E-03
  -4.79984283E-03
  -4.50038910E-03
  -4.30011749E-03
  -4.30011749E-03
  -3.80039215E-03
  -3.79943848E-03
  -3.60012054E-03
  -3.49998474E-03
  -3.49998474E-03
  -3.30066681E-03
  -3.10039520E-03
  -2.90012360E-03
  -2.90012360E-03
  -2.89916992E-03
  -2.79998779E-03
  -2.59971619E-03
  -2.50053406E-03
  -2.49958038E-03
  -2.49958038E-03
  -2.30026245E-03
  -2.20012665E-03
  -2.09999084E-03
  -1.90067291E-03
  -1.79958344E-03
  -1.70040131E-03
  -1.70040131E-03
  -1.69944763E-03
  -1.50012970E-03
  -1.50012970E-03
  -1.39999390E-03
  -1.39999390E-03
  -1.39999390E-03
  -1.30081177E-03
  -1.29985809E-03
  -1.19972229E-03
  -1.10054016E-03
  -1.10054016E-03
  -9.99450684E-04
  -8.00132751E-04
  -5.00679016E-04
  -4.99725342E-04
  -4.00543213E-04
  -4.00543213E-04
  -4.00543213E-04
  -3.00407410E-04
  -2.00271606E-04
  -1.00135803E-04
  -1.00135803E-04
  -1.00135803E-04
   2.99453735E-04
   3.99589539E-04
   4.00543213E-04
   6.99996948E-04
   6.99996948E-04
   8.00132751E-04
   8.99314880E-04
   9.00268555E-04
   9.99450684E-04
   9.99450684E-04
   9.99450684E-04
   1.00040436E-03
   1.10054016E-03
   1.50012970E-03
   1.69944763E-03
   1.70040131E-03
   1.80053711E-03
   1.80053711E-03
   1.99985504E-03
   2.09999084E-03
   2.09999084E-03
   2.09999084E-03
   2.30026245E-03
   2.49958038E-03
   2.60066986E-03
   2.69985199E-03
   2.69985199E-03
   2.69985199E-03
   3.10039520E-03
   3.19957733E-03
   3.60012054E-03
   3.60012054E-03
   3.60012054E-03
   3.80039215E-03
   3.90052795E-03
   4.09984589E-03
   4.79984283E-03
   4.79984283E-03
   4.79984283E-03
   4.89997864E-03
   5.10025024E-03
   5.29956818E-03
   5.29956818E-03
   5.29956818E-03
   5.30052185E-03
   5.49983978E-03
   6.20079041E-03
   6.29997253E-03
   6.60037994E-03
   7.30037689E-03
   7.69996643E-03
   8.20064545E-03
   8.50009918E-03
   8.70037079E-03
   8.79955292E-03
   8.79955292E-03
   9.59968567E-03
   1.02996826E-02
   1.03998184E-02
   1.15003586E-02
   1.25999451E-02
   1.53999329E-02
   1.55992508E-02
   1.80006027E-02
   2.29997635E-02
   2.35996246E-02
   2.47001648E-02
   2.51998901E-02
   4.17995453E-02
   4.20999527E-02
   4.41999435E-02
   4.94003296E-02
   5.21993637E-02
   5.31005859E-02
   5.58996201E-02
   5.97991943E-02
   6.06002808E-02
   6.19001389E-02
   6.33001328E-02
   6.44998550E-02
   6.61001205E-02
  0.147200584    
  0.174699783    
  0.185899734    
  0.356100082    
