#Npts     Radius    Mag      Completeness
#  229 2060.7380  -14.743334 0.978632
# Verr
  -2.01005936E-02
  -1.94997787E-02
  -1.76992416E-02
  -1.09996796E-02
  -1.06000900E-02
  -1.04999542E-02
  -1.01003647E-02
  -9.20009613E-03
  -9.09996033E-03
  -7.29942322E-03
  -6.70051575E-03
  -6.69956207E-03
  -6.60037994E-03
  -6.40010834E-03
  -6.40010834E-03
  -6.19983673E-03
  -6.19983673E-03
  -5.99956512E-03
  -5.89942932E-03
  -5.79929352E-03
  -5.59997559E-03
  -5.59997559E-03
  -5.59997559E-03
  -5.49983978E-03
  -4.79984283E-03
  -4.69970703E-03
  -4.30011749E-03
  -4.29916382E-03
  -4.19998169E-03
  -4.19998169E-03
  -3.99971008E-03
  -3.99971008E-03
  -3.89957428E-03
  -3.89957428E-03
  -3.80039215E-03
  -3.80039215E-03
  -3.59916687E-03
  -3.49998474E-03
  -3.49998474E-03
  -3.49998474E-03
  -3.39984894E-03
  -3.39984894E-03
  -3.39984894E-03
  -3.30066681E-03
  -3.29971313E-03
  -3.19957733E-03
  -3.10039520E-03
  -3.10039520E-03
  -3.00025940E-03
  -2.90012360E-03
  -2.70080566E-03
  -2.69985199E-03
  -2.69985199E-03
  -2.59971619E-03
  -2.59971619E-03
  -2.50053406E-03
  -2.49958038E-03
  -2.49958038E-03
  -2.29930878E-03
  -2.20012665E-03
  -2.20012665E-03
  -2.09999084E-03
  -1.99985504E-03
  -1.90067291E-03
  -1.89971924E-03
  -1.89971924E-03
  -1.89971924E-03
  -1.89971924E-03
  -1.80053711E-03
  -1.80053711E-03
  -1.79958344E-03
  -1.70040131E-03
  -1.69944763E-03
  -1.60026550E-03
  -1.50012970E-03
  -1.39999390E-03
  -1.39999390E-03
  -1.39999390E-03
  -1.19972229E-03
  -1.10054016E-03
  -1.00040436E-03
  -8.00132751E-04
  -8.00132751E-04
  -8.00132751E-04
  -5.00679016E-04
  -5.00679016E-04
  -4.99725342E-04
  -3.99589539E-04
  -3.00407410E-04
  -3.00407410E-04
  -2.00271606E-04
  -2.00271606E-04
  -2.00271606E-04
  -1.99317932E-04
  -1.00135803E-04
   0.00000000    
   0.00000000    
   2.00271606E-04
   2.99453735E-04
   2.99453735E-04
   3.00407410E-04
   3.00407410E-04
   3.99589539E-04
   3.99589539E-04
   3.99589539E-04
   4.99725342E-04
   4.99725342E-04
   5.99861145E-04
   6.00814819E-04
   6.99996948E-04
   6.99996948E-04
   8.00132751E-04
   8.00132751E-04
   8.00132751E-04
   9.00268555E-04
   9.99450684E-04
   9.99450684E-04
   1.00040436E-03
   1.09958649E-03
   1.09958649E-03
   1.10054016E-03
   1.19972229E-03
   1.19972229E-03
   1.19972229E-03
   1.20067596E-03
   1.29985809E-03
   1.29985809E-03
   1.29985809E-03
   1.39999390E-03
   1.39999390E-03
   1.50012970E-03
   1.50012970E-03
   1.59931183E-03
   1.59931183E-03
   1.59931183E-03
   1.69944763E-03
   1.70040131E-03
   1.70040131E-03
   1.79958344E-03
   1.79958344E-03
   1.79958344E-03
   1.89971924E-03
   1.89971924E-03
   1.99985504E-03
   1.99985504E-03
   2.30026245E-03
   2.30026245E-03
   2.30026245E-03
   2.39944458E-03
   2.39944458E-03
   2.39944458E-03
   2.39944458E-03
   2.40039825E-03
   2.49958038E-03
   2.50053406E-03
   2.59971619E-03
   2.59971619E-03
   2.59971619E-03
   2.60066986E-03
   2.69985199E-03
   2.79998779E-03
   2.79998779E-03
   2.79998779E-03
   2.79998779E-03
   2.90012360E-03
   3.10039520E-03
   3.10039520E-03
   3.20053101E-03
   3.20053101E-03
   3.29971313E-03
   3.29971313E-03
   3.30066681E-03
   3.39984894E-03
   3.49998474E-03
   3.49998474E-03
   3.49998474E-03
   3.60012054E-03
   3.60012054E-03
   3.79943848E-03
   3.79943848E-03
   3.89957428E-03
   3.89957428E-03
   4.00066376E-03
   4.09984589E-03
   4.19998169E-03
   4.19998169E-03
   4.30011749E-03
   4.49943542E-03
   4.59957123E-03
   4.69970703E-03
   4.79984283E-03
   4.79984283E-03
   4.89997864E-03
   5.19943237E-03
   5.29956818E-03
   5.39970398E-03
   5.59997559E-03
   5.70011139E-03
   5.99956512E-03
   6.10065460E-03
   6.10065460E-03
   6.50024414E-03
   6.60037994E-03
   6.69956207E-03
   6.99996948E-03
   7.10010529E-03
   7.79914856E-03
   7.99942017E-03
   9.00077820E-03
   9.09996033E-03
   9.20009613E-03
   9.49954987E-03
   1.00002289E-02
   1.11999512E-02
   1.20000839E-02
   1.20000839E-02
   1.24998093E-02
   1.24998093E-02
   1.43003464E-02
   2.04992294E-02
   2.07004547E-02
   2.20003128E-02
   2.46000290E-02
   2.51998901E-02
   2.75993347E-02
   5.23004532E-02
   7.46002197E-02
   8.76998901E-02
  0.114000320    
