#Npts     Radius    Mag      Completeness
#  477 1451.2239  -10.998000 0.983505
# Verr
 -0.460700035    
 -0.303700447    
  -6.37998581E-02
  -6.12001419E-02
  -5.46007156E-02
  -4.68006134E-02
  -3.55005264E-02
  -3.04994583E-02
  -2.98004150E-02
  -2.63004303E-02
  -2.58998871E-02
  -2.47993469E-02
  -2.44998932E-02
  -2.39000320E-02
  -2.07996368E-02
  -2.00004578E-02
  -1.90000534E-02
  -1.76000595E-02
  -1.66997910E-02
  -1.64995193E-02
  -1.64995193E-02
  -1.56002045E-02
  -1.56002045E-02
  -1.55000687E-02
  -1.53999329E-02
  -1.51996613E-02
  -1.43003464E-02
  -1.42002106E-02
  -1.39999390E-02
  -1.39999390E-02
  -1.37004852E-02
  -1.27000809E-02
  -1.23004913E-02
  -1.23004913E-02
  -1.21994019E-02
  -1.11999512E-02
  -1.11007690E-02
  -1.06000900E-02
  -1.03998184E-02
  -1.01003647E-02
  -1.00994110E-02
  -1.00994110E-02
  -9.89913940E-03
  -9.59968567E-03
  -9.40036774E-03
  -9.39941406E-03
  -9.19914246E-03
  -9.09996033E-03
  -9.09996033E-03
  -9.09996033E-03
  -9.00077820E-03
  -8.89968872E-03
  -8.89968872E-03
  -8.80050659E-03
  -8.79955292E-03
  -8.69941711E-03
  -8.60023499E-03
  -8.60023499E-03
  -8.59928131E-03
  -8.50009918E-03
  -8.39996338E-03
  -8.19969177E-03
  -8.19969177E-03
  -8.10050964E-03
  -8.09955597E-03
  -7.90023804E-03
  -7.90023804E-03
  -7.80010223E-03
  -7.80010223E-03
  -7.80010223E-03
  -7.79914856E-03
  -7.69996643E-03
  -7.69996643E-03
  -7.59983063E-03
  -7.50064850E-03
  -7.49969482E-03
  -7.40051270E-03
  -7.39955902E-03
  -7.20024109E-03
  -7.19928741E-03
  -7.19928741E-03
  -7.10010529E-03
  -7.09915161E-03
  -6.99996948E-03
  -6.90078735E-03
  -6.89983368E-03
  -6.69956207E-03
  -6.60037994E-03
  -6.59942627E-03
  -6.50024414E-03
  -6.50024414E-03
  -6.40010834E-03
  -6.40010834E-03
  -6.29997253E-03
  -6.20079041E-03
  -6.19983673E-03
  -6.19983673E-03
  -6.19983673E-03
  -6.19983673E-03
  -6.00051880E-03
  -6.00051880E-03
  -5.99956512E-03
  -5.99956512E-03
  -5.89942932E-03
  -5.89942932E-03
  -5.70011139E-03
  -5.70011139E-03
  -5.70011139E-03
  -5.59997559E-03
  -5.59997559E-03
  -5.49983978E-03
  -5.39970398E-03
  -5.39970398E-03
  -5.30052185E-03
  -5.29956818E-03
  -5.20038605E-03
  -5.10025024E-03
  -5.10025024E-03
  -4.89997864E-03
  -4.89997864E-03
  -4.79984283E-03
  -4.79984283E-03
  -4.79984283E-03
  -4.69970703E-03
  -4.69970703E-03
  -4.59957123E-03
  -4.50038910E-03
  -4.50038910E-03
  -4.40025330E-03
  -4.40025330E-03
  -4.39929962E-03
  -4.19998169E-03
  -4.19998169E-03
  -4.09984589E-03
  -4.09984589E-03
  -3.99971008E-03
  -3.99971008E-03
  -3.99971008E-03
  -3.89957428E-03
  -3.80039215E-03
  -3.80039215E-03
  -3.79943848E-03
  -3.70025635E-03
  -3.70025635E-03
  -3.69930267E-03
  -3.69930267E-03
  -3.49998474E-03
  -3.49998474E-03
  -3.49998474E-03
  -3.39984894E-03
  -3.39984894E-03
  -3.39984894E-03
  -3.29971313E-03
  -3.29971313E-03
  -3.19957733E-03
  -3.19957733E-03
  -3.10039520E-03
  -3.09944153E-03
  -3.00025940E-03
  -3.00025940E-03
  -2.99930573E-03
  -2.99930573E-03
  -2.99930573E-03
  -2.79998779E-03
  -2.79998779E-03
  -2.79998779E-03
  -2.79998779E-03
  -2.79998779E-03
  -2.69985199E-03
  -2.69985199E-03
  -2.69985199E-03
  -2.69985199E-03
  -2.60066986E-03
  -2.59971619E-03
  -2.59971619E-03
  -2.59971619E-03
  -2.50053406E-03
  -2.50053406E-03
  -2.49958038E-03
  -2.49958038E-03
  -2.40039825E-03
  -2.30026245E-03
  -2.30026245E-03
  -2.30026245E-03
  -2.29930878E-03
  -2.29930878E-03
  -2.29930878E-03
  -2.09999084E-03
  -2.09999084E-03
  -2.09999084E-03
  -1.90067291E-03
  -1.90067291E-03
  -1.89971924E-03
  -1.89971924E-03
  -1.89971924E-03
  -1.89971924E-03
  -1.80053711E-03
  -1.80053711E-03
  -1.79958344E-03
  -1.70040131E-03
  -1.69944763E-03
  -1.60026550E-03
  -1.60026550E-03
  -1.50012970E-03
  -1.50012970E-03
  -1.50012970E-03
  -1.50012970E-03
  -1.50012970E-03
  -1.39999390E-03
  -1.39999390E-03
  -1.29985809E-03
  -1.29985809E-03
  -1.19972229E-03
  -1.09958649E-03
  -1.09958649E-03
  -1.00040436E-03
  -1.00040436E-03
  -9.00268555E-04
  -9.00268555E-04
  -8.99314880E-04
  -8.99314880E-04
  -8.00132751E-04
  -8.00132751E-04
  -6.99996948E-04
  -5.99861145E-04
  -4.99725342E-04
  -4.99725342E-04
  -4.99725342E-04
  -4.00543213E-04
  -4.00543213E-04
  -3.99589539E-04
  -3.99589539E-04
  -3.00407410E-04
  -3.00407410E-04
  -3.00407410E-04
  -3.00407410E-04
  -2.99453735E-04
  -2.00271606E-04
  -2.00271606E-04
  -1.99317932E-04
  -1.00135803E-04
   0.00000000    
   0.00000000    
   2.00271606E-04
   2.99453735E-04
   2.99453735E-04
   3.99589539E-04
   3.99589539E-04
   3.99589539E-04
   4.00543213E-04
   4.00543213E-04
   4.00543213E-04
   4.99725342E-04
   4.99725342E-04
   4.99725342E-04
   4.99725342E-04
   5.99861145E-04
   5.99861145E-04
   5.99861145E-04
   5.99861145E-04
   6.00814819E-04
   6.99996948E-04
   6.99996948E-04
   8.00132751E-04
   8.00132751E-04
   8.00132751E-04
   8.99314880E-04
   9.99450684E-04
   1.00040436E-03
   1.00040436E-03
   1.10054016E-03
   1.19972229E-03
   1.20067596E-03
   1.29985809E-03
   1.29985809E-03
   1.39999390E-03
   1.49917603E-03
   1.69944763E-03
   1.79958344E-03
   1.89971924E-03
   1.90067291E-03
   2.09999084E-03
   2.09999084E-03
   2.10094452E-03
   2.20012665E-03
   2.29930878E-03
   2.30026245E-03
   2.30026245E-03
   2.40039825E-03
   2.50053406E-03
   2.69985199E-03
   2.69985199E-03
   2.69985199E-03
   2.69985199E-03
   2.70080566E-03
   2.79998779E-03
   2.79998779E-03
   2.79998779E-03
   2.89916992E-03
   2.90012360E-03
   2.90012360E-03
   3.00025940E-03
   3.10039520E-03
   3.10039520E-03
   3.29971313E-03
   3.39984894E-03
   3.40080261E-03
   3.49998474E-03
   3.60012054E-03
   3.60012054E-03
   3.69930267E-03
   3.80039215E-03
   3.80039215E-03
   3.80039215E-03
   3.99971008E-03
   3.99971008E-03
   3.99971008E-03
   4.00066376E-03
   4.09984589E-03
   4.09984589E-03
   4.19998169E-03
   4.19998169E-03
   4.19998169E-03
   4.40025330E-03
   4.49943542E-03
   4.60052490E-03
   4.60052490E-03
   4.89997864E-03
   4.89997864E-03
   4.89997864E-03
   5.00011444E-03
   5.00011444E-03
   5.00011444E-03
   5.00011444E-03
   5.09929657E-03
   5.10025024E-03
   5.20038605E-03
   5.20038605E-03
   5.20038605E-03
   5.20038605E-03
   5.20038605E-03
   5.49983978E-03
   5.59997559E-03
   5.59997559E-03
   5.69915771E-03
   5.79929352E-03
   5.99956512E-03
   5.99956512E-03
   5.99956512E-03
   6.19983673E-03
   6.29997253E-03
   6.29997253E-03
   6.29997253E-03
   6.50024414E-03
   6.60037994E-03
   6.69956207E-03
   6.70051575E-03
   6.70051575E-03
   6.89983368E-03
   7.10010529E-03
   7.20024109E-03
   7.30037689E-03
   7.39955902E-03
   7.40051270E-03
   7.59983063E-03
   7.59983063E-03
   7.79914856E-03
   7.80010223E-03
   7.89928436E-03
   8.00037384E-03
   8.00037384E-03
   8.09955597E-03
   8.29982758E-03
   8.39996338E-03
   8.39996338E-03
   8.39996338E-03
   8.39996338E-03
   8.39996338E-03
   8.70037079E-03
   8.80050659E-03
   9.09996033E-03
   9.20009613E-03
   9.20009613E-03
   9.30023193E-03
   9.60063934E-03
   9.69982147E-03
   9.79995728E-03
   9.99927521E-03
   1.03006363E-02
   1.03006363E-02
   1.03998184E-02
   1.04999542E-02
   1.06000900E-02
   1.06000900E-02
   1.07994080E-02
   1.08003616E-02
   1.08995438E-02
   1.11999512E-02
   1.14002228E-02
   1.17006302E-02
   1.18999481E-02
   1.20000839E-02
   1.29995346E-02
   1.30996704E-02
   1.35002136E-02
   1.38998032E-02
   1.44996643E-02
   1.45006180E-02
   1.49002075E-02
   1.49993896E-02
   1.52997971E-02
   1.53999329E-02
   1.53999329E-02
   1.55992508E-02
   1.63002014E-02
   1.63002014E-02
   1.66997910E-02
   1.72004700E-02
   1.72996521E-02
   1.73997879E-02
   1.78003311E-02
   1.78995132E-02
   1.83000565E-02
   1.83000565E-02
   1.85995102E-02
   1.86996460E-02
   1.86996460E-02
   1.87005997E-02
   1.88007355E-02
   1.95999146E-02
   1.97992325E-02
   2.07996368E-02
   2.18000412E-02
   2.18992233E-02
   2.19001770E-02
   2.26001740E-02
   2.32000351E-02
   2.37998962E-02
   2.40001678E-02
   2.41994858E-02
   2.43997574E-02
   2.48003006E-02
   2.50997543E-02
   2.53000259E-02
   2.58998871E-02
   2.82001495E-02
   2.84004211E-02
   2.92005539E-02
   2.95991898E-02
   3.04994583E-02
   3.20997238E-02
   3.35998535E-02
   3.38001251E-02
   3.42998505E-02
   3.61995697E-02
   3.62005234E-02
   3.87001038E-02
   4.44002151E-02
   4.47998047E-02
   4.64000702E-02
   4.97999191E-02
   5.14001846E-02
   5.30004501E-02
   6.13002777E-02
   7.47003555E-02
   8.86001587E-02
   9.40999985E-02
   9.63993073E-02
  0.116000175    
  0.119400024    
  0.157400131    
  0.207899094    
  0.260100365    
  0.266700745    
  0.277699471    
  0.291299820    
  0.374400139    
