#Npts     Radius    Mag      Completeness
#  236 1248.0525  -13.943334 0.995781
# Verr
  -2.06995010E-02
  -1.43003464E-02
  -1.37996674E-02
  -1.20992661E-02
  -1.02005005E-02
  -9.90009308E-03
  -9.69982147E-03
  -9.20009613E-03
  -8.29982758E-03
  -8.09955597E-03
  -7.60078430E-03
  -7.59983063E-03
  -6.79969788E-03
  -6.50024414E-03
  -5.70011139E-03
  -5.40065765E-03
  -5.30052185E-03
  -4.79984283E-03
  -4.69970703E-03
  -4.69970703E-03
  -4.59957123E-03
  -4.39929962E-03
  -4.09984589E-03
  -3.90052795E-03
  -3.49998474E-03
  -3.30066681E-03
  -3.29971313E-03
  -3.19957733E-03
  -2.69985199E-03
  -2.60066986E-03
  -2.59971619E-03
  -2.49958038E-03
  -2.40039825E-03
  -2.40039825E-03
  -2.39944458E-03
  -2.30026245E-03
  -2.09999084E-03
  -1.99985504E-03
  -1.90067291E-03
  -1.89971924E-03
  -1.79958344E-03
  -1.70040131E-03
  -1.70040131E-03
  -1.70040131E-03
  -1.69944763E-03
  -1.69944763E-03
  -1.59931183E-03
  -1.59931183E-03
  -1.59931183E-03
  -1.39999390E-03
  -1.39999390E-03
  -1.29985809E-03
  -1.20067596E-03
  -1.19972229E-03
  -1.19972229E-03
  -1.19972229E-03
  -1.19972229E-03
  -1.00040436E-03
  -1.00040436E-03
  -9.99450684E-04
  -9.00268555E-04
  -8.99314880E-04
  -8.00132751E-04
  -6.99996948E-04
  -6.99996948E-04
  -6.99996948E-04
  -5.99861145E-04
  -5.00679016E-04
  -4.99725342E-04
  -4.99725342E-04
  -4.99725342E-04
  -4.99725342E-04
  -4.99725342E-04
  -4.00543213E-04
  -3.99589539E-04
  -3.99589539E-04
  -2.99453735E-04
  -1.99317932E-04
  -1.99317932E-04
   0.00000000    
   1.00135803E-04
   1.99317932E-04
   1.99317932E-04
   2.00271606E-04
   2.99453735E-04
   2.99453735E-04
   4.99725342E-04
   4.99725342E-04
   4.99725342E-04
   4.99725342E-04
   4.99725342E-04
   4.99725342E-04
   5.00679016E-04
   5.00679016E-04
   5.99861145E-04
   6.00814819E-04
   6.99996948E-04
   6.99996948E-04
   6.99996948E-04
   6.99996948E-04
   7.99179077E-04
   8.00132751E-04
   8.00132751E-04
   9.00268555E-04
   9.00268555E-04
   9.99450684E-04
   9.99450684E-04
   1.00040436E-03
   1.00040436E-03
   1.09958649E-03
   1.10054016E-03
   1.29985809E-03
   1.29985809E-03
   1.29985809E-03
   1.30081177E-03
   1.39999390E-03
   1.50012970E-03
   1.60026550E-03
   1.69944763E-03
   1.70040131E-03
   1.70040131E-03
   1.89971924E-03
   1.99985504E-03
   2.09999084E-03
   2.09999084E-03
   2.09999084E-03
   2.19917297E-03
   2.20012665E-03
   2.30026245E-03
   2.30026245E-03
   2.39944458E-03
   2.39944458E-03
   2.49958038E-03
   2.59971619E-03
   2.59971619E-03
   2.69985199E-03
   2.79998779E-03
   2.89916992E-03
   2.90012360E-03
   3.09944153E-03
   3.39984894E-03
   3.39984894E-03
   3.40080261E-03
   3.49998474E-03
   3.60012054E-03
   3.69930267E-03
   3.79943848E-03
   3.89957428E-03
   3.99971008E-03
   4.09984589E-03
   4.19998169E-03
   4.30011749E-03
   4.40025330E-03
   4.40025330E-03
   4.50038910E-03
   4.79984283E-03
   4.89997864E-03
   4.90093231E-03
   5.00011444E-03
   5.10025024E-03
   5.20038605E-03
   5.39970398E-03
   5.49983978E-03
   5.49983978E-03
   5.59997559E-03
   5.70011139E-03
   5.89942932E-03
   6.29997253E-03
   6.40010834E-03
   6.50024414E-03
   6.50024414E-03
   6.89983368E-03
   6.99996948E-03
   7.10010529E-03
   7.29942322E-03
   7.80010223E-03
   7.89928436E-03
   8.20064545E-03
   8.39996338E-03
   8.39996338E-03
   8.80050659E-03
   8.89968872E-03
   9.30023193E-03
   9.40036774E-03
   9.60063934E-03
   1.00994110E-02
   1.06992722E-02
   1.16996765E-02
   1.21994019E-02
   1.22003555E-02
   1.25007629E-02
   1.36995316E-02
   1.38006210E-02
   1.46999359E-02
   1.48000717E-02
   1.48000717E-02
   1.51996613E-02
   1.66006088E-02
   1.66997910E-02
   1.83000565E-02
   1.86004639E-02
   1.98001862E-02
   1.98001862E-02
   2.44007111E-02
   2.47993469E-02
   2.49996185E-02
   2.63004303E-02
   2.90002823E-02
   2.90002823E-02
   2.91004181E-02
   2.95000076E-02
   3.36999893E-02
   3.53002548E-02
   4.27007675E-02
   4.36000824E-02
   4.57000732E-02
   4.66003418E-02
   4.74996567E-02
   5.16004562E-02
   5.64002991E-02
   5.90000153E-02
   6.86998367E-02
   7.04994202E-02
   8.65001678E-02
   8.67996216E-02
   8.92000198E-02
   8.94002914E-02
   9.65003967E-02
  0.127200127    
  0.129000664    
  0.140600204    
  0.164999962    
  0.224900246    
  0.236700058    
  0.468700409    
  0.583100319    
