#Npts     Radius    Mag      Completeness
#  123 2060.7380  -14.424566 1.000000
# Verr
  -1.20992661E-02
  -1.20000839E-02
  -9.30023193E-03
  -9.20009613E-03
  -8.39996338E-03
  -8.09955597E-03
  -7.20024109E-03
  -7.10010529E-03
  -6.80065155E-03
  -6.70051575E-03
  -6.69956207E-03
  -6.59942627E-03
  -6.09970093E-03
  -5.99956512E-03
  -5.49983978E-03
  -5.29956818E-03
  -5.29956818E-03
  -5.20038605E-03
  -5.10025024E-03
  -5.09929657E-03
  -5.00011444E-03
  -4.79984283E-03
  -4.40025330E-03
  -4.30011749E-03
  -4.30011749E-03
  -4.19998169E-03
  -4.19998169E-03
  -3.90052795E-03
  -3.79943848E-03
  -3.59916687E-03
  -3.10039520E-03
  -3.00025940E-03
  -3.00025940E-03
  -2.79998779E-03
  -2.60066986E-03
  -2.20012665E-03
  -2.00080872E-03
  -1.99985504E-03
  -1.99985504E-03
  -1.79958344E-03
  -1.70040131E-03
  -1.69944763E-03
  -1.60026550E-03
  -1.50012970E-03
  -1.50012970E-03
  -1.50012970E-03
  -1.39999390E-03
  -1.39999390E-03
  -1.09958649E-03
  -6.99996948E-04
  -5.99861145E-04
  -4.99725342E-04
  -4.99725342E-04
  -2.99453735E-04
  -2.99453735E-04
  -9.91821289E-05
   1.00135803E-04
   2.00271606E-04
   2.99453735E-04
   3.00407410E-04
   4.99725342E-04
   5.99861145E-04
   6.99996948E-04
   8.00132751E-04
   1.19972229E-03
   1.29985809E-03
   1.50012970E-03
   1.60026550E-03
   1.60026550E-03
   1.70040131E-03
   1.79958344E-03
   1.99985504E-03
   1.99985504E-03
   2.09999084E-03
   2.20012665E-03
   2.30026245E-03
   2.30026245E-03
   2.39944458E-03
   2.39944458E-03
   2.50053406E-03
   2.59971619E-03
   2.69985199E-03
   2.69985199E-03
   2.79998779E-03
   2.79998779E-03
   3.00025940E-03
   3.10039520E-03
   3.60012054E-03
   3.79943848E-03
   3.90052795E-03
   4.30011749E-03
   4.59957123E-03
   4.89997864E-03
   4.99916077E-03
   5.00011444E-03
   5.10025024E-03
   5.70011139E-03
   5.70011139E-03
   5.80024719E-03
   6.40010834E-03
   6.50024414E-03
   6.50024414E-03
   6.69956207E-03
   6.70051575E-03
   7.10010529E-03
   7.30037689E-03
   8.10050964E-03
   8.50009918E-03
   8.89968872E-03
   8.90064240E-03
   8.99982452E-03
   9.20009613E-03
   1.02005005E-02
   1.04999542E-02
   1.08995438E-02
   1.09004974E-02
   1.15003586E-02
   1.24998093E-02
   1.59997940E-02
   2.34003067E-02
   5.12008667E-02
   9.28001404E-02
  0.147799492    
