#Npts     Radius    Mag      Completeness
#  244  638.5385  -13.010000 0.983871
# Verr
 -0.663200378    
 -0.185199738    
  -7.76996613E-02
  -4.77008820E-02
  -3.07998657E-02
  -2.14004517E-02
  -1.65996552E-02
  -1.53999329E-02
  -1.52006149E-02
  -1.08003616E-02
  -1.04999542E-02
  -8.00037384E-03
  -7.89928436E-03
  -7.39955902E-03
  -7.30037689E-03
  -7.10010529E-03
  -7.10010529E-03
  -6.99996948E-03
  -6.69956207E-03
  -6.60037994E-03
  -6.49929047E-03
  -6.29997253E-03
  -6.09970093E-03
  -6.00051880E-03
  -5.70011139E-03
  -5.70011139E-03
  -5.49983978E-03
  -5.39970398E-03
  -5.29956818E-03
  -5.29956818E-03
  -5.19943237E-03
  -5.19943237E-03
  -5.00011444E-03
  -4.89997864E-03
  -4.79984283E-03
  -4.70066071E-03
  -4.69970703E-03
  -4.49943542E-03
  -4.29916382E-03
  -4.09984589E-03
  -4.09984589E-03
  -4.00066376E-03
  -3.89957428E-03
  -3.89957428E-03
  -3.80039215E-03
  -3.80039215E-03
  -3.49998474E-03
  -3.39984894E-03
  -3.39984894E-03
  -3.30066681E-03
  -3.29971313E-03
  -3.29971313E-03
  -3.10039520E-03
  -3.09944153E-03
  -3.00025940E-03
  -3.00025940E-03
  -2.90012360E-03
  -2.79998779E-03
  -2.79998779E-03
  -2.69985199E-03
  -2.69985199E-03
  -2.69985199E-03
  -2.59971619E-03
  -2.50053406E-03
  -2.49958038E-03
  -2.39944458E-03
  -2.39944458E-03
  -2.29930878E-03
  -2.20012665E-03
  -2.20012665E-03
  -2.20012665E-03
  -2.20012665E-03
  -2.09999084E-03
  -1.99985504E-03
  -1.99985504E-03
  -1.89971924E-03
  -1.89971924E-03
  -1.79958344E-03
  -1.79958344E-03
  -1.60026550E-03
  -1.60026550E-03
  -1.39999390E-03
  -1.29985809E-03
  -1.19972229E-03
  -1.19972229E-03
  -1.00040436E-03
  -9.99450684E-04
  -9.00268555E-04
  -9.00268555E-04
  -8.99314880E-04
  -8.00132751E-04
  -6.99996948E-04
  -6.99996948E-04
  -6.99996948E-04
  -6.00814819E-04
  -5.99861145E-04
  -5.00679016E-04
  -4.99725342E-04
  -4.99725342E-04
  -4.00543213E-04
  -3.99589539E-04
  -3.99589539E-04
  -1.00135803E-04
   3.00407410E-04
   5.00679016E-04
   5.99861145E-04
   5.99861145E-04
   5.99861145E-04
   6.99996948E-04
   6.99996948E-04
   7.99179077E-04
   8.99314880E-04
   9.00268555E-04
   9.99450684E-04
   9.99450684E-04
   1.00040436E-03
   1.00040436E-03
   1.19972229E-03
   1.29985809E-03
   1.29985809E-03
   1.39999390E-03
   1.39999390E-03
   1.39999390E-03
   1.69944763E-03
   1.70040131E-03
   1.79958344E-03
   1.79958344E-03
   2.09999084E-03
   2.09999084E-03
   2.20012665E-03
   2.29930878E-03
   2.30026245E-03
   2.59971619E-03
   2.60066986E-03
   2.69985199E-03
   2.69985199E-03
   2.90012360E-03
   3.09944153E-03
   3.10039520E-03
   3.19957733E-03
   3.19957733E-03
   3.29971313E-03
   3.29971313E-03
   3.40080261E-03
   3.49998474E-03
   3.89957428E-03
   3.99971008E-03
   4.09984589E-03
   4.09984589E-03
   4.30011749E-03
   4.30011749E-03
   4.30011749E-03
   4.50038910E-03
   4.60052490E-03
   4.69970703E-03
   4.79984283E-03
   4.89997864E-03
   5.00011444E-03
   5.10025024E-03
   5.19943237E-03
   5.20038605E-03
   5.29956818E-03
   5.30052185E-03
   5.39970398E-03
   5.40065765E-03
   5.49983978E-03
   5.59997559E-03
   5.80024719E-03
   6.00051880E-03
   6.49929047E-03
   7.29942322E-03
   7.39955902E-03
   7.40051270E-03
   7.50064850E-03
   7.59983063E-03
   7.60078430E-03
   7.80010223E-03
   7.90023804E-03
   8.10050964E-03
   8.19969177E-03
   8.60023499E-03
   8.69941711E-03
   8.99982452E-03
   9.20009613E-03
   9.59968567E-03
   9.90009308E-03
   1.00994110E-02
   1.02996826E-02
   1.03998184E-02
   1.07002258E-02
   1.07002258E-02
   1.07994080E-02
   1.07994080E-02
   1.09996796E-02
   1.11999512E-02
   1.11999512E-02
   1.15995407E-02
   1.15995407E-02
   1.16996765E-02
   1.20000839E-02
   1.38006210E-02
   1.48992538E-02
   1.50003433E-02
   1.57995224E-02
   1.65996552E-02
   1.66997910E-02
   1.71003342E-02
   1.80006027E-02
   1.87997818E-02
   2.06003189E-02
   2.06995010E-02
   2.33993530E-02
   2.37998962E-02
   2.65007019E-02
   2.78997421E-02
   2.96001434E-02
   2.97002792E-02
   2.98995972E-02
   3.09000015E-02
   3.18994522E-02
   3.31993103E-02
   3.60002518E-02
   4.10995483E-02
   4.32996750E-02
   4.43000793E-02
   4.45995331E-02
   4.64000702E-02
   4.72002029E-02
   5.15995026E-02
   5.20992279E-02
   5.21993637E-02
   5.72004318E-02
   5.76992035E-02
   6.40001297E-02
   7.27005005E-02
   9.02996063E-02
   9.18998718E-02
   9.24997330E-02
  0.120399475    
  0.140000343    
  0.154999733    
  0.191100121    
  0.240499496    
  0.347299576    
