#Npts     Radius    Mag      Completeness
#  151  435.3671  -14.476666 0.926380
# Verr
 -0.275899887    
  -8.37001801E-02
  -8.32004547E-02
  -8.20999146E-02
  -2.53000259E-02
  -1.72996521E-02
  -1.59997940E-02
  -1.52997971E-02
  -1.22003555E-02
  -1.10006332E-02
  -1.00002289E-02
  -9.09996033E-03
  -6.69956207E-03
  -5.59997559E-03
  -5.49983978E-03
  -5.39970398E-03
  -5.39970398E-03
  -5.29956818E-03
  -5.20038605E-03
  -3.60012054E-03
  -3.29971313E-03
  -2.79998779E-03
  -2.20012665E-03
  -1.69944763E-03
  -1.60026550E-03
  -6.99996948E-04
   0.00000000    
   1.00135803E-04
   4.00543213E-04
   6.00814819E-04
   1.29985809E-03
   1.50012970E-03
   2.09999084E-03
   2.79998779E-03
   3.29971313E-03
   3.49998474E-03
   3.70025635E-03
   3.89957428E-03
   3.89957428E-03
   4.19998169E-03
   5.10025024E-03
   5.30052185E-03
   5.39970398E-03
   5.70011139E-03
   5.70011139E-03
   6.09970093E-03
   6.40010834E-03
   6.59942627E-03
   6.99996948E-03
   7.20024109E-03
   7.20024109E-03
   7.30037689E-03
   9.39941406E-03
   1.03998184E-02
   1.04007721E-02
   1.09996796E-02
   1.13000870E-02
   1.20000839E-02
   1.24006271E-02
   1.25007629E-02
   1.30004883E-02
   1.35993958E-02
   1.39007568E-02
   1.39007568E-02
   1.41000748E-02
   1.41000748E-02
   1.44996643E-02
   1.45998001E-02
   1.59997940E-02
   1.67999268E-02
   1.70001984E-02
   1.73006058E-02
   1.85003281E-02
   1.87997818E-02
   1.88999176E-02
   1.92995071E-02
   1.94997787E-02
   1.95999146E-02
   2.06995010E-02
   2.10990906E-02
   2.11992264E-02
   2.20994949E-02
   2.25000381E-02
   2.26001740E-02
   2.35004425E-02
   2.35996246E-02
   2.36005783E-02
   2.36997604E-02
   2.39000320E-02
   2.39992142E-02
   2.60992050E-02
   2.62994766E-02
   2.63996124E-02
   2.76994705E-02
   3.12004089E-02
   3.36008072E-02
   3.47003937E-02
   3.78999710E-02
   3.87001038E-02
   4.04005051E-02
   4.27999496E-02
   4.32004929E-02
   4.60996628E-02
   4.62999344E-02
   4.66003418E-02
   4.79001999E-02
   4.96997833E-02
   5.34000397E-02
   5.37996292E-02
   5.63993454E-02
   5.67998886E-02
   6.57997131E-02
   6.72006607E-02
   6.79998398E-02
   6.84995651E-02
   7.04002380E-02
   7.38000870E-02
   7.63006210E-02
   8.01992416E-02
   8.36992264E-02
   8.38994980E-02
   8.52994919E-02
   8.60004425E-02
   8.79001617E-02
   9.03997421E-02
   9.92002487E-02
   9.93995667E-02
  0.106800079    
  0.108900070    
  0.113100052    
  0.113800049    
  0.115499496    
  0.118700027    
  0.122599602    
  0.124800682    
  0.127099991    
  0.140899658    
  0.176099777    
  0.181699753    
  0.187999725    
  0.203900337    
  0.228400230    
  0.231300354    
  0.251500130    
  0.292900085    
  0.342299461    
  0.350500107    
  0.352499962    
  0.370599747    
  0.614000320    
  0.713599205    
