#Npts     Radius    Mag      Completeness
#  320  841.7098  -11.810000 0.969697
# Verr
 -0.339200020    
 -0.324099541    
 -0.211900711    
 -0.143599510    
 -0.108099937    
  -9.15002823E-02
  -6.76994324E-02
  -5.88998795E-02
  -4.41999435E-02
  -4.10995483E-02
  -3.49006653E-02
  -3.31001282E-02
  -3.06005478E-02
  -2.97002792E-02
  -2.89001465E-02
  -2.65007019E-02
  -2.61993408E-02
  -2.57005692E-02
  -2.49996185E-02
  -2.35004425E-02
  -2.16999054E-02
  -1.90000534E-02
  -1.79004669E-02
  -1.57995224E-02
  -1.57003403E-02
  -1.56993866E-02
  -1.53999329E-02
  -1.50995255E-02
  -1.48000717E-02
  -1.43995285E-02
  -1.41000748E-02
  -1.36003494E-02
  -1.32007599E-02
  -1.29003525E-02
  -1.28993988E-02
  -1.16996765E-02
  -1.15003586E-02
  -1.14002228E-02
  -1.12991333E-02
  -1.09004974E-02
  -1.06000900E-02
  -1.02996826E-02
  -1.02005005E-02
  -1.00994110E-02
  -1.00002289E-02
  -9.99927521E-03
  -9.69982147E-03
  -9.50050354E-03
  -9.40036774E-03
  -9.40036774E-03
  -8.89968872E-03
  -8.80050659E-03
  -8.70037079E-03
  -8.60023499E-03
  -8.59928131E-03
  -8.39996338E-03
  -8.10050964E-03
  -8.00037384E-03
  -7.90023804E-03
  -7.80010223E-03
  -7.69996643E-03
  -7.49969482E-03
  -7.39955902E-03
  -7.29942322E-03
  -7.20024109E-03
  -6.99996948E-03
  -6.79969788E-03
  -6.49929047E-03
  -6.30092621E-03
  -6.29997253E-03
  -6.10065460E-03
  -5.89942932E-03
  -5.79929352E-03
  -5.70011139E-03
  -5.50079346E-03
  -5.49983978E-03
  -5.30052185E-03
  -5.20038605E-03
  -5.00011444E-03
  -4.99916077E-03
  -4.89997864E-03
  -4.70066071E-03
  -4.70066071E-03
  -4.70066071E-03
  -4.69970703E-03
  -4.69970703E-03
  -4.69970703E-03
  -4.50038910E-03
  -4.30011749E-03
  -4.19998169E-03
  -4.19998169E-03
  -4.09984589E-03
  -3.90052795E-03
  -3.80039215E-03
  -3.60012054E-03
  -3.49998474E-03
  -3.39984894E-03
  -3.20053101E-03
  -3.09944153E-03
  -2.59971619E-03
  -2.40039825E-03
  -2.20012665E-03
  -1.99985504E-03
  -1.79958344E-03
  -1.70040131E-03
  -1.69944763E-03
  -1.69944763E-03
  -1.60026550E-03
  -1.50012970E-03
  -1.50012970E-03
  -1.39999390E-03
  -1.39999390E-03
  -1.39999390E-03
  -1.10054016E-03
  -1.10054016E-03
  -1.09958649E-03
  -1.00040436E-03
  -8.00132751E-04
  -5.99861145E-04
  -4.00543213E-04
  -4.00543213E-04
  -3.00407410E-04
  -2.99453735E-04
  -2.00271606E-04
   0.00000000    
   9.91821289E-05
   1.00135803E-04
   1.00135803E-04
   3.99589539E-04
   3.99589539E-04
   4.00543213E-04
   4.99725342E-04
   5.00679016E-04
   5.99861145E-04
   5.99861145E-04
   6.00814819E-04
   6.99996948E-04
   8.00132751E-04
   9.00268555E-04
   9.00268555E-04
   9.00268555E-04
   1.10054016E-03
   1.10054016E-03
   1.19972229E-03
   1.49917603E-03
   1.59931183E-03
   1.60026550E-03
   1.69944763E-03
   1.70040131E-03
   1.80053711E-03
   1.80053711E-03
   1.80053711E-03
   1.89971924E-03
   1.99985504E-03
   2.09999084E-03
   2.09999084E-03
   2.20012665E-03
   2.30026245E-03
   2.39944458E-03
   2.39944458E-03
   2.40039825E-03
   2.40039825E-03
   2.49958038E-03
   2.49958038E-03
   2.50053406E-03
   2.79998779E-03
   2.90012360E-03
   3.10039520E-03
   3.20053101E-03
   3.30066681E-03
   3.39984894E-03
   3.49998474E-03
   3.60012054E-03
   3.60012054E-03
   3.70025635E-03
   3.89957428E-03
   3.90052795E-03
   4.09984589E-03
   4.89997864E-03
   4.99916077E-03
   5.00011444E-03
   5.10025024E-03
   5.19943237E-03
   5.20038605E-03
   5.39970398E-03
   5.40065765E-03
   5.59997559E-03
   5.80024719E-03
   6.10065460E-03
   6.40010834E-03
   6.60037994E-03
   6.60037994E-03
   7.29942322E-03
   7.39955902E-03
   7.39955902E-03
   7.50064850E-03
   7.69996643E-03
   7.99942017E-03
   8.20064545E-03
   8.39996338E-03
   8.60023499E-03
   8.70037079E-03
   8.99982452E-03
   8.99982452E-03
   9.09996033E-03
   9.30023193E-03
   9.40036774E-03
   9.50050354E-03
   9.59968567E-03
   9.59968567E-03
   9.69982147E-03
   1.01003647E-02
   1.02996826E-02
   1.06000900E-02
   1.08995438E-02
   1.11007690E-02
   1.11007690E-02
   1.11999512E-02
   1.13000870E-02
   1.14002228E-02
   1.15003586E-02
   1.17998123E-02
   1.20992661E-02
   1.21002197E-02
   1.24998093E-02
   1.27000809E-02
   1.27992630E-02
   1.28002167E-02
   1.30996704E-02
   1.35002136E-02
   1.36995316E-02
   1.37004852E-02
   1.37996674E-02
   1.43003464E-02
   1.52006149E-02
   1.53999329E-02
   1.53999329E-02
   1.55000687E-02
   1.64003372E-02
   1.65004730E-02
   1.71003342E-02
   1.72996521E-02
   1.74999237E-02
   1.78003311E-02
   1.80997849E-02
   1.88999176E-02
   2.06003189E-02
   2.16999054E-02
   2.28996277E-02
   2.39000320E-02
   2.46000290E-02
   2.47001648E-02
   2.47001648E-02
   2.53000259E-02
   2.56996155E-02
   2.57997513E-02
   2.74000168E-02
   2.77004242E-02
   2.81000137E-02
   2.88000107E-02
   2.90994644E-02
   3.04994583E-02
   3.06997299E-02
   3.17001343E-02
   3.19995880E-02
   3.25994492E-02
   3.29999924E-02
   3.50008011E-02
   3.50999832E-02
   3.63998413E-02
   3.70998383E-02
   3.84998322E-02
   3.87001038E-02
   4.06999588E-02
   4.16002274E-02
   4.39004898E-02
   4.80003357E-02
   4.80995178E-02
   4.82997894E-02
   5.31005859E-02
   5.43003082E-02
   5.81998825E-02
   5.91993332E-02
   5.97000122E-02
   6.77995682E-02
   6.89001083E-02
   7.46994019E-02
   7.68003464E-02
   7.91006088E-02
   8.33005905E-02
   8.34999084E-02
   8.50992203E-02
   8.69998932E-02
   9.74998474E-02
  0.111000061    
  0.122299194    
  0.124699593    
  0.135399818    
  0.138799667    
  0.143799782    
  0.145899773    
  0.148799896    
  0.153200150    
  0.156800270    
  0.159399986    
  0.162499428    
  0.163700104    
  0.169600487    
  0.170700073    
  0.170899391    
  0.199000359    
  0.204699516    
  0.212199211    
  0.281299591    
  0.312900543    
  0.364199638    
  0.431699753    
  0.681200027    
  0.697299957    
  0.717399597    
