#Npts     Radius    Mag      Completeness
#  156  435.3671  -13.410000 0.939759
# Verr
 -0.552000046    
 -0.432499886    
 -0.116600037    
 -0.113600731    
  -6.87007904E-02
  -6.11000061E-02
  -4.04996872E-02
  -2.32000351E-02
  -2.12001801E-02
  -1.13000870E-02
  -1.13000870E-02
  -1.11007690E-02
  -9.79995728E-03
  -7.90023804E-03
  -7.80010223E-03
  -7.80010223E-03
  -7.10010529E-03
  -6.40010834E-03
  -6.09970093E-03
  -5.70011139E-03
  -5.39970398E-03
  -5.10025024E-03
  -5.10025024E-03
  -4.89997864E-03
  -4.40025330E-03
  -4.19998169E-03
  -3.60012054E-03
  -3.39984894E-03
  -3.30066681E-03
  -2.89916992E-03
  -2.79998779E-03
  -2.69985199E-03
  -2.69985199E-03
  -2.40039825E-03
  -2.30026245E-03
  -2.29930878E-03
  -2.29930878E-03
  -1.80053711E-03
  -1.70040131E-03
  -1.70040131E-03
  -1.39999390E-03
  -1.29985809E-03
  -9.00268555E-04
  -6.99996948E-04
  -4.99725342E-04
  -4.00543213E-04
   0.00000000    
   3.99589539E-04
   9.00268555E-04
   1.00040436E-03
   1.00040436E-03
   1.00040436E-03
   1.20067596E-03
   1.39999390E-03
   1.59931183E-03
   1.60026550E-03
   1.99985504E-03
   2.09999084E-03
   2.30026245E-03
   2.49958038E-03
   2.69985199E-03
   2.79998779E-03
   3.30066681E-03
   3.80039215E-03
   3.80039215E-03
   3.89957428E-03
   5.39970398E-03
   6.40010834E-03
   6.40010834E-03
   7.10010529E-03
   7.19928741E-03
   8.09955597E-03
   8.20064545E-03
   8.29982758E-03
   8.29982758E-03
   9.10091400E-03
   9.59968567E-03
   9.79995728E-03
   1.06000900E-02
   1.06992722E-02
   1.07002258E-02
   1.10998154E-02
   1.13000870E-02
   1.16004944E-02
   1.20000839E-02
   1.27000809E-02
   1.29003525E-02
   1.29995346E-02
   1.34000778E-02
   1.49993896E-02
   1.50995255E-02
   1.57003403E-02
   1.63002014E-02
   1.65996552E-02
   1.69992447E-02
   1.74007416E-02
   1.78003311E-02
   2.01997757E-02
   2.08005905E-02
   2.21996307E-02
   2.26001740E-02
   2.28996277E-02
   2.35996246E-02
   2.49996185E-02
   2.56004333E-02
   2.70996094E-02
   2.90002823E-02
   2.93998718E-02
   2.99005508E-02
   3.22999954E-02
   3.29999924E-02
   3.31993103E-02
   3.43999863E-02
   3.43999863E-02
   3.48997116E-02
   3.80001068E-02
   3.83996964E-02
   4.54998016E-02
   4.56008911E-02
   4.58002090E-02
   4.69999313E-02
   5.06000519E-02
   5.31997681E-02
   5.35993576E-02
   5.55000305E-02
   5.74998856E-02
   5.87997437E-02
   6.07004166E-02
   6.18000031E-02
   6.21995926E-02
   6.22005463E-02
   7.13996887E-02
   7.34996796E-02
   8.46996307E-02
   8.72001648E-02
   9.43002701E-02
   9.60998535E-02
   9.94997025E-02
  0.110499382    
  0.123999596    
  0.128799438    
  0.156799316    
  0.159500122    
  0.170100212    
  0.170900345    
  0.178100586    
  0.212899208    
  0.223999977    
  0.250100136    
  0.256699562    
  0.269299507    
  0.272600174    
  0.301800728    
  0.378799438    
  0.566800117    
  0.612899780    
