#Npts     Radius    Mag      Completeness
#  248  638.5385  -11.410000 0.946565
# Verr
 -0.723299980    
 -0.602300644    
 -0.550300598    
 -0.357299805    
 -0.321499825    
 -0.215000153    
 -0.153100014    
  -7.68003464E-02
  -7.21006393E-02
  -6.68001175E-02
  -6.50997162E-02
  -6.31999969E-02
  -5.13000488E-02
  -4.85000610E-02
  -4.82006073E-02
  -4.78000641E-02
  -4.26998138E-02
  -4.22000885E-02
  -4.17995453E-02
  -3.99999619E-02
  -3.82003784E-02
  -3.71007919E-02
  -3.70998383E-02
  -3.66001129E-02
  -3.38001251E-02
  -3.32002640E-02
  -3.19995880E-02
  -2.89001465E-02
  -2.85997391E-02
  -2.82001495E-02
  -2.64997482E-02
  -2.53000259E-02
  -2.43997574E-02
  -2.42004395E-02
  -2.36997604E-02
  -2.35996246E-02
  -2.21004486E-02
  -2.09999084E-02
  -1.98001862E-02
  -1.98001862E-02
  -1.84993744E-02
  -1.84001923E-02
  -1.83000565E-02
  -1.71003342E-02
  -1.70993805E-02
  -1.67999268E-02
  -1.57003403E-02
  -1.53999329E-02
  -1.50003433E-02
  -1.50003433E-02
  -1.48992538E-02
  -1.46999359E-02
  -1.45998001E-02
  -1.42002106E-02
  -1.37004852E-02
  -1.35002136E-02
  -1.32999420E-02
  -1.29995346E-02
  -1.29995346E-02
  -1.11999512E-02
  -1.10998154E-02
  -1.07994080E-02
  -1.07994080E-02
  -1.02996826E-02
  -1.01003647E-02
  -1.00002289E-02
  -9.79995728E-03
  -9.49954987E-03
  -9.49954987E-03
  -9.09996033E-03
  -8.50009918E-03
  -7.99942017E-03
  -7.99942017E-03
  -7.80010223E-03
  -7.69996643E-03
  -7.69996643E-03
  -7.50064850E-03
  -7.29942322E-03
  -6.99996948E-03
  -6.49929047E-03
  -6.40010834E-03
  -6.20079041E-03
  -6.19983673E-03
  -6.09970093E-03
  -5.90038300E-03
  -5.49983978E-03
  -5.40065765E-03
  -5.29956818E-03
  -5.20038605E-03
  -5.10025024E-03
  -5.00011444E-03
  -4.50038910E-03
  -4.19998169E-03
  -3.99971008E-03
  -3.80039215E-03
  -3.60012054E-03
  -3.49998474E-03
  -3.29971313E-03
  -3.09944153E-03
  -3.00025940E-03
  -2.79998779E-03
  -2.59971619E-03
  -2.40039825E-03
  -2.30026245E-03
  -2.29930878E-03
  -2.09999084E-03
  -2.09999084E-03
  -1.70040131E-03
  -1.70040131E-03
  -1.50012970E-03
  -1.50012970E-03
  -1.39999390E-03
  -1.29985809E-03
  -1.29985809E-03
  -1.20067596E-03
  -9.99450684E-04
  -9.00268555E-04
  -9.00268555E-04
  -6.99996948E-04
  -5.99861145E-04
   2.00271606E-04
   3.99589539E-04
   6.99996948E-04
   8.00132751E-04
   9.00268555E-04
   1.19972229E-03
   1.60026550E-03
   1.69944763E-03
   2.30026245E-03
   2.40039825E-03
   2.59971619E-03
   2.70080566E-03
   2.79998779E-03
   3.00025940E-03
   3.29971313E-03
   3.29971313E-03
   4.00066376E-03
   4.30011749E-03
   4.50038910E-03
   4.59957123E-03
   4.69970703E-03
   4.79984283E-03
   5.10025024E-03
   5.30052185E-03
   6.20079041E-03
   6.40010834E-03
   6.70051575E-03
   6.89983368E-03
   7.29942322E-03
   7.30037689E-03
   7.69996643E-03
   8.20064545E-03
   8.89968872E-03
   8.90064240E-03
   9.59968567E-03
   1.02005005E-02
   1.04007721E-02
   1.04007721E-02
   1.04999542E-02
   1.05991364E-02
   1.06992722E-02
   1.09996796E-02
   1.10006332E-02
   1.10998154E-02
   1.11999512E-02
   1.14002228E-02
   1.14994049E-02
   1.18999481E-02
   1.18999481E-02
   1.22995377E-02
   1.30996704E-02
   1.31006241E-02
   1.31998062E-02
   1.37004852E-02
   1.38998032E-02
   1.41000748E-02
   1.44004822E-02
   1.45006180E-02
   1.51996613E-02
   1.52006149E-02
   1.58996582E-02
   1.63002014E-02
   1.65996552E-02
   1.74007416E-02
   1.84001923E-02
   1.89990997E-02
   1.93004608E-02
   1.95999146E-02
   1.97000504E-02
   2.02999115E-02
   2.05001831E-02
   2.09007263E-02
   2.13003159E-02
   2.15997696E-02
   2.22005844E-02
   2.23999023E-02
   2.35996246E-02
   2.39000320E-02
   2.47993469E-02
   2.58998871E-02
   2.68993378E-02
   2.72998810E-02
   2.82001495E-02
   2.83002853E-02
   2.91996002E-02
   2.91996002E-02
   2.91996002E-02
   2.92005539E-02
   3.18994522E-02
   3.43999863E-02
   3.74002457E-02
   3.80992889E-02
   3.97005081E-02
   4.05006409E-02
   4.15000916E-02
   4.20999527E-02
   4.52995300E-02
   4.62999344E-02
   4.62999344E-02
   4.69999313E-02
   4.76999283E-02
   6.18000031E-02
   6.77995682E-02
   7.00998306E-02
   7.89003372E-02
   8.12997818E-02
   9.88006592E-02
   9.92002487E-02
  0.104800224    
  0.109499931    
  0.115900040    
  0.123700142    
  0.124599457    
  0.126799583    
  0.146500587    
  0.151700020    
  0.233500481    
  0.233600616    
  0.263799667    
  0.268699646    
  0.275899887    
  0.285499573    
  0.363300323    
  0.364600182    
  0.371199608    
  0.425599098    
  0.441400528    
  0.597000122    
