#Npts     Radius    Mag      Completeness
#  386 1654.3953  -11.810000 0.997416
# Verr
 -0.432200432    
 -0.340900421    
 -0.142999649    
  -5.38997650E-02
  -4.60996628E-02
  -3.26004028E-02
  -2.92005539E-02
  -2.51998901E-02
  -2.44998932E-02
  -1.79996490E-02
  -1.74999237E-02
  -1.54991150E-02
  -1.52997971E-02
  -1.14994049E-02
  -1.13000870E-02
  -1.06992722E-02
  -1.02996826E-02
  -9.90009308E-03
  -9.69982147E-03
  -8.89968872E-03
  -8.00037384E-03
  -7.89928436E-03
  -7.69996643E-03
  -7.49969482E-03
  -7.40051270E-03
  -7.40051270E-03
  -7.30037689E-03
  -7.20024109E-03
  -7.10010529E-03
  -6.99996948E-03
  -6.80065155E-03
  -6.40010834E-03
  -6.19983673E-03
  -6.19983673E-03
  -6.09970093E-03
  -6.00051880E-03
  -5.90038300E-03
  -5.50079346E-03
  -5.49983978E-03
  -5.40065765E-03
  -5.40065765E-03
  -5.39970398E-03
  -5.20038605E-03
  -5.20038605E-03
  -5.20038605E-03
  -5.00011444E-03
  -4.79984283E-03
  -4.79984283E-03
  -4.79984283E-03
  -4.69970703E-03
  -4.69970703E-03
  -4.60052490E-03
  -4.30011749E-03
  -4.10079956E-03
  -4.09984589E-03
  -4.00066376E-03
  -3.90052795E-03
  -3.90052795E-03
  -3.80039215E-03
  -3.79943848E-03
  -3.79943848E-03
  -3.69930267E-03
  -3.49998474E-03
  -3.40080261E-03
  -3.39984894E-03
  -3.39984894E-03
  -3.30066681E-03
  -3.29971313E-03
  -3.20053101E-03
  -3.20053101E-03
  -3.20053101E-03
  -3.10039520E-03
  -3.10039520E-03
  -3.10039520E-03
  -3.10039520E-03
  -3.10039520E-03
  -3.09944153E-03
  -3.09944153E-03
  -3.00025940E-03
  -2.99930573E-03
  -2.90012360E-03
  -2.89916992E-03
  -2.79998779E-03
  -2.79998779E-03
  -2.79998779E-03
  -2.79998779E-03
  -2.69985199E-03
  -2.69985199E-03
  -2.69985199E-03
  -2.59971619E-03
  -2.50053406E-03
  -2.40039825E-03
  -2.39944458E-03
  -2.30026245E-03
  -2.30026245E-03
  -2.30026245E-03
  -2.30026245E-03
  -2.20012665E-03
  -2.20012665E-03
  -2.09999084E-03
  -2.09999084E-03
  -2.09999084E-03
  -2.00080872E-03
  -1.90067291E-03
  -1.89971924E-03
  -1.89971924E-03
  -1.89971924E-03
  -1.89971924E-03
  -1.79958344E-03
  -1.79958344E-03
  -1.79958344E-03
  -1.70040131E-03
  -1.70040131E-03
  -1.70040131E-03
  -1.69944763E-03
  -1.60026550E-03
  -1.59931183E-03
  -1.50012970E-03
  -1.50012970E-03
  -1.50012970E-03
  -1.49917603E-03
  -1.49917603E-03
  -1.49917603E-03
  -1.49917603E-03
  -1.39999390E-03
  -1.39999390E-03
  -1.39999390E-03
  -1.30081177E-03
  -1.29985809E-03
  -1.19972229E-03
  -1.19972229E-03
  -1.19972229E-03
  -1.10054016E-03
  -1.09958649E-03
  -1.09958649E-03
  -1.00040436E-03
  -9.99450684E-04
  -9.00268555E-04
  -8.99314880E-04
  -8.99314880E-04
  -8.00132751E-04
  -6.99996948E-04
  -6.99996948E-04
  -6.99996948E-04
  -5.99861145E-04
  -5.99861145E-04
  -4.99725342E-04
  -4.99725342E-04
  -4.99725342E-04
  -4.99725342E-04
  -4.00543213E-04
  -4.00543213E-04
  -3.99589539E-04
  -3.00407410E-04
  -2.99453735E-04
  -2.00271606E-04
  -2.00271606E-04
  -1.99317932E-04
  -1.99317932E-04
  -1.00135803E-04
  -9.91821289E-05
   0.00000000    
   0.00000000    
   0.00000000    
   0.00000000    
   1.00135803E-04
   1.00135803E-04
   1.00135803E-04
   1.99317932E-04
   2.00271606E-04
   2.00271606E-04
   2.00271606E-04
   2.00271606E-04
   2.00271606E-04
   2.99453735E-04
   2.99453735E-04
   2.99453735E-04
   3.00407410E-04
   3.00407410E-04
   3.00407410E-04
   4.00543213E-04
   4.00543213E-04
   4.99725342E-04
   4.99725342E-04
   4.99725342E-04
   4.99725342E-04
   5.00679016E-04
   5.99861145E-04
   6.99996948E-04
   6.99996948E-04
   6.99996948E-04
   6.99996948E-04
   6.99996948E-04
   6.99996948E-04
   7.99179077E-04
   8.00132751E-04
   8.00132751E-04
   8.00132751E-04
   9.99450684E-04
   9.99450684E-04
   1.00040436E-03
   1.00040436E-03
   1.00040436E-03
   1.09958649E-03
   1.09958649E-03
   1.10054016E-03
   1.10054016E-03
   1.10054016E-03
   1.19972229E-03
   1.19972229E-03
   1.29985809E-03
   1.30081177E-03
   1.39999390E-03
   1.39999390E-03
   1.39999390E-03
   1.39999390E-03
   1.50012970E-03
   1.60026550E-03
   1.69944763E-03
   1.69944763E-03
   1.70040131E-03
   1.70040131E-03
   1.79958344E-03
   1.79958344E-03
   1.80053711E-03
   1.80053711E-03
   1.80053711E-03
   1.89971924E-03
   1.89971924E-03
   1.99985504E-03
   1.99985504E-03
   1.99985504E-03
   2.00080872E-03
   2.00080872E-03
   2.09999084E-03
   2.09999084E-03
   2.20012665E-03
   2.20012665E-03
   2.29930878E-03
   2.30026245E-03
   2.30026245E-03
   2.39944458E-03
   2.39944458E-03
   2.49958038E-03
   2.49958038E-03
   2.50053406E-03
   2.59971619E-03
   2.69985199E-03
   2.69985199E-03
   2.79998779E-03
   2.79998779E-03
   2.79998779E-03
   2.89916992E-03
   2.90012360E-03
   3.00025940E-03
   3.09944153E-03
   3.19957733E-03
   3.20053101E-03
   3.29971313E-03
   3.39984894E-03
   3.39984894E-03
   3.39984894E-03
   3.40080261E-03
   3.49998474E-03
   3.49998474E-03
   3.49998474E-03
   3.49998474E-03
   3.60012054E-03
   3.60012054E-03
   3.60012054E-03
   3.70025635E-03
   3.79943848E-03
   3.80039215E-03
   3.80039215E-03
   3.80039215E-03
   3.89957428E-03
   3.90052795E-03
   4.09984589E-03
   4.09984589E-03
   4.10079956E-03
   4.19998169E-03
   4.19998169E-03
   4.40025330E-03
   4.40025330E-03
   4.40025330E-03
   4.49943542E-03
   4.59957123E-03
   4.69970703E-03
   4.70066071E-03
   4.80079651E-03
   4.89997864E-03
   4.89997864E-03
   4.99916077E-03
   5.00011444E-03
   5.00011444E-03
   5.00011444E-03
   5.10025024E-03
   5.19943237E-03
   5.40065765E-03
   5.50079346E-03
   5.59997559E-03
   5.69915771E-03
   5.70011139E-03
   5.80024719E-03
   5.89942932E-03
   5.90038300E-03
   5.90038300E-03
   6.00051880E-03
   6.10065460E-03
   6.10065460E-03
   6.19983673E-03
   6.20079041E-03
   6.40010834E-03
   6.59942627E-03
   6.60037994E-03
   6.69956207E-03
   6.89983368E-03
   6.99996948E-03
   7.10010529E-03
   7.10010529E-03
   7.20024109E-03
   7.29942322E-03
   7.80010223E-03
   8.09955597E-03
   8.10050964E-03
   8.19969177E-03
   8.20064545E-03
   8.50009918E-03
   8.70037079E-03
   8.80050659E-03
   8.89968872E-03
   9.20009613E-03
   9.49954987E-03
   9.50050354E-03
   9.99927521E-03
   1.00002289E-02
   1.02005005E-02
   1.09004974E-02
   1.15995407E-02
   1.17998123E-02
   1.17998123E-02
   1.21002197E-02
   1.24006271E-02
   1.25999451E-02
   1.27992630E-02
   1.31006241E-02
   1.34000778E-02
   1.41000748E-02
   1.48000717E-02
   1.50003433E-02
   1.57003403E-02
   1.61991119E-02
   1.67007446E-02
   1.73997879E-02
   1.80006027E-02
   1.92995071E-02
   1.93996429E-02
   1.93996429E-02
   2.41994858E-02
   2.68993378E-02
   2.81000137E-02
   2.84004211E-02
   3.46002579E-02
   3.47003937E-02
   3.50999832E-02
   3.62005234E-02
   3.77998352E-02
   3.88002396E-02
   4.46004868E-02
   4.48999405E-02
   4.80003357E-02
   4.90999222E-02
   5.15003204E-02
   5.38997650E-02
   6.70003891E-02
   6.84995651E-02
   7.24000931E-02
   7.46994019E-02
   7.63998032E-02
   8.72993469E-02
  0.102099419    
  0.110199928    
  0.140500069    
  0.206699371    
  0.321299553    
  0.597899437    
