#Npts     Radius    Mag      Completeness
#   66  435.3671  -14.854416 0.929577
# Verr
  -1.51004791E-02
  -8.69941711E-03
  -7.69996643E-03
  -6.60037994E-03
  -6.09970093E-03
  -5.99956512E-03
  -3.20053101E-03
  -2.20012665E-03
  -1.69944763E-03
  -6.99996948E-04
  -4.99725342E-04
   2.99453735E-04
   2.20012665E-03
   2.69985199E-03
   3.00025940E-03
   3.10039520E-03
   3.80039215E-03
   4.69970703E-03
   5.10025024E-03
   5.19943237E-03
   5.80024719E-03
   6.19983673E-03
   6.60037994E-03
   8.69941711E-03
   8.99982452E-03
   1.03006363E-02
   1.10998154E-02
   1.13000870E-02
   1.41000748E-02
   1.51004791E-02
   1.57995224E-02
   1.67999268E-02
   1.74999237E-02
   1.76000595E-02
   1.87997818E-02
   1.92995071E-02
   1.98001862E-02
   2.25000381E-02
   2.30998993E-02
   2.39000320E-02
   2.62002945E-02
   2.67000198E-02
   3.07998657E-02
   3.17001343E-02
   3.38001251E-02
   3.87001038E-02
   4.27999496E-02
   4.36000824E-02
   4.37994003E-02
   5.16004562E-02
   5.37996292E-02
   6.25000000E-02
   6.27002716E-02
   6.36005402E-02
   6.72998428E-02
   8.05997849E-02
   8.16993713E-02
   9.24005508E-02
  0.101799965    
  0.116399765    
  0.120500565    
  0.194499969    
  0.291700363    
  0.521499634    
  0.662799835    
  0.723299980    
