#Npts     Radius    Mag      Completeness
#  152  638.5385  -13.410000 0.980645
# Verr
 -0.103599548    
  -2.22005844E-02
  -1.31998062E-02
  -7.90023804E-03
  -7.30037689E-03
  -4.40025330E-03
  -3.89957428E-03
  -3.60012054E-03
  -3.39984894E-03
  -3.20053101E-03
  -3.09944153E-03
  -3.00025940E-03
  -2.79998779E-03
  -2.69985199E-03
  -2.50053406E-03
  -2.49958038E-03
  -2.49958038E-03
  -2.40039825E-03
  -2.39944458E-03
  -2.30026245E-03
  -2.30026245E-03
  -2.20012665E-03
  -2.20012665E-03
  -2.09999084E-03
  -1.89971924E-03
  -1.80053711E-03
  -1.79958344E-03
  -1.60026550E-03
  -1.60026550E-03
  -1.60026550E-03
  -1.59931183E-03
  -1.50012970E-03
  -1.50012970E-03
  -1.39999390E-03
  -1.29985809E-03
  -1.20067596E-03
  -1.19972229E-03
  -1.19972229E-03
  -1.10054016E-03
  -1.10054016E-03
  -9.00268555E-04
  -7.99179077E-04
  -5.99861145E-04
  -4.99725342E-04
  -4.99725342E-04
  -3.99589539E-04
  -2.99453735E-04
  -2.00271606E-04
  -1.99317932E-04
   2.00271606E-04
   2.00271606E-04
   2.99453735E-04
   4.00543213E-04
   5.00679016E-04
   8.00132751E-04
   8.99314880E-04
   1.09958649E-03
   1.19972229E-03
   1.29985809E-03
   1.39999390E-03
   1.79958344E-03
   1.99985504E-03
   2.09999084E-03
   2.50053406E-03
   2.50053406E-03
   2.79998779E-03
   2.90012360E-03
   2.90012360E-03
   3.00025940E-03
   3.39984894E-03
   3.60012054E-03
   3.99971008E-03
   4.09984589E-03
   4.09984589E-03
   4.19998169E-03
   4.30011749E-03
   4.49943542E-03
   4.50038910E-03
   4.50038910E-03
   4.79984283E-03
   5.80024719E-03
   5.99956512E-03
   6.29997253E-03
   6.40010834E-03
   6.40010834E-03
   6.70051575E-03
   6.89983368E-03
   7.20024109E-03
   7.69996643E-03
   7.80010223E-03
   8.00037384E-03
   8.09955597E-03
   8.49914551E-03
   8.50009918E-03
   8.60023499E-03
   8.60023499E-03
   9.09996033E-03
   9.59968567E-03
   9.69982147E-03
   9.90009308E-03
   1.03006363E-02
   1.09004974E-02
   1.09004974E-02
   1.13000870E-02
   1.21994019E-02
   1.27000809E-02
   1.38006210E-02
   1.53999329E-02
   1.57003403E-02
   1.91001892E-02
   1.91001892E-02
   1.92995071E-02
   1.93996429E-02
   1.97000504E-02
   2.08997726E-02
   2.09999084E-02
   2.25992203E-02
   2.30007172E-02
   2.55002975E-02
   2.83002853E-02
   2.91004181E-02
   3.00998688E-02
   3.00998688E-02
   3.31001282E-02
   3.40003967E-02
   3.92999649E-02
   4.13999557E-02
   4.17003632E-02
   4.66003418E-02
   4.67996597E-02
   4.89006042E-02
   5.30996323E-02
   5.53998947E-02
   5.86996078E-02
   6.35995865E-02
   6.96001053E-02
   7.56998062E-02
   8.25004578E-02
   8.78000259E-02
   9.65995789E-02
   9.81998444E-02
  0.108200073    
  0.109699249    
  0.110300064    
  0.111900330    
  0.146499634    
  0.168299675    
  0.185299873    
  0.187200546    
  0.194800377    
  0.248999596    
  0.422699928    
