#Npts     Radius    Mag      Completeness
#  345 1248.0525  -11.410000 0.977337
# Verr
 -0.100600243    
  -5.07001877E-02
  -4.10995483E-02
  -4.06007767E-02
  -3.84998322E-02
  -3.15008163E-02
  -2.93998718E-02
  -2.47001648E-02
  -2.16999054E-02
  -1.77001953E-02
  -1.69000626E-02
  -1.69000626E-02
  -1.57995224E-02
  -1.45998001E-02
  -1.44004822E-02
  -1.42002106E-02
  -1.38998032E-02
  -1.36995316E-02
  -1.32999420E-02
  -1.28002167E-02
  -1.27000809E-02
  -1.23004913E-02
  -1.21002197E-02
  -1.17998123E-02
  -1.16996765E-02
  -1.15003586E-02
  -1.14002228E-02
  -1.14002228E-02
  -1.10998154E-02
  -1.09996796E-02
  -1.09004974E-02
  -1.09004974E-02
  -1.09004974E-02
  -1.08003616E-02
  -1.07994080E-02
  -1.01003647E-02
  -1.00002289E-02
  -9.59968567E-03
  -9.39941406E-03
  -9.30023193E-03
  -9.20009613E-03
  -9.19914246E-03
  -8.99982452E-03
  -8.79955292E-03
  -8.70037079E-03
  -8.59928131E-03
  -8.39996338E-03
  -8.39996338E-03
  -8.39996338E-03
  -8.29982758E-03
  -8.20064545E-03
  -8.20064545E-03
  -8.09955597E-03
  -8.00037384E-03
  -7.80010223E-03
  -7.49969482E-03
  -7.40051270E-03
  -7.39955902E-03
  -7.10010529E-03
  -7.10010529E-03
  -6.99996948E-03
  -6.99996948E-03
  -6.90078735E-03
  -6.80065155E-03
  -6.59942627E-03
  -6.39915466E-03
  -6.29997253E-03
  -6.29997253E-03
  -6.20079041E-03
  -6.19983673E-03
  -6.19983673E-03
  -6.10065460E-03
  -5.80024719E-03
  -5.70011139E-03
  -5.70011139E-03
  -5.70011139E-03
  -5.70011139E-03
  -5.40065765E-03
  -5.40065765E-03
  -5.20038605E-03
  -5.19943237E-03
  -5.19943237E-03
  -5.00011444E-03
  -5.00011444E-03
  -5.00011444E-03
  -5.00011444E-03
  -5.00011444E-03
  -4.89997864E-03
  -4.89997864E-03
  -4.89997864E-03
  -4.89997864E-03
  -4.79984283E-03
  -4.79984283E-03
  -4.70066071E-03
  -4.60052490E-03
  -4.59957123E-03
  -4.40025330E-03
  -4.30011749E-03
  -4.30011749E-03
  -4.30011749E-03
  -4.10079956E-03
  -4.09984589E-03
  -3.99971008E-03
  -3.90052795E-03
  -3.89957428E-03
  -3.80039215E-03
  -3.80039215E-03
  -3.80039215E-03
  -3.80039215E-03
  -3.60012054E-03
  -3.60012054E-03
  -3.39984894E-03
  -3.39984894E-03
  -3.29971313E-03
  -3.10039520E-03
  -3.10039520E-03
  -3.00025940E-03
  -3.00025940E-03
  -2.69985199E-03
  -2.69985199E-03
  -2.60066986E-03
  -2.59971619E-03
  -2.59971619E-03
  -2.59971619E-03
  -2.50053406E-03
  -2.49958038E-03
  -2.30026245E-03
  -2.30026245E-03
  -2.30026245E-03
  -2.30026245E-03
  -2.09999084E-03
  -2.09999084E-03
  -1.99985504E-03
  -1.80053711E-03
  -1.80053711E-03
  -1.80053711E-03
  -1.79958344E-03
  -1.79958344E-03
  -1.60026550E-03
  -1.60026550E-03
  -1.59931183E-03
  -1.59931183E-03
  -1.50012970E-03
  -1.39999390E-03
  -1.39999390E-03
  -1.39999390E-03
  -1.29985809E-03
  -1.19972229E-03
  -1.19972229E-03
  -1.09958649E-03
  -1.00040436E-03
  -9.00268555E-04
  -9.00268555E-04
  -9.00268555E-04
  -8.99314880E-04
  -8.00132751E-04
  -7.99179077E-04
  -6.99996948E-04
  -5.99861145E-04
  -5.00679016E-04
  -4.99725342E-04
  -4.99725342E-04
  -4.00543213E-04
  -3.99589539E-04
  -3.00407410E-04
  -2.99453735E-04
  -2.99453735E-04
  -1.00135803E-04
  -9.91821289E-05
   0.00000000    
   1.00135803E-04
   2.00271606E-04
   2.00271606E-04
   2.99453735E-04
   3.00407410E-04
   3.99589539E-04
   5.00679016E-04
   5.99861145E-04
   5.99861145E-04
   6.00814819E-04
   6.99996948E-04
   6.99996948E-04
   8.00132751E-04
   8.00132751E-04
   9.00268555E-04
   9.00268555E-04
   9.00268555E-04
   9.99450684E-04
   1.00040436E-03
   1.09958649E-03
   1.19972229E-03
   1.19972229E-03
   1.29985809E-03
   1.29985809E-03
   1.29985809E-03
   1.29985809E-03
   1.29985809E-03
   1.39999390E-03
   1.79958344E-03
   1.79958344E-03
   1.89971924E-03
   1.89971924E-03
   1.90067291E-03
   1.90067291E-03
   1.99985504E-03
   2.20012665E-03
   2.20012665E-03
   2.20012665E-03
   2.30026245E-03
   2.30026245E-03
   2.40039825E-03
   2.60066986E-03
   2.69985199E-03
   2.70080566E-03
   2.79998779E-03
   2.90012360E-03
   3.00025940E-03
   3.19957733E-03
   3.20053101E-03
   3.20053101E-03
   3.39984894E-03
   3.39984894E-03
   3.39984894E-03
   3.40080261E-03
   3.40080261E-03
   3.49998474E-03
   3.49998474E-03
   3.60012054E-03
   3.60012054E-03
   3.70025635E-03
   3.90052795E-03
   3.99971008E-03
   4.00066376E-03
   4.09984589E-03
   4.19998169E-03
   4.40025330E-03
   4.50038910E-03
   4.59957123E-03
   4.69970703E-03
   4.79984283E-03
   4.89997864E-03
   4.89997864E-03
   5.00011444E-03
   5.10025024E-03
   5.19943237E-03
   5.20038605E-03
   5.30052185E-03
   5.49983978E-03
   5.69915771E-03
   5.99956512E-03
   6.19983673E-03
   6.29997253E-03
   6.39915466E-03
   6.40010834E-03
   6.59942627E-03
   6.69956207E-03
   6.79969788E-03
   6.79969788E-03
   7.10010529E-03
   7.19928741E-03
   7.30037689E-03
   7.30037689E-03
   7.39955902E-03
   7.40051270E-03
   7.80010223E-03
   7.80010223E-03
   8.09955597E-03
   8.10050964E-03
   8.19969177E-03
   8.20064545E-03
   8.30078125E-03
   8.60023499E-03
   8.70037079E-03
   8.90064240E-03
   9.39941406E-03
   9.49954987E-03
   9.49954987E-03
   9.50050354E-03
   1.00002289E-02
   1.01995468E-02
   1.02005005E-02
   1.04999542E-02
   1.06000900E-02
   1.12009048E-02
   1.13992691E-02
   1.13992691E-02
   1.18007660E-02
   1.19991302E-02
   1.20000839E-02
   1.23004913E-02
   1.30996704E-02
   1.34000778E-02
   1.36003494E-02
   1.39999390E-02
   1.51996613E-02
   1.52997971E-02
   1.53999329E-02
   1.58004761E-02
   1.64003372E-02
   1.66997910E-02
   1.73997879E-02
   1.74999237E-02
   1.81999207E-02
   1.84993744E-02
   1.87005997E-02
   1.94997787E-02
   1.98001862E-02
   2.02999115E-02
   2.22997665E-02
   2.40001678E-02
   2.42004395E-02
   2.51998901E-02
   2.61993408E-02
   2.62002945E-02
   2.65007019E-02
   2.75001526E-02
   2.81000137E-02
   2.82001495E-02
   2.83994675E-02
   2.86998749E-02
   2.93998718E-02
   3.43999863E-02
   3.46994400E-02
   4.04996872E-02
   4.10003662E-02
   4.27999496E-02
   4.40006256E-02
   4.81996536E-02
   4.93001938E-02
   6.78997040E-02
   6.96001053E-02
   6.97994232E-02
   7.67002106E-02
   7.88002014E-02
   7.96995163E-02
   9.22002792E-02
  0.102999687    
  0.124800682    
  0.138899803    
  0.146200180    
  0.163200378    
  0.203899384    
  0.296099663    
  0.447400093    
  0.521599770    
