#Npts     Radius    Mag      Completeness
#  199  435.3671  -12.210000 0.843220
# Verr
 -0.287199974    
 -0.209899902    
 -0.193099976    
 -0.181099892    
  -9.10997391E-02
  -8.66994858E-02
  -7.84997940E-02
  -6.61001205E-02
  -4.87003326E-02
  -4.72002029E-02
  -4.60004807E-02
  -4.51993942E-02
  -4.44993973E-02
  -4.43000793E-02
  -3.94001007E-02
  -3.18002701E-02
  -2.99005508E-02
  -2.93998718E-02
  -2.53000259E-02
  -2.37998962E-02
  -2.23999023E-02
  -2.12001801E-02
  -2.12001801E-02
  -2.07996368E-02
  -2.05001831E-02
  -1.91001892E-02
  -1.90000534E-02
  -1.84001923E-02
  -1.66997910E-02
  -1.37004852E-02
  -1.24006271E-02
  -1.21002197E-02
  -1.17998123E-02
  -1.16996765E-02
  -1.13000870E-02
  -1.08003616E-02
  -1.06992722E-02
  -1.02005005E-02
  -1.01003647E-02
  -9.60063934E-03
  -9.39941406E-03
  -9.39941406E-03
  -9.30023193E-03
  -9.20009613E-03
  -8.89968872E-03
  -8.10050964E-03
  -7.59983063E-03
  -6.69956207E-03
  -6.50024414E-03
  -5.79929352E-03
  -5.70011139E-03
  -5.70011139E-03
  -5.40065765E-03
  -5.30052185E-03
  -4.69970703E-03
  -4.59957123E-03
  -4.09984589E-03
  -3.99971008E-03
  -3.90052795E-03
  -3.20053101E-03
  -3.10039520E-03
  -2.49958038E-03
  -2.40039825E-03
  -2.19917297E-03
  -2.09999084E-03
  -1.99985504E-03
  -1.89971924E-03
  -1.79958344E-03
  -8.99314880E-04
  -8.00132751E-04
  -7.99179077E-04
  -5.99861145E-04
  -1.00135803E-04
   3.00407410E-04
   5.99861145E-04
   1.00040436E-03
   1.79958344E-03
   2.39944458E-03
   2.40039825E-03
   2.50053406E-03
   2.59971619E-03
   2.99930573E-03
   3.69930267E-03
   3.70025635E-03
   4.69970703E-03
   4.79984283E-03
   5.00011444E-03
   5.39970398E-03
   6.80065155E-03
   7.10010529E-03
   7.20024109E-03
   7.59983063E-03
   8.09955597E-03
   8.20064545E-03
   8.29982758E-03
   8.39996338E-03
   8.50009918E-03
   9.49954987E-03
   9.50050354E-03
   1.06000900E-02
   1.11999512E-02
   1.13000870E-02
   1.14002228E-02
   1.14994049E-02
   1.25999451E-02
   1.30996704E-02
   1.43995285E-02
   1.45998001E-02
   1.63002014E-02
   1.71003342E-02
   1.81999207E-02
   2.01997757E-02
   2.08997726E-02
   2.14996338E-02
   2.19001770E-02
   2.32000351E-02
   2.35996246E-02
   2.36005783E-02
   2.36997604E-02
   2.40001678E-02
   2.50997543E-02
   2.70996094E-02
   2.71997452E-02
   2.91004181E-02
   2.98995972E-02
   3.05995941E-02
   3.20997238E-02
   3.28006744E-02
   3.33995819E-02
   3.49998474E-02
   3.50999832E-02
   3.78999710E-02
   3.82003784E-02
   3.95994186E-02
   4.19998169E-02
   4.26998138E-02
   4.34999466E-02
   4.38995361E-02
   4.45003510E-02
   4.60004807E-02
   4.85000610E-02
   4.86993790E-02
   5.28001785E-02
   5.37996292E-02
   5.57003021E-02
   5.87005615E-02
   5.94005585E-02
   5.98993301E-02
   6.21004105E-02
   6.38999939E-02
   6.58006668E-02
   6.84995651E-02
   7.21998215E-02
   7.25002289E-02
   7.81002045E-02
   7.87992477E-02
   8.69998932E-02
   9.04998779E-02
   9.63001251E-02
   9.84992981E-02
  0.100399971    
  0.113300323    
  0.116800308    
  0.117300034    
  0.126699448    
  0.132800102    
  0.134999275    
  0.138299942    
  0.139200211    
  0.151599884    
  0.160499573    
  0.162899971    
  0.168900490    
  0.175299644    
  0.178400040    
  0.193900108    
  0.198100090    
  0.208200455    
  0.260799408    
  0.263000488    
  0.264599800    
  0.268700600    
  0.270900726    
  0.274499893    
  0.325100899    
  0.326299667    
  0.342000008    
  0.351500511    
  0.393099785    
  0.424400330    
  0.431399345    
  0.453300476    
  0.474399567    
  0.483399391    
  0.511400223    
  0.511600494    
  0.515300751    
  0.538999557    
  0.547500610    
