#Npts     Radius    Mag      Completeness
#  176  638.5385  -14.476666 0.977778
# Verr
 -0.229800224    
  -3.17001343E-02
  -3.07998657E-02
  -1.74007416E-02
  -1.53999329E-02
  -1.37004852E-02
  -1.35002136E-02
  -1.20000839E-02
  -1.18999481E-02
  -8.79955292E-03
  -8.70037079E-03
  -8.69941711E-03
  -7.90023804E-03
  -7.59983063E-03
  -7.59983063E-03
  -7.50064850E-03
  -7.20024109E-03
  -7.10010529E-03
  -7.10010529E-03
  -7.00092316E-03
  -6.69956207E-03
  -6.29997253E-03
  -5.90038300E-03
  -4.89997864E-03
  -4.79984283E-03
  -4.69970703E-03
  -4.59957123E-03
  -4.19998169E-03
  -4.09984589E-03
  -3.60012054E-03
  -3.60012054E-03
  -3.60012054E-03
  -3.29971313E-03
  -3.10039520E-03
  -3.00025940E-03
  -2.59971619E-03
  -2.50053406E-03
  -2.30026245E-03
  -2.19917297E-03
  -1.90067291E-03
  -1.89971924E-03
  -1.50012970E-03
  -1.20067596E-03
  -9.00268555E-04
  -4.00543213E-04
  -2.00271606E-04
   0.00000000    
   1.00135803E-04
   1.00135803E-04
   2.00271606E-04
   3.99589539E-04
   4.00543213E-04
   5.00679016E-04
   6.99996948E-04
   8.00132751E-04
   1.19972229E-03
   1.49917603E-03
   1.69944763E-03
   1.69944763E-03
   1.70040131E-03
   1.80053711E-03
   1.89971924E-03
   1.89971924E-03
   2.09999084E-03
   2.20012665E-03
   2.39944458E-03
   2.69985199E-03
   2.79998779E-03
   2.79998779E-03
   2.79998779E-03
   2.99930573E-03
   3.29971313E-03
   3.39984894E-03
   3.69930267E-03
   4.19998169E-03
   4.40025330E-03
   4.50038910E-03
   4.70066071E-03
   4.70066071E-03
   4.89997864E-03
   5.10025024E-03
   5.70011139E-03
   6.60037994E-03
   7.10010529E-03
   7.20024109E-03
   7.30037689E-03
   7.50064850E-03
   7.69996643E-03
   7.80010223E-03
   7.80010223E-03
   8.20064545E-03
   8.20064545E-03
   8.39996338E-03
   8.90064240E-03
   8.99982452E-03
   9.90009308E-03
   1.01003647E-02
   1.03998184E-02
   1.17006302E-02
   1.20000839E-02
   1.23004913E-02
   1.24998093E-02
   1.26991272E-02
   1.29003525E-02
   1.30996704E-02
   1.31006241E-02
   1.34000778E-02
   1.36003494E-02
   1.36003494E-02
   1.42002106E-02
   1.45006180E-02
   1.45998001E-02
   1.46999359E-02
   1.46999359E-02
   1.46999359E-02
   1.70993805E-02
   1.76000595E-02
   1.77001953E-02
   1.77993774E-02
   1.85995102E-02
   1.97000504E-02
   1.99995041E-02
   2.01005936E-02
   2.02999115E-02
   2.11000443E-02
   2.12001801E-02
   2.13003159E-02
   2.42004395E-02
   2.44998932E-02
   2.45990753E-02
   2.56996155E-02
   2.62002945E-02
   2.69002914E-02
   2.78005600E-02
   2.85997391E-02
   3.00006866E-02
   3.34005356E-02
   3.61995697E-02
   3.82003784E-02
   3.82995605E-02
   3.83996964E-02
   3.91006470E-02
   3.95002365E-02
   4.17003632E-02
   4.33998108E-02
   4.89997864E-02
   5.17997742E-02
   5.43994904E-02
   5.69000244E-02
   5.86004257E-02
   5.93996048E-02
   6.00004196E-02
   6.07004166E-02
   6.08997345E-02
   6.28995895E-02
   7.32002258E-02
   7.59000778E-02
   7.99007416E-02
   9.10997391E-02
  0.104299545    
  0.125899315    
  0.127599716    
  0.130700111    
  0.135399818    
  0.142100334    
  0.142999649    
  0.147800446    
  0.150899887    
  0.164000511    
  0.184300423    
  0.250699997    
  0.289999962    
  0.290100098    
  0.330099106    
  0.332900047    
  0.391799927    
