#Npts     Radius    Mag      Completeness
#  132 1044.8811  -14.711133 1.000000
# Verr
  -2.04000473E-02
  -1.20000839E-02
  -1.18999481E-02
  -1.06000900E-02
  -8.39996338E-03
  -7.90023804E-03
  -7.49969482E-03
  -7.49969482E-03
  -7.40051270E-03
  -6.99996948E-03
  -6.99996948E-03
  -6.89983368E-03
  -6.79969788E-03
  -5.80024719E-03
  -5.59997559E-03
  -5.49983978E-03
  -5.49983978E-03
  -5.39970398E-03
  -5.29956818E-03
  -5.19943237E-03
  -4.59957123E-03
  -4.30011749E-03
  -3.89957428E-03
  -3.49998474E-03
  -3.49998474E-03
  -3.49998474E-03
  -3.39984894E-03
  -3.20053101E-03
  -3.19957733E-03
  -3.10039520E-03
  -2.90012360E-03
  -2.49958038E-03
  -2.30026245E-03
  -2.20012665E-03
  -2.09999084E-03
  -1.99985504E-03
  -1.80053711E-03
  -1.69944763E-03
  -1.69944763E-03
  -1.60026550E-03
  -1.19972229E-03
  -5.99861145E-04
  -3.99589539E-04
   9.91821289E-05
   1.99317932E-04
   4.99725342E-04
   5.99861145E-04
   6.99996948E-04
   6.99996948E-04
   6.99996948E-04
   6.99996948E-04
   6.99996948E-04
   6.99996948E-04
   9.99450684E-04
   1.09958649E-03
   1.09958649E-03
   1.10054016E-03
   1.19972229E-03
   1.20067596E-03
   1.29985809E-03
   1.30081177E-03
   1.50012970E-03
   1.60026550E-03
   1.89971924E-03
   2.20012665E-03
   2.20012665E-03
   2.30026245E-03
   2.40039825E-03
   2.49958038E-03
   2.49958038E-03
   3.19957733E-03
   3.49998474E-03
   3.49998474E-03
   3.59916687E-03
   3.80039215E-03
   3.89957428E-03
   4.09984589E-03
   4.39929962E-03
   4.40025330E-03
   4.50038910E-03
   4.59957123E-03
   5.00011444E-03
   5.10025024E-03
   5.20038605E-03
   5.20038605E-03
   5.39970398E-03
   5.40065765E-03
   5.69915771E-03
   5.69915771E-03
   6.00051880E-03
   6.50024414E-03
   6.60037994E-03
   6.69956207E-03
   6.99996948E-03
   7.40051270E-03
   8.69941711E-03
   8.99982452E-03
   9.30023193E-03
   9.49954987E-03
   1.02005005E-02
   1.02005005E-02
   1.04007721E-02
   1.09996796E-02
   1.13000870E-02
   1.38998032E-02
   1.48992538E-02
   1.58004761E-02
   1.62000656E-02
   1.69000626E-02
   1.73997879E-02
   1.76000595E-02
   1.76000595E-02
   1.80997849E-02
   1.84993744E-02
   1.85003281E-02
   1.93004608E-02
   1.94997787E-02
   2.19001770E-02
   2.25000381E-02
   2.44998932E-02
   2.51998901E-02
   2.58998871E-02
   2.63004303E-02
   2.77004242E-02
   3.07998657E-02
   3.21006775E-02
   3.28006744E-02
   3.91006470E-02
   4.02002335E-02
   6.44006729E-02
   9.67006683E-02
  0.134600639    
