#Npts     Radius    Mag      Completeness
#  454  841.7098  -12.568000 0.989107
# Verr
 -0.164500237    
 -0.130599976    
  -9.10005569E-02
  -8.71000290E-02
  -7.12003708E-02
  -5.98001480E-02
  -4.04005051E-02
  -3.62005234E-02
  -2.76002884E-02
  -2.37998962E-02
  -1.74999237E-02
  -1.24998093E-02
  -1.13000870E-02
  -9.90009308E-03
  -8.89968872E-03
  -8.40091705E-03
  -8.29982758E-03
  -7.29942322E-03
  -6.99996948E-03
  -6.89983368E-03
  -5.99956512E-03
  -5.49983978E-03
  -5.39970398E-03
  -5.30052185E-03
  -5.29956818E-03
  -5.20038605E-03
  -5.20038605E-03
  -5.10025024E-03
  -5.10025024E-03
  -5.09929657E-03
  -5.09929657E-03
  -5.00011444E-03
  -4.89997864E-03
  -4.80079651E-03
  -4.79984283E-03
  -4.60052490E-03
  -4.50038910E-03
  -4.49943542E-03
  -4.49943542E-03
  -4.40025330E-03
  -4.30011749E-03
  -4.30011749E-03
  -4.30011749E-03
  -4.19998169E-03
  -4.19998169E-03
  -4.19998169E-03
  -4.19998169E-03
  -4.09984589E-03
  -3.99971008E-03
  -3.90052795E-03
  -3.89957428E-03
  -3.80039215E-03
  -3.80039215E-03
  -3.79943848E-03
  -3.79943848E-03
  -3.70025635E-03
  -3.70025635E-03
  -3.69930267E-03
  -3.60012054E-03
  -3.60012054E-03
  -3.49998474E-03
  -3.49998474E-03
  -3.49998474E-03
  -3.39984894E-03
  -3.30066681E-03
  -3.20053101E-03
  -3.20053101E-03
  -3.10039520E-03
  -3.09944153E-03
  -3.00025940E-03
  -2.90012360E-03
  -2.90012360E-03
  -2.90012360E-03
  -2.90012360E-03
  -2.79998779E-03
  -2.79998779E-03
  -2.79998779E-03
  -2.79998779E-03
  -2.69985199E-03
  -2.69985199E-03
  -2.59971619E-03
  -2.59971619E-03
  -2.59971619E-03
  -2.50053406E-03
  -2.50053406E-03
  -2.49958038E-03
  -2.49958038E-03
  -2.49958038E-03
  -2.49958038E-03
  -2.40039825E-03
  -2.40039825E-03
  -2.40039825E-03
  -2.39944458E-03
  -2.30026245E-03
  -2.30026245E-03
  -2.20012665E-03
  -2.09999084E-03
  -2.09999084E-03
  -2.09999084E-03
  -2.09999084E-03
  -2.09999084E-03
  -1.99985504E-03
  -1.99985504E-03
  -1.99985504E-03
  -1.99985504E-03
  -1.99985504E-03
  -1.90067291E-03
  -1.89971924E-03
  -1.89971924E-03
  -1.89971924E-03
  -1.89971924E-03
  -1.79958344E-03
  -1.79958344E-03
  -1.79958344E-03
  -1.70040131E-03
  -1.70040131E-03
  -1.60026550E-03
  -1.60026550E-03
  -1.59931183E-03
  -1.50012970E-03
  -1.50012970E-03
  -1.50012970E-03
  -1.50012970E-03
  -1.50012970E-03
  -1.39999390E-03
  -1.39999390E-03
  -1.39999390E-03
  -1.39999390E-03
  -1.39999390E-03
  -1.39999390E-03
  -1.39999390E-03
  -1.29985809E-03
  -1.29985809E-03
  -1.29985809E-03
  -1.29985809E-03
  -1.29985809E-03
  -1.19972229E-03
  -1.10054016E-03
  -1.09958649E-03
  -9.99450684E-04
  -9.99450684E-04
  -9.99450684E-04
  -9.99450684E-04
  -9.00268555E-04
  -9.00268555E-04
  -9.00268555E-04
  -8.99314880E-04
  -8.00132751E-04
  -8.00132751E-04
  -7.99179077E-04
  -6.99996948E-04
  -5.99861145E-04
  -5.99861145E-04
  -5.99861145E-04
  -5.99861145E-04
  -5.00679016E-04
  -4.99725342E-04
  -4.99725342E-04
  -4.00543213E-04
  -4.00543213E-04
  -4.00543213E-04
  -3.99589539E-04
  -3.99589539E-04
  -3.00407410E-04
  -3.00407410E-04
  -2.99453735E-04
  -2.00271606E-04
  -1.99317932E-04
  -1.00135803E-04
  -1.00135803E-04
  -1.00135803E-04
  -1.00135803E-04
  -1.00135803E-04
   9.91821289E-05
   9.91821289E-05
   1.00135803E-04
   1.00135803E-04
   1.99317932E-04
   1.99317932E-04
   2.00271606E-04
   2.00271606E-04
   2.99453735E-04
   2.99453735E-04
   3.00407410E-04
   3.99589539E-04
   3.99589539E-04
   3.99589539E-04
   4.00543213E-04
   4.99725342E-04
   4.99725342E-04
   5.00679016E-04
   5.99861145E-04
   6.99996948E-04
   6.99996948E-04
   6.99996948E-04
   6.99996948E-04
   7.99179077E-04
   8.00132751E-04
   8.00132751E-04
   9.00268555E-04
   9.00268555E-04
   9.00268555E-04
   9.99450684E-04
   1.00040436E-03
   1.10054016E-03
   1.19972229E-03
   1.29985809E-03
   1.29985809E-03
   1.39999390E-03
   1.39999390E-03
   1.39999390E-03
   1.49917603E-03
   1.60026550E-03
   1.60026550E-03
   1.60026550E-03
   1.79958344E-03
   1.79958344E-03
   1.79958344E-03
   1.99985504E-03
   1.99985504E-03
   2.00080872E-03
   2.09999084E-03
   2.09999084E-03
   2.09999084E-03
   2.09999084E-03
   2.20012665E-03
   2.40039825E-03
   2.40039825E-03
   2.40039825E-03
   2.49958038E-03
   2.50053406E-03
   2.50053406E-03
   2.59971619E-03
   2.69985199E-03
   2.79998779E-03
   2.79998779E-03
   2.90012360E-03
   3.00025940E-03
   3.00025940E-03
   3.00025940E-03
   3.00025940E-03
   3.09944153E-03
   3.20053101E-03
   3.20053101E-03
   3.29971313E-03
   3.30066681E-03
   3.39984894E-03
   3.49998474E-03
   3.49998474E-03
   3.49998474E-03
   3.60012054E-03
   3.79943848E-03
   3.80039215E-03
   3.89957428E-03
   3.99971008E-03
   4.00066376E-03
   4.09984589E-03
   4.19998169E-03
   4.29916382E-03
   4.30011749E-03
   4.30011749E-03
   4.49943542E-03
   4.50038910E-03
   4.59957123E-03
   4.69970703E-03
   4.89997864E-03
   4.89997864E-03
   4.89997864E-03
   5.19943237E-03
   5.20038605E-03
   5.29956818E-03
   5.39970398E-03
   5.40065765E-03
   5.59997559E-03
   5.60092926E-03
   5.70011139E-03
   5.80024719E-03
   6.00051880E-03
   6.09970093E-03
   6.10065460E-03
   6.19983673E-03
   6.19983673E-03
   6.19983673E-03
   6.29997253E-03
   6.29997253E-03
   6.40010834E-03
   6.40010834E-03
   6.50024414E-03
   6.69956207E-03
   6.89983368E-03
   6.99996948E-03
   6.99996948E-03
   6.99996948E-03
   7.09915161E-03
   7.19928741E-03
   7.30037689E-03
   7.40051270E-03
   7.50064850E-03
   7.60078430E-03
   7.69996643E-03
   7.69996643E-03
   7.90023804E-03
   7.90023804E-03
   8.10050964E-03
   8.29982758E-03
   8.39996338E-03
   8.50009918E-03
   8.50009918E-03
   8.59928131E-03
   8.69941711E-03
   8.80050659E-03
   9.09996033E-03
   9.30023193E-03
   9.39941406E-03
   9.39941406E-03
   9.49954987E-03
   9.49954987E-03
   9.50050354E-03
   9.79995728E-03
   9.79995728E-03
   9.79995728E-03
   9.90009308E-03
   1.00002289E-02
   1.03998184E-02
   1.04999542E-02
   1.07002258E-02
   1.08003616E-02
   1.10006332E-02
   1.11007690E-02
   1.11999512E-02
   1.15003586E-02
   1.15995407E-02
   1.18999481E-02
   1.18999481E-02
   1.20000839E-02
   1.21994019E-02
   1.22003555E-02
   1.24998093E-02
   1.27000809E-02
   1.29003525E-02
   1.30004883E-02
   1.31998062E-02
   1.39007568E-02
   1.42002106E-02
   1.42002106E-02
   1.42002106E-02
   1.46999359E-02
   1.46999359E-02
   1.52006149E-02
   1.53007507E-02
   1.53007507E-02
   1.53999329E-02
   1.53999329E-02
   1.57995224E-02
   1.57995224E-02
   1.60999298E-02
   1.61991119E-02
   1.62992477E-02
   1.63002014E-02
   1.63002014E-02
   1.65004730E-02
   1.65996552E-02
   1.72004700E-02
   1.78003311E-02
   1.81999207E-02
   1.85003281E-02
   1.85995102E-02
   1.86996460E-02
   1.94997787E-02
   1.94997787E-02
   1.95999146E-02
   2.02007294E-02
   2.02999115E-02
   2.08997726E-02
   2.11000443E-02
   2.16007233E-02
   2.26001740E-02
   2.26001740E-02
   2.26993561E-02
   2.32000351E-02
   2.32000351E-02
   2.37007141E-02
   2.47001648E-02
   2.61993408E-02
   2.69002914E-02
   2.75001526E-02
   2.76994705E-02
   2.81000137E-02
   2.81000137E-02
   2.83002853E-02
   2.90002823E-02
   2.90002823E-02
   2.91004181E-02
   2.95000076E-02
   3.00998688E-02
   3.01008224E-02
   3.02000046E-02
   3.07998657E-02
   3.18002701E-02
   3.35998535E-02
   3.40003967E-02
   3.42998505E-02
   3.49006653E-02
   3.82995605E-02
   4.18996811E-02
   4.40998077E-02
   4.53996658E-02
   4.59995270E-02
   4.60004807E-02
   4.90007401E-02
   4.97999191E-02
   5.05008698E-02
   5.15003204E-02
   5.42001724E-02
   5.52005768E-02
   5.57003021E-02
   5.94005585E-02
   5.99002838E-02
   6.36005402E-02
   6.43997192E-02
   6.73999786E-02
   6.75992966E-02
   6.84995651E-02
   6.93006516E-02
   7.15999603E-02
   8.36992264E-02
   8.45003128E-02
   8.82997513E-02
   9.32998657E-02
   9.38997269E-02
  0.104899406    
  0.108200073    
  0.109999657    
  0.117699623    
  0.121900558    
  0.136899948    
  0.138999939    
  0.140399933    
  0.144599915    
  0.148799896    
  0.185600281    
  0.203100204    
  0.223500252    
  0.231200218    
  0.234399796    
  0.271699905    
  0.272600174    
  0.294099808    
  0.307700157    
  0.319699287    
  0.362299919    
  0.446300507    
  0.454400063    
  0.557999611    
