#Npts     Radius    Mag      Completeness
#  120 1654.3953  -14.281282 1.000000
# Verr
  -1.46999359E-02
  -1.35002136E-02
  -1.22003555E-02
  -1.10006332E-02
  -1.06000900E-02
  -9.90009308E-03
  -8.99982452E-03
  -8.79955292E-03
  -8.39996338E-03
  -8.10050964E-03
  -8.09955597E-03
  -7.60078430E-03
  -7.40051270E-03
  -7.30037689E-03
  -6.99996948E-03
  -6.79969788E-03
  -6.70051575E-03
  -6.69956207E-03
  -6.40010834E-03
  -5.70011139E-03
  -5.10025024E-03
  -4.79984283E-03
  -4.60052490E-03
  -4.40025330E-03
  -4.30011749E-03
  -4.30011749E-03
  -3.79943848E-03
  -3.39984894E-03
  -3.39984894E-03
  -3.20053101E-03
  -3.10039520E-03
  -2.90012360E-03
  -2.89916992E-03
  -2.69985199E-03
  -2.20012665E-03
  -1.79958344E-03
  -1.69944763E-03
  -1.60026550E-03
  -1.60026550E-03
  -1.50012970E-03
  -1.50012970E-03
  -1.49917603E-03
  -1.39999390E-03
  -1.29985809E-03
  -1.29985809E-03
  -1.19972229E-03
  -1.19972229E-03
  -8.99314880E-04
  -6.99996948E-04
  -5.99861145E-04
  -5.00679016E-04
  -4.99725342E-04
  -4.00543213E-04
  -3.99589539E-04
   0.00000000    
   0.00000000    
   2.00271606E-04
   3.00407410E-04
   3.00407410E-04
   3.00407410E-04
   3.99589539E-04
   4.99725342E-04
   5.00679016E-04
   5.99861145E-04
   5.99861145E-04
   6.99996948E-04
   6.99996948E-04
   6.99996948E-04
   8.00132751E-04
   1.00040436E-03
   1.19972229E-03
   1.19972229E-03
   1.29985809E-03
   1.30081177E-03
   1.50012970E-03
   1.59931183E-03
   1.79958344E-03
   2.29930878E-03
   2.39944458E-03
   2.39944458E-03
   2.60066986E-03
   2.99930573E-03
   3.89957428E-03
   3.90052795E-03
   3.90052795E-03
   4.00066376E-03
   4.19998169E-03
   4.40025330E-03
   4.50038910E-03
   4.59957123E-03
   4.79984283E-03
   5.49983978E-03
   5.70011139E-03
   5.79929352E-03
   5.80024719E-03
   5.99956512E-03
   6.59942627E-03
   6.60037994E-03
   6.70051575E-03
   7.49969482E-03
   8.10050964E-03
   8.19969177E-03
   8.79955292E-03
   9.09996033E-03
   9.30023193E-03
   9.69982147E-03
   9.90009308E-03
   1.02996826E-02
   1.11999512E-02
   1.23004913E-02
   1.25999451E-02
   1.25999451E-02
   1.33008957E-02
   1.38998032E-02
   1.46007538E-02
   1.64995193E-02
   2.00004578E-02
   2.57997513E-02
   4.16002274E-02
   9.29994583E-02
