#Npts     Radius    Mag      Completeness
#  146  435.3671  -14.210000 0.941935
# Verr
 -0.571599960    
 -0.178699493    
 -0.113299370    
  -6.89001083E-02
  -6.63003922E-02
  -5.78994751E-02
  -4.46004868E-02
  -3.36008072E-02
  -2.29005814E-02
  -1.76000595E-02
  -1.63002014E-02
  -1.49002075E-02
  -1.43003464E-02
  -1.42002106E-02
  -1.21002197E-02
  -1.16996765E-02
  -1.00002289E-02
  -9.79995728E-03
  -9.09996033E-03
  -8.90064240E-03
  -8.29982758E-03
  -8.10050964E-03
  -8.00037384E-03
  -7.90023804E-03
  -7.59983063E-03
  -7.10010529E-03
  -7.09915161E-03
  -6.99996948E-03
  -5.70011139E-03
  -5.49983978E-03
  -5.00011444E-03
  -5.00011444E-03
  -3.79943848E-03
  -3.60012054E-03
  -3.49998474E-03
  -3.40080261E-03
  -2.79998779E-03
  -2.49958038E-03
  -2.49958038E-03
  -6.99996948E-04
  -2.99453735E-04
  -1.99317932E-04
  -9.91821289E-05
   3.99589539E-04
   4.00543213E-04
   1.10054016E-03
   1.99985504E-03
   2.00080872E-03
   2.09999084E-03
   2.29930878E-03
   2.90012360E-03
   2.99930573E-03
   3.39984894E-03
   3.49998474E-03
   3.60012054E-03
   3.70025635E-03
   4.79984283E-03
   5.00011444E-03
   5.20038605E-03
   5.39970398E-03
   5.80024719E-03
   6.09970093E-03
   6.19983673E-03
   7.49969482E-03
   8.50009918E-03
   8.99982452E-03
   9.09996033E-03
   9.20009613E-03
   9.30023193E-03
   9.90009308E-03
   1.02996826E-02
   1.16996765E-02
   1.22003555E-02
   1.23004913E-02
   1.23004913E-02
   1.23996735E-02
   1.24998093E-02
   1.29003525E-02
   1.42002106E-02
   1.44996643E-02
   1.58996582E-02
   1.64995193E-02
   1.66997910E-02
   1.70001984E-02
   1.72004700E-02
   1.85995102E-02
   1.99003220E-02
   2.08005905E-02
   2.12001801E-02
   2.12001801E-02
   2.18000412E-02
   2.28004456E-02
   2.36005783E-02
   2.40001678E-02
   2.52990723E-02
   2.64005661E-02
   2.77996063E-02
   2.83002853E-02
   2.85005569E-02
   2.89001465E-02
   3.10993195E-02
   3.28998566E-02
   3.29999924E-02
   3.42998505E-02
   3.78999710E-02
   3.85999680E-02
   3.90996933E-02
   3.92999649E-02
   3.94001007E-02
   4.04996872E-02
   4.22992706E-02
   4.31003571E-02
   4.51002121E-02
   4.53996658E-02
   4.67996597E-02
   4.94003296E-02
   5.50994873E-02
   5.99002838E-02
   6.03008270E-02
   6.13002777E-02
   6.17008209E-02
   6.19993210E-02
   6.98003769E-02
   7.27005005E-02
   9.07001495E-02
   9.63001251E-02
  0.109999657    
  0.111200333    
  0.114899635    
  0.125999451    
  0.129300117    
  0.150800705    
  0.154299736    
  0.158099174    
  0.163399696    
  0.163499832    
  0.179899216    
  0.193499565    
  0.201300621    
  0.203499794    
  0.215399742    
  0.328300476    
  0.405699730    
  0.409599304    
  0.655699730    
  0.715100288    
