#Npts     Radius    Mag      Completeness
#  221  638.5385  -11.810000 0.969298
# Verr
 -0.155400276    
  -6.41002655E-02
  -5.14993668E-02
  -4.92000580E-02
  -4.72002029E-02
  -4.17003632E-02
  -3.57999802E-02
  -3.48005295E-02
  -3.45001221E-02
  -2.85997391E-02
  -2.81000137E-02
  -2.43005753E-02
  -2.07996368E-02
  -2.04000473E-02
  -1.98001862E-02
  -1.88999176E-02
  -1.81999207E-02
  -1.76000595E-02
  -1.65004730E-02
  -1.63002014E-02
  -1.52006149E-02
  -1.48992538E-02
  -1.45998001E-02
  -1.42993927E-02
  -1.40991211E-02
  -1.37004852E-02
  -1.22995377E-02
  -1.21002197E-02
  -1.16996765E-02
  -1.13000870E-02
  -1.13000870E-02
  -1.10998154E-02
  -1.09004974E-02
  -1.08995438E-02
  -1.08003616E-02
  -1.06000900E-02
  -1.01003647E-02
  -1.00994110E-02
  -9.40036774E-03
  -9.20009613E-03
  -9.20009613E-03
  -8.50009918E-03
  -8.50009918E-03
  -8.09955597E-03
  -7.59983063E-03
  -7.30037689E-03
  -7.10010529E-03
  -6.99996948E-03
  -6.60037994E-03
  -6.29997253E-03
  -6.00051880E-03
  -5.89942932E-03
  -5.20038605E-03
  -5.10025024E-03
  -5.00011444E-03
  -4.70066071E-03
  -4.50038910E-03
  -4.19998169E-03
  -4.00066376E-03
  -3.69930267E-03
  -3.60012054E-03
  -3.60012054E-03
  -3.40080261E-03
  -3.00025940E-03
  -2.60066986E-03
  -2.30026245E-03
  -1.89971924E-03
  -1.69944763E-03
  -1.39999390E-03
  -1.29985809E-03
  -1.19972229E-03
  -1.09958649E-03
  -6.99996948E-04
  -6.99996948E-04
  -6.99996948E-04
  -6.99996948E-04
  -6.00814819E-04
  -2.99453735E-04
  -2.00271606E-04
   0.00000000    
   9.91821289E-05
   1.00135803E-04
   2.00271606E-04
   3.99589539E-04
   4.99725342E-04
   8.00132751E-04
   9.00268555E-04
   9.00268555E-04
   9.00268555E-04
   9.00268555E-04
   9.99450684E-04
   1.29985809E-03
   1.39999390E-03
   1.59931183E-03
   1.89971924E-03
   1.89971924E-03
   1.99985504E-03
   1.99985504E-03
   1.99985504E-03
   2.30026245E-03
   2.40039825E-03
   2.69985199E-03
   3.00025940E-03
   3.29971313E-03
   3.29971313E-03
   3.39984894E-03
   3.39984894E-03
   3.49998474E-03
   3.60012054E-03
   3.79943848E-03
   3.90052795E-03
   4.00066376E-03
   4.19998169E-03
   4.59957123E-03
   4.99916077E-03
   5.40065765E-03
   5.59997559E-03
   5.90038300E-03
   6.19983673E-03
   6.29997253E-03
   6.60037994E-03
   6.90078735E-03
   7.10010529E-03
   7.29942322E-03
   7.40051270E-03
   7.59983063E-03
   7.80010223E-03
   8.70037079E-03
   8.90064240E-03
   9.09996033E-03
   9.20009613E-03
   9.50050354E-03
   9.79995728E-03
   1.00002289E-02
   1.00994110E-02
   1.10006332E-02
   1.11999512E-02
   1.15003586E-02
   1.18007660E-02
   1.25999451E-02
   1.30004883E-02
   1.30004883E-02
   1.32999420E-02
   1.39999390E-02
   1.41000748E-02
   1.42002106E-02
   1.51996613E-02
   1.55000687E-02
   1.55000687E-02
   1.55000687E-02
   1.55000687E-02
   1.58004761E-02
   1.58996582E-02
   1.60999298E-02
   1.64003372E-02
   1.72996521E-02
   1.74999237E-02
   1.77993774E-02
   1.86996460E-02
   2.09999084E-02
   2.21004486E-02
   2.26001740E-02
   2.26993561E-02
   2.28996277E-02
   2.32000351E-02
   2.34003067E-02
   2.41994858E-02
   2.46000290E-02
   2.47001648E-02
   2.49004364E-02
   2.53000259E-02
   2.55002975E-02
   2.56996155E-02
   2.56996155E-02
   2.58998871E-02
   2.60000229E-02
   2.63996124E-02
   2.68001556E-02
   2.88000107E-02
   3.05995941E-02
   3.10001373E-02
   3.12004089E-02
   3.40003967E-02
   3.42998505E-02
   3.47995758E-02
   3.54003906E-02
   3.66001129E-02
   3.68995667E-02
   4.03003693E-02
   4.11005020E-02
   4.27999496E-02
   4.31995392E-02
   4.55999374E-02
   4.97999191E-02
   5.10005951E-02
   5.17005920E-02
   5.43994904E-02
   5.67998886E-02
   5.85002899E-02
   6.64005280E-02
   6.78997040E-02
   6.79006577E-02
   7.57999420E-02
   7.86991119E-02
   9.88998413E-02
  0.115200043    
  0.119400024    
  0.122200012    
  0.138199806    
  0.144899368    
  0.150099754    
  0.152599335    
  0.194799423    
  0.200599670    
  0.233499527    
  0.280099869    
  0.286700249    
  0.566299438    
  0.577199936    
  0.586500168    
  0.711199760    
