#Npts     Radius    Mag      Completeness
#  128 1044.8811  -14.281282 1.000000
# Verr
 -0.118000031    
  -8.46996307E-02
  -1.39999390E-02
  -1.35002136E-02
  -1.11999512E-02
  -1.07002258E-02
  -1.04999542E-02
  -1.02005005E-02
  -1.00994110E-02
  -9.49954987E-03
  -9.40036774E-03
  -9.40036774E-03
  -9.30023193E-03
  -8.80050659E-03
  -8.29982758E-03
  -7.60078430E-03
  -7.30037689E-03
  -6.99996948E-03
  -5.59997559E-03
  -5.10025024E-03
  -4.79984283E-03
  -4.49943542E-03
  -4.40025330E-03
  -3.80039215E-03
  -3.79943848E-03
  -3.39984894E-03
  -3.29971313E-03
  -3.19957733E-03
  -3.10039520E-03
  -2.90012360E-03
  -2.79998779E-03
  -2.49958038E-03
  -2.20012665E-03
  -1.89971924E-03
  -1.70040131E-03
  -1.50012970E-03
  -1.50012970E-03
  -1.49917603E-03
  -1.29985809E-03
  -1.19972229E-03
  -7.99179077E-04
  -5.99861145E-04
  -4.99725342E-04
  -4.99725342E-04
  -3.99589539E-04
  -3.99589539E-04
  -3.00407410E-04
  -2.00271606E-04
  -1.00135803E-04
   0.00000000    
   1.99317932E-04
   4.00543213E-04
   8.00132751E-04
   9.99450684E-04
   1.00040436E-03
   1.09958649E-03
   1.19972229E-03
   1.49917603E-03
   1.60026550E-03
   1.90067291E-03
   2.09999084E-03
   2.30026245E-03
   2.49958038E-03
   2.59971619E-03
   2.79998779E-03
   3.00025940E-03
   3.29971313E-03
   3.70025635E-03
   3.89957428E-03
   3.99971008E-03
   4.09984589E-03
   4.09984589E-03
   4.09984589E-03
   4.40025330E-03
   4.59957123E-03
   4.60052490E-03
   4.79984283E-03
   5.00011444E-03
   5.10025024E-03
   5.40065765E-03
   5.80024719E-03
   5.99956512E-03
   6.00051880E-03
   6.30092621E-03
   6.59942627E-03
   6.60037994E-03
   6.70051575E-03
   6.99996948E-03
   7.50064850E-03
   9.00077820E-03
   9.50050354E-03
   9.79995728E-03
   1.00002289E-02
   1.02996826E-02
   1.09996796E-02
   1.11999512E-02
   1.11999512E-02
   1.15003586E-02
   1.18999481E-02
   1.23004913E-02
   1.31006241E-02
   1.31998062E-02
   1.42993927E-02
   1.52006149E-02
   1.77001953E-02
   1.84993744E-02
   1.87997818E-02
   1.87997818E-02
   1.92995071E-02
   2.19001770E-02
   2.27003098E-02
   2.46000290E-02
   2.76994705E-02
   3.49006653E-02
   4.06999588E-02
   4.09994125E-02
   4.45995331E-02
   4.67996597E-02
   5.01995087E-02
   5.83000183E-02
   6.34002686E-02
   7.15999603E-02
   7.45000839E-02
   7.76004791E-02
   7.76004791E-02
  0.157199860    
  0.206599236    
  0.417599678    
