#Npts     Radius    Mag      Completeness
#  125 2902.4475  -14.711133 0.968992
# Verr
  -1.43003464E-02
  -9.59968567E-03
  -9.59968567E-03
  -9.49954987E-03
  -8.50009918E-03
  -8.50009918E-03
  -7.30037689E-03
  -7.10010529E-03
  -7.10010529E-03
  -6.50024414E-03
  -6.19983673E-03
  -5.89942932E-03
  -5.59997559E-03
  -5.49983978E-03
  -5.39970398E-03
  -5.39970398E-03
  -4.49943542E-03
  -4.49943542E-03
  -4.19998169E-03
  -3.99971008E-03
  -3.70025635E-03
  -3.39984894E-03
  -3.20053101E-03
  -3.19957733E-03
  -3.00025940E-03
  -3.00025940E-03
  -2.69985199E-03
  -2.69985199E-03
  -2.60066986E-03
  -2.59971619E-03
  -2.59971619E-03
  -2.59971619E-03
  -2.40039825E-03
  -2.30026245E-03
  -1.89971924E-03
  -1.79958344E-03
  -1.70040131E-03
  -1.60026550E-03
  -1.60026550E-03
  -1.39999390E-03
  -1.00040436E-03
  -7.99179077E-04
  -6.99996948E-04
  -5.99861145E-04
  -5.99861145E-04
  -4.99725342E-04
  -3.99589539E-04
  -3.99589539E-04
  -3.00407410E-04
  -1.00135803E-04
   0.00000000    
   2.00271606E-04
   4.00543213E-04
   4.99725342E-04
   6.99996948E-04
   7.99179077E-04
   8.00132751E-04
   8.99314880E-04
   9.00268555E-04
   9.00268555E-04
   9.00268555E-04
   9.99450684E-04
   1.00040436E-03
   1.09958649E-03
   1.09958649E-03
   1.09958649E-03
   1.29985809E-03
   1.29985809E-03
   1.50012970E-03
   1.50012970E-03
   1.59931183E-03
   1.60026550E-03
   1.99985504E-03
   2.20012665E-03
   2.29930878E-03
   2.39944458E-03
   2.39944458E-03
   2.49958038E-03
   2.49958038E-03
   2.59971619E-03
   2.99930573E-03
   2.99930573E-03
   3.19957733E-03
   3.20053101E-03
   3.29971313E-03
   3.39984894E-03
   3.40080261E-03
   3.49998474E-03
   3.49998474E-03
   3.60012054E-03
   3.90052795E-03
   4.09984589E-03
   4.19998169E-03
   4.30011749E-03
   4.59957123E-03
   4.79984283E-03
   4.79984283E-03
   4.80079651E-03
   4.89997864E-03
   5.49983978E-03
   5.59997559E-03
   5.80024719E-03
   5.80024719E-03
   6.19983673E-03
   6.19983673E-03
   6.20079041E-03
   6.40010834E-03
   6.50024414E-03
   6.60037994E-03
   6.70051575E-03
   7.20024109E-03
   7.29942322E-03
   7.40051270E-03
   7.49969482E-03
   7.69996643E-03
   7.90023804E-03
   1.10006332E-02
   1.46999359E-02
   1.58996582E-02
   1.86996460E-02
   2.07996368E-02
   2.15997696E-02
   2.15997696E-02
   2.30998993E-02
  0.462399483    
