#Npts     Radius    Mag      Completeness
#  146 1044.8811  -14.424566 0.973333
# Verr
  -1.29995346E-02
  -1.13000870E-02
  -1.09996796E-02
  -9.40036774E-03
  -9.09996033E-03
  -9.09996033E-03
  -8.60023499E-03
  -8.20064545E-03
  -7.90023804E-03
  -7.49969482E-03
  -7.10010529E-03
  -6.79969788E-03
  -6.79969788E-03
  -6.50024414E-03
  -6.29997253E-03
  -6.29997253E-03
  -5.90038300E-03
  -5.70011139E-03
  -5.20038605E-03
  -5.20038605E-03
  -5.20038605E-03
  -5.19943237E-03
  -5.09929657E-03
  -5.09929657E-03
  -4.89997864E-03
  -4.49943542E-03
  -4.30011749E-03
  -4.19998169E-03
  -4.19998169E-03
  -4.09984589E-03
  -3.99971008E-03
  -3.60012054E-03
  -3.60012054E-03
  -3.20053101E-03
  -3.09944153E-03
  -2.99930573E-03
  -2.90012360E-03
  -2.29930878E-03
  -2.09999084E-03
  -2.09999084E-03
  -1.70040131E-03
  -1.69944763E-03
  -1.60026550E-03
  -1.50012970E-03
  -1.49917603E-03
  -1.39999390E-03
  -1.20067596E-03
  -1.10054016E-03
  -1.09958649E-03
  -8.00132751E-04
  -6.99996948E-04
  -6.99996948E-04
  -5.99861145E-04
  -3.00407410E-04
  -2.99453735E-04
   0.00000000    
   3.00407410E-04
   4.99725342E-04
   7.99179077E-04
   9.00268555E-04
   9.99450684E-04
   1.39999390E-03
   1.39999390E-03
   1.50012970E-03
   1.50012970E-03
   1.60026550E-03
   1.70040131E-03
   1.70040131E-03
   1.70040131E-03
   1.79958344E-03
   1.99985504E-03
   2.00080872E-03
   2.49958038E-03
   2.99930573E-03
   3.09944153E-03
   3.29971313E-03
   3.60012054E-03
   3.70025635E-03
   3.99971008E-03
   4.19998169E-03
   4.30011749E-03
   4.39929962E-03
   4.49943542E-03
   4.50038910E-03
   4.59957123E-03
   4.70066071E-03
   4.89997864E-03
   4.89997864E-03
   4.99916077E-03
   5.20038605E-03
   5.30052185E-03
   5.30052185E-03
   5.39970398E-03
   5.59997559E-03
   5.69915771E-03
   5.70011139E-03
   5.89942932E-03
   5.99956512E-03
   6.19983673E-03
   6.19983673E-03
   6.49929047E-03
   6.70051575E-03
   6.70051575E-03
   6.89983368E-03
   6.89983368E-03
   6.89983368E-03
   7.19928741E-03
   7.69996643E-03
   7.90023804E-03
   8.19969177E-03
   8.39996338E-03
   8.59928131E-03
   8.69941711E-03
   8.80050659E-03
   8.80050659E-03
   9.00077820E-03
   9.39941406E-03
   9.59968567E-03
   9.90009308E-03
   1.00002289E-02
   1.07002258E-02
   1.10006332E-02
   1.14002228E-02
   1.17006302E-02
   1.20992661E-02
   1.21002197E-02
   1.22995377E-02
   1.63002014E-02
   1.67999268E-02
   1.74999237E-02
   1.80997849E-02
   1.84001923E-02
   1.87005997E-02
   1.94997787E-02
   1.99003220E-02
   1.99003220E-02
   2.52990723E-02
   2.75001526E-02
   3.19995880E-02
   3.62005234E-02
   6.96001053E-02
   7.46002197E-02
  0.111499786    
  0.120200157    
  0.177499771    
  0.317700386    
