#Npts     Radius    Mag      Completeness
#  242  841.7098  -13.943334 0.983740
# Verr
  -6.06002808E-02
  -3.59001160E-02
  -1.63002014E-02
  -1.44996643E-02
  -1.37004852E-02
  -1.36995316E-02
  -1.31006241E-02
  -1.17998123E-02
  -9.99927521E-03
  -9.69982147E-03
  -7.89928436E-03
  -7.50064850E-03
  -6.40010834E-03
  -6.40010834E-03
  -5.99956512E-03
  -5.80024719E-03
  -5.70011139E-03
  -5.59997559E-03
  -5.49983978E-03
  -5.39970398E-03
  -5.39970398E-03
  -5.10025024E-03
  -5.10025024E-03
  -4.89997864E-03
  -4.80079651E-03
  -4.79984283E-03
  -4.40025330E-03
  -4.30011749E-03
  -3.89957428E-03
  -3.89957428E-03
  -3.49998474E-03
  -3.49998474E-03
  -3.49998474E-03
  -3.40080261E-03
  -3.29971313E-03
  -3.19957733E-03
  -3.00025940E-03
  -2.79998779E-03
  -2.59971619E-03
  -2.50053406E-03
  -2.49958038E-03
  -2.20012665E-03
  -2.20012665E-03
  -1.99985504E-03
  -1.90067291E-03
  -1.89971924E-03
  -1.80053711E-03
  -1.80053711E-03
  -1.79958344E-03
  -1.79958344E-03
  -1.70040131E-03
  -1.60026550E-03
  -1.60026550E-03
  -1.60026550E-03
  -1.50012970E-03
  -1.49917603E-03
  -1.29985809E-03
  -1.29985809E-03
  -1.19972229E-03
  -1.19972229E-03
  -1.10054016E-03
  -1.10054016E-03
  -1.10054016E-03
  -1.00040436E-03
  -8.00132751E-04
  -8.00132751E-04
  -6.99996948E-04
  -6.99996948E-04
  -6.99996948E-04
  -6.00814819E-04
  -6.00814819E-04
  -5.99861145E-04
  -5.00679016E-04
  -4.00543213E-04
  -3.99589539E-04
  -3.99589539E-04
  -2.99453735E-04
  -2.00271606E-04
  -1.00135803E-04
  -9.91821289E-05
   0.00000000    
   0.00000000    
   0.00000000    
   1.00135803E-04
   1.00135803E-04
   1.99317932E-04
   2.00271606E-04
   3.99589539E-04
   8.00132751E-04
   9.00268555E-04
   9.00268555E-04
   1.00040436E-03
   1.00040436E-03
   1.00040436E-03
   1.00040436E-03
   1.09958649E-03
   1.10054016E-03
   1.19972229E-03
   1.19972229E-03
   1.29985809E-03
   1.29985809E-03
   1.39999390E-03
   1.39999390E-03
   1.39999390E-03
   1.39999390E-03
   1.50012970E-03
   1.59931183E-03
   1.70040131E-03
   1.79958344E-03
   1.89971924E-03
   1.99985504E-03
   1.99985504E-03
   2.19917297E-03
   2.29930878E-03
   2.30026245E-03
   2.39944458E-03
   2.40039825E-03
   2.49958038E-03
   2.59971619E-03
   2.60066986E-03
   2.69985199E-03
   2.69985199E-03
   2.70080566E-03
   2.90012360E-03
   3.39984894E-03
   3.39984894E-03
   3.40080261E-03
   3.49998474E-03
   3.49998474E-03
   3.60012054E-03
   3.60012054E-03
   3.80039215E-03
   3.80039215E-03
   3.80039215E-03
   3.90052795E-03
   3.99971008E-03
   4.00066376E-03
   4.00066376E-03
   4.10079956E-03
   4.40025330E-03
   4.49943542E-03
   4.50038910E-03
   4.50038910E-03
   4.59957123E-03
   4.60052490E-03
   4.79984283E-03
   5.00011444E-03
   5.00011444E-03
   5.20038605E-03
   5.20038605E-03
   5.49983978E-03
   5.59997559E-03
   5.59997559E-03
   5.70011139E-03
   5.79929352E-03
   5.89942932E-03
   6.09970093E-03
   6.20079041E-03
   6.29997253E-03
   6.39915466E-03
   6.49929047E-03
   6.99996948E-03
   7.39955902E-03
   7.39955902E-03
   8.39996338E-03
   8.59928131E-03
   8.70037079E-03
   8.79955292E-03
   8.80050659E-03
   9.09996033E-03
   1.04999542E-02
   1.08995438E-02
   1.09996796E-02
   1.09996796E-02
   1.10006332E-02
   1.11999512E-02
   1.16004944E-02
   1.23004913E-02
   1.24998093E-02
   1.34000778E-02
   1.37004852E-02
   1.38006210E-02
   1.38998032E-02
   1.52997971E-02
   1.52997971E-02
   1.53999329E-02
   1.55000687E-02
   1.56993866E-02
   1.60999298E-02
   1.72996521E-02
   1.74999237E-02
   1.80997849E-02
   1.88999176E-02
   1.92003250E-02
   1.92003250E-02
   2.12993622E-02
   2.14004517E-02
   2.25992203E-02
   2.41003036E-02
   2.42996216E-02
   2.44998932E-02
   2.56996155E-02
   2.58998871E-02
   2.65998840E-02
   2.86998749E-02
   2.96001434E-02
   3.55005264E-02
   3.61003876E-02
   3.70998383E-02
   4.06007767E-02
   4.10003662E-02
   4.57000732E-02
   4.60996628E-02
   4.61997986E-02
   4.77991104E-02
   4.87995148E-02
   4.95004654E-02
   5.20992279E-02
   5.73005676E-02
   6.13002777E-02
   6.31999969E-02
   6.54993057E-02
   6.73999786E-02
   7.71999359E-02
   7.98997879E-02
   8.27999115E-02
   8.34999084E-02
   9.75999832E-02
   9.85002518E-02
  0.104599953    
  0.112800598    
  0.123299599    
  0.129199982    
  0.166399956    
  0.172600746    
  0.204599380    
  0.337000847    
  0.431099892    
  0.462300301    
  0.466899872    
  0.480899811    
  0.633199692    
