#Npts     Radius    Mag      Completeness
#  123  841.7098  -14.567850 0.984000
# Verr
  -4.20999527E-02
  -3.52993011E-02
  -9.30023193E-03
  -8.60023499E-03
  -7.90023804E-03
  -7.39955902E-03
  -7.20024109E-03
  -7.10010529E-03
  -6.89983368E-03
  -6.10065460E-03
  -5.70011139E-03
  -5.20038605E-03
  -5.00011444E-03
  -4.50038910E-03
  -4.49943542E-03
  -4.10079956E-03
  -3.80039215E-03
  -3.60012054E-03
  -3.60012054E-03
  -3.60012054E-03
  -3.49998474E-03
  -3.10039520E-03
  -3.09944153E-03
  -2.90012360E-03
  -2.69985199E-03
  -2.40039825E-03
  -2.39944458E-03
  -1.20067596E-03
  -1.00040436E-03
  -9.00268555E-04
  -6.99996948E-04
   0.00000000    
   0.00000000    
   2.00271606E-04
   3.99589539E-04
   6.99996948E-04
   7.99179077E-04
   8.00132751E-04
   8.00132751E-04
   1.29985809E-03
   1.49917603E-03
   1.50012970E-03
   1.69944763E-03
   1.70040131E-03
   1.90067291E-03
   1.99985504E-03
   2.09999084E-03
   2.20012665E-03
   2.69985199E-03
   2.70080566E-03
   2.79998779E-03
   2.90012360E-03
   2.90012360E-03
   2.90012360E-03
   3.29971313E-03
   3.39984894E-03
   3.39984894E-03
   3.70025635E-03
   4.19998169E-03
   4.40025330E-03
   4.40025330E-03
   4.60052490E-03
   4.79984283E-03
   4.89997864E-03
   4.89997864E-03
   5.10025024E-03
   5.19943237E-03
   5.39970398E-03
   5.49983978E-03
   5.59997559E-03
   5.59997559E-03
   5.70011139E-03
   5.80024719E-03
   6.00051880E-03
   6.10065460E-03
   6.49929047E-03
   6.80065155E-03
   6.89983368E-03
   7.40051270E-03
   7.50064850E-03
   7.69996643E-03
   7.69996643E-03
   7.79914856E-03
   7.90023804E-03
   8.09955597E-03
   8.29982758E-03
   8.29982758E-03
   8.39996338E-03
   9.40036774E-03
   1.06992722E-02
   1.14002228E-02
   1.14002228E-02
   1.15003586E-02
   1.44996643E-02
   1.52997971E-02
   1.67999268E-02
   1.77001953E-02
   1.86004639E-02
   1.91993713E-02
   1.93004608E-02
   1.96990967E-02
   2.08005905E-02
   2.13994980E-02
   2.15005875E-02
   2.15005875E-02
   2.16999054E-02
   3.46002579E-02
   3.48005295E-02
   3.52993011E-02
   3.98998260E-02
   4.25996780E-02
   4.50000763E-02
   4.59003448E-02
   4.62999344E-02
   5.33990860E-02
   5.90000153E-02
   5.92002869E-02
   6.58998489E-02
   7.31000900E-02
   9.15002823E-02
   9.27000046E-02
  0.157800674    
  0.175199509    
