#Npts     Radius    Mag      Completeness
#  224  638.5385  -11.010000 0.925620
# Verr
 -0.497300148    
 -0.349200249    
 -0.185299873    
 -0.123399734    
  -9.26008224E-02
  -9.02004242E-02
  -7.17992783E-02
  -6.44998550E-02
  -6.28995895E-02
  -6.16998672E-02
  -5.86004257E-02
  -5.51004410E-02
  -5.17005920E-02
  -4.83007431E-02
  -4.41999435E-02
  -3.63998413E-02
  -3.50999832E-02
  -3.33003998E-02
  -3.31001282E-02
  -3.24001312E-02
  -3.21006775E-02
  -3.09000015E-02
  -3.07998657E-02
  -3.01008224E-02
  -2.85005569E-02
  -2.75001526E-02
  -2.50997543E-02
  -2.40001678E-02
  -2.25000381E-02
  -2.09007263E-02
  -2.07996368E-02
  -1.97000504E-02
  -1.95999146E-02
  -1.92995071E-02
  -1.80006027E-02
  -1.79996490E-02
  -1.69000626E-02
  -1.65996552E-02
  -1.63993835E-02
  -1.63002014E-02
  -1.56993866E-02
  -1.50995255E-02
  -1.50995255E-02
  -1.43995285E-02
  -1.40008926E-02
  -1.11999512E-02
  -1.04999542E-02
  -1.03998184E-02
  -1.00994110E-02
  -9.59968567E-03
  -9.39941406E-03
  -9.20009613E-03
  -9.19914246E-03
  -9.09996033E-03
  -8.90064240E-03
  -8.79955292E-03
  -8.70037079E-03
  -8.69941711E-03
  -8.29982758E-03
  -8.29982758E-03
  -8.20064545E-03
  -8.19969177E-03
  -8.09955597E-03
  -7.99942017E-03
  -7.49969482E-03
  -7.40051270E-03
  -7.30037689E-03
  -6.40010834E-03
  -6.40010834E-03
  -6.19983673E-03
  -5.90038300E-03
  -5.89942932E-03
  -5.59997559E-03
  -5.39970398E-03
  -5.20038605E-03
  -5.19943237E-03
  -5.00011444E-03
  -4.69970703E-03
  -4.39929962E-03
  -4.30011749E-03
  -3.90052795E-03
  -3.49998474E-03
  -3.49998474E-03
  -3.10039520E-03
  -2.90012360E-03
  -2.90012360E-03
  -2.79998779E-03
  -2.69985199E-03
  -2.59971619E-03
  -2.09999084E-03
  -8.99314880E-04
  -8.99314880E-04
  -8.00132751E-04
  -6.99996948E-04
  -3.99589539E-04
  -3.99589539E-04
   3.00407410E-04
   3.99589539E-04
   6.99996948E-04
   1.19972229E-03
   1.50012970E-03
   1.70040131E-03
   2.09999084E-03
   2.19917297E-03
   2.39944458E-03
   2.40039825E-03
   2.50053406E-03
   3.70025635E-03
   3.99971008E-03
   4.40025330E-03
   5.09929657E-03
   5.70011139E-03
   5.90038300E-03
   6.09970093E-03
   6.29997253E-03
   6.40010834E-03
   6.59942627E-03
   6.70051575E-03
   7.10010529E-03
   7.20024109E-03
   7.29942322E-03
   7.30037689E-03
   7.59983063E-03
   8.50009918E-03
   9.00077820E-03
   9.30023193E-03
   9.50050354E-03
   9.79995728E-03
   9.79995728E-03
   1.08003616E-02
   1.08003616E-02
   1.09004974E-02
   1.09996796E-02
   1.18999481E-02
   1.21002197E-02
   1.29003525E-02
   1.32999420E-02
   1.36995316E-02
   1.38998032E-02
   1.53999329E-02
   1.64003372E-02
   1.65004730E-02
   1.67999268E-02
   1.67999268E-02
   1.84001923E-02
   1.91001892E-02
   1.94997787E-02
   1.99995041E-02
   2.30998993E-02
   2.32000351E-02
   2.35996246E-02
   2.49004364E-02
   2.53000259E-02
   2.60000229E-02
   2.67000198E-02
   2.67992020E-02
   2.86998749E-02
   2.97002792E-02
   3.00998688E-02
   3.07998657E-02
   3.09000015E-02
   3.13997269E-02
   3.13997269E-02
   3.20005417E-02
   3.42006683E-02
   3.42998505E-02
   3.45001221E-02
   3.48005295E-02
   3.50008011E-02
   3.55997086E-02
   3.59001160E-02
   3.63998413E-02
   3.67002487E-02
   3.85999680E-02
   3.88002396E-02
   3.97996902E-02
   4.05998230E-02
   4.10003662E-02
   4.28009033E-02
   4.33006287E-02
   4.45003510E-02
   4.61006165E-02
   4.80995178E-02
   4.90999222E-02
   5.30004501E-02
   5.30996323E-02
   5.52997589E-02
   5.58996201E-02
   5.98993301E-02
   6.31999969E-02
   6.55002594E-02
   6.79998398E-02
   6.87999725E-02
   6.87999725E-02
   7.11002350E-02
   7.74002075E-02
   8.10003281E-02
   8.96005630E-02
   9.59005356E-02
   9.75999832E-02
  0.110500336    
  0.112199783    
  0.122499466    
  0.144199371    
  0.150200844    
  0.156700134    
  0.163599968    
  0.176400185    
  0.194300652    
  0.195700645    
  0.236900330    
  0.250200272    
  0.256999969    
  0.258000374    
  0.280600548    
  0.281000137    
  0.310899734    
  0.329699516    
  0.357999802    
  0.375599861    
  0.392600060    
  0.410699844    
  0.449899673    
  0.593700409    
