#Npts     Radius    Mag      Completeness
#  367 1248.0525  -12.210000 0.991892
# Verr
  -5.22003174E-02
  -3.90005112E-02
  -3.69997025E-02
  -3.13005447E-02
  -1.60999298E-02
  -1.59006119E-02
  -1.58996582E-02
  -1.56002045E-02
  -1.49002075E-02
  -1.42993927E-02
  -1.39999390E-02
  -1.24998093E-02
  -1.22003555E-02
  -1.07002258E-02
  -1.06000900E-02
  -1.03998184E-02
  -9.70077515E-03
  -9.49954987E-03
  -8.29982758E-03
  -8.09955597E-03
  -8.09955597E-03
  -7.80010223E-03
  -7.69996643E-03
  -7.69996643E-03
  -7.59983063E-03
  -7.50064850E-03
  -7.49969482E-03
  -7.30037689E-03
  -7.20024109E-03
  -7.20024109E-03
  -6.89983368E-03
  -6.40010834E-03
  -6.29997253E-03
  -5.79929352E-03
  -5.79929352E-03
  -5.59997559E-03
  -5.49983978E-03
  -5.49983978E-03
  -5.40065765E-03
  -5.40065765E-03
  -5.39970398E-03
  -5.39970398E-03
  -5.20038605E-03
  -5.10025024E-03
  -5.00011444E-03
  -4.80079651E-03
  -4.79984283E-03
  -4.79984283E-03
  -4.49943542E-03
  -4.30011749E-03
  -4.19998169E-03
  -4.19998169E-03
  -4.09984589E-03
  -4.09984589E-03
  -4.09984589E-03
  -4.09984589E-03
  -4.09984589E-03
  -4.00066376E-03
  -3.99971008E-03
  -3.90052795E-03
  -3.90052795E-03
  -3.89957428E-03
  -3.89957428E-03
  -3.89957428E-03
  -3.69930267E-03
  -3.49998474E-03
  -3.49998474E-03
  -3.39984894E-03
  -3.39984894E-03
  -3.29971313E-03
  -3.29971313E-03
  -3.20053101E-03
  -3.19957733E-03
  -3.10039520E-03
  -3.09944153E-03
  -3.09944153E-03
  -3.09944153E-03
  -3.09944153E-03
  -3.09944153E-03
  -3.09944153E-03
  -3.00025940E-03
  -3.00025940E-03
  -2.99930573E-03
  -2.90012360E-03
  -2.90012360E-03
  -2.79998779E-03
  -2.79998779E-03
  -2.79998779E-03
  -2.79998779E-03
  -2.69985199E-03
  -2.60066986E-03
  -2.50053406E-03
  -2.49958038E-03
  -2.49958038E-03
  -2.40039825E-03
  -2.40039825E-03
  -2.40039825E-03
  -2.39944458E-03
  -2.30026245E-03
  -2.30026245E-03
  -2.30026245E-03
  -2.20012665E-03
  -2.20012665E-03
  -2.09999084E-03
  -2.09999084E-03
  -2.09999084E-03
  -1.89971924E-03
  -1.80053711E-03
  -1.79958344E-03
  -1.79958344E-03
  -1.79958344E-03
  -1.79958344E-03
  -1.70040131E-03
  -1.69944763E-03
  -1.69944763E-03
  -1.69944763E-03
  -1.60026550E-03
  -1.49917603E-03
  -1.49917603E-03
  -1.39999390E-03
  -1.39999390E-03
  -1.39999390E-03
  -1.39999390E-03
  -1.29985809E-03
  -1.20067596E-03
  -1.19972229E-03
  -1.19972229E-03
  -1.19972229E-03
  -1.00040436E-03
  -9.99450684E-04
  -9.99450684E-04
  -9.00268555E-04
  -9.00268555E-04
  -8.00132751E-04
  -8.00132751E-04
  -6.99996948E-04
  -6.99996948E-04
  -5.99861145E-04
  -5.99861145E-04
  -5.99861145E-04
  -5.99861145E-04
  -4.99725342E-04
  -4.99725342E-04
  -4.99725342E-04
  -4.00543213E-04
  -3.99589539E-04
  -3.00407410E-04
  -2.00271606E-04
  -2.00271606E-04
  -2.00271606E-04
  -2.00271606E-04
  -1.99317932E-04
  -1.00135803E-04
  -1.00135803E-04
   0.00000000    
   0.00000000    
   1.00135803E-04
   1.00135803E-04
   2.00271606E-04
   3.00407410E-04
   3.99589539E-04
   4.00543213E-04
   4.00543213E-04
   4.99725342E-04
   5.99861145E-04
   5.99861145E-04
   6.00814819E-04
   6.99996948E-04
   6.99996948E-04
   8.00132751E-04
   8.99314880E-04
   8.99314880E-04
   8.99314880E-04
   9.99450684E-04
   1.00040436E-03
   1.00040436E-03
   1.09958649E-03
   1.09958649E-03
   1.09958649E-03
   1.19972229E-03
   1.20067596E-03
   1.29985809E-03
   1.29985809E-03
   1.29985809E-03
   1.29985809E-03
   1.29985809E-03
   1.39999390E-03
   1.39999390E-03
   1.60026550E-03
   1.69944763E-03
   1.69944763E-03
   1.69944763E-03
   1.79958344E-03
   1.79958344E-03
   1.80053711E-03
   1.89971924E-03
   1.89971924E-03
   1.89971924E-03
   1.90067291E-03
   1.99985504E-03
   1.99985504E-03
   1.99985504E-03
   1.99985504E-03
   2.09999084E-03
   2.09999084E-03
   2.09999084E-03
   2.20012665E-03
   2.30026245E-03
   2.30026245E-03
   2.39944458E-03
   2.39944458E-03
   2.39944458E-03
   2.40039825E-03
   2.40039825E-03
   2.60066986E-03
   2.60066986E-03
   2.69985199E-03
   2.69985199E-03
   2.79998779E-03
   2.89916992E-03
   3.00025940E-03
   3.09944153E-03
   3.19957733E-03
   3.20053101E-03
   3.29971313E-03
   3.29971313E-03
   3.30066681E-03
   3.39984894E-03
   3.60012054E-03
   3.60012054E-03
   3.60012054E-03
   3.70025635E-03
   3.89957428E-03
   4.09984589E-03
   4.19998169E-03
   4.19998169E-03
   4.30011749E-03
   4.40025330E-03
   4.49943542E-03
   4.49943542E-03
   4.49943542E-03
   4.50038910E-03
   4.50038910E-03
   4.59957123E-03
   4.60052490E-03
   4.70066071E-03
   4.89997864E-03
   4.89997864E-03
   4.89997864E-03
   4.89997864E-03
   5.00011444E-03
   5.00011444E-03
   5.09929657E-03
   5.09929657E-03
   5.10025024E-03
   5.19943237E-03
   5.29956818E-03
   5.29956818E-03
   5.30052185E-03
   5.39970398E-03
   5.49983978E-03
   5.59997559E-03
   5.59997559E-03
   5.80024719E-03
   5.89942932E-03
   6.00051880E-03
   6.19983673E-03
   6.50024414E-03
   6.50024414E-03
   6.70051575E-03
   6.89983368E-03
   6.99996948E-03
   6.99996948E-03
   7.10010529E-03
   7.30037689E-03
   7.40051270E-03
   7.49969482E-03
   7.69996643E-03
   7.80010223E-03
   7.90023804E-03
   7.90023804E-03
   8.09955597E-03
   8.10050964E-03
   8.20064545E-03
   8.29982758E-03
   8.69941711E-03
   8.79955292E-03
   8.89968872E-03
   8.89968872E-03
   9.09996033E-03
   9.39941406E-03
   9.49954987E-03
   9.49954987E-03
   9.69982147E-03
   1.01003647E-02
   1.02005005E-02
   1.03998184E-02
   1.04999542E-02
   1.04999542E-02
   1.07994080E-02
   1.07994080E-02
   1.10998154E-02
   1.11999512E-02
   1.11999512E-02
   1.14002228E-02
   1.16996765E-02
   1.18999481E-02
   1.21002197E-02
   1.22003555E-02
   1.23996735E-02
   1.28993988E-02
   1.29003525E-02
   1.30996704E-02
   1.35993958E-02
   1.36995316E-02
   1.36995316E-02
   1.41000748E-02
   1.48000717E-02
   1.57003403E-02
   1.58004761E-02
   1.60999298E-02
   1.60999298E-02
   1.66997910E-02
   1.66997910E-02
   1.70993805E-02
   1.72996521E-02
   1.73997879E-02
   1.79996490E-02
   1.80997849E-02
   1.90000534E-02
   1.91993713E-02
   1.92995071E-02
   1.94997787E-02
   2.00004578E-02
   2.02999115E-02
   2.03008652E-02
   2.12001801E-02
   2.18000412E-02
   2.19001770E-02
   2.22997665E-02
   2.69002914E-02
   2.98995972E-02
   3.13997269E-02
   3.41997147E-02
   3.56006622E-02
   3.60002518E-02
   3.95002365E-02
   4.11005020E-02
   4.59003448E-02
   4.94003296E-02
   5.22994995E-02
   5.29994965E-02
   5.56001663E-02
   5.71994781E-02
   5.98993301E-02
   7.80000687E-02
   8.65001678E-02
   8.79993439E-02
   8.97998810E-02
  0.104700089    
  0.185800552    
  0.228000641    
  0.248499870    
  0.280300140    
  0.281700134    
  0.463300705    
  0.521100044    
