#Npts     Radius    Mag      Completeness
#  236 2060.7380  -14.476666 1.000000
# Verr
  -2.28004456E-02
  -1.06992722E-02
  -9.69982147E-03
  -9.30023193E-03
  -8.09955597E-03
  -7.69996643E-03
  -7.10010529E-03
  -6.89983368E-03
  -6.79969788E-03
  -6.70051575E-03
  -6.59942627E-03
  -6.49929047E-03
  -6.09970093E-03
  -6.09970093E-03
  -6.00051880E-03
  -5.99956512E-03
  -5.90038300E-03
  -5.80024719E-03
  -5.49983978E-03
  -5.49983978E-03
  -5.49983978E-03
  -5.29956818E-03
  -5.10025024E-03
  -5.09929657E-03
  -5.00011444E-03
  -5.00011444E-03
  -4.89997864E-03
  -4.89997864E-03
  -4.89997864E-03
  -4.79984283E-03
  -4.69970703E-03
  -4.69970703E-03
  -4.60052490E-03
  -4.50038910E-03
  -4.50038910E-03
  -4.40025330E-03
  -4.39929962E-03
  -4.30011749E-03
  -4.30011749E-03
  -4.30011749E-03
  -4.19998169E-03
  -4.19998169E-03
  -4.09984589E-03
  -3.90052795E-03
  -3.79943848E-03
  -3.60012054E-03
  -3.60012054E-03
  -3.49998474E-03
  -3.39984894E-03
  -3.39984894E-03
  -3.39984894E-03
  -3.29971313E-03
  -3.10039520E-03
  -3.09944153E-03
  -3.00025940E-03
  -3.00025940E-03
  -3.00025940E-03
  -2.90012360E-03
  -2.79998779E-03
  -2.79998779E-03
  -2.79998779E-03
  -2.79998779E-03
  -2.39944458E-03
  -2.39944458E-03
  -2.20012665E-03
  -2.09999084E-03
  -1.99985504E-03
  -1.99985504E-03
  -1.99985504E-03
  -1.90067291E-03
  -1.89971924E-03
  -1.89971924E-03
  -1.80053711E-03
  -1.60026550E-03
  -1.60026550E-03
  -1.60026550E-03
  -1.50012970E-03
  -1.50012970E-03
  -1.50012970E-03
  -1.39999390E-03
  -1.39999390E-03
  -1.29985809E-03
  -1.19972229E-03
  -1.09958649E-03
  -9.99450684E-04
  -8.99314880E-04
  -6.99996948E-04
  -6.99996948E-04
  -6.99996948E-04
  -5.99861145E-04
  -4.99725342E-04
  -4.99725342E-04
  -3.99589539E-04
  -3.99589539E-04
  -2.99453735E-04
  -2.99453735E-04
  -9.91821289E-05
   1.00135803E-04
   1.00135803E-04
   1.99317932E-04
   2.00271606E-04
   2.99453735E-04
   3.00407410E-04
   3.00407410E-04
   3.99589539E-04
   4.00543213E-04
   4.99725342E-04
   4.99725342E-04
   5.00679016E-04
   5.99861145E-04
   5.99861145E-04
   5.99861145E-04
   6.99996948E-04
   6.99996948E-04
   8.00132751E-04
   8.00132751E-04
   9.00268555E-04
   9.00268555E-04
   9.99450684E-04
   1.09958649E-03
   1.19972229E-03
   1.29985809E-03
   1.29985809E-03
   1.29985809E-03
   1.39999390E-03
   1.50012970E-03
   1.50012970E-03
   1.60026550E-03
   1.60026550E-03
   1.70040131E-03
   1.70040131E-03
   1.70040131E-03
   1.70040131E-03
   1.80053711E-03
   1.80053711E-03
   1.89971924E-03
   1.89971924E-03
   1.90067291E-03
   1.90067291E-03
   1.99985504E-03
   1.99985504E-03
   1.99985504E-03
   2.09999084E-03
   2.09999084E-03
   2.20012665E-03
   2.20012665E-03
   2.30026245E-03
   2.30026245E-03
   2.30026245E-03
   2.30026245E-03
   2.39944458E-03
   2.39944458E-03
   2.49958038E-03
   2.59971619E-03
   2.59971619E-03
   2.59971619E-03
   2.60066986E-03
   2.69985199E-03
   2.69985199E-03
   2.79998779E-03
   2.79998779E-03
   2.79998779E-03
   2.99930573E-03
   2.99930573E-03
   3.00025940E-03
   3.19957733E-03
   3.39984894E-03
   3.49998474E-03
   3.60012054E-03
   3.60012054E-03
   3.60012054E-03
   3.60012054E-03
   3.70025635E-03
   3.79943848E-03
   3.90052795E-03
   3.90052795E-03
   4.19998169E-03
   4.30011749E-03
   4.50038910E-03
   4.59957123E-03
   4.60052490E-03
   4.79984283E-03
   4.79984283E-03
   4.79984283E-03
   4.79984283E-03
   4.89997864E-03
   4.99916077E-03
   5.00011444E-03
   5.10025024E-03
   5.19943237E-03
   5.19943237E-03
   5.29956818E-03
   5.59997559E-03
   5.70011139E-03
   5.70011139E-03
   5.80024719E-03
   5.80024719E-03
   6.00051880E-03
   6.29997253E-03
   6.29997253E-03
   6.69956207E-03
   6.70051575E-03
   7.19928741E-03
   7.20024109E-03
   7.30037689E-03
   7.30037689E-03
   7.40051270E-03
   7.69996643E-03
   7.89928436E-03
   8.10050964E-03
   8.50009918E-03
   8.70037079E-03
   8.70037079E-03
   8.89968872E-03
   8.90064240E-03
   8.99982452E-03
   9.09996033E-03
   9.30023193E-03
   9.40036774E-03
   9.49954987E-03
   1.00002289E-02
   1.04999542E-02
   1.04999542E-02
   1.09004974E-02
   1.10998154E-02
   1.21002197E-02
   1.22995377E-02
   1.29003525E-02
   1.56002045E-02
   1.59997940E-02
   1.93004608E-02
   2.34003067E-02
   2.64997482E-02
   8.49990845E-02
   9.28001404E-02
  0.147799492    
