#Npts     Radius    Mag      Completeness
#   93  638.5385  -14.281282 0.989362
# Verr
  -1.73997879E-02
  -1.44004822E-02
  -1.26008987E-02
  -1.07002258E-02
  -1.02005005E-02
  -8.99982452E-03
  -8.69941711E-03
  -8.39996338E-03
  -7.60078430E-03
  -6.89983368E-03
  -6.40010834E-03
  -5.70011139E-03
  -5.59997559E-03
  -5.10025024E-03
  -3.49998474E-03
  -3.39984894E-03
  -3.29971313E-03
  -2.59971619E-03
  -2.39944458E-03
  -1.29985809E-03
  -9.99450684E-04
  -1.00135803E-04
   1.00135803E-04
   5.99861145E-04
   9.00268555E-04
   9.99450684E-04
   1.39999390E-03
   1.70040131E-03
   1.70040131E-03
   1.99985504E-03
   2.09999084E-03
   2.49958038E-03
   2.50053406E-03
   3.00025940E-03
   3.10039520E-03
   3.60012054E-03
   4.70066071E-03
   4.79984283E-03
   5.00011444E-03
   5.00011444E-03
   5.39970398E-03
   6.59942627E-03
   6.89983368E-03
   6.99996948E-03
   6.99996948E-03
   8.10050964E-03
   8.39996338E-03
   9.90009308E-03
   1.06000900E-02
   1.09004974E-02
   1.15003586E-02
   1.22003555E-02
   1.31998062E-02
   1.42993927E-02
   1.44996643E-02
   1.49002075E-02
   1.72996521E-02
   1.84993744E-02
   2.00996399E-02
   2.15997696E-02
   2.21996307E-02
   2.22005844E-02
   2.34994888E-02
   2.70004272E-02
   2.77004242E-02
   3.20997238E-02
   4.09002304E-02
   4.61006165E-02
   4.89997864E-02
   5.03997803E-02
   5.10997772E-02
   5.14001846E-02
   5.25999069E-02
   5.39999008E-02
   6.42995834E-02
   7.17000961E-02
   7.23009109E-02
   7.63006210E-02
   8.37001801E-02
   8.41999054E-02
   8.52994919E-02
   8.60996246E-02
  0.100999832    
  0.108099937    
  0.124400139    
  0.137700081    
  0.169699669    
  0.178699493    
  0.182299614    
  0.199099541    
  0.208600044    
  0.233300209    
  0.242600441    
