#Npts     Radius    Mag      Completeness
#  216  435.3671  -10.998000 0.737201
# Verr
 -0.657999992    
 -0.500399590    
 -0.471099854    
 -0.358600616    
 -0.349099159    
 -0.266900063    
 -0.263799667    
 -0.259500504    
 -0.257799149    
 -0.253100395    
 -0.243599892    
 -0.195599556    
 -0.175999641    
 -0.173800468    
 -0.143400192    
 -0.142999649    
 -0.139899254    
 -0.137200356    
 -0.128499985    
 -0.120200157    
 -0.115699768    
 -0.109600067    
 -0.102299690    
 -0.101400375    
  -9.64002609E-02
  -9.60998535E-02
  -9.49001312E-02
  -9.38997269E-02
  -8.72001648E-02
  -7.34996796E-02
  -6.08997345E-02
  -6.07995987E-02
  -5.87997437E-02
  -5.84001541E-02
  -4.78000641E-02
  -4.67996597E-02
  -4.51002121E-02
  -3.94001007E-02
  -3.84998322E-02
  -3.80001068E-02
  -3.71999741E-02
  -3.64999771E-02
  -3.53002548E-02
  -3.35998535E-02
  -3.34005356E-02
  -3.29999924E-02
  -3.18994522E-02
  -3.17001343E-02
  -2.96993256E-02
  -2.95000076E-02
  -2.88000107E-02
  -2.71997452E-02
  -2.49996185E-02
  -2.40993500E-02
  -2.33001709E-02
  -2.27003098E-02
  -2.26001740E-02
  -2.15005875E-02
  -2.08997726E-02
  -2.07004547E-02
  -2.00004578E-02
  -1.99003220E-02
  -1.93996429E-02
  -1.81999207E-02
  -1.69000626E-02
  -1.67007446E-02
  -1.62000656E-02
  -1.59997940E-02
  -1.44004822E-02
  -1.28993988E-02
  -1.28993988E-02
  -1.07002258E-02
  -1.07002258E-02
  -1.00002289E-02
  -8.80050659E-03
  -8.69941711E-03
  -7.90023804E-03
  -7.90023804E-03
  -7.59983063E-03
  -7.50064850E-03
  -7.19928741E-03
  -7.10010529E-03
  -5.59997559E-03
  -4.70066071E-03
  -4.69970703E-03
  -4.49943542E-03
  -1.90067291E-03
  -1.60026550E-03
  -1.19972229E-03
  -9.00268555E-04
   3.99589539E-04
   1.59931183E-03
   1.79958344E-03
   2.79998779E-03
   3.19957733E-03
   3.40080261E-03
   3.60012054E-03
   3.79943848E-03
   4.30011749E-03
   4.49943542E-03
   4.79984283E-03
   5.39970398E-03
   6.10065460E-03
   6.99996948E-03
   7.20024109E-03
   7.30037689E-03
   7.89928436E-03
   8.70037079E-03
   9.79995728E-03
   1.08995438E-02
   1.17998123E-02
   1.18999481E-02
   1.22995377E-02
   1.31998062E-02
   1.36003494E-02
   1.37996674E-02
   1.43995285E-02
   1.63002014E-02
   1.66006088E-02
   1.74007416E-02
   1.78995132E-02
   1.86996460E-02
   2.07004547E-02
   2.21004486E-02
   2.21004486E-02
   2.43997574E-02
   2.58998871E-02
   2.83002853E-02
   2.97002792E-02
   2.97002792E-02
   3.07006836E-02
   3.39002609E-02
   3.42998505E-02
   3.43999863E-02
   3.51991653E-02
   3.66001129E-02
   3.96003723E-02
   4.04996872E-02
   4.33006287E-02
   4.39004898E-02
   4.39996719E-02
   4.51002121E-02
   4.69999313E-02
   4.95004654E-02
   4.95996475E-02
   5.04999161E-02
   5.06000519E-02
   5.06992340E-02
   5.08995056E-02
   5.29003143E-02
   5.51996231E-02
   5.52005768E-02
   5.88998795E-02
   6.19001389E-02
   6.20994568E-02
   6.36997223E-02
   6.65998459E-02
   6.78997040E-02
   6.84995651E-02
   7.41996765E-02
   7.88002014E-02
   8.22000504E-02
   8.55998993E-02
   9.04998779E-02
   9.35001373E-02
   9.72995758E-02
   9.80997086E-02
  0.101799965    
  0.103499413    
  0.104299545    
  0.106100082    
  0.106399536    
  0.108599663    
  0.110699654    
  0.113800049    
  0.129300117    
  0.133199692    
  0.136099815    
  0.140899658    
  0.142099380    
  0.146300316    
  0.173500061    
  0.173700333    
  0.174499512    
  0.175799370    
  0.180099487    
  0.181000710    
  0.182499886    
  0.183799744    
  0.201499939    
  0.205000877    
  0.205299377    
  0.213399887    
  0.217900276    
  0.251399994    
  0.287300110    
  0.288399696    
  0.324999809    
  0.336899757    
  0.350399971    
  0.357099533    
  0.360500336    
  0.378000259    
  0.380100250    
  0.396499634    
  0.399499893    
  0.418399811    
  0.445399284    
  0.450699806    
  0.466799736    
  0.485599518    
  0.488800049    
  0.648399353    
  0.653300285    
  0.701000214    
  0.715700150    
