#Npts     Radius    Mag      Completeness
#  102 1451.2239  -14.567850 1.000000
# Verr
 -0.269399643    
  -3.25002670E-02
  -1.09004974E-02
  -7.10010529E-03
  -6.99996948E-03
  -6.70051575E-03
  -6.50024414E-03
  -6.00051880E-03
  -5.90038300E-03
  -5.70011139E-03
  -5.30052185E-03
  -5.29956818E-03
  -4.69970703E-03
  -4.40025330E-03
  -4.00066376E-03
  -3.99971008E-03
  -3.80039215E-03
  -3.80039215E-03
  -3.70025635E-03
  -3.20053101E-03
  -3.10039520E-03
  -3.00025940E-03
  -2.99930573E-03
  -2.79998779E-03
  -2.79998779E-03
  -2.69985199E-03
  -2.40039825E-03
  -2.40039825E-03
  -1.80053711E-03
  -1.60026550E-03
  -1.39999390E-03
  -1.39999390E-03
  -1.39999390E-03
  -1.29985809E-03
  -1.29985809E-03
  -1.10054016E-03
  -1.00040436E-03
  -9.00268555E-04
  -8.00132751E-04
  -6.99996948E-04
  -5.99861145E-04
  -1.00135803E-04
  -1.00135803E-04
   2.99453735E-04
   3.99589539E-04
   4.99725342E-04
   5.99861145E-04
   8.99314880E-04
   9.00268555E-04
   1.09958649E-03
   1.09958649E-03
   1.19972229E-03
   1.20067596E-03
   1.39999390E-03
   1.60026550E-03
   1.60026550E-03
   1.70040131E-03
   1.80053711E-03
   1.90067291E-03
   1.99985504E-03
   2.09999084E-03
   2.09999084E-03
   2.09999084E-03
   2.29930878E-03
   2.59971619E-03
   2.69985199E-03
   2.79998779E-03
   2.99930573E-03
   3.00025940E-03
   3.09944153E-03
   3.09944153E-03
   3.10039520E-03
   3.29971313E-03
   3.39984894E-03
   3.60012054E-03
   3.89957428E-03
   4.30011749E-03
   4.49943542E-03
   4.59957123E-03
   5.00011444E-03
   5.00011444E-03
   5.20038605E-03
   6.60037994E-03
   7.10010529E-03
   7.30037689E-03
   7.59983063E-03
   7.90023804E-03
   8.10050964E-03
   8.19969177E-03
   1.15003586E-02
   1.15003586E-02
   1.35002136E-02
   1.53999329E-02
   1.69992447E-02
   1.72004700E-02
   2.23999023E-02
   2.23999023E-02
   2.27994919E-02
   2.77004242E-02
   3.26995850E-02
   3.82003784E-02
  0.218500137    
