#Npts     Radius    Mag      Completeness
#  224 2902.4475  -14.210000 1.000000
# Verr
  -1.87997818E-02
  -1.85003281E-02
  -1.63002014E-02
  -1.48000717E-02
  -1.38998032E-02
  -1.29995346E-02
  -1.28002167E-02
  -1.08995438E-02
  -1.04999542E-02
  -9.90009308E-03
  -9.90009308E-03
  -9.59968567E-03
  -8.89968872E-03
  -8.69941711E-03
  -8.10050964E-03
  -8.09955597E-03
  -7.80010223E-03
  -7.80010223E-03
  -7.69996643E-03
  -7.49969482E-03
  -7.10010529E-03
  -7.10010529E-03
  -7.10010529E-03
  -6.69956207E-03
  -6.60037994E-03
  -6.50024414E-03
  -6.49929047E-03
  -6.40010834E-03
  -6.39915466E-03
  -6.19983673E-03
  -6.10065460E-03
  -6.09970093E-03
  -6.09970093E-03
  -5.70011139E-03
  -5.49983978E-03
  -5.39970398E-03
  -5.29956818E-03
  -5.20038605E-03
  -4.89997864E-03
  -4.79984283E-03
  -4.70066071E-03
  -4.69970703E-03
  -4.60052490E-03
  -4.19998169E-03
  -4.09984589E-03
  -4.09984589E-03
  -4.09984589E-03
  -3.99971008E-03
  -3.89957428E-03
  -3.80039215E-03
  -3.70025635E-03
  -3.70025635E-03
  -3.60012054E-03
  -3.60012054E-03
  -3.49998474E-03
  -3.39984894E-03
  -3.29971313E-03
  -3.29971313E-03
  -3.20053101E-03
  -3.19957733E-03
  -3.10039520E-03
  -3.10039520E-03
  -3.09944153E-03
  -3.09944153E-03
  -2.79998779E-03
  -2.79998779E-03
  -2.70080566E-03
  -2.69985199E-03
  -2.49958038E-03
  -2.49958038E-03
  -2.40039825E-03
  -2.30026245E-03
  -2.30026245E-03
  -2.20012665E-03
  -2.09999084E-03
  -1.99985504E-03
  -1.89971924E-03
  -1.89971924E-03
  -1.79958344E-03
  -1.70040131E-03
  -1.69944763E-03
  -1.69944763E-03
  -1.50012970E-03
  -1.50012970E-03
  -1.49917603E-03
  -1.39999390E-03
  -1.39999390E-03
  -1.29985809E-03
  -1.19972229E-03
  -1.09958649E-03
  -9.00268555E-04
  -8.99314880E-04
  -6.99996948E-04
  -6.99996948E-04
  -5.99861145E-04
  -5.99861145E-04
  -5.99861145E-04
  -4.99725342E-04
  -4.99725342E-04
  -4.00543213E-04
  -3.99589539E-04
  -2.99453735E-04
  -2.00271606E-04
  -1.99317932E-04
   0.00000000    
   0.00000000    
   0.00000000    
   0.00000000    
   0.00000000    
   9.91821289E-05
   1.00135803E-04
   1.00135803E-04
   1.00135803E-04
   3.99589539E-04
   3.99589539E-04
   3.99589539E-04
   3.99589539E-04
   4.99725342E-04
   4.99725342E-04
   5.00679016E-04
   5.99861145E-04
   5.99861145E-04
   6.99996948E-04
   6.99996948E-04
   7.99179077E-04
   8.00132751E-04
   8.00132751E-04
   8.00132751E-04
   9.00268555E-04
   9.00268555E-04
   9.00268555E-04
   1.00040436E-03
   1.09958649E-03
   1.09958649E-03
   1.09958649E-03
   1.29985809E-03
   1.29985809E-03
   1.39999390E-03
   1.39999390E-03
   1.39999390E-03
   1.39999390E-03
   1.50012970E-03
   1.50012970E-03
   1.59931183E-03
   1.69944763E-03
   1.70040131E-03
   1.80053711E-03
   1.80053711E-03
   1.80053711E-03
   1.89971924E-03
   2.09999084E-03
   2.19917297E-03
   2.20012665E-03
   2.20012665E-03
   2.20012665E-03
   2.30026245E-03
   2.30026245E-03
   2.30026245E-03
   2.39944458E-03
   2.50053406E-03
   2.50053406E-03
   2.59971619E-03
   2.60066986E-03
   2.79998779E-03
   3.00025940E-03
   3.00025940E-03
   3.00025940E-03
   3.00025940E-03
   3.09944153E-03
   3.29971313E-03
   3.39984894E-03
   3.49998474E-03
   3.49998474E-03
   3.60012054E-03
   3.60012054E-03
   3.70025635E-03
   3.89957428E-03
   4.30011749E-03
   4.49943542E-03
   4.50038910E-03
   4.50038910E-03
   4.50038910E-03
   4.59957123E-03
   4.79984283E-03
   4.89997864E-03
   4.89997864E-03
   4.89997864E-03
   5.00011444E-03
   5.19943237E-03
   5.20038605E-03
   5.29956818E-03
   5.30052185E-03
   5.49983978E-03
   5.59997559E-03
   5.70011139E-03
   6.09970093E-03
   6.60037994E-03
   6.79969788E-03
   6.99996948E-03
   7.20024109E-03
   7.40051270E-03
   7.89928436E-03
   7.90023804E-03
   8.00037384E-03
   8.89968872E-03
   9.19914246E-03
   9.99927521E-03
   1.04007721E-02
   1.08003616E-02
   1.15003586E-02
   1.15995407E-02
   1.22003555E-02
   1.22995377E-02
   1.35993958E-02
   1.66997910E-02
   1.74999237E-02
   2.08005905E-02
   2.48994827E-02
   4.05998230E-02
   4.26998138E-02
   7.50999451E-02
  0.108899117    
  0.110300064    
  0.184700012    
