#Npts     Radius    Mag      Completeness
#  297  435.3671  -13.614666 0.928125
# Verr
 -0.432499886    
 -0.229499817    
 -0.220700264    
 -0.216899872    
 -0.159999847    
  -4.83007431E-02
  -1.16004944E-02
  -1.08003616E-02
  -1.08003616E-02
  -9.60063934E-03
  -9.59968567E-03
  -7.99942017E-03
  -7.90023804E-03
  -6.90078735E-03
  -6.09970093E-03
  -6.09970093E-03
  -5.80024719E-03
  -5.70011139E-03
  -5.39970398E-03
  -5.10025024E-03
  -5.00011444E-03
  -4.79984283E-03
  -4.50038910E-03
  -4.40025330E-03
  -4.39929962E-03
  -4.09984589E-03
  -3.60012054E-03
  -3.49998474E-03
  -3.49998474E-03
  -3.39984894E-03
  -3.30066681E-03
  -3.29971313E-03
  -2.90012360E-03
  -2.79998779E-03
  -2.70080566E-03
  -2.69985199E-03
  -2.69985199E-03
  -2.69985199E-03
  -2.50053406E-03
  -2.40039825E-03
  -2.40039825E-03
  -2.39944458E-03
  -2.39944458E-03
  -2.30026245E-03
  -2.29930878E-03
  -1.99985504E-03
  -1.70040131E-03
  -1.50012970E-03
  -1.39999390E-03
  -1.29985809E-03
  -1.10054016E-03
  -1.09958649E-03
  -9.99450684E-04
  -9.00268555E-04
  -8.99314880E-04
  -6.99996948E-04
  -6.00814819E-04
  -5.00679016E-04
  -4.99725342E-04
  -4.99725342E-04
  -4.99725342E-04
  -4.99725342E-04
  -2.00271606E-04
  -1.00135803E-04
   0.00000000    
   0.00000000    
   2.99453735E-04
   4.99725342E-04
   5.99861145E-04
   5.99861145E-04
   5.99861145E-04
   9.00268555E-04
   9.00268555E-04
   9.99450684E-04
   1.00040436E-03
   1.00040436E-03
   1.10054016E-03
   1.20067596E-03
   1.39999390E-03
   1.39999390E-03
   1.99985504E-03
   2.39944458E-03
   2.90012360E-03
   2.90012360E-03
   3.19957733E-03
   3.20053101E-03
   3.29971313E-03
   3.29971313E-03
   3.39984894E-03
   3.40080261E-03
   3.60012054E-03
   3.80039215E-03
   3.89957428E-03
   3.90052795E-03
   4.00066376E-03
   4.09984589E-03
   4.59957123E-03
   4.89997864E-03
   5.29956818E-03
   5.39970398E-03
   5.50079346E-03
   5.79929352E-03
   5.99956512E-03
   6.40010834E-03
   6.40010834E-03
   7.10010529E-03
   7.29942322E-03
   7.39955902E-03
   7.69996643E-03
   7.99942017E-03
   8.09955597E-03
   8.19969177E-03
   8.29982758E-03
   8.29982758E-03
   9.59968567E-03
   9.90009308E-03
   9.99927521E-03
   1.00002289E-02
   1.01003647E-02
   1.02996826E-02
   1.07994080E-02
   1.08003616E-02
   1.09996796E-02
   1.10998154E-02
   1.10998154E-02
   1.11999512E-02
   1.13000870E-02
   1.14002228E-02
   1.14002228E-02
   1.15995407E-02
   1.23996735E-02
   1.27000809E-02
   1.29003525E-02
   1.29003525E-02
   1.35002136E-02
   1.39999390E-02
   1.42002106E-02
   1.45006180E-02
   1.48000717E-02
   1.49993896E-02
   1.50003433E-02
   1.50003433E-02
   1.56002045E-02
   1.57003403E-02
   1.57003403E-02
   1.62992477E-02
   1.65004730E-02
   1.67999268E-02
   1.73006058E-02
   1.79004669E-02
   1.80006027E-02
   1.81007385E-02
   1.86996460E-02
   1.91001892E-02
   2.01997757E-02
   2.07996368E-02
   2.10008621E-02
   2.15005875E-02
   2.16999054E-02
   2.20003128E-02
   2.21996307E-02
   2.26993561E-02
   2.27003098E-02
   2.28996277E-02
   2.29997635E-02
   2.34003067E-02
   2.34994888E-02
   2.35996246E-02
   2.40993500E-02
   2.43005753E-02
   2.43997574E-02
   2.44998932E-02
   2.48003006E-02
   2.50997543E-02
   2.53000259E-02
   2.53000259E-02
   2.57997513E-02
   2.60000229E-02
   2.62994766E-02
   2.64997482E-02
   2.70996094E-02
   2.74000168E-02
   2.76994705E-02
   2.76994705E-02
   2.82993317E-02
   3.07998657E-02
   3.21006775E-02
   3.22999954E-02
   3.29999924E-02
   3.33003998E-02
   3.33995819E-02
   3.34997177E-02
   3.35998535E-02
   3.48997116E-02
   3.52001190E-02
   3.64999771E-02
   3.70006561E-02
   3.93991470E-02
   3.98006439E-02
   4.02994156E-02
   4.03995514E-02
   4.10003662E-02
   4.16002274E-02
   4.26998138E-02
   4.47006226E-02
   4.48999405E-02
   4.58002090E-02
   4.69999313E-02
   4.92000580E-02
   4.95996475E-02
   5.06000519E-02
   5.06000519E-02
   5.31997681E-02
   5.35993576E-02
   5.38997650E-02
   5.74998856E-02
   5.81998825E-02
   6.07004166E-02
   6.13994598E-02
   6.14995956E-02
   6.18000031E-02
   6.21995926E-02
   6.22005463E-02
   6.23006821E-02
   6.29997253E-02
   6.41002655E-02
   6.47001266E-02
   6.86998367E-02
   6.98995590E-02
   6.98995590E-02
   7.02991486E-02
   7.06996918E-02
   7.19003677E-02
   7.34996796E-02
   7.48996735E-02
   7.55996704E-02
   7.60993958E-02
   7.75995255E-02
   8.26997757E-02
   8.43992233E-02
   8.57000351E-02
   8.73994827E-02
   9.22002792E-02
   9.53998566E-02
   9.64994431E-02
   9.64994431E-02
   9.87997055E-02
   9.94005203E-02
  0.100100517    
  0.101300240    
  0.106699944    
  0.109499931    
  0.119899750    
  0.123800278    
  0.124199867    
  0.124799728    
  0.125399590    
  0.128000259    
  0.131599426    
  0.132599831    
  0.137000084    
  0.141599655    
  0.143000603    
  0.144699097    
  0.145299911    
  0.146399498    
  0.158399582    
  0.158699989    
  0.159500122    
  0.167799950    
  0.170900345    
  0.178100586    
  0.185099602    
  0.190299988    
  0.198900223    
  0.208899498    
  0.212899208    
  0.220000267    
  0.222000122    
  0.238800049    
  0.239299774    
  0.239500046    
  0.239699364    
  0.240600586    
  0.256400108    
  0.256699562    
  0.267399788    
  0.272399902    
  0.336199760    
  0.363100052    
  0.369299889    
  0.413399696    
  0.459400177    
  0.460700035    
  0.474699974    
  0.512599945    
  0.650499344    
