#Npts     Radius    Mag      Completeness
#  342 1044.8811  -11.410000 0.982759
# Verr
 -0.409999847    
 -0.204600334    
 -0.164800644    
  -7.80000687E-02
  -6.79998398E-02
  -6.73999786E-02
  -5.92994690E-02
  -5.78002930E-02
  -4.92000580E-02
  -4.26998138E-02
  -4.19006348E-02
  -4.13999557E-02
  -2.91004181E-02
  -2.77996063E-02
  -2.76994705E-02
  -2.59990692E-02
  -2.44998932E-02
  -2.40993500E-02
  -2.05001831E-02
  -1.99995041E-02
  -1.85995102E-02
  -1.82008743E-02
  -1.81007385E-02
  -1.63002014E-02
  -1.56002045E-02
  -1.50003433E-02
  -1.38998032E-02
  -1.36003494E-02
  -1.35002136E-02
  -1.32999420E-02
  -1.31006241E-02
  -1.25999451E-02
  -1.22995377E-02
  -1.22003555E-02
  -1.21002197E-02
  -1.20000839E-02
  -1.18999481E-02
  -1.18999481E-02
  -1.09996796E-02
  -1.06000900E-02
  -1.04999542E-02
  -1.02996826E-02
  -1.00002289E-02
  -9.90009308E-03
  -9.60063934E-03
  -9.49954987E-03
  -9.49954987E-03
  -9.40036774E-03
  -9.09996033E-03
  -8.99982452E-03
  -8.89968872E-03
  -8.60023499E-03
  -8.60023499E-03
  -8.50009918E-03
  -8.50009918E-03
  -8.39996338E-03
  -8.29982758E-03
  -8.10050964E-03
  -7.69996643E-03
  -6.99996948E-03
  -6.89983368E-03
  -6.79969788E-03
  -6.70051575E-03
  -6.70051575E-03
  -6.70051575E-03
  -6.59942627E-03
  -6.59942627E-03
  -6.49929047E-03
  -6.09970093E-03
  -6.00051880E-03
  -5.99956512E-03
  -5.90038300E-03
  -5.90038300E-03
  -5.59997559E-03
  -5.59997559E-03
  -5.39970398E-03
  -5.20038605E-03
  -5.19943237E-03
  -5.19943237E-03
  -5.00011444E-03
  -4.89997864E-03
  -4.89997864E-03
  -4.69970703E-03
  -4.60052490E-03
  -4.39929962E-03
  -4.39929962E-03
  -4.30011749E-03
  -4.19998169E-03
  -4.00066376E-03
  -3.99971008E-03
  -3.89957428E-03
  -3.89957428E-03
  -3.80039215E-03
  -3.70025635E-03
  -3.60012054E-03
  -3.60012054E-03
  -3.60012054E-03
  -3.59916687E-03
  -3.49998474E-03
  -3.49998474E-03
  -3.39984894E-03
  -3.39984894E-03
  -3.19957733E-03
  -3.10039520E-03
  -3.10039520E-03
  -3.00025940E-03
  -3.00025940E-03
  -2.90012360E-03
  -2.90012360E-03
  -2.79998779E-03
  -2.70080566E-03
  -2.69985199E-03
  -2.69985199E-03
  -2.50053406E-03
  -2.49958038E-03
  -2.40039825E-03
  -2.39944458E-03
  -2.30026245E-03
  -2.30026245E-03
  -2.30026245E-03
  -2.30026245E-03
  -2.20012665E-03
  -2.20012665E-03
  -2.20012665E-03
  -2.09999084E-03
  -2.09999084E-03
  -2.09999084E-03
  -2.09999084E-03
  -1.90067291E-03
  -1.89971924E-03
  -1.79958344E-03
  -1.79958344E-03
  -1.70040131E-03
  -1.60026550E-03
  -1.50012970E-03
  -1.39999390E-03
  -1.39999390E-03
  -1.29985809E-03
  -1.29985809E-03
  -1.10054016E-03
  -1.10054016E-03
  -1.10054016E-03
  -1.10054016E-03
  -9.99450684E-04
  -9.99450684E-04
  -9.00268555E-04
  -6.99996948E-04
  -5.99861145E-04
  -5.00679016E-04
  -4.99725342E-04
  -4.99725342E-04
  -3.99589539E-04
  -2.99453735E-04
  -2.00271606E-04
  -1.99317932E-04
  -1.00135803E-04
   1.00135803E-04
   1.00135803E-04
   1.99317932E-04
   2.99453735E-04
   3.00407410E-04
   3.99589539E-04
   4.99725342E-04
   5.99861145E-04
   5.99861145E-04
   5.99861145E-04
   6.99996948E-04
   6.99996948E-04
   6.99996948E-04
   6.99996948E-04
   8.00132751E-04
   8.00132751E-04
   9.00268555E-04
   9.00268555E-04
   1.09958649E-03
   1.50012970E-03
   1.59931183E-03
   1.60026550E-03
   1.79958344E-03
   1.99985504E-03
   2.00080872E-03
   2.19917297E-03
   2.20012665E-03
   2.29930878E-03
   2.50053406E-03
   2.50053406E-03
   2.59971619E-03
   2.59971619E-03
   2.59971619E-03
   2.79998779E-03
   3.00025940E-03
   3.00025940E-03
   3.19957733E-03
   3.30066681E-03
   3.49998474E-03
   3.49998474E-03
   3.60012054E-03
   3.60012054E-03
   3.70025635E-03
   3.79943848E-03
   3.80039215E-03
   3.80039215E-03
   3.89957428E-03
   3.89957428E-03
   4.09984589E-03
   4.09984589E-03
   4.30011749E-03
   4.40025330E-03
   4.49943542E-03
   4.50038910E-03
   4.59957123E-03
   4.60052490E-03
   4.60052490E-03
   4.69970703E-03
   4.89997864E-03
   4.89997864E-03
   4.89997864E-03
   4.89997864E-03
   4.89997864E-03
   5.00011444E-03
   5.00011444E-03
   5.10025024E-03
   5.20038605E-03
   5.30052185E-03
   5.80024719E-03
   5.80024719E-03
   5.80024719E-03
   5.80024719E-03
   5.80024719E-03
   5.89942932E-03
   5.90038300E-03
   5.99956512E-03
   6.00051880E-03
   6.19983673E-03
   6.29997253E-03
   6.39915466E-03
   6.49929047E-03
   6.60037994E-03
   6.80065155E-03
   7.10010529E-03
   7.20024109E-03
   7.29942322E-03
   7.30037689E-03
   7.40051270E-03
   7.40051270E-03
   7.50064850E-03
   7.80010223E-03
   7.80010223E-03
   8.09955597E-03
   8.09955597E-03
   8.10050964E-03
   8.20064545E-03
   8.39996338E-03
   8.50009918E-03
   8.99982452E-03
   9.09996033E-03
   9.09996033E-03
   9.30023193E-03
   9.30023193E-03
   9.60063934E-03
   9.90009308E-03
   1.00002289E-02
   1.01995468E-02
   1.04999542E-02
   1.06000900E-02
   1.08003616E-02
   1.09004974E-02
   1.11007690E-02
   1.13000870E-02
   1.13000870E-02
   1.14994049E-02
   1.20000839E-02
   1.20000839E-02
   1.21994019E-02
   1.27992630E-02
   1.28002167E-02
   1.28002167E-02
   1.31998062E-02
   1.31998062E-02
   1.34992599E-02
   1.41000748E-02
   1.42002106E-02
   1.42002106E-02
   1.46007538E-02
   1.48000717E-02
   1.51996613E-02
   1.58996582E-02
   1.59997940E-02
   1.60999298E-02
   1.64003372E-02
   1.72996521E-02
   1.73997879E-02
   1.77001953E-02
   1.88999176E-02
   1.98993683E-02
   2.01997757E-02
   2.04992294E-02
   2.07004547E-02
   2.11000443E-02
   2.20994949E-02
   2.23007202E-02
   2.26001740E-02
   2.53000259E-02
   2.61001587E-02
   2.62994766E-02
   2.71005630E-02
   2.74000168E-02
   2.88991928E-02
   3.13997269E-02
   3.56998444E-02
   3.68003845E-02
   3.76996994E-02
   3.96003723E-02
   4.01000977E-02
   4.52003479E-02
   5.00001907E-02
   5.13000488E-02
   5.49001694E-02
   5.58996201E-02
   5.65996170E-02
   5.72004318E-02
   5.72004318E-02
   6.13002777E-02
   6.19001389E-02
   6.45999908E-02
   6.69002533E-02
   7.01999664E-02
   7.34996796E-02
   7.48996735E-02
   7.74002075E-02
   8.22000504E-02
   8.33997726E-02
   8.61997604E-02
   9.31005478E-02
   9.60998535E-02
   9.72995758E-02
  0.100100517    
  0.126899719    
  0.164799690    
  0.232299805    
  0.269999504    
  0.349900246    
