#Npts     Radius    Mag      Completeness
#  457 1044.8811  -10.998000 0.962105
# Verr
 -0.722700119    
 -0.522100449    
 -0.307200432    
 -0.280300140    
 -0.200699806    
 -0.131299973    
 -0.127099991    
  -8.93001556E-02
  -7.90996552E-02
  -5.78002930E-02
  -4.92000580E-02
  -4.72002029E-02
  -4.65002060E-02
  -4.61997986E-02
  -4.51002121E-02
  -4.26006317E-02
  -4.19006348E-02
  -4.16994095E-02
  -4.00991440E-02
  -3.97996902E-02
  -3.81002426E-02
  -3.74002457E-02
  -3.42998505E-02
  -3.07006836E-02
  -3.04994583E-02
  -3.01008224E-02
  -2.92005539E-02
  -2.77996063E-02
  -2.76994705E-02
  -2.62002945E-02
  -2.58007050E-02
  -2.54993439E-02
  -2.37007141E-02
  -2.33001709E-02
  -2.32992172E-02
  -2.20003128E-02
  -2.19001770E-02
  -2.05001831E-02
  -2.03990936E-02
  -2.02999115E-02
  -1.99995041E-02
  -1.91001892E-02
  -1.90000534E-02
  -1.87005997E-02
  -1.83000565E-02
  -1.83000565E-02
  -1.83000565E-02
  -1.78995132E-02
  -1.76000595E-02
  -1.74007416E-02
  -1.69000626E-02
  -1.69000626E-02
  -1.67999268E-02
  -1.63002014E-02
  -1.42002106E-02
  -1.38998032E-02
  -1.35002136E-02
  -1.34992599E-02
  -1.32999420E-02
  -1.32999420E-02
  -1.30004883E-02
  -1.29995346E-02
  -1.25007629E-02
  -1.23996735E-02
  -1.22995377E-02
  -1.21994019E-02
  -1.21002197E-02
  -1.18999481E-02
  -1.18999481E-02
  -1.14002228E-02
  -1.13000870E-02
  -1.11007690E-02
  -1.08995438E-02
  -1.04999542E-02
  -1.04999542E-02
  -1.03998184E-02
  -1.03998184E-02
  -1.03006363E-02
  -1.00994110E-02
  -1.00002289E-02
  -9.59968567E-03
  -9.49954987E-03
  -9.49954987E-03
  -9.40036774E-03
  -9.30023193E-03
  -9.20009613E-03
  -9.09996033E-03
  -9.09996033E-03
  -8.89968872E-03
  -8.60023499E-03
  -8.50009918E-03
  -8.50009918E-03
  -8.39996338E-03
  -8.29982758E-03
  -8.29982758E-03
  -8.29982758E-03
  -8.10050964E-03
  -8.10050964E-03
  -8.09955597E-03
  -8.09955597E-03
  -8.09955597E-03
  -7.99942017E-03
  -7.80010223E-03
  -7.39955902E-03
  -7.39955902E-03
  -7.30037689E-03
  -7.29942322E-03
  -7.29942322E-03
  -6.89983368E-03
  -6.70051575E-03
  -6.70051575E-03
  -6.69956207E-03
  -6.69956207E-03
  -6.59942627E-03
  -6.50024414E-03
  -6.50024414E-03
  -6.49929047E-03
  -6.40010834E-03
  -6.40010834E-03
  -6.29997253E-03
  -6.29997253E-03
  -6.19983673E-03
  -6.19983673E-03
  -5.99956512E-03
  -5.90038300E-03
  -5.79929352E-03
  -5.59997559E-03
  -5.59997559E-03
  -5.49983978E-03
  -5.39970398E-03
  -5.30052185E-03
  -5.30052185E-03
  -5.29956818E-03
  -5.29956818E-03
  -5.20038605E-03
  -5.19943237E-03
  -5.19943237E-03
  -5.10025024E-03
  -5.10025024E-03
  -5.00011444E-03
  -5.00011444E-03
  -4.99916077E-03
  -4.89997864E-03
  -4.89997864E-03
  -4.59957123E-03
  -4.59957123E-03
  -4.50038910E-03
  -4.49943542E-03
  -4.39929962E-03
  -4.39929962E-03
  -4.30011749E-03
  -4.30011749E-03
  -4.19998169E-03
  -4.19998169E-03
  -4.19998169E-03
  -4.19998169E-03
  -4.19998169E-03
  -4.09984589E-03
  -3.99971008E-03
  -3.89957428E-03
  -3.79943848E-03
  -3.70025635E-03
  -3.70025635E-03
  -3.69930267E-03
  -3.60012054E-03
  -3.59916687E-03
  -3.49998474E-03
  -3.49998474E-03
  -3.39984894E-03
  -3.29971313E-03
  -3.10039520E-03
  -3.09944153E-03
  -3.00025940E-03
  -3.00025940E-03
  -2.90012360E-03
  -2.79998779E-03
  -2.79998779E-03
  -2.79998779E-03
  -2.69985199E-03
  -2.69985199E-03
  -2.69985199E-03
  -2.69985199E-03
  -2.60066986E-03
  -2.50053406E-03
  -2.50053406E-03
  -2.40039825E-03
  -2.39944458E-03
  -2.39944458E-03
  -2.30026245E-03
  -2.30026245E-03
  -2.20012665E-03
  -2.20012665E-03
  -2.20012665E-03
  -2.20012665E-03
  -2.20012665E-03
  -2.19917297E-03
  -2.09999084E-03
  -2.09999084E-03
  -2.09999084E-03
  -1.99985504E-03
  -1.99985504E-03
  -1.90067291E-03
  -1.70040131E-03
  -1.70040131E-03
  -1.60026550E-03
  -1.60026550E-03
  -1.60026550E-03
  -1.50012970E-03
  -1.49917603E-03
  -1.39999390E-03
  -1.29985809E-03
  -1.29985809E-03
  -1.20067596E-03
  -1.10054016E-03
  -1.10054016E-03
  -9.00268555E-04
  -8.00132751E-04
  -6.00814819E-04
  -5.99861145E-04
  -5.99861145E-04
  -4.99725342E-04
  -3.00407410E-04
  -2.99453735E-04
  -1.99317932E-04
  -1.99317932E-04
  -1.00135803E-04
  -1.00135803E-04
  -9.91821289E-05
   0.00000000    
   2.99453735E-04
   4.00543213E-04
   4.00543213E-04
   4.00543213E-04
   5.99861145E-04
   6.99996948E-04
   6.99996948E-04
   8.00132751E-04
   8.00132751E-04
   9.99450684E-04
   1.00040436E-03
   1.29985809E-03
   1.39999390E-03
   1.50012970E-03
   1.50012970E-03
   1.60026550E-03
   1.60026550E-03
   1.70040131E-03
   1.79958344E-03
   1.99985504E-03
   1.99985504E-03
   1.99985504E-03
   2.00080872E-03
   2.19917297E-03
   2.20012665E-03
   2.39944458E-03
   2.59971619E-03
   2.59971619E-03
   2.99930573E-03
   3.19957733E-03
   3.20053101E-03
   3.20053101E-03
   3.29971313E-03
   3.39984894E-03
   3.49998474E-03
   3.49998474E-03
   3.49998474E-03
   3.49998474E-03
   3.49998474E-03
   3.60012054E-03
   3.60012054E-03
   3.60012054E-03
   3.80039215E-03
   3.89957428E-03
   3.89957428E-03
   3.89957428E-03
   4.00066376E-03
   4.09984589E-03
   4.09984589E-03
   4.19998169E-03
   4.19998169E-03
   4.19998169E-03
   4.30011749E-03
   4.30011749E-03
   4.39929962E-03
   4.40025330E-03
   4.50038910E-03
   4.50038910E-03
   4.59957123E-03
   4.60052490E-03
   4.60052490E-03
   4.69970703E-03
   4.69970703E-03
   4.70066071E-03
   4.89997864E-03
   5.00011444E-03
   5.10025024E-03
   5.10025024E-03
   5.20038605E-03
   5.30052185E-03
   5.30052185E-03
   5.39970398E-03
   5.39970398E-03
   5.70011139E-03
   5.70011139E-03
   5.79929352E-03
   5.80024719E-03
   5.80024719E-03
   5.89942932E-03
   5.89942932E-03
   5.90038300E-03
   5.99956512E-03
   6.00051880E-03
   6.09970093E-03
   6.09970093E-03
   6.10065460E-03
   6.39915466E-03
   6.59942627E-03
   6.60037994E-03
   6.80065155E-03
   6.99996948E-03
   6.99996948E-03
   7.10010529E-03
   7.10010529E-03
   7.10010529E-03
   7.80010223E-03
   7.80010223E-03
   7.90023804E-03
   7.99942017E-03
   8.19969177E-03
   8.20064545E-03
   8.50009918E-03
   8.69941711E-03
   8.70037079E-03
   8.99982452E-03
   9.09996033E-03
   9.20009613E-03
   9.30023193E-03
   9.50050354E-03
   9.90009308E-03
   9.90009308E-03
   9.90009308E-03
   1.00994110E-02
   1.00994110E-02
   1.04007721E-02
   1.04999542E-02
   1.09004974E-02
   1.09004974E-02
   1.10006332E-02
   1.11007690E-02
   1.13000870E-02
   1.13000870E-02
   1.13000870E-02
   1.14994049E-02
   1.15995407E-02
   1.18999481E-02
   1.20000839E-02
   1.20000839E-02
   1.20000839E-02
   1.21002197E-02
   1.21002197E-02
   1.21994019E-02
   1.27992630E-02
   1.28002167E-02
   1.29003525E-02
   1.34992599E-02
   1.37996674E-02
   1.41000748E-02
   1.46999359E-02
   1.48000717E-02
   1.50995255E-02
   1.51996613E-02
   1.56002045E-02
   1.62000656E-02
   1.65004730E-02
   1.72996521E-02
   1.74999237E-02
   1.88999176E-02
   1.91001892E-02
   1.93996429E-02
   1.95007324E-02
   1.98993683E-02
   2.02999115E-02
   2.04000473E-02
   2.04992294E-02
   2.06995010E-02
   2.18000412E-02
   2.26001740E-02
   2.28996277E-02
   2.32000351E-02
   2.35996246E-02
   2.41003036E-02
   2.41003036E-02
   2.48003006E-02
   2.76994705E-02
   2.85005569E-02
   2.98995972E-02
   3.12004089E-02
   3.13997269E-02
   3.14998627E-02
   3.14998627E-02
   3.18994522E-02
   3.22008133E-02
   3.28998566E-02
   3.38001251E-02
   3.40995789E-02
   3.42998505E-02
   3.45993042E-02
   3.56998444E-02
   3.63998413E-02
   3.66001129E-02
   3.66992950E-02
   3.87001038E-02
   4.01000977E-02
   4.03003693E-02
   4.29000854E-02
   4.33998108E-02
   4.52003479E-02
   4.73003387E-02
   4.84991074E-02
   4.96997833E-02
   5.00001907E-02
   5.15003204E-02
   5.51996231E-02
   5.58996201E-02
   5.70001602E-02
   5.72004318E-02
   5.74998856E-02
   6.00004196E-02
   6.35995865E-02
   6.72006607E-02
   7.00006485E-02
   7.01999664E-02
   8.20999146E-02
   8.22000504E-02
   8.95004272E-02
   9.31005478E-02
   9.60998535E-02
   9.84001160E-02
  0.100100517    
  0.125499725    
  0.126899719    
  0.141699791    
  0.144700050    
  0.155300140    
  0.160599709    
  0.168800354    
  0.180800438    
  0.188799858    
  0.190499306    
  0.232299805    
  0.238200188    
  0.278599739    
  0.329199791    
  0.364600182    
  0.436299324    
  0.450699806    
  0.576299667    
