#Npts     Radius    Mag      Completeness
#  138 1857.5667  -14.424566 0.992806
# Verr
  -1.13000870E-02
  -1.07994080E-02
  -9.39941406E-03
  -8.59928131E-03
  -8.59928131E-03
  -8.50009918E-03
  -8.39996338E-03
  -8.29982758E-03
  -8.29982758E-03
  -8.29982758E-03
  -7.80010223E-03
  -7.69996643E-03
  -7.59983063E-03
  -6.99996948E-03
  -6.29997253E-03
  -6.09970093E-03
  -5.80024719E-03
  -5.59997559E-03
  -5.49983978E-03
  -5.40065765E-03
  -5.20038605E-03
  -4.89997864E-03
  -4.69970703E-03
  -4.50038910E-03
  -4.30011749E-03
  -4.29916382E-03
  -4.10079956E-03
  -4.09984589E-03
  -3.99971008E-03
  -3.89957428E-03
  -3.89957428E-03
  -3.80039215E-03
  -3.70025635E-03
  -3.19957733E-03
  -3.00025940E-03
  -2.90012360E-03
  -2.90012360E-03
  -2.40039825E-03
  -2.40039825E-03
  -2.09999084E-03
  -1.99985504E-03
  -1.79958344E-03
  -1.60026550E-03
  -1.39999390E-03
  -1.20067596E-03
  -1.19972229E-03
  -1.19972229E-03
  -1.00040436E-03
  -8.99314880E-04
  -8.00132751E-04
  -6.99996948E-04
  -6.99996948E-04
  -6.99996948E-04
  -6.99996948E-04
  -4.99725342E-04
  -2.00271606E-04
  -1.00135803E-04
  -1.00135803E-04
   0.00000000    
   1.00135803E-04
   2.00271606E-04
   2.99453735E-04
   3.00407410E-04
   3.00407410E-04
   3.99589539E-04
   4.99725342E-04
   5.99861145E-04
   8.00132751E-04
   9.00268555E-04
   9.99450684E-04
   1.10054016E-03
   1.29985809E-03
   1.50012970E-03
   1.59931183E-03
   1.60026550E-03
   1.60026550E-03
   1.69944763E-03
   1.80053711E-03
   1.89971924E-03
   2.09999084E-03
   2.09999084E-03
   2.40039825E-03
   2.49958038E-03
   2.50053406E-03
   2.79998779E-03
   2.79998779E-03
   2.89916992E-03
   2.90012360E-03
   2.90012360E-03
   3.00025940E-03
   3.39984894E-03
   3.39984894E-03
   3.49998474E-03
   3.60012054E-03
   3.60012054E-03
   3.89957428E-03
   3.89957428E-03
   3.99971008E-03
   4.00066376E-03
   4.19998169E-03
   4.40025330E-03
   4.40025330E-03
   4.69970703E-03
   4.89997864E-03
   5.19943237E-03
   5.19943237E-03
   5.29956818E-03
   5.49983978E-03
   5.49983978E-03
   5.69915771E-03
   6.00051880E-03
   6.29997253E-03
   6.39915466E-03
   6.40010834E-03
   6.50024414E-03
   6.79969788E-03
   6.99996948E-03
   7.10010529E-03
   7.30037689E-03
   8.09955597E-03
   8.09955597E-03
   8.39996338E-03
   8.90064240E-03
   9.09996033E-03
   9.30023193E-03
   1.07002258E-02
   1.14994049E-02
   1.15995407E-02
   1.37004852E-02
   1.46999359E-02
   1.62000656E-02
   1.62992477E-02
   1.87005997E-02
   2.15005875E-02
   2.55002975E-02
   2.79998779E-02
   3.91998291E-02
   5.09004593E-02
