#Npts     Radius    Mag      Completeness
#   71  435.3671  -14.281282 0.959459
# Verr
 -0.571599960    
 -0.113299370    
  -6.63003922E-02
  -5.78994751E-02
  -1.63002014E-02
  -1.49002075E-02
  -1.43003464E-02
  -1.42002106E-02
  -1.16996765E-02
  -1.00002289E-02
  -9.79995728E-03
  -9.09996033E-03
  -8.90064240E-03
  -8.29982758E-03
  -7.59983063E-03
  -5.70011139E-03
  -5.49983978E-03
  -5.00011444E-03
  -2.49958038E-03
  -2.49958038E-03
  -9.91821289E-05
   2.09999084E-03
   3.39984894E-03
   3.49998474E-03
   3.60012054E-03
   3.70025635E-03
   4.79984283E-03
   5.20038605E-03
   6.19983673E-03
   7.49969482E-03
   8.50009918E-03
   8.99982452E-03
   9.09996033E-03
   1.02996826E-02
   1.22003555E-02
   1.24998093E-02
   1.29003525E-02
   1.44996643E-02
   1.64995193E-02
   1.66997910E-02
   1.70001984E-02
   1.85995102E-02
   2.08005905E-02
   2.12001801E-02
   2.36005783E-02
   2.40001678E-02
   2.52990723E-02
   2.77996063E-02
   2.83002853E-02
   2.89001465E-02
   3.28998566E-02
   3.29999924E-02
   3.90996933E-02
   3.92999649E-02
   4.31003571E-02
   4.51002121E-02
   4.53996658E-02
   4.67996597E-02
   4.94003296E-02
   5.50994873E-02
   6.03008270E-02
   6.13002777E-02
   6.17008209E-02
   9.63001251E-02
  0.111200333    
  0.163499832    
  0.201300621    
  0.328300476    
  0.405699730    
  0.409599304    
  0.655699730    
