#Npts     Radius    Mag      Completeness
#  148 2123.4036  -13.720000 1.000000
# Ierr
  -2.60925293E-02
  -1.52988434E-02
  -1.33085251E-02
  -1.27277374E-02
  -1.26028061E-02
  -1.12981796E-02
  -7.68566132E-03
  -6.79969788E-03
  -6.20651245E-03
  -5.95855713E-03
  -5.83553314E-03
  -5.26142120E-03
  -4.74262238E-03
  -4.68826294E-03
  -4.33826447E-03
  -4.28295135E-03
  -3.95584106E-03
  -2.99739838E-03
  -2.72464752E-03
  -2.36606598E-03
  -2.31742859E-03
  -2.03800201E-03
  -1.73282623E-03
  -1.42192841E-03
  -1.30653381E-03
  -1.10530853E-03
  -1.04331970E-03
  -1.03759766E-03
  -9.15527344E-04
  -8.46862793E-04
  -7.72476196E-04
  -6.58035278E-04
  -5.39779663E-04
  -2.60353088E-04
  -9.34600830E-05
  -7.62939453E-05
   2.09808350E-05
   1.62124634E-04
   2.05039978E-04
   4.14848328E-04
   5.35964966E-04
   1.01184845E-03
   1.11389160E-03
   1.14536285E-03
   1.17301941E-03
   1.71089172E-03
   1.83391571E-03
   1.90544128E-03
   1.94263458E-03
   2.05612183E-03
   2.26688385E-03
   2.36225128E-03
   2.38609314E-03
   2.45285034E-03
   2.45571136E-03
   2.61497498E-03
   2.61592865E-03
   2.64072418E-03
   2.67887115E-03
   2.69126892E-03
   2.69794464E-03
   2.76279449E-03
   2.79617310E-03
   2.85625458E-03
   2.86197662E-03
   2.97451019E-03
   3.23200226E-03
   3.30162048E-03
   3.37791443E-03
   3.39698792E-03
   3.43894958E-03
   3.64017487E-03
   3.83281708E-03
   3.87668610E-03
   3.87954712E-03
   3.92627716E-03
   3.97777557E-03
   4.00352478E-03
   4.08363342E-03
   4.09698486E-03
   4.14371490E-03
   4.14752960E-03
   4.17137146E-03
   4.25052643E-03
   4.34780121E-03
   4.38022614E-03
   4.38022614E-03
   4.39357758E-03
   4.43363190E-03
   4.60815430E-03
   4.79030609E-03
   4.79030609E-03
   4.79030609E-03
   4.86755371E-03
   4.87899780E-03
   4.91046906E-03
   4.98580933E-03
   5.07354736E-03
   5.10311127E-03
   5.18608093E-03
   5.18608093E-03
   5.23281097E-03
   5.45406342E-03
   5.48553467E-03
   5.61428070E-03
   5.74970245E-03
   5.79833984E-03
   5.84411621E-03
   5.87177277E-03
   5.93852997E-03
   6.01100922E-03
   6.03389740E-03
   6.15787506E-03
   6.17408752E-03
   6.27517700E-03
   6.34384155E-03
   6.47258759E-03
   6.48117065E-03
   6.92558289E-03
   6.96945190E-03
   7.05146790E-03
   7.05432892E-03
   7.07912445E-03
   7.55977631E-03
   7.78198242E-03
   8.17871094E-03
   8.50200653E-03
   8.65650177E-03
   8.72516632E-03
   8.78047943E-03
   8.79383087E-03
   9.08470154E-03
   9.10949707E-03
   9.12475586E-03
   9.27162170E-03
   9.43279266E-03
   9.58919525E-03
   9.89627838E-03
   9.89627838E-03
   1.00145340E-02
   1.00202560E-02
   1.02224350E-02
   1.03445053E-02
   1.07173920E-02
   1.10092163E-02
   1.26953125E-02
   1.35517120E-02
   2.16035843E-02
