#Npts     Radius    Mag      Completeness
#  388 1704.7042  -12.946000 1.000000
# Ierr
  -3.77159119E-02
  -3.18956375E-02
  -2.04944611E-02
  -2.04772949E-02
  -1.97458267E-02
  -1.84946060E-02
  -1.63278580E-02
  -1.61590576E-02
  -1.46617889E-02
  -1.43947601E-02
  -1.34687424E-02
  -1.19199753E-02
  -1.18923187E-02
  -1.17635727E-02
  -1.12333298E-02
  -1.10349655E-02
  -1.09252930E-02
  -1.07126236E-02
  -1.05524063E-02
  -1.04074478E-02
  -9.47475433E-03
  -9.40227509E-03
  -8.76235962E-03
  -8.53443146E-03
  -8.31508636E-03
  -7.58171082E-03
  -7.36904144E-03
  -7.33566284E-03
  -7.15541840E-03
  -6.77013397E-03
  -6.63185120E-03
  -6.47068024E-03
  -6.03961945E-03
  -5.99479675E-03
  -5.73253632E-03
  -5.49602509E-03
  -5.27667999E-03
  -5.24139404E-03
  -4.85801697E-03
  -4.83989716E-03
  -4.75692749E-03
  -4.71591949E-03
  -4.56333160E-03
  -4.53472137E-03
  -4.32491302E-03
  -4.20761108E-03
  -4.19998169E-03
  -4.17232513E-03
  -4.04167175E-03
  -3.93772125E-03
  -3.88240814E-03
  -3.85189056E-03
  -3.81660461E-03
  -3.79943848E-03
  -3.74794006E-03
  -3.68022919E-03
  -3.48758698E-03
  -3.43036652E-03
  -3.39984894E-03
  -3.37409973E-03
  -3.35693359E-03
  -3.33976746E-03
  -3.33499908E-03
  -3.29685211E-03
  -3.18908691E-03
  -3.17859650E-03
  -3.17859650E-03
  -3.07083130E-03
  -3.03554535E-03
  -2.94208527E-03
  -2.94017792E-03
  -2.92015076E-03
  -2.89821625E-03
  -2.87628174E-03
  -2.86960602E-03
  -2.84385681E-03
  -2.79712677E-03
  -2.72750854E-03
  -2.69985199E-03
  -2.55775452E-03
  -2.50434875E-03
  -2.47859955E-03
  -2.43854523E-03
  -2.40993500E-03
  -2.32696533E-03
  -2.29740143E-03
  -2.26116180E-03
  -2.23636627E-03
  -2.16007233E-03
  -2.01320648E-03
  -1.98459625E-03
  -1.94168091E-03
  -1.92832947E-03
  -1.89971924E-03
  -1.88541412E-03
  -1.88541412E-03
  -1.86729431E-03
  -1.84917450E-03
  -1.69086456E-03
  -1.61552429E-03
  -1.56879425E-03
  -1.50108337E-03
  -1.48487091E-03
  -1.46293640E-03
  -1.41143799E-03
  -1.34086609E-03
  -1.32083893E-03
  -1.31988525E-03
  -1.30176544E-03
  -1.21498108E-03
  -1.21498108E-03
  -1.20639801E-03
  -1.19972229E-03
  -1.15489960E-03
  -1.13391876E-03
  -9.66072083E-04
  -9.30786133E-04
  -8.44001770E-04
  -8.44001770E-04
  -8.28742981E-04
  -7.70568848E-04
  -7.38143921E-04
  -7.20977783E-04
  -5.74111938E-04
  -5.47409058E-04
  -5.42640686E-04
  -5.39779663E-04
  -5.30242920E-04
  -5.17845154E-04
  -5.17845154E-04
  -5.03540039E-04
  -4.30107117E-04
  -3.81469727E-04
  -2.71797180E-04
  -2.71797180E-04
  -2.61306763E-04
  -2.61306763E-04
  -2.50816345E-04
  -1.20162964E-04
  -4.57763672E-05
  -2.57492065E-05
  -9.53674316E-07
   3.05175781E-05
   4.38690186E-05
   6.00814819E-05
   1.18255615E-04
   1.68800354E-04
   2.76565552E-04
   4.60624695E-04
   4.77790833E-04
   6.15119934E-04
   6.37054443E-04
   6.82830811E-04
   6.99043274E-04
   7.06672668E-04
   7.11441040E-04
   7.61032104E-04
   7.67707825E-04
   8.39233398E-04
   8.77380371E-04
   9.13619995E-04
   9.64164734E-04
   1.06048584E-03
   1.08051300E-03
   1.09481812E-03
   1.21688843E-03
   1.22547150E-03
   1.25026703E-03
   1.39141083E-03
   1.39904022E-03
   1.42192841E-03
   1.51348114E-03
   1.58023834E-03
   1.58882141E-03
   1.61552429E-03
   1.71756744E-03
   1.73187256E-03
   1.83677673E-03
   1.94358826E-03
   1.94835663E-03
   1.94931030E-03
   2.02751160E-03
   2.07901001E-03
   2.21729279E-03
   2.25257874E-03
   2.26593018E-03
   2.31742859E-03
   2.33268738E-03
   2.36892700E-03
   2.37655640E-03
   2.41184235E-03
   2.45475769E-03
   2.47859955E-03
   2.47859955E-03
   2.50434875E-03
   2.57396698E-03
   2.57778168E-03
   2.58159637E-03
   2.61306763E-03
   2.63500214E-03
   2.63690948E-03
   2.66456604E-03
   2.68745422E-03
   2.74467468E-03
   2.82669067E-03
   2.86960602E-03
   3.00407410E-03
   3.11565399E-03
   3.13568115E-03
   3.23867798E-03
   3.25107574E-03
   3.27396393E-03
   3.29494476E-03
   3.33595276E-03
   3.41796875E-03
   3.42082977E-03
   3.45039368E-03
   3.59630585E-03
   3.71551514E-03
   3.74126434E-03
   3.77082825E-03
   3.77559662E-03
   3.79467010E-03
   3.81469727E-03
   3.84426117E-03
   3.86524200E-03
   3.88050079E-03
   3.89575958E-03
   3.90243530E-03
   4.00352478E-03
   4.08077240E-03
   4.09603119E-03
   4.11128998E-03
   4.11128998E-03
   4.18090820E-03
   4.18949127E-03
   4.19425964E-03
   4.21619415E-03
   4.32682037E-03
   4.37259674E-03
   4.41455841E-03
   4.45556641E-03
   4.46701050E-03
   4.47177887E-03
   4.54616547E-03
   4.59384918E-03
   4.61864471E-03
   4.73499298E-03
   4.74834442E-03
   4.76264954E-03
   4.76360321E-03
   4.78744507E-03
   4.79507446E-03
   4.86660004E-03
   4.93335724E-03
   4.98008728E-03
   5.01537323E-03
   5.03253937E-03
   5.09643555E-03
   5.10311127E-03
   5.13935089E-03
   5.18989563E-03
   5.27191162E-03
   5.32341003E-03
   5.33294678E-03
   5.41400909E-03
   5.51414490E-03
   5.51414490E-03
   5.53226471E-03
   5.53321838E-03
   5.53417206E-03
   5.55801392E-03
   5.57899475E-03
   5.58090210E-03
   5.59329987E-03
   5.65528870E-03
   5.68962097E-03
   5.72490692E-03
   5.74016571E-03
   5.77831268E-03
   5.83267212E-03
   5.87749481E-03
   6.00051880E-03
   6.03389740E-03
   6.09970093E-03
   6.16645813E-03
   6.19220734E-03
   6.21318817E-03
   6.21700287E-03
   6.23321533E-03
   6.33335114E-03
   6.34002686E-03
   6.37340546E-03
   6.42776489E-03
   6.47354126E-03
   6.53171539E-03
   6.54697418E-03
   6.57463074E-03
   6.64424896E-03
   6.65092468E-03
   6.69288635E-03
   6.72435760E-03
   6.73866272E-03
   6.77490234E-03
   6.86931610E-03
   7.03334808E-03
   7.07817078E-03
   7.09247589E-03
   7.09247589E-03
   7.15446472E-03
   7.17258453E-03
   7.22312927E-03
   7.37285614E-03
   7.37571716E-03
   7.65228271E-03
   7.69042969E-03
   7.69996643E-03
   7.75337219E-03
   7.80200958E-03
   7.96127319E-03
   7.99274445E-03
   8.06999207E-03
   8.21495056E-03
   8.22925568E-03
   8.24356079E-03
   8.30745697E-03
   8.33225250E-03
   8.34178925E-03
   8.37326050E-03
   8.37612152E-03
   8.43811035E-03
   8.47148895E-03
   8.57353210E-03
   8.60691071E-03
   8.76045227E-03
   8.76712799E-03
   8.77189636E-03
   8.81481171E-03
   8.88347626E-03
   8.88729095E-03
   9.09709930E-03
   9.22203064E-03
   9.35745239E-03
   9.40895081E-03
   9.44423676E-03
   9.48047638E-03
   9.70458984E-03
   9.75227356E-03
   1.00278854E-02
   1.00278854E-02
   1.00717545E-02
   1.00917816E-02
   1.01585388E-02
   1.02767944E-02
   1.02815628E-02
   1.03845596E-02
   1.03893280E-02
   1.06096268E-02
   1.08261108E-02
   1.08299255E-02
   1.08575821E-02
   1.15995407E-02
   1.16186142E-02
   1.17101669E-02
   1.19085312E-02
   1.19180679E-02
   1.22013092E-02
   1.26209259E-02
   1.27086639E-02
   1.27668381E-02
   1.28307343E-02
   1.30186081E-02
   1.33285522E-02
   1.36117935E-02
   1.38359070E-02
   1.39293671E-02
   1.39808655E-02
   1.40743256E-02
   1.44462585E-02
   1.51958466E-02
   1.57461166E-02
   1.57527924E-02
   1.57680511E-02
   1.76410675E-02
   1.77669525E-02
   2.00605392E-02
   2.11372375E-02
   2.59704590E-02
