#Npts     Radius    Mag      Completeness
#   65 2123.4036  -15.010000 1.000000
# Ierr
  -3.22666168E-02
  -2.88276672E-02
  -1.44176483E-02
  -1.19800568E-02
  -1.02100372E-02
  -9.72270966E-03
  -8.59737396E-03
  -8.45909119E-03
  -8.33320618E-03
  -8.19778442E-03
  -7.81154633E-03
  -7.72476196E-03
  -6.55460358E-03
  -6.36482239E-03
  -5.58185577E-03
  -4.72736359E-03
  -4.71878052E-03
  -4.59384918E-03
  -4.56523895E-03
  -4.46701050E-03
  -4.46414948E-03
  -4.39357758E-03
  -4.15802002E-03
  -3.53717804E-03
  -3.34453583E-03
  -3.02028656E-03
  -2.98500061E-03
  -2.75516510E-03
  -2.34413147E-03
  -2.32982635E-03
  -2.29263306E-03
  -2.24208832E-03
  -2.23731995E-03
  -2.05516815E-03
  -1.82437897E-03
  -1.22833252E-03
  -7.85827637E-04
  -6.58035278E-04
  -4.86373901E-04
   1.09672546E-04
   3.31878662E-04
   4.22477722E-04
   5.35011292E-04
   5.97953796E-04
   1.22070312E-03
   1.23310089E-03
   1.42478943E-03
   1.78623199E-03
   2.26783752E-03
   2.58731842E-03
   3.32832336E-03
   3.52287292E-03
   3.71074677E-03
   4.17423248E-03
   4.86278534E-03
   4.91237640E-03
   6.21223450E-03
   6.22749329E-03
   1.30157471E-02
   1.52664185E-02
   2.03418732E-02
   2.38246918E-02
   2.38246918E-02
   3.01055908E-02
   3.03621292E-02
