#Npts     Radius    Mag      Completeness
#   51 1286.0050  -14.752000 1.000000
# Ierr
  -1.32741928E-02
  -1.31893158E-02
  -1.12438202E-02
  -1.11274719E-02
  -1.01585388E-02
  -9.68837738E-03
  -9.50908661E-03
  -8.21876526E-03
  -7.87162781E-03
  -6.51550293E-03
  -6.42013550E-03
  -6.10542297E-03
  -6.05964661E-03
  -5.19180298E-03
  -4.64534760E-03
  -4.49466705E-03
  -4.33826447E-03
  -3.62014771E-03
  -3.24726105E-03
  -3.16905975E-03
  -2.42996216E-03
  -2.38800049E-03
  -2.23350525E-03
  -1.98745728E-03
  -1.62982941E-03
  -1.04999542E-03
  -8.59260559E-04
  -8.21113586E-04
   5.42640686E-04
   5.97000122E-04
   6.61849976E-04
   9.16481018E-04
   3.47423553E-03
   4.07028198E-03
   4.19425964E-03
   4.40120697E-03
   4.93717194E-03
   5.99479675E-03
   6.31713867E-03
   8.05473328E-03
   8.20636749E-03
   8.46958160E-03
   9.38510895E-03
   9.80949402E-03
   1.00708008E-02
   1.02996826E-02
   1.27391815E-02
   1.68561935E-02
   1.85747147E-02
   2.99358368E-02
   3.39508057E-02
