#Npts     Radius    Mag      Completeness
#  300 1914.0538  -13.204000 1.000000
# Ierr
  -2.91976929E-02
  -2.91166306E-02
  -2.80351639E-02
  -2.73265839E-02
  -2.16960907E-02
  -1.42860413E-02
  -1.36117935E-02
  -1.28183365E-02
  -1.17540359E-02
  -1.14202499E-02
  -1.04122162E-02
  -1.04045868E-02
  -1.01947784E-02
  -1.00555420E-02
  -9.96875763E-03
  -9.80472565E-03
  -8.90541077E-03
  -8.46767426E-03
  -8.42189789E-03
  -7.90309906E-03
  -7.74860382E-03
  -7.05623627E-03
  -6.90364838E-03
  -6.44207001E-03
  -6.23989105E-03
  -5.91373444E-03
  -5.47313690E-03
  -5.29098511E-03
  -4.93431091E-03
  -4.74929810E-03
  -4.62245941E-03
  -4.37068939E-03
  -4.21047211E-03
  -4.10556793E-03
  -4.00543213E-03
  -3.95679474E-03
  -3.81565094E-03
  -3.73744965E-03
  -3.62586975E-03
  -3.61156464E-03
  -3.60012054E-03
  -3.43990326E-03
  -3.32355499E-03
  -3.20720673E-03
  -3.10230255E-03
  -3.07273865E-03
  -3.03173065E-03
  -2.98881531E-03
  -2.91633606E-03
  -2.91442871E-03
  -2.76660919E-03
  -2.74181366E-03
  -2.38418579E-03
  -2.37083435E-03
  -2.33936310E-03
  -1.44386292E-03
  -1.40094757E-03
  -1.28936768E-03
  -1.20830536E-03
  -1.08528137E-03
  -9.56535339E-04
  -9.15527344E-04
  -8.85009766E-04
  -8.56399536E-04
  -8.55445862E-04
  -8.17298889E-04
  -7.60078430E-04
  -5.75065613E-04
  -3.58581543E-04
  -3.49998474E-04
  -3.27110291E-04
  -2.91824341E-04
  -2.49862671E-04
  -2.00271606E-04
  -5.14984131E-05
  -3.24249268E-05
   9.53674316E-06
   9.34600830E-05
   1.24931335E-04
   1.30653381E-04
   3.56674194E-04
   3.88145447E-04
   4.17709351E-04
   5.17845154E-04
   5.88417053E-04
   7.61032104E-04
   8.19206238E-04
   8.91685486E-04
   8.92639160E-04
   9.37461853E-04
   1.09481812E-03
   1.18350983E-03
   1.22261047E-03
   1.28746033E-03
   1.32846832E-03
   1.34277344E-03
   1.37329102E-03
   1.47247314E-03
   1.50108337E-03
   1.54018402E-03
   1.58786774E-03
   1.64890289E-03
   1.70326233E-03
   1.70326233E-03
   1.71279907E-03
   1.71947479E-03
   1.88636780E-03
   1.91402435E-03
   1.97601318E-03
   2.02274323E-03
   2.04753876E-03
   2.08473206E-03
   2.09903717E-03
   2.10762024E-03
   2.14958191E-03
   2.16388702E-03
   2.20680237E-03
   2.22492218E-03
   2.22492218E-03
   2.24113464E-03
   2.25257874E-03
   2.31361389E-03
   2.32124329E-03
   2.33840942E-03
   2.39753723E-03
   2.42328644E-03
   2.47478485E-03
   2.48050690E-03
   2.54535675E-03
   2.54726410E-03
   2.55489349E-03
   2.58731842E-03
   2.62451172E-03
   2.69031525E-03
   2.73418427E-03
   2.79140472E-03
   2.82764435E-03
   2.87723541E-03
   2.94303894E-03
   2.95352936E-03
   2.95734406E-03
   2.97355652E-03
   3.08418274E-03
   3.14331055E-03
   3.14903259E-03
   3.22055817E-03
   3.34262848E-03
   3.45611572E-03
   3.48758698E-03
   3.52001190E-03
   3.65352631E-03
   3.67259979E-03
   3.68309021E-03
   3.73363495E-03
   3.82709503E-03
   3.85093689E-03
   3.86810303E-03
   3.87668610E-03
   3.90529633E-03
   3.94821167E-03
   3.98635864E-03
   4.00543213E-03
   4.02069092E-03
   4.02736664E-03
   4.03594971E-03
   4.12368774E-03
   4.22286987E-03
   4.22382355E-03
   4.23908234E-03
   4.27436829E-03
   4.28771973E-03
   4.32777405E-03
   4.35733795E-03
   4.39929962E-03
   4.40025330E-03
   4.44316864E-03
   4.45556641E-03
   4.48036194E-03
   4.52136993E-03
   4.54425812E-03
   4.56142426E-03
   4.69303131E-03
   4.71973419E-03
   4.82463837E-03
   4.85610962E-03
   4.85610962E-03
   4.94861603E-03
   4.96006012E-03
   5.03444672E-03
   5.03444672E-03
   5.05447388E-03
   5.05924225E-03
   5.06782532E-03
   5.08975983E-03
   5.09929657E-03
   5.12409210E-03
   5.14221191E-03
   5.14698029E-03
   5.15651703E-03
   5.20229340E-03
   5.23948669E-03
   5.32627106E-03
   5.32722473E-03
   5.33580780E-03
   5.35583496E-03
   5.38730621E-03
   5.39398193E-03
   5.42259216E-03
   5.45501709E-03
   5.46073914E-03
   5.48648834E-03
   5.49888611E-03
   5.49983978E-03
   5.51509857E-03
   5.51986694E-03
   5.52368164E-03
   5.54466248E-03
   5.61141968E-03
   5.62572479E-03
   5.64289093E-03
   5.82408905E-03
   5.82695007E-03
   5.85651398E-03
   5.87177277E-03
   5.90610504E-03
   5.92994690E-03
   5.93662262E-03
   5.96046448E-03
   6.02722168E-03
   6.02722168E-03
   6.09397888E-03
   6.14356995E-03
   6.23130798E-03
   6.25801086E-03
   6.34002686E-03
   6.36672974E-03
   6.49452209E-03
   6.51073456E-03
   6.52217865E-03
   6.53934479E-03
   6.58035278E-03
   6.68907166E-03
   6.70146942E-03
   6.71386719E-03
   6.83021545E-03
   6.93321228E-03
   6.96086884E-03
   7.03620911E-03
   7.11345673E-03
   7.14683533E-03
   7.17163086E-03
   7.28797913E-03
   7.32326508E-03
   7.33661652E-03
   7.39192963E-03
   7.59887695E-03
   7.68089294E-03
   7.68089294E-03
   7.75909424E-03
   7.80010223E-03
   7.81250000E-03
   7.90405273E-03
   7.96890259E-03
   7.97176361E-03
   7.97843933E-03
   8.03947449E-03
   8.05854797E-03
   8.21876526E-03
   8.25405121E-03
   8.33034515E-03
   8.33892822E-03
   8.43048096E-03
   8.43238831E-03
   8.51249695E-03
   8.59355927E-03
   8.75473022E-03
   8.81767273E-03
   8.87203217E-03
   8.96453857E-03
   8.98742676E-03
   9.22966003E-03
   9.39178467E-03
   9.41467285E-03
   9.47189331E-03
   9.62257385E-03
   9.98687744E-03
   1.04303360E-02
   1.05848312E-02
   1.05848312E-02
   1.07364655E-02
   1.10054016E-02
   1.10712051E-02
   1.13859177E-02
   1.19419098E-02
   1.20306015E-02
   1.21717453E-02
   1.29995346E-02
   2.24227905E-02
   2.83327103E-02
   3.40108871E-02
