#Npts     Radius    Mag      Completeness
#   27 2123.4036  -14.494000 1.000000
# Ierr
  -1.32484436E-02
  -1.21603012E-02
  -9.68742371E-03
  -8.77475739E-03
  -8.46958160E-03
  -5.47313690E-03
  -4.86469269E-03
  -4.30011749E-03
  -3.40366364E-03
  -3.24249268E-03
  -2.86865234E-03
  -2.50625610E-03
  -1.25503540E-03
  -4.15802002E-04
  -3.04222107E-04
   6.00814819E-05
   1.45721436E-03
   1.51920319E-03
   2.60162354E-03
   3.11470032E-03
   3.53622437E-03
   3.63540649E-03
   6.32667542E-03
   7.18688965E-03
   9.99546051E-03
   1.31139755E-02
   3.16228867E-02
