#Npts     Radius    Mag      Completeness
#   38 1914.0538  -14.494000 1.000000
# Ierr
  -1.30825043E-02
  -1.29032135E-02
  -1.21192932E-02
  -1.12037659E-02
  -1.05133057E-02
  -1.00812912E-02
  -9.54055786E-03
  -9.49668884E-03
  -8.94165039E-03
  -7.40242004E-03
  -7.27558136E-03
  -6.95896149E-03
  -6.09970093E-03
  -6.09874725E-03
  -5.40637970E-03
  -4.73499298E-03
  -4.37259674E-03
  -3.95965576E-03
  -3.94439697E-03
  -3.58104706E-03
  -3.15189362E-03
  -2.50244141E-03
  -1.55162811E-03
  -9.49859619E-04
  -4.10079956E-05
   4.89234924E-04
   7.00950623E-04
   8.24928284E-04
   1.42955780E-03
   1.69277191E-03
   1.79004669E-03
   2.14099884E-03
   3.40843201E-03
   4.34303284E-03
   5.22041321E-03
   6.88743591E-03
   8.21495056E-03
   2.96335220E-02
