#Npts     Radius    Mag      Completeness
#   23 1484.5321  -14.695090 1.000000
# Ierr
  -2.20785141E-02
  -1.30262375E-02
  -1.09853745E-02
  -9.89341736E-03
  -9.09900665E-03
  -8.48960876E-03
  -7.96985626E-03
  -5.38921356E-03
  -4.07695770E-03
  -3.33786011E-03
  -2.86102295E-03
  -1.68704987E-03
  -1.44767761E-03
  -9.55581665E-04
   9.53674316E-07
   1.12628937E-03
   1.62696838E-03
   3.19385529E-03
   4.03499603E-03
   6.58416748E-03
   6.67476654E-03
   1.17502213E-02
   1.29709244E-02
