#Npts     Radius    Mag      Completeness
#   48  861.0287  -14.379182 1.000000
# Ierr
  -1.07097626E-02
  -8.03756714E-03
  -7.15541840E-03
  -6.17504120E-03
  -5.16986847E-03
  -4.50515747E-03
  -3.61156464E-03
  -3.42750549E-03
  -3.10897827E-03
  -2.99167633E-03
  -2.95829773E-03
  -2.90584564E-03
  -2.54726410E-03
  -1.93691254E-03
  -1.63078308E-03
  -1.39141083E-03
  -1.38950348E-03
  -7.98225403E-04
  -7.89642334E-04
  -6.29425049E-04
  -4.11987305E-04
  -2.77519226E-04
  -1.78337097E-04
   2.03132629E-04
   5.03540039E-04
   8.48770142E-04
   1.19686127E-03
   1.64794922E-03
   1.70135498E-03
   1.70230865E-03
   1.75571442E-03
   2.27737427E-03
   2.38609314E-03
   2.47573853E-03
   2.52819061E-03
   2.76565552E-03
   3.89194489E-03
   4.36401367E-03
   4.90665436E-03
   5.58280945E-03
   6.29520416E-03
   6.32476807E-03
   7.21263885E-03
   7.23934174E-03
   9.24968719E-03
   1.74226761E-02
   1.92899704E-02
   2.87895203E-02
