#Npts     Radius    Mag      Completeness
#  132 1068.8632  -13.431454 1.000000
# Ierr
  -2.27174759E-02
  -1.93662643E-02
  -1.89065933E-02
  -1.80015564E-02
  -1.77984238E-02
  -1.75848007E-02
  -1.73912048E-02
  -1.61294937E-02
  -1.55897141E-02
  -1.43365860E-02
  -1.40275955E-02
  -1.36632919E-02
  -1.33819580E-02
  -1.33390427E-02
  -1.33314133E-02
  -1.25608444E-02
  -1.21335983E-02
  -1.18122101E-02
  -1.17282867E-02
  -1.16882324E-02
  -1.14231110E-02
  -1.07278824E-02
  -1.05352402E-02
  -1.04675293E-02
  -1.04274750E-02
  -1.00183487E-02
  -9.90104675E-03
  -9.60445404E-03
  -9.54627991E-03
  -9.29546356E-03
  -9.22775269E-03
  -8.93497467E-03
  -8.81767273E-03
  -8.76522064E-03
  -8.54015350E-03
  -8.43811035E-03
  -8.12721252E-03
  -7.92407990E-03
  -7.85160065E-03
  -7.71331787E-03
  -7.60555267E-03
  -7.57122040E-03
  -7.54642487E-03
  -7.48348236E-03
  -7.29942322E-03
  -7.29942322E-03
  -7.13920593E-03
  -7.07340240E-03
  -6.87694550E-03
  -6.82544708E-03
  -6.70146942E-03
  -6.58893585E-03
  -5.81169128E-03
  -5.78498840E-03
  -5.75542450E-03
  -5.55038452E-03
  -5.39493561E-03
  -5.39398193E-03
  -5.13553619E-03
  -4.82368469E-03
  -4.64344025E-03
  -4.59671021E-03
  -4.54902649E-03
  -4.37355042E-03
  -4.33158875E-03
  -4.24098969E-03
  -4.17518616E-03
  -4.06932831E-03
  -3.84807587E-03
  -3.52764130E-03
  -3.44181061E-03
  -3.11756134E-03
  -2.92873383E-03
  -2.84099579E-03
  -2.81715393E-03
  -2.34127045E-03
  -2.03609467E-03
  -1.98173523E-03
  -1.78909302E-03
  -1.68991089E-03
  -1.24263763E-03
  -1.19590759E-03
  -7.46726990E-04
  -6.78062439E-04
  -6.71386719E-04
  -6.55174255E-04
  -4.10079956E-04
  -3.37600708E-04
  -3.23295593E-04
   4.86373901E-05
   6.29425049E-05
   6.38961792E-05
   3.70979309E-04
   5.59806824E-04
   6.08444214E-04
   8.45909119E-04
   1.33800507E-03
   1.49631500E-03
   1.56402588E-03
   1.74713135E-03
   1.82914734E-03
   2.03132629E-03
   2.32696533E-03
   2.34794617E-03
   2.45571136E-03
   2.72941589E-03
   2.83241272E-03
   2.96401978E-03
   3.01074982E-03
   3.40080261E-03
   3.51905823E-03
   3.56197357E-03
   4.01687622E-03
   4.07981873E-03
   4.10842896E-03
   4.16660309E-03
   4.66346741E-03
   5.36060333E-03
   5.67531586E-03
   6.09302521E-03
   6.25896454E-03
   7.42435455E-03
   7.73143768E-03
   8.52870941E-03
   9.49478149E-03
   9.60922241E-03
   1.04274750E-02
   1.15108490E-02
   1.15652084E-02
   1.16634369E-02
   2.67572403E-02
   3.17316055E-02
