#Npts     Radius    Mag      Completeness
#  691  653.1942  -12.483727 1.000000
# Ierr
  -3.71131897E-02
  -3.69672775E-02
  -3.60021591E-02
  -3.43542099E-02
  -3.37514877E-02
  -3.17659378E-02
  -3.16820145E-02
  -3.05461884E-02
  -3.05385590E-02
  -2.75049210E-02
  -2.73504257E-02
  -2.56204605E-02
  -2.53496170E-02
  -2.50520706E-02
  -2.49605179E-02
  -2.41136551E-02
  -2.39505768E-02
  -2.38723755E-02
  -2.28500366E-02
  -2.28013992E-02
  -2.19192505E-02
  -2.18906403E-02
  -2.17056274E-02
  -2.14939117E-02
  -2.11210251E-02
  -2.04935074E-02
  -2.00185776E-02
  -1.98688507E-02
  -1.94959641E-02
  -1.90820694E-02
  -1.90143585E-02
  -1.84831619E-02
  -1.84612274E-02
  -1.76267624E-02
  -1.75600052E-02
  -1.74760818E-02
  -1.74026489E-02
  -1.71775818E-02
  -1.68457031E-02
  -1.63249969E-02
  -1.63135529E-02
  -1.62525177E-02
  -1.52807236E-02
  -1.52225494E-02
  -1.45196915E-02
  -1.44186020E-02
  -1.43241882E-02
  -1.42335892E-02
  -1.40943527E-02
  -1.38225555E-02
  -1.37605667E-02
  -1.37290955E-02
  -1.35450363E-02
  -1.34572983E-02
  -1.34153366E-02
  -1.32226944E-02
  -1.29222870E-02
  -1.28517151E-02
  -1.27048492E-02
  -1.25560760E-02
  -1.25150681E-02
  -1.23567581E-02
  -1.22032166E-02
  -1.20820999E-02
  -1.20449066E-02
  -1.17759705E-02
  -1.16662979E-02
  -1.16319656E-02
  -1.16214752E-02
  -1.16014481E-02
  -1.15909576E-02
  -1.15852356E-02
  -1.15442276E-02
  -1.12552643E-02
  -1.09300613E-02
  -1.08089447E-02
  -1.06287003E-02
  -1.06077194E-02
  -1.05266571E-02
  -1.03759766E-02
  -1.01947784E-02
  -1.00336075E-02
  -9.97638702E-03
  -9.96494293E-03
  -9.95826721E-03
  -9.88960266E-03
  -9.81235504E-03
  -9.72270966E-03
  -9.63497162E-03
  -9.55867767E-03
  -9.50622559E-03
  -9.36412811E-03
  -9.33837891E-03
  -9.13524628E-03
  -8.99696350E-03
  -8.97312164E-03
  -8.95690918E-03
  -8.95214081E-03
  -8.83007050E-03
  -8.73470306E-03
  -8.64410400E-03
  -8.63552094E-03
  -8.61740112E-03
  -8.57734680E-03
  -8.55731964E-03
  -8.48007202E-03
  -8.29601288E-03
  -8.27884674E-03
  -8.24451447E-03
  -8.23593140E-03
  -8.20255280E-03
  -8.18920135E-03
  -8.13388824E-03
  -8.10813904E-03
  -8.02707672E-03
  -7.99560547E-03
  -7.79628754E-03
  -7.75718689E-03
  -7.71045685E-03
  -7.61508942E-03
  -7.53784180E-03
  -7.49397278E-03
  -7.48920441E-03
  -7.40051270E-03
  -7.25650787E-03
  -7.23171234E-03
  -7.17067719E-03
  -7.13539124E-03
  -6.89506531E-03
  -6.85787201E-03
  -6.79206848E-03
  -6.73675537E-03
  -6.58798218E-03
  -6.51359558E-03
  -6.49833679E-03
  -6.44588470E-03
  -6.42871857E-03
  -6.40106201E-03
  -6.38294220E-03
  -6.38008118E-03
  -6.38008118E-03
  -6.31999969E-03
  -6.12449646E-03
  -6.08253479E-03
  -6.06346130E-03
  -6.03771210E-03
  -6.01100922E-03
  -5.88226318E-03
  -5.87177277E-03
  -5.85937500E-03
  -5.80596924E-03
  -5.66291809E-03
  -5.64670563E-03
  -5.63812256E-03
  -5.62763214E-03
  -5.47027588E-03
  -5.38635254E-03
  -5.36251068E-03
  -5.35964966E-03
  -5.35964966E-03
  -5.15460968E-03
  -5.13935089E-03
  -5.09357452E-03
  -5.09166718E-03
  -5.06114960E-03
  -4.99439240E-03
  -4.97436523E-03
  -4.95815277E-03
  -4.89521027E-03
  -4.86278534E-03
  -4.83798981E-03
  -4.75025177E-03
  -4.65774536E-03
  -4.65488434E-03
  -4.55379486E-03
  -4.54521179E-03
  -4.47082520E-03
  -4.45652008E-03
  -4.39739227E-03
  -4.39071655E-03
  -4.38976288E-03
  -4.35638428E-03
  -4.31060791E-03
  -4.30870056E-03
  -4.30679321E-03
  -4.26959991E-03
  -4.24003601E-03
  -4.09221649E-03
  -4.07314301E-03
  -4.00447845E-03
  -3.98826599E-03
  -3.95298004E-03
  -3.91960144E-03
  -3.79943848E-03
  -3.75843048E-03
  -3.69167328E-03
  -3.68595123E-03
  -3.67832184E-03
  -3.63540649E-03
  -3.59439850E-03
  -3.54766846E-03
  -3.50475311E-03
  -3.44848633E-03
  -3.44085693E-03
  -3.42941284E-03
  -3.38077545E-03
  -3.24153900E-03
  -3.11565399E-03
  -3.10420990E-03
  -3.01170349E-03
  -3.00216675E-03
  -2.96020508E-03
  -2.94876099E-03
  -2.94589996E-03
  -2.91347504E-03
  -2.90393829E-03
  -2.89058685E-03
  -2.88105011E-03
  -2.86579132E-03
  -2.79998779E-03
  -2.71606445E-03
  -2.71511078E-03
  -2.66456604E-03
  -2.65789032E-03
  -2.61402130E-03
  -2.59780884E-03
  -2.57968903E-03
  -2.48813629E-03
  -2.47859955E-03
  -2.44712830E-03
  -2.41374969E-03
  -2.38132477E-03
  -2.37178802E-03
  -2.30979919E-03
  -2.26688385E-03
  -2.24208832E-03
  -2.24018097E-03
  -2.23636627E-03
  -2.21633911E-03
  -2.18105316E-03
  -2.08377838E-03
  -2.05421448E-03
  -1.95693970E-03
  -1.92165375E-03
  -1.90734863E-03
  -1.88922882E-03
  -1.86157227E-03
  -1.84345245E-03
  -1.76715851E-03
  -1.75189972E-03
  -1.74045563E-03
  -1.73282623E-03
  -1.66225433E-03
  -1.63459778E-03
  -1.60789490E-03
  -1.56021118E-03
  -1.55162811E-03
  -1.53160095E-03
  -1.52683258E-03
  -1.52683258E-03
  -1.49154663E-03
  -1.35898590E-03
  -1.32179260E-03
  -1.29699707E-03
  -1.29604340E-03
  -1.27887726E-03
  -1.23691559E-03
  -1.23405457E-03
  -1.07860565E-03
  -1.05571747E-03
  -1.04904175E-03
  -1.00231171E-03
  -9.98497009E-04
  -9.73701477E-04
  -9.67979431E-04
  -9.57489014E-04
  -9.42230225E-04
  -9.02175903E-04
  -8.22067261E-04
  -7.95364380E-04
  -7.07626343E-04
  -6.66618347E-04
  -6.20841980E-04
  -5.83648682E-04
  -5.80787659E-04
  -5.68389893E-04
  -5.13076782E-04
  -4.62532043E-04
  -4.36782837E-04
  -4.32014465E-04
  -3.83377075E-04
  -3.66210938E-04
  -3.62396240E-04
  -3.35693359E-04
  -3.29017639E-04
  -3.28063965E-04
  -3.15666199E-04
  -2.80380249E-04
  -2.63214111E-04
  -2.27928162E-04
  -1.92642212E-04
  -1.74522400E-04
  -1.19209290E-04
  -8.48770142E-05
  -5.72204590E-05
  -3.52859497E-05
  -3.24249268E-05
   1.90734863E-05
   1.90734863E-05
   4.86373901E-05
   8.29696655E-05
   1.16348267E-04
   1.81198120E-04
   2.05039978E-04
   2.62260437E-04
   2.62260437E-04
   3.26156616E-04
   4.11033630E-04
   4.94956970E-04
   5.79833984E-04
   6.07490540E-04
   6.16073608E-04
   6.51359558E-04
   6.69479370E-04
   6.82830811E-04
   6.97135925E-04
   7.01904297E-04
   7.33375549E-04
   7.47680664E-04
   7.52449036E-04
   7.72476196E-04
   7.78198242E-04
   7.79151917E-04
   8.07762146E-04
   8.34465027E-04
   8.34465027E-04
   9.04083252E-04
   9.30786133E-04
   9.31739807E-04
   9.37461853E-04
   9.52720642E-04
   9.57489014E-04
   1.05953217E-03
   1.12247467E-03
   1.16252899E-03
   1.17778778E-03
   1.21879578E-03
   1.27029419E-03
   1.29795074E-03
   1.30939484E-03
   1.37805939E-03
   1.38950348E-03
   1.39713287E-03
   1.45435333E-03
   1.49345398E-03
   1.49917603E-03
   1.54495239E-03
   1.56116486E-03
   1.56784058E-03
   1.56879425E-03
   1.58977509E-03
   1.59645081E-03
   1.61266327E-03
   1.61361694E-03
   1.62220001E-03
   1.62792206E-03
   1.64699554E-03
   1.65748596E-03
   1.68514252E-03
   1.73187256E-03
   1.77764893E-03
   1.77764893E-03
   1.77955627E-03
   1.77955627E-03
   1.79290771E-03
   1.81102753E-03
   1.82437897E-03
   1.83296204E-03
   1.83868408E-03
   1.84726715E-03
   1.88541412E-03
   1.90258026E-03
   1.95026398E-03
   1.97792053E-03
   1.98173523E-03
   1.98459625E-03
   2.01988220E-03
   2.02369690E-03
   2.04658508E-03
   2.11238861E-03
   2.13432312E-03
   2.13527679E-03
   2.17914581E-03
   2.20203400E-03
   2.21633911E-03
   2.22301483E-03
   2.23636627E-03
   2.29167938E-03
   2.34031677E-03
   2.38704681E-03
   2.40802765E-03
   2.42900848E-03
   2.43949890E-03
   2.45380402E-03
   2.45380402E-03
   2.49481201E-03
   2.50530243E-03
   2.51579285E-03
   2.61116028E-03
   2.61306763E-03
   2.61402130E-03
   2.63404846E-03
   2.63690948E-03
   2.65312195E-03
   2.68459320E-03
   2.68459320E-03
   2.72369385E-03
   2.73418427E-03
   2.81524658E-03
   2.82478333E-03
   2.88295746E-03
   2.88677216E-03
   2.95352936E-03
   2.97832489E-03
   2.99453735E-03
   3.02410126E-03
   3.03936005E-03
   3.07559967E-03
   3.12042236E-03
   3.18527222E-03
   3.20243835E-03
   3.20816040E-03
   3.30162048E-03
   3.34835052E-03
   3.44848633E-03
   3.49140167E-03
   3.49521637E-03
   3.55052948E-03
   3.55339050E-03
   3.56674194E-03
   3.59249115E-03
   3.63063812E-03
   3.64398956E-03
   3.70597839E-03
   3.74984741E-03
   3.80229950E-03
   3.87096405E-03
   3.88526917E-03
   3.89003754E-03
   3.90529633E-03
   3.92723083E-03
   3.92913818E-03
   3.95870209E-03
   4.03213501E-03
   4.04834747E-03
   4.11033630E-03
   4.13322449E-03
   4.14466858E-03
   4.18281555E-03
   4.25243378E-03
   4.25910950E-03
   4.29248810E-03
   4.35733795E-03
   4.38880920E-03
   4.39548492E-03
   4.46128845E-03
   4.47654724E-03
   4.50325012E-03
   4.51278687E-03
   4.57477570E-03
   4.65106964E-03
   4.65202332E-03
   4.70352173E-03
   4.74643707E-03
   4.75215912E-03
   4.75406647E-03
   4.78935242E-03
   4.87041473E-03
   4.93240356E-03
   4.97436523E-03
   4.97627258E-03
   5.00011444E-03
   5.00106812E-03
   5.03540039E-03
   5.03730774E-03
   5.03921509E-03
   5.06496429E-03
   5.07640839E-03
   5.09548187E-03
   5.11646271E-03
   5.12313843E-03
   5.12695312E-03
   5.13267517E-03
   5.17654419E-03
   5.18703461E-03
   5.19466400E-03
   5.41400909E-03
   5.46646118E-03
   5.48267365E-03
   5.48362732E-03
   5.49888611E-03
   5.56278229E-03
   5.56468964E-03
   5.56850433E-03
   5.66768646E-03
   5.67817688E-03
   5.71346283E-03
   5.75447083E-03
   5.76591492E-03
   5.82218170E-03
   5.83362579E-03
   5.84030151E-03
   5.88035583E-03
   5.91373444E-03
   5.99384308E-03
   6.01291656E-03
   6.02340698E-03
   6.13498688E-03
   6.13784790E-03
   6.16264343E-03
   6.18076324E-03
   6.21700287E-03
   6.24465942E-03
   6.27613068E-03
   6.29711151E-03
   6.29997253E-03
   6.31046295E-03
   6.35242462E-03
   6.35242462E-03
   6.39724731E-03
   6.45256042E-03
   6.64615631E-03
   6.64710999E-03
   6.67095184E-03
   6.74915314E-03
   6.88076019E-03
   6.92558289E-03
   6.94370270E-03
   7.03048706E-03
   7.03525543E-03
   7.04193115E-03
   7.13157654E-03
   7.15446472E-03
   7.19165802E-03
   7.31945038E-03
   7.33661652E-03
   7.35473633E-03
   7.37380981E-03
   7.45105743E-03
   7.46917725E-03
   7.49588013E-03
   7.51495361E-03
   7.51876831E-03
   7.53879547E-03
   7.61985779E-03
   7.63702393E-03
   7.67803192E-03
   7.74860382E-03
   7.75051117E-03
   7.82775879E-03
   7.83443451E-03
   7.88021088E-03
   7.88021088E-03
   7.94601440E-03
   8.01849365E-03
   8.03470612E-03
   8.05282593E-03
   8.17394257E-03
   8.19873810E-03
   8.27503204E-03
   8.30745697E-03
   8.33129883E-03
   8.33225250E-03
   8.33606720E-03
   8.49437714E-03
   8.52012634E-03
   8.66413116E-03
   8.68892670E-03
   8.71658325E-03
   8.73947144E-03
   8.77189636E-03
   8.85200500E-03
   8.91399384E-03
   8.95214081E-03
   9.11045074E-03
   9.11235809E-03
   9.21535492E-03
   9.24110413E-03
   9.25064087E-03
   9.30118561E-03
   9.31930542E-03
   9.32216644E-03
   9.40418243E-03
   9.43470001E-03
   9.49382782E-03
   9.50622559E-03
   9.60350037E-03
   9.61017609E-03
   9.68933105E-03
   9.72652435E-03
   9.80091095E-03
   9.82570648E-03
   9.85145569E-03
   9.91821289E-03
   1.00803375E-02
   1.00936890E-02
   1.01909637E-02
   1.02224350E-02
   1.04637146E-02
   1.05571747E-02
   1.06058121E-02
   1.07431412E-02
   1.08499527E-02
   1.08623505E-02
   1.09472275E-02
   1.10054016E-02
   1.10111237E-02
   1.10406876E-02
   1.10921860E-02
   1.11351013E-02
   1.11970901E-02
   1.11970901E-02
   1.12371445E-02
   1.12390518E-02
   1.12514496E-02
   1.13296509E-02
   1.13458633E-02
   1.14288330E-02
   1.14402771E-02
   1.14402771E-02
   1.14507675E-02
   1.16128922E-02
   1.16472244E-02
   1.20267868E-02
   1.20391846E-02
   1.20935440E-02
   1.21068954E-02
   1.22461319E-02
   1.22699738E-02
   1.23386383E-02
   1.25856400E-02
   1.28440857E-02
   1.29890442E-02
   1.30300522E-02
   1.30510330E-02
   1.30624771E-02
   1.30996704E-02
   1.31235123E-02
   1.31244659E-02
   1.31444931E-02
   1.32331848E-02
   1.32884979E-02
   1.36423111E-02
   1.36947632E-02
   1.37929916E-02
   1.40810013E-02
   1.40848160E-02
   1.41372681E-02
   1.41506195E-02
   1.41639709E-02
   1.44748688E-02
   1.44853592E-02
   1.45988464E-02
   1.51433945E-02
   1.53875351E-02
   1.53942108E-02
   1.61657333E-02
   1.62124634E-02
   1.62820816E-02
   1.63812637E-02
   1.63908005E-02
   1.65195465E-02
   1.65576935E-02
   1.70850754E-02
   1.73578262E-02
   1.79185867E-02
   1.90677643E-02
   1.92565918E-02
   1.93395615E-02
   2.21290588E-02
   2.34642029E-02
   2.44159698E-02
   2.56509781E-02
   2.74429321E-02
   2.86293030E-02
   2.93302536E-02
   2.95724869E-02
   3.09085846E-02
   3.42760086E-02
   3.54499817E-02
   3.54557037E-02
