#Npts     Radius    Mag      Completeness
#   29 2990.7092  -14.494000 1.000000
# Ierr
  -2.62708664E-02
  -1.10511780E-02
  -8.31508636E-03
  -7.13253021E-03
  -6.82735443E-03
  -6.21223450E-03
  -4.37259674E-03
  -3.78608704E-03
  -3.28731537E-03
  -3.17192078E-03
  -2.31075287E-03
  -1.82723999E-03
  -1.38854980E-03
  -1.09100342E-03
  -5.36918640E-04
  -4.59671021E-04
  -4.56809998E-04
   8.67843628E-05
   8.24928284E-04
   1.69277191E-03
   2.68459320E-03
   4.10747528E-03
   6.75010681E-03
   6.80065155E-03
   8.38279724E-03
   1.00727081E-02
   1.24864578E-02
   1.82638168E-02
   2.73313522E-02
