#Npts     Radius    Mag      Completeness
#  118  448.6064  -14.752000 1.000000
# Ierr
  -3.32174301E-02
  -3.28855515E-02
  -3.26032639E-02
  -3.16810608E-02
  -3.07731628E-02
  -2.97956467E-02
  -2.97431946E-02
  -2.81314850E-02
  -2.77223587E-02
  -2.72159576E-02
  -2.65398026E-02
  -2.61669159E-02
  -2.47440338E-02
  -2.27928162E-02
  -2.15234756E-02
  -2.14452744E-02
  -2.08988190E-02
  -2.06956863E-02
  -2.03905106E-02
  -1.95684433E-02
  -1.78136826E-02
  -1.72414780E-02
  -1.68609619E-02
  -1.61962509E-02
  -1.58596039E-02
  -1.57804489E-02
  -1.54085159E-02
  -1.53169632E-02
  -1.50012970E-02
  -1.49030685E-02
  -1.44014359E-02
  -1.43756866E-02
  -1.39656067E-02
  -1.29852295E-02
  -1.29070282E-02
  -1.26047134E-02
  -1.19247437E-02
  -1.13153458E-02
  -1.13058090E-02
  -1.09758377E-02
  -1.06668472E-02
  -1.04970932E-02
  -9.67979431E-03
  -9.51576233E-03
  -9.30690765E-03
  -8.99600983E-03
  -8.37039948E-03
  -7.75909424E-03
  -7.09629059E-03
  -7.06768036E-03
  -6.83403015E-03
  -3.84807587E-03
  -3.25775146E-03
  -2.61688232E-03
  -2.57110596E-03
  -2.25925446E-03
  -2.08950043E-03
  -2.01606750E-03
  -1.79386139E-03
  -1.65557861E-03
  -1.38950348E-03
  -1.01566315E-03
  -1.00803375E-03
  -8.86917114E-04
  -4.33921814E-04
  -3.91960144E-04
  -2.07901001E-04
   5.47409058E-04
   5.96046448E-04
   6.17027283E-04
   7.97271729E-04
   1.26361847E-03
   1.30844116E-03
   1.99031830E-03
   2.21920013E-03
   2.23541260E-03
   2.49958038E-03
   3.01551819E-03
   3.08990479E-03
   5.41496277E-03
   5.71537018E-03
   6.06727600E-03
   7.53307343E-03
   7.90596008E-03
   8.50391388E-03
   8.94260406E-03
   9.54437256E-03
   1.00955963E-02
   1.05552673E-02
   1.10950470E-02
   1.13420486E-02
   1.14116669E-02
   1.14946365E-02
   1.16109848E-02
   1.19791031E-02
   1.26399994E-02
   1.31578445E-02
   1.35965347E-02
   1.56669617E-02
   1.60169601E-02
   1.63640976E-02
   1.84755325E-02
   1.92461014E-02
   1.93347931E-02
   1.96609497E-02
   2.02684402E-02
   2.04629898E-02
   2.16112137E-02
   2.23464966E-02
   2.36272812E-02
   2.61707306E-02
   2.72102356E-02
   2.83727646E-02
   2.90575027E-02
   2.97451019E-02
   3.39193344E-02
   3.43093872E-02
   3.75337601E-02
