#Npts     Radius    Mag      Completeness
#  353 2123.4036  -12.688000 1.000000
# Ierr
  -3.10525894E-02
  -2.75726318E-02
  -2.51550674E-02
  -2.51417160E-02
  -2.31485367E-02
  -2.08330154E-02
  -1.99270248E-02
  -1.98383331E-02
  -1.93586349E-02
  -1.84278488E-02
  -1.80759430E-02
  -1.61457062E-02
  -1.57728195E-02
  -1.54027939E-02
  -1.40199661E-02
  -1.37462616E-02
  -1.36785507E-02
  -1.24349594E-02
  -1.23891830E-02
  -1.23643875E-02
  -1.19457245E-02
  -1.15566254E-02
  -1.13010406E-02
  -1.07498169E-02
  -1.04713440E-02
  -1.03940964E-02
  -1.03883743E-02
  -9.35935974E-03
  -8.25214386E-03
  -7.53402710E-03
  -7.20119476E-03
  -7.10105896E-03
  -6.95610046E-03
  -6.13975525E-03
  -5.77926636E-03
  -5.76591492E-03
  -5.44834137E-03
  -5.41114807E-03
  -5.33771515E-03
  -5.10311127E-03
  -5.07736206E-03
  -4.91809845E-03
  -4.76074219E-03
  -4.71687317E-03
  -4.16374207E-03
  -3.97014618E-03
  -3.97014618E-03
  -3.66687775E-03
  -3.61919403E-03
  -3.50189209E-03
  -3.31687927E-03
  -3.22818756E-03
  -3.22628021E-03
  -3.12614441E-03
  -3.10993195E-03
  -3.00407410E-03
  -2.95639038E-03
  -2.88105011E-03
  -2.87628174E-03
  -2.85339355E-03
  -2.84004211E-03
  -2.66647339E-03
  -2.65026093E-03
  -2.31933594E-03
  -2.30312347E-03
  -2.23541260E-03
  -2.20012665E-03
  -2.05707550E-03
  -1.95312500E-03
  -1.91402435E-03
  -1.81007385E-03
  -1.77001953E-03
  -1.76239014E-03
  -1.71947479E-03
  -1.70135498E-03
  -1.67942047E-03
  -1.63936615E-03
  -1.62220001E-03
  -1.60026550E-03
  -1.49154663E-03
  -1.37519836E-03
  -1.32179260E-03
  -1.27887726E-03
  -1.27887726E-03
  -1.26552582E-03
  -1.21784210E-03
  -1.11484528E-03
  -1.07479095E-03
  -8.22067261E-04
  -5.89370728E-04
  -4.61578369E-04
  -2.04086304E-04
  -1.54495239E-04
  -1.62124634E-05
   9.53674316E-07
   8.20159912E-05
   2.05993652E-04
   2.39372253E-04
   2.52723694E-04
   2.69889832E-04
   4.71115112E-04
   4.77790833E-04
   5.61714172E-04
   5.70297241E-04
   5.98907471E-04
   6.03675842E-04
   9.36508179E-04
   9.97543335E-04
   1.02996826E-03
   1.04808807E-03
   1.07097626E-03
   1.13105774E-03
   1.15489960E-03
   1.22928619E-03
   1.23882294E-03
   1.23977661E-03
   1.33323669E-03
   1.34181976E-03
   1.39522552E-03
   1.39904022E-03
   1.40857697E-03
   1.46484375E-03
   1.46865845E-03
   1.51538849E-03
   1.52301788E-03
   1.53827667E-03
   1.54972076E-03
   1.56593323E-03
   1.63269043E-03
   1.75476074E-03
   1.82914734E-03
   1.86729431E-03
   1.89495087E-03
   1.92832947E-03
   1.93309784E-03
   2.00080872E-03
   2.01606750E-03
   2.03037262E-03
   2.05802917E-03
   2.08377838E-03
   2.08759308E-03
   2.13623047E-03
   2.15339661E-03
   2.21157074E-03
   2.22206116E-03
   2.32315063E-03
   2.34889984E-03
   2.36606598E-03
   2.40993500E-03
   2.49958038E-03
   2.57205963E-03
   2.66265869E-03
   2.67219543E-03
   2.82192230E-03
   2.89535522E-03
   2.90870667E-03
   2.94494629E-03
   2.98023224E-03
   3.02314758E-03
   3.02791595E-03
   3.03268433E-03
   3.10325623E-03
   3.12900543E-03
   3.14521790E-03
   3.15284729E-03
   3.16905975E-03
   3.16905975E-03
   3.18241119E-03
   3.21865082E-03
   3.27014923E-03
   3.28350067E-03
   3.29399109E-03
   3.47995758E-03
   3.51333618E-03
   3.56960297E-03
   3.63922119E-03
   3.67832184E-03
   3.72028351E-03
   3.79943848E-03
   3.80229950E-03
   3.80897522E-03
   3.88813019E-03
   3.90911102E-03
   3.91864777E-03
   4.01210785E-03
   4.04644012E-03
   4.05120850E-03
   4.07409668E-03
   4.08077240E-03
   4.09126282E-03
   4.11605835E-03
   4.12178040E-03
   4.17900085E-03
   4.33826447E-03
   4.35066223E-03
   4.38690186E-03
   4.41455841E-03
   4.47654724E-03
   4.50134277E-03
   4.54616547E-03
   4.55474854E-03
   4.56428528E-03
   4.56428528E-03
   4.57286835E-03
   4.59384918E-03
   4.64630127E-03
   4.69207764E-03
   4.75502014E-03
   4.75883484E-03
   4.84085083E-03
   4.84275818E-03
   4.89521027E-03
   4.90665436E-03
   4.92286682E-03
   4.98199463E-03
   5.03444672E-03
   5.03921509E-03
   5.05065918E-03
   5.12409210E-03
   5.19847870E-03
   5.25379181E-03
   5.31768799E-03
   5.39016724E-03
   5.39398193E-03
   5.46836853E-03
   5.68103790E-03
   5.73635101E-03
   5.74970245E-03
   5.74970245E-03
   5.75637817E-03
   5.76400757E-03
   5.77640533E-03
   5.83839417E-03
   5.86032867E-03
   5.90419769E-03
   5.93471527E-03
   5.93852997E-03
   6.04724884E-03
   6.14643097E-03
   6.16073608E-03
   6.17885590E-03
   6.43348694E-03
   6.43920898E-03
   6.48784637E-03
   6.49642944E-03
   6.51550293E-03
   6.56795502E-03
   6.57844543E-03
   6.58893585E-03
   6.58893585E-03
   6.64138794E-03
   6.67190552E-03
   6.69479370E-03
   6.71005249E-03
   6.73007965E-03
   6.83689117E-03
   6.84261322E-03
   6.89315796E-03
   7.00569153E-03
   7.03334808E-03
   7.05623627E-03
   7.06672668E-03
   7.08961487E-03
   7.09342957E-03
   7.13062286E-03
   7.16209412E-03
   7.19356537E-03
   7.20882416E-03
   7.28416443E-03
   7.41577148E-03
   7.54642487E-03
   7.54833221E-03
   7.55882263E-03
   7.62653351E-03
   7.70854950E-03
   7.76004791E-03
   7.83348083E-03
   7.84969330E-03
   7.85636902E-03
   7.92503357E-03
   7.95078278E-03
   7.95173645E-03
   7.95173645E-03
   7.96222687E-03
   7.98702240E-03
   8.07476044E-03
   8.08525085E-03
   8.13770294E-03
   8.20541382E-03
   8.21590424E-03
   8.22830200E-03
   8.24737549E-03
   8.28647614E-03
   8.36181641E-03
   8.41045380E-03
   8.50963593E-03
   8.51154327E-03
   8.53443146E-03
   8.55636597E-03
   8.60404968E-03
   8.68988037E-03
   8.81958008E-03
   8.91494751E-03
   8.93306732E-03
   8.94641876E-03
   9.10186768E-03
   9.15622711E-03
   9.16862488E-03
   9.25636292E-03
   9.37175751E-03
   9.39559937E-03
   9.40608978E-03
   9.49764252E-03
   9.51766968E-03
   9.62829590E-03
   9.73987579E-03
   9.81426239E-03
   9.86385345E-03
   1.00688934E-02
   1.02386475E-02
   1.06601715E-02
   1.06773376E-02
   1.07898712E-02
   1.09825134E-02
   1.11055374E-02
   1.12028122E-02
   1.13267899E-02
   1.13439560E-02
   1.14059448E-02
   1.14288330E-02
   1.15280151E-02
   1.15756989E-02
   1.20143890E-02
   1.21364594E-02
   1.23453140E-02
   1.25131607E-02
   1.26667023E-02
   1.29804611E-02
   1.33514404E-02
   1.34382248E-02
   1.36337280E-02
   1.39913559E-02
   1.40123367E-02
   1.43184662E-02
   1.44281387E-02
   1.48220062E-02
   1.60112381E-02
   1.62067413E-02
   1.65214539E-02
   1.67789459E-02
   1.93109512E-02
   1.99337006E-02
   2.75812149E-02
