#Npts     Radius    Mag      Completeness
#   51 1276.6976  -13.747363 1.000000
# Ierr
  -1.91202164E-02
  -1.77965164E-02
  -1.55448914E-02
  -1.31959915E-02
  -1.31006241E-02
  -1.29241943E-02
  -1.18560791E-02
  -1.16729736E-02
  -1.12895966E-02
  -1.01499557E-02
  -9.54246521E-03
  -9.18483734E-03
  -8.66508484E-03
  -7.34996796E-03
  -7.03907013E-03
  -7.01332092E-03
  -6.98280334E-03
  -6.92653656E-03
  -6.86454773E-03
  -6.85310364E-03
  -6.52217865E-03
  -6.35433197E-03
  -6.08253479E-03
  -5.72967529E-03
  -5.17082214E-03
  -4.65869904E-03
  -4.63962555E-03
  -4.59480286E-03
  -4.30965424E-03
  -4.05216217E-03
  -4.05025482E-03
  -3.76796722E-03
  -3.75366211E-03
  -3.10707092E-03
  -2.53868103E-03
  -2.42805481E-03
  -2.17914581E-03
  -2.17914581E-03
  -2.03514099E-03
  -1.54209137E-03
  -1.51348114E-03
  -8.40187073E-04
  -7.72476196E-05
  -1.14440918E-05
   9.26971436E-04
   1.48487091E-03
   2.22110748E-03
   3.31592560E-03
   3.99398804E-03
   5.52463531E-03
   7.52735138E-03
