#Npts     Radius    Mag      Completeness
#   45 1076.6554  -14.752000 1.000000
# Ierr
  -2.40468979E-02
  -2.00300217E-02
  -1.88426971E-02
  -1.55811310E-02
  -1.41592026E-02
  -1.02872849E-02
  -9.51766968E-03
  -8.57257843E-03
  -8.18347931E-03
  -7.63607025E-03
  -7.41863251E-03
  -7.01618195E-03
  -4.99916077E-03
  -4.98771667E-03
  -4.41837311E-03
  -4.24480438E-03
  -2.58541107E-03
  -2.43091583E-03
  -2.42996216E-03
  -1.54685974E-03
  -1.35135651E-03
  -1.23977661E-03
  -9.32693481E-04
  -2.65121460E-04
  -1.88827515E-04
   5.32150269E-04
   7.29560852E-04
   1.40190125E-03
   1.60121918E-03
   2.19917297E-03
   3.05461884E-03
   3.33404541E-03
   4.06646729E-03
   4.38976288E-03
   5.43308258E-03
   7.11631775E-03
   8.14247131E-03
   8.50391388E-03
   9.33551788E-03
   1.00545883E-02
   1.12590790E-02
   1.25160217E-02
   1.84402466E-02
   2.34498978E-02
   2.63910294E-02
