#Npts     Radius    Mag      Completeness
#   97 1286.0050  -14.236000 1.000000
# Ierr
  -2.71873474E-02
  -2.49147415E-02
  -2.36825943E-02
  -1.67541504E-02
  -1.59740448E-02
  -1.48649216E-02
  -1.16090775E-02
  -8.30364227E-03
  -7.25460052E-03
  -6.83879852E-03
  -6.36005402E-03
  -5.14125824E-03
  -5.02204895E-03
  -4.74739075E-03
  -4.64248657E-03
  -4.51183319E-03
  -4.37927246E-03
  -3.82614136E-03
  -3.80897522E-03
  -3.69739532E-03
  -3.65829468E-03
  -3.64303589E-03
  -3.61824036E-03
  -3.44371796E-03
  -3.43513489E-03
  -3.41415405E-03
  -3.30257416E-03
  -3.16810608E-03
  -3.12137604E-03
  -3.03936005E-03
  -2.89058685E-03
  -2.87437439E-03
  -2.76565552E-03
  -2.64835358E-03
  -2.63881683E-03
  -2.62260437E-03
  -1.97887421E-03
  -1.97887421E-03
  -1.61075592E-03
  -1.26552582E-03
  -1.19686127E-03
  -1.16920471E-03
  -1.05094910E-03
  -1.02710724E-03
  -7.89642334E-04
  -7.82012939E-04
  -6.14166260E-04
  -5.53131104E-04
  -5.17845154E-04
  -1.63078308E-04
  -1.07765198E-04
   3.30924988E-04
   5.35011292E-04
   7.90596008E-04
   1.14059448E-03
   1.32751465E-03
   1.45912170E-03
   1.55639648E-03
   1.78527832E-03
   2.16007233E-03
   2.21252441E-03
   2.25830078E-03
   2.34127045E-03
   2.51579285E-03
   2.67410278E-03
   3.22055817E-03
   3.30066681E-03
   3.50666046E-03
   3.50761414E-03
   3.53336334E-03
   3.68881226E-03
   3.74317169E-03
   3.91769409E-03
   3.92627716E-03
   3.94153595E-03
   3.94916534E-03
   4.32014465E-03
   4.33349609E-03
   4.37068939E-03
   4.42600250E-03
   4.52136993E-03
   4.92572784E-03
   5.38253784E-03
   6.22272491E-03
   6.65855408E-03
   6.76059723E-03
   6.95800781E-03
   7.16114044E-03
   7.24124908E-03
   7.48252869E-03
   8.37230682E-03
   8.73088837E-03
   9.64736938E-03
   1.09939575E-02
   1.29547119E-02
   1.35936737E-02
   2.69851685E-02
