#Npts     Radius    Mag      Completeness
#  536 1914.0538  -12.430000 1.000000
# Ierr
  -3.80315781E-02
  -3.44123840E-02
  -3.37009430E-02
  -3.26776505E-02
  -3.23867798E-02
  -3.23228836E-02
  -2.87599564E-02
  -2.48937607E-02
  -2.45914459E-02
  -2.33850479E-02
  -1.78403854E-02
  -1.72986984E-02
  -1.68952942E-02
  -1.64089203E-02
  -1.44491196E-02
  -1.42126083E-02
  -1.34954453E-02
  -1.19485855E-02
  -1.17931366E-02
  -1.14336014E-02
  -1.13830566E-02
  -1.08928680E-02
  -1.08842850E-02
  -1.06277466E-02
  -1.04389191E-02
  -1.03778839E-02
  -1.00021362E-02
  -9.97734070E-03
  -9.72652435E-03
  -9.57489014E-03
  -9.34219360E-03
  -9.15145874E-03
  -9.09709930E-03
  -8.80241394E-03
  -8.24832916E-03
  -8.23688507E-03
  -8.01658630E-03
  -7.86685944E-03
  -7.82299042E-03
  -7.70950317E-03
  -7.64465332E-03
  -7.60269165E-03
  -7.59983063E-03
  -7.55023956E-03
  -7.02095032E-03
  -6.94656372E-03
  -6.75868988E-03
  -6.63185120E-03
  -6.59370422E-03
  -6.57749176E-03
  -6.52885437E-03
  -6.44588470E-03
  -6.33621216E-03
  -6.17122650E-03
  -5.99956512E-03
  -5.89370728E-03
  -5.84125519E-03
  -5.75733185E-03
  -5.64193726E-03
  -5.61714172E-03
  -5.59234619E-03
  -5.43594360E-03
  -5.38730621E-03
  -5.31864166E-03
  -5.14602661E-03
  -5.06687164E-03
  -5.06210327E-03
  -4.90283966E-03
  -4.76169586E-03
  -4.64820862E-03
  -4.59098816E-03
  -4.57954407E-03
  -4.43267822E-03
  -4.27722931E-03
  -4.12940979E-03
  -4.09603119E-03
  -4.03499603E-03
  -3.98921967E-03
  -3.94630432E-03
  -3.88145447E-03
  -3.86619568E-03
  -3.82900238E-03
  -3.68309021E-03
  -3.61728668E-03
  -3.44467163E-03
  -3.43704224E-03
  -3.28159332E-03
  -3.19766998E-03
  -3.17668915E-03
  -3.16047668E-03
  -3.14140320E-03
  -2.99167633E-03
  -2.93827057E-03
  -2.90393829E-03
  -2.90012360E-03
  -2.83527374E-03
  -2.73323059E-03
  -2.70748138E-03
  -2.69889832E-03
  -2.67028809E-03
  -2.49767303E-03
  -2.46524811E-03
  -2.40612030E-03
  -2.38895416E-03
  -2.36797333E-03
  -2.28691101E-03
  -2.24590302E-03
  -2.23159790E-03
  -2.22492218E-03
  -2.22206116E-03
  -2.18772888E-03
  -2.13909149E-03
  -2.12097168E-03
  -2.09522247E-03
  -2.04467773E-03
  -2.03323364E-03
  -1.78050995E-03
  -1.75571442E-03
  -1.73950195E-03
  -1.66606903E-03
  -1.64127350E-03
  -1.62315369E-03
  -1.62315369E-03
  -1.56307220E-03
  -1.50775909E-03
  -1.47914886E-03
  -1.44481659E-03
  -1.39904022E-03
  -1.39331818E-03
  -1.37996674E-03
  -1.35898590E-03
  -1.21879578E-03
  -1.19209290E-03
  -1.13105774E-03
  -1.03664398E-03
  -9.34600830E-04
  -9.24110413E-04
  -9.17434692E-04
  -8.03947449E-04
  -7.83920288E-04
  -7.51495361E-04
  -7.41958618E-04
  -6.28471375E-04
  -6.15119934E-04
  -5.97000122E-04
  -5.76972961E-04
  -5.39779663E-04
  -4.96864319E-04
  -4.46319580E-04
  -4.36782837E-04
  -4.26292419E-04
  -3.42369080E-04
  -2.69889832E-04
  -1.27792358E-04
  -1.24931335E-04
  -4.10079956E-05
  -1.90734863E-06
   2.47955322E-05
   3.71932983E-05
   4.10079956E-05
   1.24931335E-04
   1.27792358E-04
   1.49726868E-04
   1.62124634E-04
   1.95503235E-04
   2.12669373E-04
   2.65121460E-04
   2.89916992E-04
   3.26156616E-04
   3.35693359E-04
   3.54766846E-04
   3.80516052E-04
   3.91006470E-04
   4.31060791E-04
   4.56809998E-04
   5.05447388E-04
   6.14166260E-04
   6.21795654E-04
   7.00950623E-04
   7.23838806E-04
   7.25746155E-04
   7.37190247E-04
   7.72476196E-04
   7.87734985E-04
   8.14437866E-04
   8.79287720E-04
   1.00231171E-03
   1.01852417E-03
   1.04331970E-03
   1.07574463E-03
   1.11198425E-03
   1.14536285E-03
   1.24168396E-03
   1.28459930E-03
   1.28936768E-03
   1.36089325E-03
   1.39045715E-03
   1.42478943E-03
   1.42765045E-03
   1.43146515E-03
   1.43814087E-03
   1.48391724E-03
   1.50012970E-03
   1.50585175E-03
   1.52587891E-03
   1.57260895E-03
   1.61170959E-03
   1.64222717E-03
   1.65081024E-03
   1.65557861E-03
   1.67846680E-03
   1.69372559E-03
   1.73473358E-03
   1.74236298E-03
   1.77574158E-03
   1.86157227E-03
   1.88446045E-03
   1.91879272E-03
   1.95312500E-03
   2.04563141E-03
   2.06279755E-03
   2.06470490E-03
   2.11524963E-03
   2.20489502E-03
   2.23827362E-03
   2.28309631E-03
   2.30789185E-03
   2.34127045E-03
   2.34889984E-03
   2.37178802E-03
   2.38227844E-03
   2.39944458E-03
   2.42328644E-03
   2.43186951E-03
   2.45952606E-03
   2.49767303E-03
   2.50053406E-03
   2.62737274E-03
   2.65121460E-03
   2.66838074E-03
   2.68459320E-03
   2.73132324E-03
   2.77423859E-03
   2.78854370E-03
   2.80475616E-03
   2.80857086E-03
   2.81715393E-03
   2.91347504E-03
   2.91919708E-03
   2.97069550E-03
   2.98500061E-03
   3.01265717E-03
   3.01647186E-03
   3.03173065E-03
   3.04222107E-03
   3.04222107E-03
   3.05843353E-03
   3.05938721E-03
   3.09848785E-03
   3.10420990E-03
   3.11088562E-03
   3.12232971E-03
   3.14903259E-03
   3.15666199E-03
   3.18145752E-03
   3.21197510E-03
   3.21674347E-03
   3.28063965E-03
   3.29875946E-03
   3.31115723E-03
   3.34072113E-03
   3.35311890E-03
   3.35693359E-03
   3.37982178E-03
   3.37982178E-03
   3.38745117E-03
   3.39603424E-03
   3.40461731E-03
   3.49330902E-03
   3.51715088E-03
   3.61633301E-03
   3.63349915E-03
   3.63826752E-03
   3.64685059E-03
   3.65066528E-03
   3.68785858E-03
   3.75747681E-03
   3.77368927E-03
   3.78894806E-03
   3.79943848E-03
   3.80325317E-03
   3.81374359E-03
   3.82137299E-03
   3.82804871E-03
   3.84140015E-03
   3.98349762E-03
   4.02069092E-03
   4.03118134E-03
   4.03785706E-03
   4.06742096E-03
   4.10079956E-03
   4.15325165E-03
   4.15802002E-03
   4.17804718E-03
   4.18472290E-03
   4.22954559E-03
   4.25815582E-03
   4.28390503E-03
   4.33540344E-03
   4.34780121E-03
   4.36592102E-03
   4.36878204E-03
   4.39262390E-03
   4.42981720E-03
   4.48799133E-03
   4.52613831E-03
   4.58717346E-03
   4.59957123E-03
   4.60052490E-03
   4.61292267E-03
   4.61292267E-03
   4.67967987E-03
   4.69303131E-03
   4.73976135E-03
   4.77695465E-03
   4.86660004E-03
   4.87136841E-03
   4.88090515E-03
   4.88376617E-03
   4.91619110E-03
   4.94289398E-03
   4.95719910E-03
   4.96864319E-03
   4.99629974E-03
   5.01728058E-03
   5.04112244E-03
   5.05256653E-03
   5.06210327E-03
   5.06782532E-03
   5.14888763E-03
   5.24520874E-03
   5.26618958E-03
   5.26809692E-03
   5.28335571E-03
   5.30242920E-03
   5.42163849E-03
   5.44071198E-03
   5.44071198E-03
   5.48362732E-03
   5.52368164E-03
   5.52368164E-03
   5.52558899E-03
   5.53894043E-03
   5.56659698E-03
   5.60283661E-03
   5.65624237E-03
   5.70392609E-03
   5.82885742E-03
   5.84888458E-03
   5.94425201E-03
   5.98144531E-03
   6.06250763E-03
   6.14452362E-03
   6.15501404E-03
   6.19888306E-03
   6.22653961E-03
   6.24942780E-03
   6.30474091E-03
   6.31618500E-03
   6.34860992E-03
   6.37531281E-03
   6.42108917E-03
   6.42967224E-03
   6.50405884E-03
   6.56032562E-03
   6.58130646E-03
   6.59942627E-03
   6.62136078E-03
   6.73103333E-03
   6.73294067E-03
   6.73866272E-03
   6.74533844E-03
   6.74724579E-03
   6.79206848E-03
   6.79397583E-03
   6.81018829E-03
   6.82353973E-03
   6.82353973E-03
   6.83879852E-03
   6.86168671E-03
   6.94942474E-03
   6.97994232E-03
   6.98375702E-03
   7.03239441E-03
   7.04479218E-03
   7.04479218E-03
   7.12299347E-03
   7.12966919E-03
   7.14015961E-03
   7.14778900E-03
   7.14778900E-03
   7.16304779E-03
   7.20500946E-03
   7.24601746E-03
   7.24697113E-03
   7.26032257E-03
   7.30800629E-03
   7.32898712E-03
   7.37285614E-03
   7.42626190E-03
   7.47013092E-03
   7.50732422E-03
   7.57122040E-03
   7.61985779E-03
   7.64083862E-03
   7.65323639E-03
   7.67707825E-03
   7.72953033E-03
   7.73429871E-03
   7.74288177E-03
   7.83538818E-03
   7.85541534E-03
   7.89833069E-03
   7.93361664E-03
   7.94792175E-03
   7.98320770E-03
   8.05377960E-03
   8.06808472E-03
   8.09383392E-03
   8.13007355E-03
   8.28170776E-03
   8.30936432E-03
   8.35323334E-03
   8.38088989E-03
   8.41236115E-03
   8.45050812E-03
   8.48293304E-03
   8.50296021E-03
   8.52489471E-03
   8.59260559E-03
   8.64887238E-03
   8.65268707E-03
   8.68415833E-03
   8.73756409E-03
   8.88729095E-03
   8.97312164E-03
   9.00840759E-03
   9.02175903E-03
   9.02175903E-03
   9.04178619E-03
   9.16004181E-03
   9.22393799E-03
   9.22775269E-03
   9.28211212E-03
   9.30976868E-03
   9.51385498E-03
   9.52816010E-03
   9.54437256E-03
   9.56726074E-03
   9.65690613E-03
   9.67597961E-03
   9.73701477E-03
   9.87243652E-03
   9.87815857E-03
   9.89818573E-03
   9.92488861E-03
   9.92488861E-03
   9.97638702E-03
   1.01022720E-02
   1.01547241E-02
   1.02310181E-02
   1.02567673E-02
   1.02729797E-02
   1.03244781E-02
   1.03263855E-02
   1.04827881E-02
   1.04961395E-02
   1.05295181E-02
   1.06067657E-02
   1.06544495E-02
   1.07030869E-02
   1.07507706E-02
   1.08175278E-02
   1.08222961E-02
   1.08451843E-02
   1.08690262E-02
   1.09138489E-02
   1.09329224E-02
   1.09844208E-02
   1.10216141E-02
   1.10464096E-02
   1.11751556E-02
   1.12180710E-02
   1.12695694E-02
   1.13792419E-02
   1.13887787E-02
   1.14355087E-02
   1.14717484E-02
   1.18350983E-02
   1.19504929E-02
   1.20697021E-02
   1.22814178E-02
   1.23233795E-02
   1.24692917E-02
   1.26066208E-02
   1.27363205E-02
   1.27639771E-02
   1.29261017E-02
   1.29327774E-02
   1.31864548E-02
   1.32360458E-02
   1.33886337E-02
   1.33934021E-02
   1.38111115E-02
   1.38645172E-02
   1.39751434E-02
   1.43451691E-02
   1.44014359E-02
   1.44767761E-02
   1.53474808E-02
   1.54361725E-02
   1.55057907E-02
   1.57175064E-02
   1.57957077E-02
   1.59597397E-02
   1.60274506E-02
   1.64661407E-02
   1.74913406E-02
   1.75685883E-02
   1.77421570E-02
   1.98211670E-02
   2.05402374E-02
   2.26945877E-02
   2.47316360E-02
   2.51464844E-02
   3.65219116E-02
