#Npts     Radius    Mag      Completeness
#   51 1704.7042  -14.494000 1.000000
# Ierr
  -2.20756531E-02
  -2.09980011E-02
  -1.97525024E-02
  -1.58281326E-02
  -1.55639648E-02
  -1.44100189E-02
  -1.42593384E-02
  -1.35707855E-02
  -1.14488602E-02
  -1.06372833E-02
  -1.04885101E-02
  -9.09137726E-03
  -7.56454468E-03
  -7.51399994E-03
  -6.61754608E-03
  -5.58853149E-03
  -5.12981415E-03
  -5.10692596E-03
  -5.06210327E-03
  -4.95815277E-03
  -4.83608246E-03
  -4.63676453E-03
  -4.35638428E-03
  -3.68404388E-03
  -2.88772583E-03
  -2.63023376E-03
  -2.45571136E-03
  -2.30598450E-03
  -2.04086304E-03
  -2.00557709E-03
  -1.59931183E-03
  -1.59645081E-03
  -1.42288208E-03
  -1.36280060E-03
  -1.15585327E-03
  -9.45091248E-04
  -9.26017761E-04
   1.24454498E-03
   1.59645081E-03
   1.84822083E-03
   2.07138062E-03
   3.10230255E-03
   3.52478027E-03
   3.93295288E-03
   4.92477417E-03
   5.28526306E-03
   1.31549835E-02
   1.64680481E-02
   1.98907852E-02
   2.88867950E-02
   2.98166275E-02
