#Npts     Radius    Mag      Completeness
#  456  861.0287  -12.799636 1.000000
# Ierr
  -3.83615494E-02
  -3.74240875E-02
  -3.73086929E-02
  -3.72219086E-02
  -3.71103287E-02
  -3.44944000E-02
  -2.86846161E-02
  -2.67810822E-02
  -2.17933655E-02
  -1.92594528E-02
  -1.92193985E-02
  -1.83744431E-02
  -1.83029175E-02
  -1.82685852E-02
  -1.74999237E-02
  -1.72452927E-02
  -1.72281265E-02
  -1.57537460E-02
  -1.55229568E-02
  -1.42345428E-02
  -1.38063431E-02
  -1.35307312E-02
  -1.32808685E-02
  -1.27525330E-02
  -1.23214722E-02
  -1.22861862E-02
  -1.21870041E-02
  -1.21564865E-02
  -1.18865967E-02
  -1.16767883E-02
  -1.15499496E-02
  -1.15242004E-02
  -1.08518600E-02
  -1.07812881E-02
  -1.06763840E-02
  -1.02939606E-02
  -9.90104675E-03
  -9.79518890E-03
  -9.77897644E-03
  -9.52625275E-03
  -9.42611694E-03
  -9.29737091E-03
  -9.02652740E-03
  -8.89301300E-03
  -8.77952576E-03
  -8.62884521E-03
  -8.60309601E-03
  -8.52108002E-03
  -8.47053528E-03
  -8.26263428E-03
  -7.99083710E-03
  -7.93361664E-03
  -7.89451599E-03
  -7.79438019E-03
  -7.78961182E-03
  -7.67707825E-03
  -7.64846802E-03
  -7.61508942E-03
  -7.60746002E-03
  -7.49111176E-03
  -7.47299194E-03
  -7.45773315E-03
  -7.33661652E-03
  -7.12299347E-03
  -7.03048706E-03
  -7.01713562E-03
  -6.99138641E-03
  -6.95323944E-03
  -6.93702698E-03
  -6.92367554E-03
  -6.78730011E-03
  -6.72245026E-03
  -6.63375854E-03
  -6.54792786E-03
  -6.49833679E-03
  -6.45828247E-03
  -6.40964508E-03
  -6.35623932E-03
  -6.29901886E-03
  -6.17694855E-03
  -6.04343414E-03
  -5.76305389E-03
  -5.76019287E-03
  -5.65433502E-03
  -5.38158417E-03
  -5.36155701E-03
  -5.21850586E-03
  -5.20324707E-03
  -5.12409210E-03
  -4.83703613E-03
  -4.62341309E-03
  -4.59957123E-03
  -4.59766388E-03
  -4.50515747E-03
  -4.50325012E-03
  -4.27341461E-03
  -4.26769257E-03
  -4.23049927E-03
  -4.17518616E-03
  -4.16755676E-03
  -3.80611420E-03
  -3.78990173E-03
  -3.78704071E-03
  -3.78704071E-03
  -3.77368927E-03
  -3.76892090E-03
  -3.71837616E-03
  -3.63349915E-03
  -3.59725952E-03
  -3.52096558E-03
  -3.48663330E-03
  -3.41033936E-03
  -3.39698792E-03
  -3.31878662E-03
  -3.29589844E-03
  -3.29589844E-03
  -3.29208374E-03
  -3.29113007E-03
  -3.22246552E-03
  -3.22151184E-03
  -3.20816040E-03
  -3.20625305E-03
  -3.16810608E-03
  -3.15570831E-03
  -2.95352936E-03
  -2.87246704E-03
  -2.78091431E-03
  -2.73895264E-03
  -2.51388550E-03
  -2.41374969E-03
  -2.31552124E-03
  -2.29072571E-03
  -2.27642059E-03
  -2.27355957E-03
  -2.26306915E-03
  -2.16865540E-03
  -2.16197968E-03
  -2.07042694E-03
  -1.99794769E-03
  -1.89971924E-03
  -1.81579590E-03
  -1.81102753E-03
  -1.79767609E-03
  -1.79576874E-03
  -1.78813934E-03
  -1.78337097E-03
  -1.77383423E-03
  -1.77001953E-03
  -1.69658661E-03
  -1.65462494E-03
  -1.64604187E-03
  -1.60789490E-03
  -1.59645081E-03
  -1.53923035E-03
  -1.53732300E-03
  -1.50012970E-03
  -1.44577026E-03
  -1.38187408E-03
  -1.37138367E-03
  -1.36280060E-03
  -1.29604340E-03
  -1.29222870E-03
  -1.21212006E-03
  -1.21116638E-03
  -1.15585327E-03
  -1.12533569E-03
  -1.04618073E-03
  -9.57489014E-04
  -8.73565674E-04
  -8.52584839E-04
  -8.45909119E-04
  -8.16345215E-04
  -7.43865967E-04
  -7.40051270E-04
  -7.14302063E-04
  -7.10487366E-04
  -6.38008118E-04
  -6.19888306E-04
  -6.03675842E-04
  -5.78880310E-04
  -4.60624695E-04
  -3.25202942E-04
  -2.98500061E-04
  -2.97546387E-04
  -2.95639038E-04
  -2.83241272E-04
  -2.79426575E-04
  -2.57492065E-04
  -2.35557556E-04
  -2.35557556E-04
  -2.26020813E-04
  -2.02178955E-04
  -1.82151794E-04
  -9.63211060E-05
   1.90734863E-06
   2.57492065E-05
   8.58306885E-05
   2.43186951E-04
   3.06129456E-04
   3.33786011E-04
   3.43322754E-04
   3.79562378E-04
   3.80516052E-04
   4.15802002E-04
   4.33921814E-04
   4.40597534E-04
   4.53948975E-04
   5.42640686E-04
   6.37054443E-04
   7.01904297E-04
   7.08580017E-04
   7.10487366E-04
   7.28607178E-04
   7.50541687E-04
   8.06808472E-04
   8.33511353E-04
   9.03129578E-04
   9.21249390E-04
   9.35554504E-04
   9.42230225E-04
   9.66072083E-04
   9.85145569E-04
   1.06620789E-03
   1.14440918E-03
   1.20830536E-03
   1.21212006E-03
   1.21402740E-03
   1.21688843E-03
   1.21879578E-03
   1.25408173E-03
   1.26266479E-03
   1.26361847E-03
   1.27029419E-03
   1.31511688E-03
   1.31511688E-03
   1.38568878E-03
   1.42955780E-03
   1.44004822E-03
   1.50871277E-03
   1.54209137E-03
   1.67083740E-03
   1.70326233E-03
   1.70326233E-03
   1.70707703E-03
   1.70898438E-03
   1.71279907E-03
   1.74713135E-03
   1.76620483E-03
   1.79386139E-03
   1.81961060E-03
   1.84440613E-03
   1.90067291E-03
   1.93691254E-03
   2.02465057E-03
   2.03132629E-03
   2.08568573E-03
   2.08950043E-03
   2.11811066E-03
   2.15053558E-03
   2.15339661E-03
   2.16293335E-03
   2.20298767E-03
   2.20870972E-03
   2.20870972E-03
   2.21061707E-03
   2.23445892E-03
   2.28977203E-03
   2.29358673E-03
   2.33078003E-03
   2.35652924E-03
   2.42042542E-03
   2.50720978E-03
   2.55107880E-03
   2.57682800E-03
   2.60257721E-03
   2.71892548E-03
   2.82001495E-03
   2.83241272E-03
   2.83336639E-03
   2.86483765E-03
   2.88391113E-03
   2.99549103E-03
   3.13472748E-03
   3.20339203E-03
   3.20339203E-03
   3.20816040E-03
   3.21960449E-03
   3.22628021E-03
   3.22818756E-03
   3.23009491E-03
   3.27396393E-03
   3.27396393E-03
   3.27777863E-03
   3.29399109E-03
   3.36933136E-03
   3.44848633E-03
   3.49235535E-03
   3.69644165E-03
   3.70502472E-03
   3.71074677E-03
   3.72219086E-03
   3.73840332E-03
   3.74126434E-03
   3.74507904E-03
   3.75270844E-03
   3.82041931E-03
   3.83090973E-03
   3.95679474E-03
   4.00638580E-03
   4.04644012E-03
   4.06169891E-03
   4.15134430E-03
   4.20188904E-03
   4.20284271E-03
   4.20284271E-03
   4.21142578E-03
   4.24098969E-03
   4.26292419E-03
   4.26292419E-03
   4.26578522E-03
   4.39643860E-03
   4.49371338E-03
   4.61673737E-03
   4.63485718E-03
   4.64344025E-03
   4.71115112E-03
   4.72545624E-03
   4.75215912E-03
   4.78076935E-03
   4.80651855E-03
   4.92095947E-03
   4.93526459E-03
   4.96578217E-03
   5.00106812E-03
   5.04779816E-03
   5.07545471E-03
   5.10025024E-03
   5.18703461E-03
   5.20133972E-03
   5.20610809E-03
   5.21183014E-03
   5.21469116E-03
   5.23662567E-03
   5.23948669E-03
   5.33294678E-03
   5.45310974E-03
   5.47122955E-03
   5.50365448E-03
   5.50460815E-03
   5.56182861E-03
   5.57518005E-03
   5.70201874E-03
   5.73539734E-03
   5.74779510E-03
   5.75923920E-03
   5.76591492E-03
   5.80215454E-03
   5.84220886E-03
   6.03008270E-03
   6.15310669E-03
   6.20079041E-03
   6.21032715E-03
   6.23226166E-03
   6.26277924E-03
   6.30950928E-03
   6.43539429E-03
   6.51550293E-03
   6.70146942E-03
   6.70433044E-03
   6.76250458E-03
   6.77204132E-03
   6.77299500E-03
   6.83021545E-03
   6.84261322E-03
   6.86359406E-03
   6.89888000E-03
   6.90937042E-03
   6.92081451E-03
   7.01522827E-03
   7.17067719E-03
   7.19356537E-03
   7.20119476E-03
   7.21359253E-03
   7.21931458E-03
   7.22122192E-03
   7.23838806E-03
   7.27367401E-03
   7.70092010E-03
   7.70187378E-03
   7.77626038E-03
   7.86399841E-03
   7.95269012E-03
   8.01277161E-03
   8.02993774E-03
   8.06236267E-03
   8.37707520E-03
   8.40854645E-03
   8.71086121E-03
   8.71849060E-03
   8.88538361E-03
   8.95023346E-03
   8.96167755E-03
   9.02462006E-03
   9.19914246E-03
   9.22966003E-03
   9.24968719E-03
   9.31739807E-03
   9.36508179E-03
   9.59587097E-03
   9.64450836E-03
   9.70554352E-03
   9.72270966E-03
   9.83428955E-03
   9.90390778E-03
   9.94968414E-03
   9.96017456E-03
   1.03836060E-02
   1.07049942E-02
   1.11980438E-02
   1.12113953E-02
   1.18160248E-02
   1.18331909E-02
   1.18503571E-02
   1.19686127E-02
   1.22690201E-02
   1.27305984E-02
   1.27401352E-02
   1.27706528E-02
   1.29613876E-02
   1.33142471E-02
   1.33438110E-02
   1.33838654E-02
   1.36442184E-02
   1.38893127E-02
   1.46980286E-02
   1.52492523E-02
   1.58758163E-02
   1.59473419E-02
   1.68628693E-02
   1.68895721E-02
   1.72748566E-02
   1.76057816E-02
   1.78709030E-02
   2.00195312E-02
   2.19583511E-02
   2.29349136E-02
   2.37941742E-02
   2.53763199E-02
   2.60963440E-02
   2.67333984E-02
   2.77414322E-02
   2.80513763E-02
   2.93569565E-02
   3.39975357E-02
   3.47929001E-02
   3.79867554E-02
