#Npts     Radius    Mag      Completeness
#   53 1900.2010  -13.431454 1.000000
# Ierr
  -2.34861374E-02
  -1.75485611E-02
  -1.63869858E-02
  -1.61705017E-02
  -1.58338547E-02
  -1.48916245E-02
  -1.46665573E-02
  -1.43175125E-02
  -1.30071640E-02
  -1.23481750E-02
  -1.13210678E-02
  -1.11703873E-02
  -1.07564926E-02
  -1.02634430E-02
  -1.01852417E-02
  -9.76657867E-03
  -9.18865204E-03
  -8.78143311E-03
  -7.66181946E-03
  -7.46059418E-03
  -6.98471069E-03
  -6.70528412E-03
  -6.64710999E-03
  -6.61373138E-03
  -6.16645813E-03
  -6.08730316E-03
  -6.06346130E-03
  -5.78308105E-03
  -5.56182861E-03
  -5.46360016E-03
  -5.40447235E-03
  -5.22518158E-03
  -4.29534912E-03
  -4.19044495E-03
  -3.45039368E-03
  -3.02600861E-03
  -2.83527374E-03
  -2.66075134E-03
  -2.22301483E-03
  -1.36470795E-03
  -1.31320953E-03
  -1.18827820E-03
  -1.14917755E-03
  -2.78472900E-04
   1.70707703E-04
   3.27110291E-04
   5.80787659E-04
   1.25789642E-03
   2.88677216E-03
   3.87191772E-03
   5.62953949E-03
   6.34670258E-03
   7.03525543E-03
