#Npts     Radius    Mag      Completeness
#  934  445.3596  -12.799636 1.000000
# Ierr
  -3.92370224E-02
  -3.88441086E-02
  -3.87363434E-02
  -3.78751755E-02
  -3.74631882E-02
  -3.73067856E-02
  -3.70187759E-02
  -3.67469788E-02
  -3.58419418E-02
  -3.43408585E-02
  -3.42102051E-02
  -3.39994431E-02
  -3.37648392E-02
  -3.34138870E-02
  -3.32612991E-02
  -3.31497192E-02
  -3.27863693E-02
  -3.23696136E-02
  -3.22875977E-02
  -3.18822861E-02
  -3.18021774E-02
  -3.17564011E-02
  -3.16247940E-02
  -3.14102173E-02
  -3.13358307E-02
  -3.12490463E-02
  -3.11365128E-02
  -3.08313370E-02
  -3.07121277E-02
  -3.02619934E-02
  -3.02019119E-02
  -2.93922424E-02
  -2.92634964E-02
  -2.91118622E-02
  -2.87895203E-02
  -2.87456512E-02
  -2.83365250E-02
  -2.82955170E-02
  -2.82716751E-02
  -2.82564163E-02
  -2.79741287E-02
  -2.77471542E-02
  -2.77261734E-02
  -2.75993347E-02
  -2.74620056E-02
  -2.74085999E-02
  -2.72655487E-02
  -2.72636414E-02
  -2.71215439E-02
  -2.67753601E-02
  -2.66265869E-02
  -2.64253616E-02
  -2.62470245E-02
  -2.61774063E-02
  -2.61602402E-02
  -2.60477066E-02
  -2.58150101E-02
  -2.53248215E-02
  -2.53238678E-02
  -2.48384476E-02
  -2.46639252E-02
  -2.46639252E-02
  -2.43883133E-02
  -2.40278244E-02
  -2.37865448E-02
  -2.37817764E-02
  -2.33774185E-02
  -2.32677460E-02
  -2.31733322E-02
  -2.28261948E-02
  -2.25820541E-02
  -2.25095749E-02
  -2.23188400E-02
  -2.20479965E-02
  -2.20375061E-02
  -2.16398239E-02
  -2.16102600E-02
  -2.15778351E-02
  -2.15501785E-02
  -2.14633942E-02
  -2.13565826E-02
  -2.13012695E-02
  -2.12526321E-02
  -2.11725235E-02
  -2.08158493E-02
  -2.07328796E-02
  -2.07242966E-02
  -2.06031799E-02
  -2.04734802E-02
  -2.02722549E-02
  -2.02035904E-02
  -2.00347900E-02
  -1.99384689E-02
  -1.98106766E-02
  -1.96914673E-02
  -1.95941925E-02
  -1.93157196E-02
  -1.92947388E-02
  -1.92584991E-02
  -1.91898346E-02
  -1.90210342E-02
  -1.87711716E-02
  -1.87606812E-02
  -1.86567307E-02
  -1.85823441E-02
  -1.85251236E-02
  -1.84993744E-02
  -1.81665421E-02
  -1.81293488E-02
  -1.80797577E-02
  -1.80263519E-02
  -1.77192688E-02
  -1.76315308E-02
  -1.74036026E-02
  -1.73501968E-02
  -1.72262192E-02
  -1.71823502E-02
  -1.71508789E-02
  -1.70259476E-02
  -1.69544220E-02
  -1.68581009E-02
  -1.68161392E-02
  -1.68075562E-02
  -1.67760849E-02
  -1.67284012E-02
  -1.66158676E-02
  -1.64785385E-02
  -1.63021088E-02
  -1.62000656E-02
  -1.61085129E-02
  -1.60951614E-02
  -1.60379410E-02
  -1.59282684E-02
  -1.58176422E-02
  -1.57585144E-02
  -1.57260895E-02
  -1.57117844E-02
  -1.53913498E-02
  -1.53379440E-02
  -1.53245926E-02
  -1.52187347E-02
  -1.51824951E-02
  -1.49002075E-02
  -1.47867203E-02
  -1.46360397E-02
  -1.45597458E-02
  -1.43775940E-02
  -1.42974854E-02
  -1.42545700E-02
  -1.42478943E-02
  -1.41773224E-02
  -1.41706467E-02
  -1.41353607E-02
  -1.38940811E-02
  -1.38273239E-02
  -1.36089325E-02
  -1.32999420E-02
  -1.32913589E-02
  -1.30186081E-02
  -1.29117966E-02
  -1.28021240E-02
  -1.27458572E-02
  -1.26228333E-02
  -1.26085281E-02
  -1.25732422E-02
  -1.23519897E-02
  -1.22585297E-02
  -1.22547150E-02
  -1.22194290E-02
  -1.21593475E-02
  -1.20868683E-02
  -1.20334625E-02
  -1.20048523E-02
  -1.14030838E-02
  -1.13201141E-02
  -1.13115311E-02
  -1.12981796E-02
  -1.12667084E-02
  -1.12094879E-02
  -1.11932755E-02
  -1.11865997E-02
  -1.11074448E-02
  -1.10731125E-02
  -1.08022690E-02
  -1.07946396E-02
  -1.07793808E-02
  -1.06573105E-02
  -1.05848312E-02
  -1.05304718E-02
  -1.04475021E-02
  -1.04398727E-02
  -1.04227066E-02
  -1.02872849E-02
  -1.02128983E-02
  -1.01776123E-02
  -1.00994110E-02
  -1.00946426E-02
  -1.00307465E-02
  -1.00107193E-02
  -1.00097656E-02
  -9.91058350E-03
  -9.88292694E-03
  -9.78755951E-03
  -9.78755951E-03
  -9.66548920E-03
  -9.65213776E-03
  -9.60063934E-03
  -9.59968567E-03
  -9.56153870E-03
  -9.52720642E-03
  -9.46044922E-03
  -9.34600830E-03
  -9.33456421E-03
  -9.27352905E-03
  -9.18102264E-03
  -9.14192200E-03
  -9.14192200E-03
  -9.12857056E-03
  -9.07993317E-03
  -9.03511047E-03
  -9.01222229E-03
  -8.96930695E-03
  -8.94927979E-03
  -8.92066956E-03
  -8.82625580E-03
  -8.80241394E-03
  -8.79192352E-03
  -8.78715515E-03
  -8.77666473E-03
  -8.74614716E-03
  -8.66508484E-03
  -8.42380524E-03
  -8.39233398E-03
  -8.37230682E-03
  -8.30268860E-03
  -8.28266144E-03
  -8.26740265E-03
  -8.26454163E-03
  -8.25691223E-03
  -8.25595856E-03
  -8.22544098E-03
  -8.19969177E-03
  -8.09192657E-03
  -8.06713104E-03
  -8.02040100E-03
  -7.98225403E-03
  -7.96985626E-03
  -7.80010223E-03
  -7.73620605E-03
  -7.69615173E-03
  -7.61032104E-03
  -7.57217407E-03
  -7.52735138E-03
  -7.38334656E-03
  -7.30037689E-03
  -7.30037689E-03
  -7.29942322E-03
  -7.27558136E-03
  -7.24697113E-03
  -7.24697113E-03
  -7.20977783E-03
  -7.20500946E-03
  -7.17258453E-03
  -7.11822510E-03
  -7.05337524E-03
  -7.02762604E-03
  -7.00569153E-03
  -6.89601898E-03
  -6.53553009E-03
  -6.40296936E-03
  -6.36386871E-03
  -6.29997253E-03
  -6.29711151E-03
  -6.28376007E-03
  -6.26850128E-03
  -6.18457794E-03
  -6.16836548E-03
  -6.04724884E-03
  -5.95569611E-03
  -5.90896606E-03
  -5.85460663E-03
  -5.85365295E-03
  -5.82790375E-03
  -5.80024719E-03
  -5.78880310E-03
  -5.77640533E-03
  -5.77640533E-03
  -5.76019287E-03
  -5.71346283E-03
  -5.70678711E-03
  -5.69248199E-03
  -5.66673279E-03
  -5.60474396E-03
  -5.46169281E-03
  -5.34725189E-03
  -5.31578064E-03
  -5.28526306E-03
  -5.21469116E-03
  -5.20324707E-03
  -5.03063202E-03
  -4.92382050E-03
  -4.88090515E-03
  -4.71401215E-03
  -4.67586517E-03
  -4.65106964E-03
  -4.45938110E-03
  -4.42981720E-03
  -4.38022614E-03
  -4.27818298E-03
  -4.27722931E-03
  -4.23431396E-03
  -4.17613983E-03
  -4.17518616E-03
  -4.13417816E-03
  -4.11319733E-03
  -4.08649445E-03
  -4.07409668E-03
  -3.89766693E-03
  -3.88908386E-03
  -3.79848480E-03
  -3.79562378E-03
  -3.78704071E-03
  -3.78417969E-03
  -3.74984741E-03
  -3.73363495E-03
  -3.65638733E-03
  -3.58581543E-03
  -3.58390808E-03
  -3.50570679E-03
  -3.38172913E-03
  -3.35216522E-03
  -3.32927704E-03
  -3.29875946E-03
  -3.29399109E-03
  -3.28445435E-03
  -3.28254700E-03
  -3.24821472E-03
  -3.21197510E-03
  -3.19862366E-03
  -3.19766998E-03
  -3.19004059E-03
  -3.16429138E-03
  -3.10325623E-03
  -2.96878815E-03
  -2.88009644E-03
  -2.83432007E-03
  -2.77805328E-03
  -2.73227692E-03
  -2.71797180E-03
  -2.61020660E-03
  -2.57396698E-03
  -2.49195099E-03
  -2.39944458E-03
  -2.34603882E-03
  -2.33745575E-03
  -2.29740143E-03
  -2.29263306E-03
  -2.28691101E-03
  -2.19917297E-03
  -2.18105316E-03
  -2.16484070E-03
  -2.14099884E-03
  -2.13146210E-03
  -2.12860107E-03
  -2.12097168E-03
  -2.10952759E-03
  -2.05135345E-03
  -2.04849243E-03
  -2.00653076E-03
  -2.00653076E-03
  -1.99985504E-03
  -1.90925598E-03
  -1.90830231E-03
  -1.88636780E-03
  -1.80625916E-03
  -1.79958344E-03
  -1.78050995E-03
  -1.76906586E-03
  -1.75380707E-03
  -1.75285339E-03
  -1.74713135E-03
  -1.68609619E-03
  -1.65462494E-03
  -1.62792206E-03
  -1.55925751E-03
  -1.52778625E-03
  -1.51920319E-03
  -1.50394440E-03
  -1.49059296E-03
  -1.48296356E-03
  -1.42955780E-03
  -1.38092041E-03
  -1.36089325E-03
  -1.34849548E-03
  -1.27315521E-03
  -1.26457214E-03
  -1.23882294E-03
  -1.23596191E-03
  -1.18637085E-03
  -1.18160248E-03
  -1.17588043E-03
  -1.17492676E-03
  -1.12438202E-03
  -1.09672546E-03
  -1.09004974E-03
  -1.05857849E-03
  -9.60350037E-04
  -8.80241394E-04
  -8.72612000E-04
  -8.72612000E-04
  -8.52584839E-04
  -8.39233398E-04
  -7.91549683E-04
  -7.33375549E-04
  -6.97135925E-04
  -6.97135925E-04
  -6.61849976E-04
  -6.51359558E-04
  -6.44683838E-04
  -6.28471375E-04
  -6.19888306E-04
  -6.15119934E-04
  -5.70297241E-04
  -5.63621521E-04
  -4.74929810E-04
  -4.61578369E-04
  -4.33921814E-04
  -4.33921814E-04
  -2.65121460E-04
  -2.59399414E-04
  -2.35557556E-04
  -2.22206116E-04
  -2.05993652E-04
  -1.42097473E-04
  -1.02043152E-04
  -9.72747803E-05
  -3.91006470E-05
   2.00271606E-05
   7.82012939E-05
   1.25885010E-04
   1.55448914E-04
   1.63078308E-04
   1.64031982E-04
   2.02178955E-04
   2.03132629E-04
   2.04086304E-04
   2.04086304E-04
   2.05993652E-04
   2.10762024E-04
   2.16484070E-04
   2.17437744E-04
   2.19345093E-04
   2.30789185E-04
   2.32696533E-04
   2.53677368E-04
   2.89916992E-04
   3.04222107E-04
   4.09126282E-04
   4.15802002E-04
   4.47273254E-04
   4.62532043E-04
   4.73976135E-04
   5.31196594E-04
   5.70297241E-04
   6.27517700E-04
   6.37054443E-04
   6.50405884E-04
   7.01904297E-04
   7.10487366E-04
   7.42912292E-04
   7.48634338E-04
   7.84873962E-04
   8.23020935E-04
   8.31604004E-04
   8.34465027E-04
   8.75473022E-04
   8.78334045E-04
   9.15527344E-04
   9.19342041E-04
   9.85145569E-04
   9.95635986E-04
   1.07860565E-03
   1.10912323E-03
   1.16443634E-03
   1.18923187E-03
   1.20925903E-03
   1.21974945E-03
   1.22451782E-03
   1.22642517E-03
   1.25408173E-03
   1.50775909E-03
   1.57833099E-03
   1.63841248E-03
   1.66225433E-03
   1.70135498E-03
   1.70326233E-03
   1.70898438E-03
   1.70993805E-03
   1.71470642E-03
   1.71566010E-03
   1.71661377E-03
   1.72424316E-03
   1.74808502E-03
   1.77478790E-03
   1.87969208E-03
   2.03800201E-03
   2.08282471E-03
   2.08568573E-03
   2.10189819E-03
   2.15530396E-03
   2.20298767E-03
   2.20680237E-03
   2.22206116E-03
   2.23255157E-03
   2.24113464E-03
   2.26593018E-03
   2.28500366E-03
   2.29358673E-03
   2.31361389E-03
   2.37274170E-03
   2.37274170E-03
   2.40707397E-03
   2.44045258E-03
   2.44045258E-03
   2.44903564E-03
   2.48432159E-03
   2.55680084E-03
   2.57396698E-03
   2.67028809E-03
   2.68745422E-03
   2.70748138E-03
   2.71224976E-03
   2.72369385E-03
   2.73513794E-03
   2.75516510E-03
   2.76565552E-03
   2.80189514E-03
   2.83813477E-03
   2.91824341E-03
   3.05080414E-03
   3.09467316E-03
   3.13758850E-03
   3.17192078E-03
   3.20053101E-03
   3.20148468E-03
   3.21578979E-03
   3.21865082E-03
   3.23486328E-03
   3.29589844E-03
   3.30162048E-03
   3.34453583E-03
   3.34453583E-03
   3.37982178E-03
   3.39031219E-03
   3.42082977E-03
   3.44944000E-03
   3.45897675E-03
   3.46183777E-03
   3.50856781E-03
   3.52191925E-03
   3.54766846E-03
   3.56864929E-03
   3.61728668E-03
   3.64208221E-03
   3.64208221E-03
   3.64398956E-03
   3.66210938E-03
   3.70216370E-03
   3.70407104E-03
   3.70502472E-03
   3.72886658E-03
   3.74126434E-03
   3.74412537E-03
   3.78894806E-03
   3.80229950E-03
   3.80229950E-03
   3.83090973E-03
   3.85093689E-03
   3.89671326E-03
   3.96347046E-03
   4.08840179E-03
   4.08935547E-03
   4.10270691E-03
   4.16183472E-03
   4.19712067E-03
   4.20379639E-03
   4.20761108E-03
   4.21905518E-03
   4.22859192E-03
   4.23812866E-03
   4.24766541E-03
   4.24766541E-03
   4.28771973E-03
   4.29439545E-03
   4.30202484E-03
   4.33349609E-03
   4.35638428E-03
   4.39643860E-03
   4.40883636E-03
   4.40979004E-03
   4.41169739E-03
   4.43267822E-03
   4.46605682E-03
   4.51564789E-03
   4.53662872E-03
   4.56142426E-03
   4.69970703E-03
   4.71496582E-03
   4.72640991E-03
   4.77981567E-03
   4.81987000E-03
   4.83322144E-03
   4.83894348E-03
   4.85134125E-03
   4.85706329E-03
   4.86469269E-03
   4.86946106E-03
   4.93812561E-03
   4.94861603E-03
   4.96101379E-03
   5.02872467E-03
   5.09834290E-03
   5.15556335E-03
   5.20420074E-03
   5.20420074E-03
   5.20706177E-03
   5.21469116E-03
   5.26523590E-03
   5.27191162E-03
   5.28526306E-03
   5.29193878E-03
   5.41019440E-03
   5.41496277E-03
   5.41591644E-03
   5.43880463E-03
   5.51509857E-03
   5.53894043E-03
   5.70297241E-03
   5.70487976E-03
   5.71918488E-03
   5.72204590E-03
   5.74111938E-03
   5.76019287E-03
   5.76114655E-03
   5.79452515E-03
   5.83839417E-03
   5.85079193E-03
   5.93852997E-03
   5.94425201E-03
   5.96046448E-03
   6.01482391E-03
   6.06060028E-03
   6.09207153E-03
   6.12640381E-03
   6.18457794E-03
   6.19792938E-03
   6.30569458E-03
   6.34098053E-03
   6.35242462E-03
   6.43539429E-03
   6.47258759E-03
   6.52885437E-03
   6.60705566E-03
   6.64329529E-03
   6.69956207E-03
   6.70146942E-03
   6.73961639E-03
   6.74343109E-03
   6.76727295E-03
   6.78539276E-03
   6.78539276E-03
   6.88171387E-03
   6.92081451E-03
   6.99234009E-03
   7.03048706E-03
   7.14302063E-03
   7.20024109E-03
   7.20119476E-03
   7.21073151E-03
   7.21359253E-03
   7.22312927E-03
   7.23075867E-03
   7.24411011E-03
   7.28130341E-03
   7.35092163E-03
   7.46536255E-03
   7.49206543E-03
   7.52258301E-03
   7.58171082E-03
   7.81536102E-03
   7.81726837E-03
   7.81822205E-03
   7.82203674E-03
   7.83443451E-03
   7.84397125E-03
   7.84778595E-03
   7.85255432E-03
   7.86113739E-03
   7.86590576E-03
   7.88307190E-03
   7.90596008E-03
   7.93552399E-03
   7.97653198E-03
   8.09764862E-03
   8.16631317E-03
   8.20636749E-03
   8.21495056E-03
   8.21971893E-03
   8.29410553E-03
   8.29792023E-03
   8.30268860E-03
   8.42666626E-03
   8.54206085E-03
   8.57448578E-03
   8.58116150E-03
   8.62503052E-03
   8.69941711E-03
   8.70037079E-03
   8.70037079E-03
   8.71086121E-03
   8.71276855E-03
   8.78429413E-03
   8.80336761E-03
   8.92543793E-03
   8.95595551E-03
   9.01412964E-03
   9.06658173E-03
   9.07135010E-03
   9.14192200E-03
   9.14287567E-03
   9.20581818E-03
   9.26589966E-03
   9.27925110E-03
   9.37652588E-03
   9.39083099E-03
   9.52911377E-03
   9.66167450E-03
   9.69696045E-03
   9.71889496E-03
   9.71889496E-03
   9.74750519E-03
   9.77993011E-03
   9.81712341E-03
   9.82284546E-03
   9.83238220E-03
   9.86385345E-03
   9.87625122E-03
   1.00517273E-02
   1.01613998E-02
   1.01966858E-02
   1.02167130E-02
   1.02367401E-02
   1.02443695E-02
   1.02987289E-02
   1.03836060E-02
   1.04379654E-02
   1.04608536E-02
   1.04923248E-02
   1.07154846E-02
   1.07736588E-02
   1.08442307E-02
   1.08795166E-02
   1.08995438E-02
   1.09291077E-02
   1.09500885E-02
   1.10635757E-02
   1.12066269E-02
   1.12218857E-02
   1.12895966E-02
   1.13162994E-02
   1.13763809E-02
   1.14297867E-02
   1.14450455E-02
   1.17692947E-02
   1.17893219E-02
   1.18045807E-02
   1.21603012E-02
   1.21765137E-02
   1.22051239E-02
   1.22709274E-02
   1.22852325E-02
   1.23157501E-02
   1.23205185E-02
   1.23300552E-02
   1.23500824E-02
   1.23643875E-02
   1.23691559E-02
   1.24197006E-02
   1.25102997E-02
   1.25350952E-02
   1.25494003E-02
   1.26657486E-02
   1.26934052E-02
   1.27067566E-02
   1.27077103E-02
   1.27172470E-02
   1.27563477E-02
   1.27706528E-02
   1.28765106E-02
   1.29728317E-02
   1.31206512E-02
   1.32188797E-02
   1.32465363E-02
   1.33180618E-02
   1.34420395E-02
   1.34601593E-02
   1.34906769E-02
   1.35307312E-02
   1.37052536E-02
   1.37186050E-02
   1.38120651E-02
   1.38263702E-02
   1.38502121E-02
   1.38931274E-02
   1.39331818E-02
   1.39751434E-02
   1.41754150E-02
   1.41944885E-02
   1.42049789E-02
   1.42059326E-02
   1.42183304E-02
   1.42354965E-02
   1.42354965E-02
   1.44186020E-02
   1.44958496E-02
   1.46179199E-02
   1.47104263E-02
   1.47113800E-02
   1.47228241E-02
   1.49316788E-02
   1.52063370E-02
   1.52969360E-02
   1.53102875E-02
   1.53570175E-02
   1.55487061E-02
   1.55973434E-02
   1.56106949E-02
   1.56955719E-02
   1.58815384E-02
   1.59120560E-02
   1.59368515E-02
   1.61981583E-02
   1.62963867E-02
   1.63612366E-02
   1.63660049E-02
   1.64966583E-02
   1.65386200E-02
   1.65557861E-02
   1.66645050E-02
   1.66921616E-02
   1.66931152E-02
   1.67331696E-02
   1.67350769E-02
   1.67360306E-02
   1.71890259E-02
   1.72271729E-02
   1.74369812E-02
   1.74503326E-02
   1.75294876E-02
   1.76534653E-02
   1.76954269E-02
   1.77993774E-02
   1.79309845E-02
   1.79567337E-02
   1.80768967E-02
   1.80768967E-02
   1.81741714E-02
   1.81837082E-02
   1.83048248E-02
   1.83334351E-02
   1.86843872E-02
   1.88636780E-02
   1.92232132E-02
   1.92899704E-02
   1.98478699E-02
   2.00023651E-02
   2.01797485E-02
   2.03504562E-02
   2.16846466E-02
   2.18744278E-02
   2.18801498E-02
   2.18925476E-02
   2.27079391E-02
   2.27537155E-02
   2.29167938E-02
   2.31723785E-02
   2.32868195E-02
   2.34699249E-02
   2.35166550E-02
   2.43453979E-02
   2.46458054E-02
   2.47592926E-02
   2.50988007E-02
   2.52914429E-02
   2.56061554E-02
   2.62012482E-02
   2.62966156E-02
   2.63881683E-02
   2.64434814E-02
   2.67343521E-02
   2.68068314E-02
   2.68373489E-02
   2.72331238E-02
   2.78110504E-02
   2.81114578E-02
   2.81925201E-02
   2.86560059E-02
   2.87055969E-02
   2.93207169E-02
   2.98013687E-02
   3.01656723E-02
   3.01866531E-02
   3.01914215E-02
   3.12776566E-02
   3.17039490E-02
   3.19108963E-02
   3.21626663E-02
   3.23677063E-02
   3.24649811E-02
   3.27348709E-02
   3.30486298E-02
   3.31754684E-02
   3.33585739E-02
   3.37238312E-02
   3.38125229E-02
   3.39736938E-02
   3.41892242E-02
   3.44104767E-02
   3.58905792E-02
   3.61881256E-02
   3.62834930E-02
   3.62939835E-02
   3.72028351E-02
   3.93524170E-02
