#Npts     Radius    Mag      Completeness
#  109 2990.7092  -13.978001 1.000000
# Ierr
  -1.86567307E-02
  -1.68380737E-02
  -1.47666931E-02
  -1.25360489E-02
  -1.21021271E-02
  -1.19562149E-02
  -1.11427307E-02
  -1.02691650E-02
  -9.09423828E-03
  -8.99600983E-03
  -6.47544861E-03
  -5.82981110E-03
  -5.72204590E-03
  -5.56182861E-03
  -5.06591797E-03
  -4.97341156E-03
  -4.81987000E-03
  -3.83281708E-03
  -3.63922119E-03
  -3.47137451E-03
  -3.45611572E-03
  -3.19099426E-03
  -3.02124023E-03
  -2.71987915E-03
  -2.60829926E-03
  -1.78813934E-03
  -1.72519684E-03
  -1.60312653E-03
  -1.54399872E-03
  -7.82966614E-04
  -6.09397888E-04
  -4.97817993E-04
   4.76837158E-06
   2.59399414E-04
   2.94685364E-04
   3.87191772E-04
   4.79698181E-04
   5.03540039E-04
   5.65528870E-04
   8.78334045E-04
   9.21249390E-04
   9.93728638E-04
   1.06239319E-03
   1.09291077E-03
   1.12819672E-03
   1.18350983E-03
   1.33895874E-03
   1.48582458E-03
   1.57642365E-03
   1.65271759E-03
   1.67655945E-03
   1.90067291E-03
   2.14290619E-03
   2.29930878E-03
   2.30312347E-03
   2.65407562E-03
   2.73990631E-03
   2.92015076E-03
   3.04794312E-03
   3.10611725E-03
   3.17001343E-03
   3.20434570E-03
   3.23486328E-03
   3.43513489E-03
   3.57055664E-03
   3.57246399E-03
   3.60012054E-03
   3.78894806E-03
   4.09603119E-03
   4.15802002E-03
   4.17709351E-03
   4.30393219E-03
   4.50229645E-03
   4.69398499E-03
   4.97245789E-03
   5.03730774E-03
   5.39398193E-03
   5.51700592E-03
   5.52940369E-03
   5.69438934E-03
   5.78117371E-03
   5.89275360E-03
   5.95474243E-03
   6.06632233E-03
   6.20365143E-03
   7.06386566E-03
   7.21359253E-03
   7.47013092E-03
   7.50446320E-03
   7.81250000E-03
   8.43429565E-03
   8.50772858E-03
   8.59832764E-03
   8.79859924E-03
   9.01603699E-03
   9.10758972E-03
   9.15813446E-03
   9.55200195E-03
   9.82475281E-03
   1.02930069E-02
   1.04808807E-02
   1.23291016E-02
   1.28879547E-02
   1.34506226E-02
   1.51777267E-02
   1.55496597E-02
   1.64213181E-02
   1.71031952E-02
   2.56500244E-02
