#Npts     Radius    Mag      Completeness
#  176  653.1942  -13.431454 1.000000
# Ierr
  -2.66923904E-02
  -2.40306854E-02
  -2.38780975E-02
  -2.25954056E-02
  -2.16636658E-02
  -1.85098648E-02
  -1.81016922E-02
  -1.56354904E-02
  -1.49478912E-02
  -1.44491196E-02
  -1.42850876E-02
  -1.38120651E-02
  -1.36213303E-02
  -1.34057999E-02
  -1.32160187E-02
  -1.23729706E-02
  -1.21269226E-02
  -1.20639801E-02
  -1.11083984E-02
  -1.07631683E-02
  -1.03406906E-02
  -9.48810577E-03
  -9.14859772E-03
  -9.12475586E-03
  -9.09900665E-03
  -8.96453857E-03
  -8.72325897E-03
  -8.31508636E-03
  -8.30841064E-03
  -7.65323639E-03
  -7.64560699E-03
  -7.36808777E-03
  -7.36427307E-03
  -7.21359253E-03
  -7.18021393E-03
  -7.07626343E-03
  -6.83593750E-03
  -6.64424896E-03
  -6.45828247E-03
  -6.25133514E-03
  -6.02436066E-03
  -5.89752197E-03
  -5.81073761E-03
  -5.79071045E-03
  -5.71632385E-03
  -5.54656982E-03
  -5.46264648E-03
  -5.46264648E-03
  -5.13076782E-03
  -5.08689880E-03
  -5.07736206E-03
  -5.07450104E-03
  -4.96768951E-03
  -4.95624542E-03
  -4.88090515E-03
  -4.86469269E-03
  -4.59766388E-03
  -4.57572937E-03
  -4.56428528E-03
  -4.26673889E-03
  -4.19044495E-03
  -4.15134430E-03
  -3.91674042E-03
  -3.83090973E-03
  -3.77082825E-03
  -3.66687775E-03
  -3.54003906E-03
  -3.53145599E-03
  -3.46660614E-03
  -3.01361084E-03
  -2.95162201E-03
  -2.79426575E-03
  -2.76660919E-03
  -2.67982483E-03
  -2.41470337E-03
  -2.29263306E-03
  -2.17914581E-03
  -2.15244293E-03
  -2.01702118E-03
  -1.96266174E-03
  -1.87015533E-03
  -1.85871124E-03
  -1.84822083E-03
  -1.10912323E-03
  -9.70840454E-04
  -6.45637512E-04
  -5.34057617E-04
  -3.72886658E-04
  -1.98364258E-04
  -2.09808350E-05
   4.00543213E-05
   6.48498535E-05
   1.76429749E-04
   2.51770020E-04
   2.58445740E-04
   3.49044800E-04
   5.16891479E-04
   7.67707825E-04
   7.91549683E-04
   8.00132751E-04
   9.85145569E-04
   1.07383728E-03
   1.08432770E-03
   1.19590759E-03
   1.36280060E-03
   1.53255463E-03
   1.60026550E-03
   1.78527832E-03
   1.88636780E-03
   1.97792053E-03
   2.00462341E-03
   2.03418732E-03
   2.05516815E-03
   2.08568573E-03
   2.09617615E-03
   2.12383270E-03
   2.31742859E-03
   2.33650208E-03
   2.38037109E-03
   2.55966187E-03
   2.77900696E-03
   3.04889679E-03
   3.46088409E-03
   3.47423553E-03
   3.62110138E-03
   3.72028351E-03
   3.75461578E-03
   3.92627716E-03
   3.93486023E-03
   4.13990021E-03
   4.15802002E-03
   4.17709351E-03
   4.25624847E-03
   4.28199768E-03
   4.31346893E-03
   4.58526611E-03
   4.58812714E-03
   4.64057922E-03
   4.75883484E-03
   5.39493561E-03
   5.42449951E-03
   5.50556183E-03
   6.01768494E-03
   6.37245178E-03
   6.54506683E-03
   6.55078888E-03
   6.64234161E-03
   6.68334961E-03
   7.07912445E-03
   7.13920593E-03
   7.35759735E-03
   7.36522675E-03
   7.77626038E-03
   7.79914856E-03
   8.84246826E-03
   8.98361206E-03
   9.02652740E-03
   9.20295715E-03
   9.20486450E-03
   9.71794128E-03
   1.05476379E-02
   1.06468201E-02
   1.08175278E-02
   1.14574432E-02
   1.23882294E-02
   1.27506256E-02
   1.28126144E-02
   1.29051208E-02
   1.32465363E-02
   1.59273148E-02
   1.70946121E-02
   1.85909271E-02
   1.97315216E-02
   2.44541168E-02
   3.10735703E-02
   3.42655182E-02
