#Npts     Radius    Mag      Completeness
#  969 1068.8632  -11.535999 1.000000
# Ierr
  -3.94029617E-02
  -3.93152237E-02
  -3.92637253E-02
  -3.88307571E-02
  -3.83300781E-02
  -3.60450745E-02
  -3.52344513E-02
  -3.43189240E-02
  -3.39736938E-02
  -3.16152573E-02
  -3.07664871E-02
  -3.02104950E-02
  -2.97870636E-02
  -2.96392441E-02
  -2.90842056E-02
  -2.89096832E-02
  -2.88391113E-02
  -2.86998749E-02
  -2.84318924E-02
  -2.83250809E-02
  -2.81791687E-02
  -2.80971527E-02
  -2.79817581E-02
  -2.79417038E-02
  -2.68974304E-02
  -2.68859863E-02
  -2.68754959E-02
  -2.51665115E-02
  -2.49328613E-02
  -2.47106552E-02
  -2.45103836E-02
  -2.41975784E-02
  -2.39896774E-02
  -2.39648819E-02
  -2.37550735E-02
  -2.31676102E-02
  -2.30636597E-02
  -2.27832794E-02
  -2.24933624E-02
  -2.21967697E-02
  -2.19392776E-02
  -2.18391418E-02
  -2.17752457E-02
  -2.17552185E-02
  -2.16760635E-02
  -2.15759277E-02
  -2.15301514E-02
  -2.13642120E-02
  -2.10580826E-02
  -2.00061798E-02
  -1.99146271E-02
  -1.98278427E-02
  -1.98211670E-02
  -1.97477341E-02
  -1.94454193E-02
  -1.92832947E-02
  -1.92832947E-02
  -1.92241669E-02
  -1.91440582E-02
  -1.89361572E-02
  -1.89237595E-02
  -1.86986923E-02
  -1.86691284E-02
  -1.86281204E-02
  -1.85842514E-02
  -1.85375214E-02
  -1.85022354E-02
  -1.79681778E-02
  -1.76744461E-02
  -1.76076889E-02
  -1.75914764E-02
  -1.74942017E-02
  -1.74865723E-02
  -1.73339844E-02
  -1.72462463E-02
  -1.71356201E-02
  -1.69897079E-02
  -1.68218613E-02
  -1.66511536E-02
  -1.65243149E-02
  -1.64623260E-02
  -1.60875320E-02
  -1.59378052E-02
  -1.59301758E-02
  -1.58138275E-02
  -1.57403946E-02
  -1.55506134E-02
  -1.55487061E-02
  -1.54504776E-02
  -1.54371262E-02
  -1.53760910E-02
  -1.52101517E-02
  -1.51386261E-02
  -1.47714615E-02
  -1.45969391E-02
  -1.43918991E-02
  -1.42307281E-02
  -1.41477585E-02
  -1.41468048E-02
  -1.40190125E-02
  -1.39722824E-02
  -1.38902664E-02
  -1.38044357E-02
  -1.37281418E-02
  -1.37262344E-02
  -1.37081146E-02
  -1.34162903E-02
  -1.34077072E-02
  -1.34038925E-02
  -1.33981705E-02
  -1.31835938E-02
  -1.29957199E-02
  -1.29013062E-02
  -1.27058029E-02
  -1.25818253E-02
  -1.25608444E-02
  -1.24864578E-02
  -1.24282837E-02
  -1.23262405E-02
  -1.23128891E-02
  -1.22365952E-02
  -1.21870041E-02
  -1.19514465E-02
  -1.18646622E-02
  -1.17416382E-02
  -1.16796494E-02
  -1.16710663E-02
  -1.15718842E-02
  -1.14307404E-02
  -1.14250183E-02
  -1.13124847E-02
  -1.12867355E-02
  -1.10502243E-02
  -1.10492706E-02
  -1.09653473E-02
  -1.09443665E-02
  -1.09071732E-02
  -1.08795166E-02
  -1.07908249E-02
  -1.07250214E-02
  -1.06878281E-02
  -1.05199814E-02
  -1.03979111E-02
  -1.02682114E-02
  -1.01718903E-02
  -1.01566315E-02
  -1.00784302E-02
  -1.00259781E-02
  -1.00011826E-02
  -9.90962982E-03
  -9.86862183E-03
  -9.82570648E-03
  -9.64546204E-03
  -9.63592529E-03
  -9.57775116E-03
  -9.46521759E-03
  -9.30404663E-03
  -9.30309296E-03
  -9.22393799E-03
  -9.16290283E-03
  -9.11140442E-03
  -9.07421112E-03
  -8.92162323E-03
  -8.90254974E-03
  -8.80718231E-03
  -8.77475739E-03
  -8.58974457E-03
  -8.47625732E-03
  -8.45527649E-03
  -8.38661194E-03
  -8.31127167E-03
  -8.27693939E-03
  -8.22734833E-03
  -8.21113586E-03
  -8.20732117E-03
  -8.02993774E-03
  -7.93647766E-03
  -7.92503357E-03
  -7.87258148E-03
  -7.85923004E-03
  -7.85923004E-03
  -7.79533386E-03
  -7.78102875E-03
  -7.76004791E-03
  -7.74669647E-03
  -7.73429871E-03
  -7.57598877E-03
  -7.56740570E-03
  -7.56645203E-03
  -7.48348236E-03
  -7.42149353E-03
  -7.41767883E-03
  -7.37190247E-03
  -7.27462769E-03
  -7.18975067E-03
  -7.15827942E-03
  -7.13634491E-03
  -7.13539124E-03
  -7.12776184E-03
  -7.09533691E-03
  -7.07721710E-03
  -7.04002380E-03
  -7.01713562E-03
  -6.98471069E-03
  -6.95323944E-03
  -6.93035126E-03
  -6.91890717E-03
  -6.86454773E-03
  -6.84833527E-03
  -6.76441193E-03
  -6.70337677E-03
  -6.69860840E-03
  -6.59370422E-03
  -6.47544861E-03
  -6.36577606E-03
  -6.28662109E-03
  -6.28566742E-03
  -6.22940063E-03
  -6.16741180E-03
  -5.99002838E-03
  -5.98907471E-03
  -5.97858429E-03
  -5.97000122E-03
  -5.97000122E-03
  -5.90991974E-03
  -5.86986542E-03
  -5.76686859E-03
  -5.72681427E-03
  -5.71441650E-03
  -5.71250916E-03
  -5.68485260E-03
  -5.66387177E-03
  -5.65528870E-03
  -5.60665131E-03
  -5.60283661E-03
  -5.56182861E-03
  -5.55133820E-03
  -5.54943085E-03
  -5.49316406E-03
  -5.45597076E-03
  -5.45120239E-03
  -5.42449951E-03
  -5.38921356E-03
  -5.38921356E-03
  -5.34248352E-03
  -5.33103943E-03
  -5.31196594E-03
  -5.28812408E-03
  -5.28526306E-03
  -5.27763367E-03
  -5.25283813E-03
  -5.23757935E-03
  -5.19275665E-03
  -5.16605377E-03
  -5.16605377E-03
  -5.09166718E-03
  -5.07640839E-03
  -5.03730774E-03
  -5.01728058E-03
  -4.94384766E-03
  -4.93717194E-03
  -4.84085083E-03
  -4.82082367E-03
  -4.79125977E-03
  -4.77600098E-03
  -4.73976135E-03
  -4.71687317E-03
  -4.59671021E-03
  -4.55093384E-03
  -4.47082520E-03
  -4.38499451E-03
  -4.38117981E-03
  -4.34684753E-03
  -4.20475006E-03
  -4.11128998E-03
  -4.11128998E-03
  -4.10366058E-03
  -4.06932831E-03
  -4.05216217E-03
  -4.05120850E-03
  -4.03118134E-03
  -3.99780273E-03
  -3.92436981E-03
  -3.90911102E-03
  -3.89575958E-03
  -3.83853912E-03
  -3.83663177E-03
  -3.83472443E-03
  -3.74984741E-03
  -3.72600555E-03
  -3.72314453E-03
  -3.71837616E-03
  -3.65734100E-03
  -3.63922119E-03
  -3.59249115E-03
  -3.53336334E-03
  -3.50284576E-03
  -3.46565247E-03
  -3.45706940E-03
  -3.38745117E-03
  -3.37791443E-03
  -3.34072113E-03
  -3.33595276E-03
  -3.32927704E-03
  -3.30162048E-03
  -3.29685211E-03
  -3.29494476E-03
  -3.29017639E-03
  -3.26633453E-03
  -3.26633453E-03
  -3.24630737E-03
  -3.23867798E-03
  -3.22723389E-03
  -3.18908691E-03
  -3.18145752E-03
  -3.17573547E-03
  -3.16238403E-03
  -3.16143036E-03
  -3.12995911E-03
  -3.11470032E-03
  -3.06892395E-03
  -3.06797028E-03
  -3.06415558E-03
  -3.05747986E-03
  -3.04603577E-03
  -3.03649902E-03
  -2.98976898E-03
  -2.98595428E-03
  -2.96878815E-03
  -2.93350220E-03
  -2.90107727E-03
  -2.85053253E-03
  -2.84385681E-03
  -2.80380249E-03
  -2.75135040E-03
  -2.73132324E-03
  -2.67219543E-03
  -2.66456604E-03
  -2.64835358E-03
  -2.57587433E-03
  -2.49099731E-03
  -2.43663788E-03
  -2.43186951E-03
  -2.42137909E-03
  -2.41088867E-03
  -2.40516663E-03
  -2.39658356E-03
  -2.30407715E-03
  -2.29930878E-03
  -2.28500366E-03
  -2.26879120E-03
  -2.20298767E-03
  -2.18677521E-03
  -2.14576721E-03
  -2.14576721E-03
  -2.13432312E-03
  -2.07233429E-03
  -2.05326080E-03
  -2.04086304E-03
  -1.98841095E-03
  -1.95217133E-03
  -1.93786621E-03
  -1.92260742E-03
  -1.88255310E-03
  -1.86824799E-03
  -1.82819366E-03
  -1.78813934E-03
  -1.78718567E-03
  -1.77764893E-03
  -1.73377991E-03
  -1.72805786E-03
  -1.67942047E-03
  -1.67083740E-03
  -1.65939331E-03
  -1.63650513E-03
  -1.63078308E-03
  -1.59072876E-03
  -1.58596039E-03
  -1.54304504E-03
  -1.52969360E-03
  -1.49154663E-03
  -1.49059296E-03
  -1.46007538E-03
  -1.45530701E-03
  -1.44767761E-03
  -1.39808655E-03
  -1.38950348E-03
  -1.37805939E-03
  -1.34944916E-03
  -1.34944916E-03
  -1.33800507E-03
  -1.31034851E-03
  -1.30844116E-03
  -1.29508972E-03
  -1.29508972E-03
  -1.25885010E-03
  -1.24740601E-03
  -1.23691559E-03
  -1.23596191E-03
  -1.21116638E-03
  -1.12915039E-03
  -1.12152100E-03
  -1.08146667E-03
  -1.07383728E-03
  -1.06716156E-03
  -1.05667114E-03
  -1.02138519E-03
  -9.86099243E-04
  -9.57489014E-04
  -9.43183899E-04
  -9.29832458E-04
  -8.89778137E-04
  -8.88824463E-04
  -8.59260559E-04
  -8.50677490E-04
  -8.31604004E-04
  -8.01086426E-04
  -8.01086426E-04
  -7.82012939E-04
  -7.48634338E-04
  -6.98089600E-04
  -6.80923462E-04
  -6.78062439E-04
  -6.27517700E-04
  -5.76972961E-04
  -5.34057617E-04
  -5.34057617E-04
  -5.19752502E-04
  -4.99725342E-04
  -4.96864319E-04
  -4.81605530E-04
  -4.63485718E-04
  -4.38690186E-04
  -4.29153442E-04
  -3.93867493E-04
  -3.52859497E-04
  -3.44276428E-04
  -3.14712524E-04
  -3.03268433E-04
  -3.00407410E-04
  -2.78472900E-04
  -2.67028809E-04
  -2.58445740E-04
  -2.41279602E-04
  -1.86920166E-04
  -1.85966492E-04
  -1.63078308E-04
  -1.35421753E-04
  -1.31607056E-04
  -1.27792358E-04
  -9.05990601E-05
  -8.01086426E-05
  -7.53402710E-05
   1.90734863E-06
   9.53674316E-06
   1.33514404E-05
   4.48226929E-05
   5.24520874E-05
   6.67572021E-05
   8.20159912E-05
   8.58306885E-05
   1.36375427E-04
   1.36375427E-04
   2.07901001E-04
   2.09808350E-04
   2.36511230E-04
   2.36511230E-04
   2.37464905E-04
   2.95639038E-04
   2.95639038E-04
   3.28063965E-04
   3.42369080E-04
   3.52859497E-04
   3.62396240E-04
   3.65257263E-04
   3.72886658E-04
   3.79562378E-04
   3.98635864E-04
   4.26292419E-04
   4.32968140E-04
   4.84466553E-04
   4.84466553E-04
   6.00814819E-04
   6.06536865E-04
   6.40869141E-04
   6.46591187E-04
   6.66618347E-04
   6.83784485E-04
   6.91413879E-04
   7.36236572E-04
   7.40051270E-04
   7.81059265E-04
   7.99179077E-04
   8.08715820E-04
   8.15391541E-04
   8.32557678E-04
   8.68797302E-04
   8.70704651E-04
   8.76426697E-04
   9.30786133E-04
   9.30786133E-04
   9.97543335E-04
   9.97543335E-04
   1.00612640E-03
   1.01661682E-03
   1.03187561E-03
   1.06143951E-03
   1.06239319E-03
   1.08146667E-03
   1.10054016E-03
   1.12533569E-03
   1.15108490E-03
   1.17206573E-03
   1.19209290E-03
   1.19209290E-03
   1.20067596E-03
   1.20258331E-03
   1.23405457E-03
   1.27696991E-03
   1.31416321E-03
   1.33514404E-03
   1.33609772E-03
   1.38854980E-03
   1.41429901E-03
   1.41716003E-03
   1.43432617E-03
   1.47247314E-03
   1.52301788E-03
   1.52492523E-03
   1.52873993E-03
   1.52873993E-03
   1.59740448E-03
   1.63555145E-03
   1.63936615E-03
   1.68800354E-03
   1.77955627E-03
   1.78432465E-03
   1.79862976E-03
   1.81102753E-03
   1.84726715E-03
   1.86157227E-03
   1.87397003E-03
   1.87492371E-03
   1.94072723E-03
   1.96361542E-03
   1.97505951E-03
   1.98268890E-03
   1.98936462E-03
   1.98936462E-03
   1.98936462E-03
   1.99127197E-03
   1.99222565E-03
   2.01320648E-03
   2.04467773E-03
   2.05802917E-03
   2.06851959E-03
   2.11238861E-03
   2.18391418E-03
   2.20680237E-03
   2.24399567E-03
   2.24399567E-03
   2.27546692E-03
   2.28023529E-03
   2.29835510E-03
   2.30693817E-03
   2.31838226E-03
   2.38037109E-03
   2.41184235E-03
   2.41947174E-03
   2.42900848E-03
   2.46429443E-03
   2.46429443E-03
   2.48908997E-03
   2.48908997E-03
   2.50053406E-03
   2.51579285E-03
   2.55680084E-03
   2.57110596E-03
   2.58541107E-03
   2.59017944E-03
   2.59494781E-03
   2.62069702E-03
   2.67124176E-03
   2.68077850E-03
   2.71701813E-03
   2.77805328E-03
   2.82096863E-03
   2.84767151E-03
   2.88105011E-03
   2.91442871E-03
   2.96974182E-03
   2.98786163E-03
   3.05366516E-03
   3.10134888E-03
   3.17287445E-03
   3.19099426E-03
   3.19194794E-03
   3.19766998E-03
   3.22246552E-03
   3.25393677E-03
   3.27682495E-03
   3.29017639E-03
   3.30066681E-03
   3.36933136E-03
   3.41129303E-03
   3.44753265E-03
   3.45993042E-03
   3.46183777E-03
   3.46374512E-03
   3.48281860E-03
   3.54480743E-03
   3.55243683E-03
   3.58676910E-03
   3.58867645E-03
   3.68881226E-03
   3.73649597E-03
   3.77845764E-03
   3.81851196E-03
   3.86333466E-03
   3.92246246E-03
   3.93390656E-03
   3.96633148E-03
   4.01401520E-03
   4.02069092E-03
   4.03881073E-03
   4.03976440E-03
   4.05883789E-03
   4.06360626E-03
   4.07791138E-03
   4.14943695E-03
   4.17232513E-03
   4.21810150E-03
   4.22477722E-03
   4.24575806E-03
   4.29916382E-03
   4.29916382E-03
   4.35543060E-03
   4.36496735E-03
   4.38594818E-03
   4.41265106E-03
   4.44221497E-03
   4.45079803E-03
   4.47750092E-03
   4.50706482E-03
   4.56237793E-03
   4.62150574E-03
   4.64534760E-03
   4.66060638E-03
   4.67205048E-03
   4.67300415E-03
   4.71782684E-03
   4.72450256E-03
   4.73403931E-03
   4.79221344E-03
   4.81700897E-03
   4.87327576E-03
   4.87899780E-03
   4.90856171E-03
   4.94480133E-03
   4.96196747E-03
   5.02872467E-03
   5.06401062E-03
   5.08308411E-03
   5.16414642E-03
   5.16986847E-03
   5.17082214E-03
   5.19561768E-03
   5.22041321E-03
   5.26332855E-03
   5.26332855E-03
   5.26905060E-03
   5.26905060E-03
   5.31005859E-03
   5.31005859E-03
   5.33485413E-03
   5.35106659E-03
   5.35774231E-03
   5.45215607E-03
   5.50270081E-03
   5.54561615E-03
   5.57899475E-03
   5.58280945E-03
   5.60760498E-03
   5.63144684E-03
   5.64765930E-03
   5.67245483E-03
   5.68008423E-03
   5.72586060E-03
   5.73539734E-03
   5.75733185E-03
   5.76019287E-03
   5.78022003E-03
   5.82218170E-03
   5.87081909E-03
   5.89656830E-03
   5.91373444E-03
   5.91373444E-03
   5.92327118E-03
   5.94425201E-03
   5.94902039E-03
   5.95474243E-03
   6.00624084E-03
   6.02149963E-03
   6.04152679E-03
   6.05201721E-03
   6.05487823E-03
   6.06727600E-03
   6.08062744E-03
   6.10923767E-03
   6.11019135E-03
   6.16645813E-03
   6.16836548E-03
   6.23416901E-03
   6.27326965E-03
   6.33811951E-03
   6.44111633E-03
   6.46877289E-03
   6.48689270E-03
   6.54697418E-03
   6.55078888E-03
   6.57367706E-03
   6.59656525E-03
   6.60800934E-03
   6.62040710E-03
   6.62231445E-03
   6.65473938E-03
   6.66236877E-03
   6.80446625E-03
   6.81018829E-03
   6.81114197E-03
   6.81781769E-03
   6.82067871E-03
   6.82544708E-03
   6.86645508E-03
   6.88362122E-03
   6.92558289E-03
   6.97994232E-03
   7.02095032E-03
   7.11822510E-03
   7.15541840E-03
   7.16018677E-03
   7.22408295E-03
   7.22599030E-03
   7.23743439E-03
   7.25555420E-03
   7.26985931E-03
   7.32707977E-03
   7.33089447E-03
   7.43579865E-03
   7.46250153E-03
   7.46726990E-03
   7.49301910E-03
   7.49588013E-03
   7.52639771E-03
   7.65800476E-03
   7.67612457E-03
   7.80200958E-03
   7.83157349E-03
   7.84301758E-03
   7.93266296E-03
   7.93933868E-03
   7.94601440E-03
   7.96318054E-03
   7.97271729E-03
   7.97557831E-03
   7.99846649E-03
   8.11862946E-03
   8.17394257E-03
   8.21495056E-03
   8.25023651E-03
   8.32653046E-03
   8.33606720E-03
   8.37326050E-03
   8.48865509E-03
   8.50963593E-03
   8.52203369E-03
   8.57639313E-03
   8.65459442E-03
   8.71849060E-03
   8.76998901E-03
   8.79192352E-03
   8.83388519E-03
   8.86917114E-03
   8.98075104E-03
   8.98456573E-03
   9.03320312E-03
   9.05418396E-03
   9.05895233E-03
   9.20581818E-03
   9.24396515E-03
   9.25159454E-03
   9.25731659E-03
   9.27639008E-03
   9.29260254E-03
   9.29260254E-03
   9.32025909E-03
   9.34600830E-03
   9.38320160E-03
   9.43374634E-03
   9.44042206E-03
   9.53769684E-03
   9.55295563E-03
   9.61017609E-03
   9.62352753E-03
   9.66644287E-03
   9.72461700E-03
   9.74369049E-03
   9.75894928E-03
   9.76467133E-03
   9.76657867E-03
   9.92107391E-03
   9.92965698E-03
   9.98783112E-03
   1.00021362E-02
   1.00164413E-02
   1.00946426E-02
   1.01070404E-02
   1.01070404E-02
   1.01976395E-02
   1.02500916E-02
   1.03340149E-02
   1.03340149E-02
   1.03721619E-02
   1.03874207E-02
   1.04417801E-02
   1.05018616E-02
   1.05285645E-02
   1.05600357E-02
   1.06372833E-02
   1.07126236E-02
   1.07135773E-02
   1.07450485E-02
   1.08776093E-02
   1.08900070E-02
   1.08928680E-02
   1.09167099E-02
   1.09214783E-02
   1.09395981E-02
   1.09739304E-02
   1.09977722E-02
   1.09977722E-02
   1.10931396E-02
   1.11551285E-02
   1.11904144E-02
   1.12371445E-02
   1.12390518E-02
   1.12590790E-02
   1.12829208E-02
   1.13353729E-02
   1.14469528E-02
   1.14965439E-02
   1.15156174E-02
   1.15299225E-02
   1.15604401E-02
   1.15785599E-02
   1.15823746E-02
   1.16491318E-02
   1.16500854E-02
   1.16949081E-02
   1.17359161E-02
   1.17654800E-02
   1.18789673E-02
   1.19247437E-02
   1.20515823E-02
   1.21431351E-02
   1.21755600E-02
   1.21774673E-02
   1.21974945E-02
   1.22938156E-02
   1.22985840E-02
   1.23271942E-02
   1.23853683E-02
   1.25436783E-02
   1.25865936E-02
   1.25885010E-02
   1.26543045E-02
   1.26581192E-02
   1.27038956E-02
   1.28021240E-02
   1.29852295E-02
   1.30729675E-02
   1.31931305E-02
   1.32312775E-02
   1.33209229E-02
   1.33914948E-02
   1.34191513E-02
   1.34258270E-02
   1.35154724E-02
   1.36041641E-02
   1.36766434E-02
   1.38731003E-02
   1.38988495E-02
   1.39055252E-02
   1.39160156E-02
   1.39522552E-02
   1.40485764E-02
   1.41839981E-02
   1.42545700E-02
   1.42707825E-02
   1.42860413E-02
   1.42869949E-02
   1.43213272E-02
   1.44948959E-02
   1.45416260E-02
   1.46646500E-02
   1.49784088E-02
   1.50451660E-02
   1.52368546E-02
   1.53131485E-02
   1.53570175E-02
   1.53665543E-02
   1.55801773E-02
   1.55954361E-02
   1.59635544E-02
   1.61590576E-02
   1.61714554E-02
   1.61981583E-02
   1.63040161E-02
   1.64422989E-02
   1.64995193E-02
   1.65195465E-02
   1.70707703E-02
   1.71937943E-02
   1.72538757E-02
   1.72681808E-02
   1.74074173E-02
   1.74512863E-02
   1.76467896E-02
   1.77021027E-02
   1.79023743E-02
   1.79491043E-02
   1.79767609E-02
   1.83029175E-02
   1.85918808E-02
   1.86624527E-02
   1.88951492E-02
   1.89046860E-02
   1.89933777E-02
   1.90591812E-02
   1.90916061E-02
   1.94187164E-02
   1.96514130E-02
   1.97935104E-02
   2.05726624E-02
   2.05736160E-02
   2.07118988E-02
   2.07166672E-02
   2.08864212E-02
   2.10905075E-02
   2.11868286E-02
   2.12411880E-02
   2.14252472E-02
   2.27794647E-02
   2.27870941E-02
   2.38456726E-02
   2.41699219E-02
   2.45609283E-02
   2.50864029E-02
   2.55355835E-02
   2.56824493E-02
   2.75697708E-02
   2.89478302E-02
   2.91204453E-02
   2.91891098E-02
   2.98519135E-02
   3.39393616E-02
   3.42216492E-02
   3.82614136E-02
   3.90834808E-02
