#Npts     Radius    Mag      Completeness
#  921 1286.0050  -12.172000 1.000000
# Ierr
  -3.72896194E-02
  -3.71198654E-02
  -3.69672775E-02
  -3.58467102E-02
  -3.56788635E-02
  -3.51581573E-02
  -3.50036621E-02
  -3.44400406E-02
  -3.41281891E-02
  -3.12423706E-02
  -3.10163498E-02
  -3.09915543E-02
  -3.08694839E-02
  -3.01046371E-02
  -2.96735764E-02
  -2.95324326E-02
  -2.91795731E-02
  -2.91481018E-02
  -2.89154053E-02
  -2.83479691E-02
  -2.82917023E-02
  -2.82001495E-02
  -2.78301239E-02
  -2.73151398E-02
  -2.69384384E-02
  -2.68001556E-02
  -2.64854431E-02
  -2.55794525E-02
  -2.53200531E-02
  -2.49681473E-02
  -2.42576599E-02
  -2.36892700E-02
  -2.34308243E-02
  -2.33983994E-02
  -2.31790543E-02
  -2.31075287E-02
  -2.27260590E-02
  -2.24580765E-02
  -2.24275589E-02
  -2.20241547E-02
  -2.20165253E-02
  -2.19030380E-02
  -2.07777023E-02
  -2.05717087E-02
  -2.00901031E-02
  -1.99747086E-02
  -1.99136734E-02
  -1.96447372E-02
  -1.95293427E-02
  -1.95140839E-02
  -1.94711685E-02
  -1.88417435E-02
  -1.85804367E-02
  -1.82771683E-02
  -1.81913376E-02
  -1.75752640E-02
  -1.70164108E-02
  -1.69639587E-02
  -1.68828964E-02
  -1.67446136E-02
  -1.67312622E-02
  -1.64480209E-02
  -1.63507462E-02
  -1.63507462E-02
  -1.62420273E-02
  -1.58748627E-02
  -1.57699585E-02
  -1.57346725E-02
  -1.56221390E-02
  -1.55544281E-02
  -1.55258179E-02
  -1.53846741E-02
  -1.53837204E-02
  -1.53570175E-02
  -1.52893066E-02
  -1.51395798E-02
  -1.50671005E-02
  -1.49431229E-02
  -1.49354935E-02
  -1.47285461E-02
  -1.46560669E-02
  -1.45444870E-02
  -1.43766403E-02
  -1.39942169E-02
  -1.38969421E-02
  -1.37596130E-02
  -1.35402679E-02
  -1.33953094E-02
  -1.33104324E-02
  -1.29642487E-02
  -1.29518509E-02
  -1.28383636E-02
  -1.25741959E-02
  -1.24282837E-02
  -1.23109818E-02
  -1.22280121E-02
  -1.20611191E-02
  -1.19361877E-02
  -1.18999481E-02
  -1.14850998E-02
  -1.14116669E-02
  -1.11808777E-02
  -1.11188889E-02
  -1.10311508E-02
  -1.05171204E-02
  -1.04150772E-02
  -1.03816986E-02
  -1.03778839E-02
  -1.02653503E-02
  -1.02634430E-02
  -1.02453232E-02
  -1.01432800E-02
  -1.01079941E-02
  -1.01079941E-02
  -9.96494293E-03
  -9.86480713E-03
  -9.86194611E-03
  -9.85240936E-03
  -9.82952118E-03
  -9.76276398E-03
  -9.70172882E-03
  -9.68170166E-03
  -9.68170166E-03
  -9.58919525E-03
  -9.30118561E-03
  -9.27448273E-03
  -9.25827026E-03
  -9.25159454E-03
  -9.21535492E-03
  -9.21440125E-03
  -9.16385651E-03
  -9.14764404E-03
  -9.11235809E-03
  -8.97884369E-03
  -8.89682770E-03
  -8.89015198E-03
  -8.74710083E-03
  -8.70609283E-03
  -8.69083405E-03
  -8.66508484E-03
  -8.58020782E-03
  -8.47625732E-03
  -8.41999054E-03
  -8.28361511E-03
  -8.26072693E-03
  -8.06713104E-03
  -7.91263580E-03
  -7.87639618E-03
  -7.85064697E-03
  -7.84397125E-03
  -7.83824921E-03
  -7.80963898E-03
  -7.55786896E-03
  -7.53879547E-03
  -7.53402710E-03
  -7.52735138E-03
  -7.47871399E-03
  -7.45964050E-03
  -7.39288330E-03
  -7.35569000E-03
  -7.21263885E-03
  -7.19451904E-03
  -7.11727142E-03
  -7.10391998E-03
  -6.99806213E-03
  -6.96945190E-03
  -6.96659088E-03
  -6.91890717E-03
  -6.89029694E-03
  -6.87503815E-03
  -6.79969788E-03
  -6.66904449E-03
  -6.61468506E-03
  -6.38771057E-03
  -6.38294220E-03
  -6.34956360E-03
  -6.33716583E-03
  -6.27708435E-03
  -6.23130798E-03
  -6.20460510E-03
  -6.15882874E-03
  -6.01291656E-03
  -5.94520569E-03
  -5.93948364E-03
  -5.93566895E-03
  -5.89561462E-03
  -5.88703156E-03
  -5.85365295E-03
  -5.76972961E-03
  -5.70964813E-03
  -5.67626953E-03
  -5.59997559E-03
  -5.58280945E-03
  -5.49030304E-03
  -5.47599792E-03
  -5.38635254E-03
  -5.34248352E-03
  -5.28430939E-03
  -5.18417358E-03
  -5.12409210E-03
  -5.11169434E-03
  -5.08975983E-03
  -5.04112244E-03
  -4.99629974E-03
  -4.95338440E-03
  -4.89234924E-03
  -4.87613678E-03
  -4.84561920E-03
  -4.83131409E-03
  -4.72259521E-03
  -4.71878052E-03
  -4.70066071E-03
  -4.68254089E-03
  -4.64439392E-03
  -4.62627411E-03
  -4.60624695E-03
  -4.59289551E-03
  -4.57477570E-03
  -4.55951691E-03
  -4.51564789E-03
  -4.49562073E-03
  -4.44889069E-03
  -4.35543060E-03
  -4.26292419E-03
  -4.22382355E-03
  -4.18949127E-03
  -4.04357910E-03
  -4.02069092E-03
  -4.02069092E-03
  -3.99780273E-03
  -3.94344330E-03
  -3.90720367E-03
  -3.90148163E-03
  -3.88050079E-03
  -3.83758545E-03
  -3.82518768E-03
  -3.81946564E-03
  -3.78227234E-03
  -3.71932983E-03
  -3.71551514E-03
  -3.61728668E-03
  -3.47232819E-03
  -3.44944000E-03
  -3.43322754E-03
  -3.37409973E-03
  -3.34835052E-03
  -3.34072113E-03
  -3.33786011E-03
  -3.29971313E-03
  -3.23963165E-03
  -3.22723389E-03
  -3.21865082E-03
  -3.18431854E-03
  -3.13282013E-03
  -3.10230255E-03
  -3.07559967E-03
  -2.98786163E-03
  -2.96974182E-03
  -2.95829773E-03
  -2.85720825E-03
  -2.85148621E-03
  -2.84671783E-03
  -2.72846222E-03
  -2.69699097E-03
  -2.68173218E-03
  -2.62928009E-03
  -2.61688232E-03
  -2.59208679E-03
  -2.55775452E-03
  -2.54440308E-03
  -2.52437592E-03
  -2.48908997E-03
  -2.46715546E-03
  -2.46429443E-03
  -2.44426727E-03
  -2.43854523E-03
  -2.40802765E-03
  -2.39753723E-03
  -2.32791901E-03
  -2.23255157E-03
  -2.23064423E-03
  -2.12669373E-03
  -2.07996368E-03
  -2.05326080E-03
  -2.01988220E-03
  -1.99508667E-03
  -1.96743011E-03
  -1.96361542E-03
  -1.93405151E-03
  -1.91211700E-03
  -1.90544128E-03
  -1.85680389E-03
  -1.85012817E-03
  -1.84822083E-03
  -1.75571442E-03
  -1.73664093E-03
  -1.70230865E-03
  -1.70230865E-03
  -1.57356262E-03
  -1.56688690E-03
  -1.56688690E-03
  -1.53064728E-03
  -1.52492523E-03
  -1.48296356E-03
  -1.40953064E-03
  -1.40380859E-03
  -1.40190125E-03
  -1.39713287E-03
  -1.38092041E-03
  -1.35326385E-03
  -1.32560730E-03
  -1.27792358E-03
  -1.24359131E-03
  -1.23405457E-03
  -1.18827820E-03
  -1.18255615E-03
  -1.13773346E-03
  -1.12342834E-03
  -1.10626221E-03
  -1.09958649E-03
  -1.05571747E-03
  -1.03092194E-03
  -1.02519989E-03
  -1.01757050E-03
  -9.45091248E-04
  -9.39369202E-04
  -9.39369202E-04
  -9.25064087E-04
  -8.79287720E-04
  -8.56399536E-04
  -8.53538513E-04
  -8.37326050E-04
  -8.05854797E-04
  -8.05854797E-04
  -7.93457031E-04
  -7.49588013E-04
  -7.27653503E-04
  -7.15255737E-04
  -6.93321228E-04
  -6.79969788E-04
  -6.79969788E-04
  -6.73294067E-04
  -6.73294067E-04
  -6.41822815E-04
  -6.01768494E-04
  -5.50270081E-04
  -5.14984131E-04
  -5.03540039E-04
  -4.74929810E-04
  -4.62532043E-04
  -4.53948975E-04
  -4.45365906E-04
  -4.40597534E-04
  -3.97682190E-04
  -3.84330750E-04
  -3.58581543E-04
  -3.34739685E-04
  -3.01361084E-04
  -2.48908997E-04
  -2.44140625E-04
  -2.29835510E-04
  -1.95503235E-04
  -1.69754028E-04
  -1.57356262E-04
  -1.31607056E-04
  -1.16348267E-04
  -9.53674316E-05
  -9.34600830E-05
  -8.77380371E-05
  -8.20159912E-05
  -4.00543213E-05
  -1.04904175E-05
   1.90734863E-06
   2.47955322E-05
   4.86373901E-05
   7.91549683E-05
   1.04904175E-04
   1.54495239E-04
   2.21252441E-04
   2.47955322E-04
   2.60353088E-04
   2.96592712E-04
   3.06129456E-04
   3.50952148E-04
   3.57627869E-04
   3.70025635E-04
   3.96728516E-04
   4.25338745E-04
   4.86373901E-04
   4.92095947E-04
   5.54084778E-04
   5.74111938E-04
   5.83648682E-04
   5.97953796E-04
   6.25610352E-04
   6.28471375E-04
   6.38008118E-04
   6.67572021E-04
   6.93321228E-04
   6.99043274E-04
   7.51495361E-04
   8.05854797E-04
   8.06808472E-04
   8.09669495E-04
   8.70704651E-04
   8.70704651E-04
   8.98361206E-04
   9.04083252E-04
   9.11712646E-04
   9.12666321E-04
   9.56535339E-04
   9.56535339E-04
   9.82284546E-04
   1.01184845E-03
   1.02519989E-03
   1.08814240E-03
   1.10626221E-03
   1.18446350E-03
   1.19495392E-03
   1.22928619E-03
   1.24263763E-03
   1.28269196E-03
   1.34849548E-03
   1.36756897E-03
   1.36852264E-03
   1.39713287E-03
   1.40476227E-03
   1.44100189E-03
   1.46865845E-03
   1.47247314E-03
   1.51157379E-03
   1.52969360E-03
   1.53636932E-03
   1.53636932E-03
   1.53923035E-03
   1.56116486E-03
   1.56593323E-03
   1.58023834E-03
   1.62792206E-03
   1.64890289E-03
   1.67369843E-03
   1.67942047E-03
   1.74331665E-03
   1.74427032E-03
   1.77288055E-03
   1.79290771E-03
   1.80053711E-03
   1.80435181E-03
   1.80530548E-03
   1.84822083E-03
   1.89208984E-03
   1.89971924E-03
   1.90544128E-03
   1.90734863E-03
   1.91688538E-03
   2.00843811E-03
   2.02655792E-03
   2.03323364E-03
   2.03609467E-03
   2.03990936E-03
   2.04563141E-03
   2.05802917E-03
   2.06756592E-03
   2.07805634E-03
   2.08473206E-03
   2.11811066E-03
   2.11811066E-03
   2.15625763E-03
   2.15816498E-03
   2.18391418E-03
   2.21157074E-03
   2.23255157E-03
   2.23445892E-03
   2.23731995E-03
   2.26688385E-03
   2.30216980E-03
   2.30979919E-03
   2.31456757E-03
   2.36320496E-03
   2.37655640E-03
   2.43568420E-03
   2.45666504E-03
   2.49767303E-03
   2.49958038E-03
   2.51770020E-03
   2.52914429E-03
   2.52914429E-03
   2.56061554E-03
   2.56252289E-03
   2.56443024E-03
   2.64739990E-03
   2.68077850E-03
   2.68268585E-03
   2.69031525E-03
   2.70175934E-03
   2.73132324E-03
   2.74372101E-03
   2.78282166E-03
   2.78663635E-03
   2.84385681E-03
   2.89630890E-03
   2.90203094E-03
   2.91347504E-03
   2.94685364E-03
   2.96401978E-03
   2.96592712E-03
   3.01456451E-03
   3.01456451E-03
   3.02982330E-03
   3.03268433E-03
   3.07655334E-03
   3.08609009E-03
   3.09085846E-03
   3.11279297E-03
   3.11565399E-03
   3.11851501E-03
   3.11851501E-03
   3.12232971E-03
   3.12614441E-03
   3.16619873E-03
   3.21865082E-03
   3.23963165E-03
   3.24535370E-03
   3.27777863E-03
   3.38268280E-03
   3.41033936E-03
   3.41892242E-03
   3.44371796E-03
   3.47137451E-03
   3.51810455E-03
   3.55815887E-03
   3.56388092E-03
   3.57151031E-03
   3.64303589E-03
   3.67355347E-03
   3.70502472E-03
   3.70693207E-03
   3.73172760E-03
   3.78799438E-03
   3.80039215E-03
   3.82518768E-03
   3.83567810E-03
   3.84235382E-03
   3.84521484E-03
   3.89575958E-03
   3.90911102E-03
   3.95107269E-03
   3.96919250E-03
   3.99494171E-03
   4.02832031E-03
   4.05216217E-03
   4.06169891E-03
   4.06837463E-03
   4.10842896E-03
   4.14085388E-03
   4.17423248E-03
   4.19616699E-03
   4.22286987E-03
   4.25434113E-03
   4.26006317E-03
   4.27818298E-03
   4.29344177E-03
   4.29821014E-03
   4.31251526E-03
   4.32968140E-03
   4.33254242E-03
   4.33635712E-03
   4.37450409E-03
   4.40692902E-03
   4.41169739E-03
   4.41932678E-03
   4.43172455E-03
   4.43553925E-03
   4.44221497E-03
   4.46605682E-03
   4.47368622E-03
   4.48608398E-03
   4.51278687E-03
   4.51755524E-03
   4.51850891E-03
   4.55188751E-03
   4.55856323E-03
   4.56523895E-03
   4.57191467E-03
   4.59861755E-03
   4.60433960E-03
   4.61387634E-03
   4.70066071E-03
   4.71878052E-03
   4.74548340E-03
   4.77600098E-03
   4.79030609E-03
   4.83417511E-03
   4.89711761E-03
   4.91714478E-03
   4.93621826E-03
   4.94575500E-03
   5.00106812E-03
   5.01251221E-03
   5.02109528E-03
   5.04970551E-03
   5.06591797E-03
   5.14888763E-03
   5.19180298E-03
   5.19752502E-03
   5.22136688E-03
   5.22994995E-03
   5.26237488E-03
   5.28240204E-03
   5.29193878E-03
   5.32817841E-03
   5.37300110E-03
   5.37300110E-03
   5.42449951E-03
   5.45978546E-03
   5.49602509E-03
   5.50079346E-03
   5.50460815E-03
   5.59329987E-03
   5.60665131E-03
   5.62667847E-03
   5.63335419E-03
   5.66482544E-03
   5.67340851E-03
   5.67340851E-03
   5.67626953E-03
   5.68199158E-03
   5.76400757E-03
   5.78594208E-03
   5.79261780E-03
   5.80596924E-03
   5.83362579E-03
   5.93376160E-03
   5.94711304E-03
   5.95092773E-03
   5.96523285E-03
   5.98239899E-03
   5.99575043E-03
   6.01196289E-03
   6.01768494E-03
   6.03485107E-03
   6.04057312E-03
   6.04534149E-03
   6.12258911E-03
   6.13117218E-03
   6.13594055E-03
   6.16168976E-03
   6.17313385E-03
   6.17599487E-03
   6.22081757E-03
   6.24275208E-03
   6.26373291E-03
   6.30092621E-03
   6.32476807E-03
   6.32858276E-03
   6.37722015E-03
   6.38675690E-03
   6.44111633E-03
   6.44969940E-03
   6.48212433E-03
   6.48689270E-03
   6.48784637E-03
   6.50501251E-03
   6.51168823E-03
   6.53171539E-03
   6.54220581E-03
   6.54983521E-03
   6.56700134E-03
   6.56700134E-03
   6.64806366E-03
   6.65187836E-03
   6.70242310E-03
   6.71100616E-03
   6.72149658E-03
   6.74533844E-03
   6.76059723E-03
   6.78062439E-03
   6.81495667E-03
   6.83116913E-03
   6.85882568E-03
   6.88076019E-03
   6.88362122E-03
   6.91318512E-03
   6.92653656E-03
   6.92844391E-03
   6.93893433E-03
   6.95323944E-03
   6.97803497E-03
   6.98757172E-03
   7.03620911E-03
   7.03907013E-03
   7.05242157E-03
   7.06672668E-03
   7.10296631E-03
   7.16781616E-03
   7.20310211E-03
   7.21073151E-03
   7.21168518E-03
   7.22408295E-03
   7.22408295E-03
   7.22980499E-03
   7.25173950E-03
   7.32517242E-03
   7.35855103E-03
   7.37380981E-03
   7.38143921E-03
   7.42530823E-03
   7.43293762E-03
   7.44247437E-03
   7.44438171E-03
   7.47680664E-03
   7.53307343E-03
   7.59124756E-03
   7.60269165E-03
   7.61413574E-03
   7.80773163E-03
   7.80963898E-03
   7.84778595E-03
   7.90786743E-03
   7.96127319E-03
   7.98702240E-03
   7.98797607E-03
   7.99846649E-03
   8.02803040E-03
   8.09288025E-03
   8.17966461E-03
   8.25023651E-03
   8.26072693E-03
   8.30745697E-03
   8.32176208E-03
   8.35227966E-03
   8.41903687E-03
   8.50772858E-03
   8.52775574E-03
   8.55541229E-03
   8.59737396E-03
   8.63361359E-03
   8.63838196E-03
   8.68415833E-03
   8.69083405E-03
   8.69560242E-03
   8.70513916E-03
   8.70513916E-03
   8.70513916E-03
   8.77666473E-03
   8.77761841E-03
   8.82053375E-03
   8.86917114E-03
   8.87584686E-03
   8.91208649E-03
   8.91780853E-03
   8.92353058E-03
   8.92925262E-03
   8.95977020E-03
   8.99028778E-03
   8.99314880E-03
   9.00459290E-03
   9.09519196E-03
   9.12857056E-03
   9.13810730E-03
   9.15050507E-03
   9.16862488E-03
   9.17053223E-03
   9.17243958E-03
   9.18865204E-03
   9.19246674E-03
   9.19818878E-03
   9.32025909E-03
   9.32788849E-03
   9.37652588E-03
   9.42802429E-03
   9.43470001E-03
   9.48333740E-03
   9.48333740E-03
   9.49668884E-03
   9.53483582E-03
   9.60445404E-03
   9.65309143E-03
   9.66548920E-03
   9.85813141E-03
   9.86671448E-03
   9.92202759E-03
   9.92393494E-03
   9.95159149E-03
   9.97066498E-03
   9.98687744E-03
   9.98687744E-03
   1.00479126E-02
   1.00898743E-02
   1.01623535E-02
   1.01900101E-02
   1.02033615E-02
   1.02195740E-02
   1.02424622E-02
   1.02815628E-02
   1.03349686E-02
   1.03387833E-02
   1.03521347E-02
   1.04103088E-02
   1.06010437E-02
   1.06210709E-02
   1.06334686E-02
   1.06906891E-02
   1.07183456E-02
   1.07183456E-02
   1.07603073E-02
   1.07660294E-02
   1.08070374E-02
   1.08356476E-02
   1.09481812E-02
   1.10702515E-02
   1.11875534E-02
   1.12037659E-02
   1.12571716E-02
   1.12705231E-02
   1.13010406E-02
   1.13010406E-02
   1.13019943E-02
   1.14173889E-02
   1.14173889E-02
   1.14431381E-02
   1.14774704E-02
   1.14850998E-02
   1.14898682E-02
   1.15957260E-02
   1.17874146E-02
   1.19085312E-02
   1.19333267E-02
   1.20115280E-02
   1.20363235E-02
   1.21078491E-02
   1.22318268E-02
   1.22566223E-02
   1.22690201E-02
   1.23014450E-02
   1.24711990E-02
   1.25284195E-02
   1.28364563E-02
   1.28469467E-02
   1.28612518E-02
   1.29632950E-02
   1.30882263E-02
   1.31158829E-02
   1.33962631E-02
   1.34973526E-02
   1.35269165E-02
   1.37262344E-02
   1.37996674E-02
   1.39236450E-02
   1.39436722E-02
   1.40485764E-02
   1.40762329E-02
   1.41162872E-02
   1.41658783E-02
   1.43785477E-02
   1.43880844E-02
   1.43976212E-02
   1.46207809E-02
   1.47113800E-02
   1.48096085E-02
   1.48372650E-02
   1.50117874E-02
   1.50318146E-02
   1.50432587E-02
   1.53217316E-02
   1.53226852E-02
   1.53369904E-02
   1.55410767E-02
   1.56536102E-02
   1.56669617E-02
   1.60264969E-02
   1.62706375E-02
   1.63383484E-02
   1.64613724E-02
   1.64861679E-02
   1.68285370E-02
   1.68552399E-02
   1.72538757E-02
   1.72672272E-02
   1.73225403E-02
   1.73397064E-02
   1.74369812E-02
   1.74808502E-02
   1.75752640E-02
   1.76639557E-02
   1.76916122E-02
   1.77688599E-02
   1.79882050E-02
   1.85890198E-02
   1.86758041E-02
   1.87168121E-02
   1.89514160E-02
   1.90372467E-02
   1.90858841E-02
   1.96905136E-02
   1.98659897E-02
   2.06260681E-02
   2.09741592E-02
   2.18439102E-02
   2.23464966E-02
   2.26831436E-02
   2.28471756E-02
   2.33907700E-02
   2.41508484E-02
   2.44426727E-02
   2.53868103E-02
   2.64425278E-02
   2.67686844E-02
   2.70280838E-02
   2.72951126E-02
   2.86970139E-02
   2.91728973E-02
   3.05643082E-02
   3.08532715E-02
   3.18965912E-02
   3.33404541E-02
   3.48281860E-02
   3.53889465E-02
   3.65419388E-02
   3.66268158E-02
   3.67364883E-02
