#Npts     Radius    Mag      Completeness
#  161 1704.7042  -13.720000 1.000000
# Ierr
  -1.29003525E-02
  -1.05476379E-02
  -1.02996826E-02
  -7.84873962E-03
  -6.71577454E-03
  -6.49642944E-03
  -6.05773926E-03
  -6.01959229E-03
  -5.18703461E-03
  -4.70733643E-03
  -4.40025330E-03
  -3.95202637E-03
  -3.75461578E-03
  -3.66592407E-03
  -3.56674194E-03
  -3.40747833E-03
  -3.02314758E-03
  -2.63214111E-03
  -2.62069702E-03
  -2.51483917E-03
  -2.32124329E-03
  -2.23541260E-03
  -2.14195251E-03
  -2.08759308E-03
  -2.08568573E-03
  -2.04563141E-03
  -1.98745728E-03
  -1.62410736E-03
  -1.56879425E-03
  -1.33800507E-03
  -1.07383728E-03
  -1.06811523E-03
  -1.05857849E-03
  -9.79423523E-04
  -9.69886780E-04
  -9.28878784E-04
  -8.38279724E-04
  -6.99996948E-04
  -5.95092773E-04
  -5.90324402E-04
  -5.64575195E-04
  -4.70161438E-04
  -4.17709351E-04
  -3.93867493E-04
  -2.37464905E-04
  -8.39233398E-05
  -4.38690186E-05
  -1.62124634E-05
   4.00543213E-05
   7.43865967E-05
   9.25064087E-05
   1.29699707E-04
   2.21252441E-04
   2.47001648E-04
   3.49044800E-04
   3.59535217E-04
   3.86238098E-04
   4.41551208E-04
   4.52995300E-04
   4.68254089E-04
   5.77926636E-04
   6.31332397E-04
   7.61032104E-04
   8.39233398E-04
   1.01757050E-03
   1.03569031E-03
   1.08242035E-03
   1.09577179E-03
   1.11103058E-03
   1.12247467E-03
   1.15585327E-03
   1.22070312E-03
   1.33037567E-03
   1.51729584E-03
   1.52111053E-03
   1.62410736E-03
   1.84535980E-03
   1.95026398E-03
   1.98364258E-03
   2.02560425E-03
   2.02655792E-03
   2.12860107E-03
   2.14385986E-03
   2.15625763E-03
   2.56633759E-03
   2.78282166E-03
   2.80666351E-03
   2.81238556E-03
   2.90393829E-03
   2.95543671E-03
   2.95829773E-03
   2.98118591E-03
   3.00121307E-03
   3.27014923E-03
   3.34453583E-03
   3.60774994E-03
   3.62396240E-03
   3.84521484E-03
   3.92627716E-03
   4.09984589E-03
   4.16183472E-03
   4.19521332E-03
   4.22573090E-03
   4.28581238E-03
   4.31346893E-03
   4.32968140E-03
   4.39739227E-03
   4.44221497E-03
   4.57763672E-03
   4.78458405E-03
   5.09929657E-03
   5.28430939E-03
   5.40733337E-03
   5.54466248E-03
   5.58280945E-03
   5.82885742E-03
   6.22177124E-03
   6.37722015E-03
   6.39629364E-03
   6.45065308E-03
   6.45446777E-03
   6.46591187E-03
   6.50119781E-03
   6.58512115E-03
   6.73103333E-03
   6.78348541E-03
   6.84642792E-03
   7.00092316E-03
   7.09056854E-03
   7.19165802E-03
   7.20024109E-03
   7.21740723E-03
   7.23266602E-03
   7.24601746E-03
   7.26604462E-03
   7.43103027E-03
   7.43293762E-03
   7.55977631E-03
   7.69805908E-03
   8.16154480E-03
   8.53824615E-03
   8.54778290E-03
   8.84819031E-03
   9.07611847E-03
   9.29450989E-03
   9.54246521E-03
   9.60636139E-03
   9.72938538E-03
   9.93156433E-03
   1.02272034E-02
   1.05419159E-02
   1.05571747E-02
   1.05819702E-02
   1.07421875E-02
   1.07784271E-02
   1.07812881E-02
   1.10692978E-02
   1.11484528E-02
   1.65271759E-02
   1.86538696E-02
   2.42557526E-02
