#Npts     Radius    Mag      Completeness
#  709 1286.0050  -12.688000 1.000000
# Ierr
  -3.90262604E-02
  -3.70759964E-02
  -3.63998413E-02
  -3.47995758E-02
  -3.43351364E-02
  -3.32527161E-02
  -3.29418182E-02
  -3.27253342E-02
  -3.17125320E-02
  -3.15361023E-02
  -3.11002731E-02
  -3.10087204E-02
  -2.95505524E-02
  -2.94094086E-02
  -2.92358398E-02
  -2.86245346E-02
  -2.76994705E-02
  -2.72979736E-02
  -2.68354416E-02
  -2.59418488E-02
  -2.55842209E-02
  -2.48842239E-02
  -2.46229172E-02
  -2.42223740E-02
  -2.41880417E-02
  -2.40459442E-02
  -2.37054825E-02
  -2.24819183E-02
  -2.21576691E-02
  -2.10561752E-02
  -2.03886032E-02
  -1.99203491E-02
  -1.97105408E-02
  -1.82523727E-02
  -1.80044174E-02
  -1.77507401E-02
  -1.70631409E-02
  -1.69305801E-02
  -1.63984299E-02
  -1.63002014E-02
  -1.61676407E-02
  -1.58958435E-02
  -1.56555176E-02
  -1.55887604E-02
  -1.50012970E-02
  -1.47953033E-02
  -1.47247314E-02
  -1.46942139E-02
  -1.44319534E-02
  -1.35030746E-02
  -1.33295059E-02
  -1.33295059E-02
  -1.28984451E-02
  -1.26905441E-02
  -1.26333237E-02
  -1.23939514E-02
  -1.23291016E-02
  -1.23252869E-02
  -1.21269226E-02
  -1.19733810E-02
  -1.17263794E-02
  -1.15880966E-02
  -1.11532211E-02
  -1.10673904E-02
  -1.10559464E-02
  -1.07889175E-02
  -1.07326508E-02
  -1.04074478E-02
  -1.03178024E-02
  -1.03178024E-02
  -1.01938248E-02
  -1.01900101E-02
  -1.01842880E-02
  -9.95254517E-03
  -9.91725922E-03
  -9.85336304E-03
  -9.68837738E-03
  -9.51957703E-03
  -9.49764252E-03
  -9.22012329E-03
  -9.13619995E-03
  -9.04560089E-03
  -9.01222229E-03
  -8.97979736E-03
  -8.97693634E-03
  -8.91399384E-03
  -8.83102417E-03
  -8.82053375E-03
  -8.81481171E-03
  -8.71181488E-03
  -8.61644745E-03
  -8.60023499E-03
  -8.41140747E-03
  -8.36753845E-03
  -8.30936432E-03
  -8.28742981E-03
  -8.20064545E-03
  -8.16535950E-03
  -8.14819336E-03
  -8.13961029E-03
  -8.00704956E-03
  -7.98034668E-03
  -7.96318054E-03
  -7.95364380E-03
  -7.86876678E-03
  -7.75241852E-03
  -7.66181946E-03
  -7.63034821E-03
  -7.59601593E-03
  -7.52544403E-03
  -7.51686096E-03
  -7.40242004E-03
  -7.27844238E-03
  -7.23266602E-03
  -7.11059570E-03
  -7.09724426E-03
  -6.96849823E-03
  -6.96849823E-03
  -6.95610046E-03
  -6.92176819E-03
  -6.89792633E-03
  -6.78634644E-03
  -6.73770905E-03
  -6.60324097E-03
  -6.50119781E-03
  -6.46209717E-03
  -6.41345978E-03
  -6.16073608E-03
  -6.14452362E-03
  -6.08539581E-03
  -6.06822968E-03
  -6.02245331E-03
  -5.98621368E-03
  -5.94806671E-03
  -5.84888458E-03
  -5.78880310E-03
  -5.67245483E-03
  -5.59806824E-03
  -5.57613373E-03
  -5.55610657E-03
  -5.54466248E-03
  -5.48934937E-03
  -5.43880463E-03
  -5.38444519E-03
  -5.32817841E-03
  -5.31673431E-03
  -5.20324707E-03
  -5.19084930E-03
  -5.16223907E-03
  -5.15270233E-03
  -5.12123108E-03
  -5.08880615E-03
  -5.08499146E-03
  -5.07068634E-03
  -5.02777100E-03
  -5.00202179E-03
  -4.79030609E-03
  -4.75025177E-03
  -4.73308563E-03
  -4.60624695E-03
  -4.54902649E-03
  -4.54807281E-03
  -4.53662872E-03
  -4.51374054E-03
  -4.50611115E-03
  -4.46414948E-03
  -4.40979004E-03
  -4.38880920E-03
  -4.38022614E-03
  -4.32968140E-03
  -4.30870056E-03
  -4.29534912E-03
  -4.28009033E-03
  -4.25338745E-03
  -4.19235229E-03
  -4.13513184E-03
  -4.12845612E-03
  -3.99971008E-03
  -3.98540497E-03
  -3.95679474E-03
  -3.92913818E-03
  -3.92627716E-03
  -3.77082825E-03
  -3.71360779E-03
  -3.69644165E-03
  -3.67450714E-03
  -3.61633301E-03
  -3.43322754E-03
  -3.42559814E-03
  -3.41796875E-03
  -3.40461731E-03
  -3.31687927E-03
  -3.29875946E-03
  -3.29875946E-03
  -3.29875946E-03
  -3.29875946E-03
  -3.23772430E-03
  -3.22628021E-03
  -3.15761566E-03
  -3.11851501E-03
  -3.07846069E-03
  -3.07559967E-03
  -3.06224823E-03
  -3.05747986E-03
  -3.02505493E-03
  -2.95829773E-03
  -2.92396545E-03
  -2.92396545E-03
  -2.78663635E-03
  -2.73323059E-03
  -2.60448456E-03
  -2.59017944E-03
  -2.56347656E-03
  -2.54058838E-03
  -2.51865387E-03
  -2.51770020E-03
  -2.50530243E-03
  -2.47383118E-03
  -2.42042542E-03
  -2.41184235E-03
  -2.39372253E-03
  -2.37751007E-03
  -2.33650208E-03
  -2.31838226E-03
  -2.30216980E-03
  -2.25543976E-03
  -2.23350525E-03
  -2.15530396E-03
  -2.13909149E-03
  -2.13909149E-03
  -2.07710266E-03
  -2.07233429E-03
  -2.03037262E-03
  -1.93023682E-03
  -1.84345245E-03
  -1.81961060E-03
  -1.77669525E-03
  -1.74713135E-03
  -1.61457062E-03
  -1.59740448E-03
  -1.58119202E-03
  -1.57356262E-03
  -1.54781342E-03
  -1.53827667E-03
  -1.50871277E-03
  -1.46007538E-03
  -1.43909454E-03
  -1.39236450E-03
  -1.37519836E-03
  -1.29699707E-03
  -1.25503540E-03
  -1.25503540E-03
  -1.23596191E-03
  -1.21307373E-03
  -1.18732452E-03
  -1.18350983E-03
  -1.13296509E-03
  -1.12628937E-03
  -1.11865997E-03
  -1.10149384E-03
  -1.09863281E-03
  -1.09767914E-03
  -1.04427338E-03
  -1.02233887E-03
  -9.97543335E-04
  -9.76562500E-04
  -9.71794128E-04
  -9.62257385E-04
  -9.55581665E-04
  -9.42230225E-04
  -9.42230225E-04
  -9.20295715E-04
  -8.81195068E-04
  -7.97271729E-04
  -7.58171082E-04
  -7.12394714E-04
  -6.73294067E-04
  -6.39915466E-04
  -5.31196594E-04
  -5.26428223E-04
  -5.24520874E-04
  -4.67300415E-04
  -4.43458557E-04
  -4.27246094E-04
  -4.17709351E-04
  -4.11033630E-04
  -3.93867493E-04
  -3.86238098E-04
  -3.82423401E-04
  -3.77655029E-04
  -3.73840332E-04
  -3.53813171E-04
  -2.67982483E-04
  -1.74522400E-04
  -1.49726868E-04
  -1.35421753E-04
  -1.35421753E-04
  -1.30653381E-04
  -1.26838684E-04
  -1.26838684E-04
  -1.01089478E-04
  -2.09808350E-05
  -7.62939453E-06
   9.53674316E-06
   2.09808350E-05
   4.00543213E-05
   5.34057617E-05
   5.81741333E-05
   7.62939453E-05
   1.04904175E-04
   1.38282776E-04
   1.67846680E-04
   2.17437744E-04
   2.22206116E-04
   2.26974487E-04
   2.29835510E-04
   2.35557556E-04
   2.39372253E-04
   2.52723694E-04
   2.64167786E-04
   3.07083130E-04
   3.09944153E-04
   3.23295593E-04
   3.27110291E-04
   3.50952148E-04
   3.54766846E-04
   3.59535217E-04
   3.59535217E-04
   4.11987305E-04
   4.15802002E-04
   4.31060791E-04
   4.37736511E-04
   4.37736511E-04
   4.44412231E-04
   4.73022461E-04
   4.81605530E-04
   4.85420227E-04
   5.24520874E-04
   5.52177429E-04
   5.55038452E-04
   5.82695007E-04
   6.36100769E-04
   6.37054443E-04
   7.10487366E-04
   7.10487366E-04
   7.24792480E-04
   7.25746155E-04
   7.46726990E-04
   7.50541687E-04
   7.53402710E-04
   7.75337219E-04
   7.90596008E-04
   8.17298889E-04
   8.22067261E-04
   8.57353210E-04
   8.64982605E-04
   8.64982605E-04
   8.69750977E-04
   9.10758972E-04
   9.11712646E-04
   9.27925110E-04
   9.75608826E-04
   9.75608826E-04
   9.85145569E-04
   1.00708008E-03
   1.03950500E-03
   1.05381012E-03
   1.07765198E-03
   1.07765198E-03
   1.09386444E-03
   1.09672546E-03
   1.10149384E-03
   1.11198425E-03
   1.13391876E-03
   1.13868713E-03
   1.15203857E-03
   1.18160248E-03
   1.25598907E-03
   1.25598907E-03
   1.27029419E-03
   1.27124786E-03
   1.27410889E-03
   1.28936768E-03
   1.30844116E-03
   1.35517120E-03
   1.36852264E-03
   1.40857697E-03
   1.48105621E-03
   1.49726868E-03
   1.52301788E-03
   1.59263611E-03
   1.59454346E-03
   1.62124634E-03
   1.63364410E-03
   1.65462494E-03
   1.73473358E-03
   1.77669525E-03
   1.81484222E-03
   1.83486938E-03
   1.86729431E-03
   1.94644928E-03
   1.96743011E-03
   2.02083588E-03
   2.03704834E-03
   2.05612183E-03
   2.06851959E-03
   2.10571289E-03
   2.14958191E-03
   2.17914581E-03
   2.18486786E-03
   2.18486786E-03
   2.18486786E-03
   2.22206116E-03
   2.28023529E-03
   2.28977203E-03
   2.34127045E-03
   2.35843658E-03
   2.38418579E-03
   2.39372253E-03
   2.47097015E-03
   2.49767303E-03
   2.53582001E-03
   2.59685516E-03
   2.60066986E-03
   2.63023376E-03
   2.63881683E-03
   2.64644623E-03
   2.65407562E-03
   2.74944305E-03
   2.75516510E-03
   2.81238556E-03
   2.82669067E-03
   2.82669067E-03
   2.85053253E-03
   2.85053253E-03
   2.90584564E-03
   2.90870667E-03
   2.91252136E-03
   2.96401978E-03
   2.97260284E-03
   3.02219391E-03
   3.03554535E-03
   3.04508209E-03
   3.08990479E-03
   3.09467316E-03
   3.13949585E-03
   3.16619873E-03
   3.19099426E-03
   3.19957733E-03
   3.20339203E-03
   3.21388245E-03
   3.22532654E-03
   3.22628021E-03
   3.25775146E-03
   3.27014923E-03
   3.27205658E-03
   3.34548950E-03
   3.42082977E-03
   3.45993042E-03
   3.49521637E-03
   3.50093842E-03
   3.51142883E-03
   3.52478027E-03
   3.53813171E-03
   3.53813171E-03
   3.60107422E-03
   3.60202789E-03
   3.63254547E-03
   3.64398956E-03
   3.72028351E-03
   3.72791290E-03
   3.76033783E-03
   3.76605988E-03
   3.77655029E-03
   3.78704071E-03
   3.85093689E-03
   3.87191772E-03
   3.88336182E-03
   3.90911102E-03
   3.91864777E-03
   3.92532349E-03
   3.97872925E-03
   3.99398804E-03
   4.01496887E-03
   4.07886505E-03
   4.09698486E-03
   4.11987305E-03
   4.16088104E-03
   4.16851044E-03
   4.21619415E-03
   4.22382355E-03
   4.26959991E-03
   4.26959991E-03
   4.32777405E-03
   4.36019897E-03
   4.40502167E-03
   4.40788269E-03
   4.40788269E-03
   4.41837311E-03
   4.42218781E-03
   4.42218781E-03
   4.42409515E-03
   4.44412231E-03
   4.49657440E-03
   4.59575653E-03
   4.61196899E-03
   4.63390350E-03
   4.67777252E-03
   4.68349457E-03
   4.68349457E-03
   4.70066071E-03
   4.75692749E-03
   4.76360321E-03
   4.78649139E-03
   4.79507446E-03
   4.80842590E-03
   4.81891632E-03
   4.82749939E-03
   4.83322144E-03
   4.83322144E-03
   4.85897064E-03
   4.95719910E-03
   4.95719910E-03
   4.98580933E-03
   5.00965118E-03
   5.02586365E-03
   5.09548187E-03
   5.10120392E-03
   5.10597229E-03
   5.12409210E-03
   5.17654419E-03
   5.21945953E-03
   5.21945953E-03
   5.23090363E-03
   5.24520874E-03
   5.26523590E-03
   5.28526306E-03
   5.31864166E-03
   5.33103943E-03
   5.34725189E-03
   5.35774231E-03
   5.42163849E-03
   5.46836853E-03
   5.54943085E-03
   5.56182861E-03
   5.62572479E-03
   5.64861298E-03
   5.69725037E-03
   5.78498840E-03
   5.79261780E-03
   5.80883026E-03
   5.87940216E-03
   6.00624084E-03
   6.00719452E-03
   6.09207153E-03
   6.09207153E-03
   6.10065460E-03
   6.16455078E-03
   6.17694855E-03
   6.22844696E-03
   6.25324249E-03
   6.25514984E-03
   6.25705719E-03
   6.27517700E-03
   6.29711151E-03
   6.36577606E-03
   6.36959076E-03
   6.37626648E-03
   6.38008118E-03
   6.39438629E-03
   6.49929047E-03
   6.52503967E-03
   6.59275055E-03
   6.59370422E-03
   6.63661957E-03
   6.67667389E-03
   6.68048859E-03
   6.68907166E-03
   6.72626495E-03
   6.85787201E-03
   6.87503815E-03
   6.89125061E-03
   6.95037842E-03
   6.95419312E-03
   7.05623627E-03
   7.05909729E-03
   7.06672668E-03
   7.06863403E-03
   7.09819794E-03
   7.10010529E-03
   7.17926025E-03
   7.27653503E-03
   7.30037689E-03
   7.31372833E-03
   7.41577148E-03
   7.42626190E-03
   7.43293762E-03
   7.44819641E-03
   7.46345520E-03
   7.50446320E-03
   7.58743286E-03
   7.74955750E-03
   7.75241852E-03
   7.75718689E-03
   7.80963898E-03
   7.81917572E-03
   7.83348083E-03
   7.91645050E-03
   8.21590424E-03
   8.22639465E-03
   8.27980042E-03
   8.29601288E-03
   8.33129883E-03
   8.37039948E-03
   8.40854645E-03
   8.46576691E-03
   8.48579407E-03
   8.52489471E-03
   8.54778290E-03
   8.55636597E-03
   8.58688354E-03
   8.62216949E-03
   8.62979889E-03
   8.65173340E-03
   8.68797302E-03
   8.74614716E-03
   8.74900818E-03
   8.78810883E-03
   8.81004333E-03
   8.81195068E-03
   8.81290436E-03
   8.81958008E-03
   8.83293152E-03
   8.84723663E-03
   9.03415680E-03
   9.07611847E-03
   9.08565521E-03
   9.10186768E-03
   9.18197632E-03
   9.22584534E-03
   9.24491882E-03
   9.27448273E-03
   9.32979584E-03
   9.43088531E-03
   9.51004028E-03
   9.59682465E-03
   9.68742371E-03
   9.68933105E-03
   9.74273682E-03
   9.74273682E-03
   1.00803375E-02
   1.01785660E-02
   1.02062225E-02
   1.02910995E-02
   1.04942322E-02
   1.05047226E-02
   1.05390549E-02
   1.07269287E-02
   1.08280182E-02
   1.08699799E-02
   1.09434128E-02
   1.10445023E-02
   1.11055374E-02
   1.11064911E-02
   1.14240646E-02
   1.14641190E-02
   1.16043091E-02
   1.17187500E-02
   1.17683411E-02
   1.19009018E-02
   1.22709274E-02
   1.25122070E-02
   1.27534866E-02
   1.28002167E-02
   1.29070282E-02
   1.29194260E-02
   1.30710602E-02
   1.32522583E-02
   1.32980347E-02
   1.34592056E-02
   1.35335922E-02
   1.37376785E-02
   1.41620636E-02
   1.42278671E-02
   1.43022537E-02
   1.44357681E-02
   1.45235062E-02
   1.49717331E-02
   1.51309967E-02
   1.52826309E-02
   1.54914856E-02
   1.56126022E-02
   1.64690018E-02
   1.66454315E-02
   1.72777176E-02
   1.77459717E-02
   1.80377960E-02
   1.85146332E-02
   1.90229416E-02
   1.93595886E-02
   1.95217133E-02
   2.01520920E-02
   2.25896835E-02
   2.26755142E-02
   2.27994919E-02
   2.41765976E-02
   2.61049271E-02
   2.97098160E-02
   3.01103592E-02
