#Npts     Radius    Mag      Completeness
#   75 1495.3546  -14.236000 1.000000
# Ierr
  -2.86436081E-02
  -2.74982452E-02
  -2.44445801E-02
  -1.66225433E-02
  -1.60455704E-02
  -1.37596130E-02
  -1.04646683E-02
  -1.02834702E-02
  -6.58130646E-03
  -6.07299805E-03
  -5.84983826E-03
  -5.24425507E-03
  -4.68158722E-03
  -3.94248962E-03
  -3.93390656E-03
  -3.07941437E-03
  -2.85720825E-03
  -2.59685516E-03
  -2.53295898E-03
  -2.50339508E-03
  -1.78718567E-03
  -1.69944763E-03
  -1.53255463E-03
  -1.48677826E-03
  -9.19342041E-04
  -8.83102417E-04
  -7.44819641E-04
  -6.26564026E-04
  -5.17845154E-04
  -4.56809998E-04
  -4.48226929E-05
  -2.57492065E-05
   1.28746033E-04
   1.49726868E-04
   3.82423401E-04
   5.79833984E-04
   6.07490540E-04
   6.99996948E-04
   7.45773315E-04
   8.11576843E-04
   9.06944275E-04
   1.02615356E-03
   1.18732452E-03
   1.48487091E-03
   1.57165527E-03
   1.60408020E-03
   1.66225433E-03
   1.72519684E-03
   1.95884705E-03
   2.20584869E-03
   2.33840942E-03
   2.42137909E-03
   2.45571136E-03
   3.14235687E-03
   4.43267822E-03
   4.45175171E-03
   4.54235077E-03
   4.88662720E-03
   5.12313843E-03
   6.37817383E-03
   6.40010834E-03
   6.59561157E-03
   6.78825378E-03
   6.86645508E-03
   7.81726837E-03
   8.00704956E-03
   9.14955139E-03
   1.02691650E-02
   1.22451782E-02
   1.39789581E-02
   1.45559311E-02
   1.71060562E-02
   1.83029175E-02
   2.00643539E-02
   2.08997726E-02
