#Npts     Radius    Mag      Completeness
#  299 1484.5321  -12.483727 1.000000
# Ierr
  -3.83052826E-02
  -2.73523331E-02
  -2.67992020E-02
  -2.66103745E-02
  -2.37245560E-02
  -2.20355988E-02
  -2.12993622E-02
  -1.97763443E-02
  -1.95693970E-02
  -1.87749863E-02
  -1.76382065E-02
  -1.59435272E-02
  -1.51185989E-02
  -1.50775909E-02
  -1.50547028E-02
  -1.48992538E-02
  -1.44433975E-02
  -1.44033432E-02
  -1.39894485E-02
  -1.38998032E-02
  -1.36022568E-02
  -1.32293701E-02
  -1.23004913E-02
  -1.22585297E-02
  -1.22032166E-02
  -1.17340088E-02
  -1.13096237E-02
  -1.12791061E-02
  -1.11103058E-02
  -1.10893250E-02
  -1.10721588E-02
  -1.10702515E-02
  -1.10073090E-02
  -1.08556747E-02
  -1.06058121E-02
  -1.05304718E-02
  -1.04370117E-02
  -1.04303360E-02
  -1.03387833E-02
  -1.02767944E-02
  -1.02319717E-02
  -1.02138519E-02
  -1.02043152E-02
  -1.01776123E-02
  -1.01642609E-02
  -9.80377197E-03
  -9.75990295E-03
  -9.70554352E-03
  -9.31549072E-03
  -9.28783417E-03
  -9.24301147E-03
  -9.04655457E-03
  -8.70895386E-03
  -8.68225098E-03
  -8.65268707E-03
  -8.64315033E-03
  -8.60118866E-03
  -8.54396820E-03
  -8.38088989E-03
  -8.37898254E-03
  -8.27884674E-03
  -8.27407837E-03
  -8.12911987E-03
  -7.85160065E-03
  -7.60936737E-03
  -7.49588013E-03
  -7.38620758E-03
  -7.36141205E-03
  -7.26318359E-03
  -7.11059570E-03
  -6.99520111E-03
  -6.90078735E-03
  -6.88171387E-03
  -6.85977936E-03
  -6.83021545E-03
  -6.80541992E-03
  -6.78825378E-03
  -6.63566589E-03
  -6.48784637E-03
  -6.47354126E-03
  -6.43539429E-03
  -6.40201569E-03
  -6.39533997E-03
  -6.36768341E-03
  -6.25705719E-03
  -6.23130798E-03
  -6.13784790E-03
  -6.06250763E-03
  -6.04629517E-03
  -5.80787659E-03
  -5.73348999E-03
  -5.65528870E-03
  -5.65433502E-03
  -5.59711456E-03
  -5.53131104E-03
  -5.51223755E-03
  -5.47504425E-03
  -5.47027588E-03
  -5.44643402E-03
  -5.36251068E-03
  -5.34534454E-03
  -5.31387329E-03
  -5.28144836E-03
  -5.21373749E-03
  -5.20133972E-03
  -5.19752502E-03
  -5.10311127E-03
  -5.09738922E-03
  -5.04779816E-03
  -5.04112244E-03
  -4.97817993E-03
  -4.97436523E-03
  -4.95147705E-03
  -4.92954254E-03
  -4.92668152E-03
  -4.76455688E-03
  -4.73976135E-03
  -4.73213196E-03
  -4.68730927E-03
  -4.59766388E-03
  -4.47750092E-03
  -4.40502167E-03
  -4.38022614E-03
  -4.32205200E-03
  -4.20284271E-03
  -4.19044495E-03
  -4.10366058E-03
  -4.09603119E-03
  -4.08744812E-03
  -4.05597687E-03
  -4.01496887E-03
  -3.99017334E-03
  -3.96347046E-03
  -3.93009186E-03
  -3.91960144E-03
  -3.90529633E-03
  -3.89766693E-03
  -3.88717651E-03
  -3.79657745E-03
  -3.79371643E-03
  -3.76605988E-03
  -3.75938416E-03
  -3.71265411E-03
  -3.69167328E-03
  -3.63636017E-03
  -3.60965729E-03
  -3.45230103E-03
  -3.44848633E-03
  -3.40747833E-03
  -3.39794159E-03
  -3.19194794E-03
  -3.12614441E-03
  -2.99072266E-03
  -2.96020508E-03
  -2.86674500E-03
  -2.83813477E-03
  -2.58541107E-03
  -2.55966187E-03
  -2.38323212E-03
  -2.34794617E-03
  -2.33459473E-03
  -2.27737427E-03
  -2.23255157E-03
  -2.20775604E-03
  -2.13527679E-03
  -1.97315216E-03
  -1.93119049E-03
  -1.92928314E-03
  -1.68895721E-03
  -1.59358978E-03
  -1.42860413E-03
  -1.37519836E-03
  -1.36852264E-03
  -1.31130219E-03
  -1.26171112E-03
  -1.26075745E-03
  -1.05667114E-03
  -1.01757050E-03
  -1.01757050E-03
  -1.00803375E-03
  -8.11576843E-04
  -7.58171082E-04
  -7.43865967E-04
  -6.47544861E-04
  -6.38961792E-04
  -5.05447388E-04
  -4.96864319E-04
  -4.21524048E-04
  -4.09126282E-04
  -3.49998474E-04
  -3.36647034E-04
  -2.45094299E-04
  -2.38418579E-04
  -2.34603882E-04
  -1.41143799E-04
  -1.17301941E-04
   6.67572021E-06
   5.24520874E-05
   6.77108765E-05
   1.15394592E-04
   1.99317932E-04
   2.01225281E-04
   2.33650208E-04
   2.62260437E-04
   3.05175781E-04
   5.90324402E-04
   6.51359558E-04
   8.03947449E-04
   8.08715820E-04
   8.79287720E-04
   9.31739807E-04
   9.80377197E-04
   1.03950500E-03
   1.35707855E-03
   1.37901306E-03
   1.40094757E-03
   1.41334534E-03
   1.48010254E-03
   1.48582458E-03
   1.50489807E-03
   1.51729584E-03
   1.57833099E-03
   1.67369843E-03
   1.70803070E-03
   1.86157227E-03
   1.88732147E-03
   1.89685822E-03
   1.91974640E-03
   2.01606750E-03
   2.07328796E-03
   2.12097168E-03
   2.19821930E-03
   2.25925446E-03
   2.35843658E-03
   2.45189667E-03
   2.47573853E-03
   2.47764587E-03
   2.67887115E-03
   2.72274017E-03
   2.75897980E-03
   2.93731689E-03
   2.96497345E-03
   3.14044952E-03
   3.25012207E-03
   3.25775146E-03
   3.30257416E-03
   3.33690643E-03
   3.47805023E-03
   3.48377228E-03
   3.48377228E-03
   3.49044800E-03
   3.49044800E-03
   3.51238251E-03
   3.80229950E-03
   3.91101837E-03
   4.04071808E-03
   4.06646729E-03
   4.15134430E-03
   4.44698334E-03
   4.94670868E-03
   5.05161285E-03
   5.15270233E-03
   5.19847870E-03
   5.20610809E-03
   5.24330139E-03
   5.79929352E-03
   5.80501556E-03
   5.97953796E-03
   5.98716736E-03
   6.01196289E-03
   6.08444214E-03
   6.42299652E-03
   6.53362274E-03
   6.56223297E-03
   6.67095184E-03
   6.69193268E-03
   6.71672821E-03
   6.92939758E-03
   7.06100464E-03
   7.07149506E-03
   7.15446472E-03
   7.27748871E-03
   7.44915009E-03
   7.49206543E-03
   8.15010071E-03
   8.30841064E-03
   8.37612152E-03
   9.34600830E-03
   9.79423523E-03
   9.81712341E-03
   1.00030899E-02
   1.01985931E-02
   1.03845596E-02
   1.04656219E-02
   1.09033585E-02
   1.12218857E-02
   1.20306015E-02
   1.50737762E-02
   1.72357559E-02
