#Npts     Radius    Mag      Completeness
#  565  861.0287  -12.483727 1.000000
# Ierr
  -3.89308929E-02
  -3.86524200E-02
  -3.68041992E-02
  -3.65629196E-02
  -3.63569260E-02
  -3.42159271E-02
  -3.28865051E-02
  -3.21559906E-02
  -3.20358276E-02
  -2.82096863E-02
  -2.61240005E-02
  -2.60305405E-02
  -2.54869461E-02
  -2.43682861E-02
  -2.30760574E-02
  -2.30331421E-02
  -2.28233337E-02
  -2.23608017E-02
  -2.14920044E-02
  -2.13508606E-02
  -2.09140778E-02
  -2.08501816E-02
  -2.05745697E-02
  -2.00872421E-02
  -1.90925598E-02
  -1.89476013E-02
  -1.87492371E-02
  -1.86948776E-02
  -1.81951523E-02
  -1.77726746E-02
  -1.73711777E-02
  -1.72414780E-02
  -1.67713165E-02
  -1.67121887E-02
  -1.64642334E-02
  -1.56993866E-02
  -1.54418945E-02
  -1.53951645E-02
  -1.53522491E-02
  -1.52559280E-02
  -1.52301788E-02
  -1.46045685E-02
  -1.43060684E-02
  -1.41544342E-02
  -1.36098862E-02
  -1.34983063E-02
  -1.30949020E-02
  -1.30271912E-02
  -1.26495361E-02
  -1.25045776E-02
  -1.24034882E-02
  -1.22289658E-02
  -1.17092133E-02
  -1.13573074E-02
  -1.13258362E-02
  -1.06534958E-02
  -1.06420517E-02
  -1.05447769E-02
  -1.02252960E-02
  -1.01089478E-02
  -1.00984573E-02
  -1.00307465E-02
  -9.88388062E-03
  -9.78755951E-03
  -9.68551636E-03
  -9.56058502E-03
  -9.51671600E-03
  -9.44519043E-03
  -9.44328308E-03
  -9.38415527E-03
  -9.34219360E-03
  -9.33074951E-03
  -9.27543640E-03
  -9.22393799E-03
  -9.15241241E-03
  -8.92448425E-03
  -8.77857208E-03
  -8.70513916E-03
  -8.70513916E-03
  -8.59928131E-03
  -8.56208801E-03
  -8.55827332E-03
  -8.44955444E-03
  -8.41903687E-03
  -8.33702087E-03
  -8.02040100E-03
  -7.99083710E-03
  -7.75909424E-03
  -7.65419006E-03
  -7.63988495E-03
  -7.55596161E-03
  -7.38525391E-03
  -7.21168518E-03
  -7.13729858E-03
  -7.13539124E-03
  -7.07721710E-03
  -6.92653656E-03
  -6.89697266E-03
  -6.87313080E-03
  -6.68239594E-03
  -6.59370422E-03
  -6.54602051E-03
  -6.52980804E-03
  -6.46305084E-03
  -6.34002686E-03
  -6.23703003E-03
  -6.17313385E-03
  -6.14643097E-03
  -6.01482391E-03
  -5.88035583E-03
  -5.87177277E-03
  -5.78117371E-03
  -5.73825836E-03
  -5.71346283E-03
  -5.71060181E-03
  -5.67340851E-03
  -5.67340851E-03
  -5.63812256E-03
  -5.63621521E-03
  -5.54084778E-03
  -5.47981262E-03
  -5.42640686E-03
  -5.38825989E-03
  -5.37967682E-03
  -5.33103943E-03
  -5.31005859E-03
  -5.13553619E-03
  -5.10311127E-03
  -5.08213043E-03
  -5.03730774E-03
  -4.98008728E-03
  -4.96387482E-03
  -4.93907928E-03
  -4.92000580E-03
  -4.70733643E-03
  -4.63676453E-03
  -4.60243225E-03
  -4.60243225E-03
  -4.52423096E-03
  -4.42695618E-03
  -4.18853760E-03
  -4.13322449E-03
  -4.11796570E-03
  -4.08744812E-03
  -4.03881073E-03
  -3.97205353E-03
  -3.88240814E-03
  -3.86333466E-03
  -3.85951996E-03
  -3.73840332E-03
  -3.65924835E-03
  -3.59630585E-03
  -3.59249115E-03
  -3.57913971E-03
  -3.53908539E-03
  -3.53908539E-03
  -3.47232819E-03
  -3.35693359E-03
  -3.33690643E-03
  -3.31687927E-03
  -3.31211090E-03
  -3.25584412E-03
  -3.21578979E-03
  -3.10707092E-03
  -3.10420990E-03
  -3.07941437E-03
  -3.00216675E-03
  -2.99263000E-03
  -2.90489197E-03
  -2.89344788E-03
  -2.87151337E-03
  -2.84576416E-03
  -2.81715393E-03
  -2.80857086E-03
  -2.77042389E-03
  -2.73513794E-03
  -2.71892548E-03
  -2.71415710E-03
  -2.71320343E-03
  -2.71320343E-03
  -2.66933441E-03
  -2.63881683E-03
  -2.63786316E-03
  -2.60448456E-03
  -2.47001648E-03
  -2.44617462E-03
  -2.43091583E-03
  -2.41661072E-03
  -2.39181519E-03
  -2.37274170E-03
  -2.36415863E-03
  -2.36129761E-03
  -2.31170654E-03
  -2.23636627E-03
  -2.13241577E-03
  -2.09331512E-03
  -2.08091736E-03
  -2.02941895E-03
  -1.94168091E-03
  -1.92165375E-03
  -1.90162659E-03
  -1.82151794E-03
  -1.81865692E-03
  -1.74331665E-03
  -1.69277191E-03
  -1.55544281E-03
  -1.54113770E-03
  -1.52969360E-03
  -1.48010254E-03
  -1.39713287E-03
  -1.38473511E-03
  -1.33514404E-03
  -1.30939484E-03
  -1.24359131E-03
  -1.21784210E-03
  -1.16634369E-03
  -1.01757050E-03
  -1.00326538E-03
  -9.88006592E-04
  -9.80377197E-04
  -9.67979431E-04
  -9.56535339E-04
  -9.52720642E-04
  -9.28878784E-04
  -9.02175903E-04
  -8.82148743E-04
  -8.39233398E-04
  -8.29696655E-04
  -8.22067261E-04
  -7.70568848E-04
  -7.58171082E-04
  -7.43865967E-04
  -7.07626343E-04
  -6.99996948E-04
  -6.40869141E-04
  -6.11305237E-04
  -5.84602356E-04
  -5.80787659E-04
  -5.55992126E-04
  -5.17845154E-04
  -4.53948975E-04
  -4.29153442E-04
  -4.09126282E-04
  -4.09126282E-04
  -4.02450562E-04
  -3.93867493E-04
  -3.48091125E-04
  -2.63214111E-04
  -2.41279602E-04
  -2.37464905E-04
  -2.14576721E-04
  -2.05039978E-04
  -1.90734863E-04
  -1.80244446E-04
  -1.38282776E-04
  -1.18255615E-04
  -1.08718872E-04
  -6.86645508E-05
   6.67572021E-06
   4.86373901E-05
   1.02996826E-04
   1.36375427E-04
   1.37329102E-04
   2.84194946E-04
   3.08990479E-04
   3.09944153E-04
   3.34739685E-04
   3.54766846E-04
   3.62396240E-04
   3.92913818E-04
   4.31060791E-04
   4.32014465E-04
   4.52995300E-04
   4.53948975E-04
   4.57763672E-04
   4.90188599E-04
   5.05447388E-04
   5.21659851E-04
   5.35011292E-04
   5.69343567E-04
   7.09533691E-04
   7.41004944E-04
   7.61985779E-04
   7.83920288E-04
   7.83920288E-04
   8.40187073E-04
   9.63211060E-04
   9.80377197E-04
   1.04808807E-03
   1.08242035E-03
   1.13296509E-03
   1.15394592E-03
   1.23500824E-03
   1.31893158E-03
   1.33705139E-03
   1.37901306E-03
   1.38282776E-03
   1.40094757E-03
   1.40762329E-03
   1.41620636E-03
   1.43146515E-03
   1.46579742E-03
   1.49345398E-03
   1.55162811E-03
   1.58882141E-03
   1.64794922E-03
   1.75189972E-03
   1.77192688E-03
   1.79290771E-03
   1.79290771E-03
   1.81865692E-03
   1.82151794E-03
   1.83010101E-03
   1.84249878E-03
   1.86252594E-03
   1.87110901E-03
   1.90544128E-03
   1.91974640E-03
   1.95693970E-03
   1.99317932E-03
   2.08854675E-03
   2.11429596E-03
   2.12001801E-03
   2.14099884E-03
   2.15625763E-03
   2.22492218E-03
   2.22587585E-03
   2.30789185E-03
   2.33745575E-03
   2.37751007E-03
   2.39467621E-03
   2.39658356E-03
   2.45380402E-03
   2.49290466E-03
   2.52151489E-03
   2.63690948E-03
   2.71987915E-03
   2.75802612E-03
   2.86865234E-03
   2.97832489E-03
   3.04603577E-03
   3.06701660E-03
   3.10230255E-03
   3.19766998E-03
   3.23104858E-03
   3.27682495E-03
   3.27682495E-03
   3.28159332E-03
   3.30162048E-03
   3.39508057E-03
   3.39698792E-03
   3.43704224E-03
   3.48377228E-03
   3.52668762E-03
   3.53527069E-03
   3.55052948E-03
   3.58104706E-03
   3.62968445E-03
   3.63349915E-03
   3.67164612E-03
   3.72314453E-03
   3.75270844E-03
   3.77655029E-03
   3.85570526E-03
   3.85665894E-03
   3.91006470E-03
   3.92723083E-03
   3.93676758E-03
   3.96633148E-03
   4.03308868E-03
   4.03785706E-03
   4.06646729E-03
   4.07505035E-03
   4.09984589E-03
   4.10938263E-03
   4.15134430E-03
   4.17041779E-03
   4.18281555E-03
   4.19616699E-03
   4.23049927E-03
   4.26197052E-03
   4.31537628E-03
   4.38213348E-03
   4.38404083E-03
   4.41074371E-03
   4.46605682E-03
   4.52613831E-03
   4.56905365E-03
   4.57382202E-03
   4.63008881E-03
   4.69207764E-03
   4.73403931E-03
   4.79412079E-03
   4.79888916E-03
   4.79984283E-03
   4.83703613E-03
   4.87613678E-03
   4.89234924E-03
   4.93526459E-03
   4.98199463E-03
   5.13172150E-03
   5.13172150E-03
   5.15747070E-03
   5.20229340E-03
   5.25569916E-03
   5.27477264E-03
   5.30242920E-03
   5.37776947E-03
   5.47981262E-03
   5.54180145E-03
   5.55038452E-03
   5.55610657E-03
   5.56373596E-03
   5.57327271E-03
   5.58090210E-03
   5.68199158E-03
   5.70201874E-03
   5.72109222E-03
   5.72872162E-03
   5.77163696E-03
   5.77259064E-03
   5.80024719E-03
   5.82695007E-03
   5.87558746E-03
   5.88226318E-03
   5.89275360E-03
   5.95855713E-03
   6.01673126E-03
   6.04724884E-03
   6.08348846E-03
   6.12163544E-03
   6.17980957E-03
   6.19316101E-03
   6.21795654E-03
   6.21986389E-03
   6.22081757E-03
   6.22177124E-03
   6.47926331E-03
   6.50787354E-03
   6.51741028E-03
   6.52217865E-03
   6.74343109E-03
   6.75201416E-03
   6.80446625E-03
   6.85596466E-03
   6.95800781E-03
   7.04193115E-03
   7.11345673E-03
   7.16495514E-03
   7.16972351E-03
   7.27748871E-03
   7.31849670E-03
   7.32517242E-03
   7.34329224E-03
   7.43103027E-03
   7.53784180E-03
   7.55786896E-03
   7.59601593E-03
   7.65037537E-03
   7.66944885E-03
   7.69042969E-03
   7.69138336E-03
   7.72762299E-03
   7.79628754E-03
   7.80487061E-03
   7.81536102E-03
   7.84397125E-03
   7.84778595E-03
   7.87353516E-03
   7.89356232E-03
   7.95078278E-03
   8.00704956E-03
   8.01658630E-03
   8.06427002E-03
   8.13865662E-03
   8.16535950E-03
   8.27217102E-03
   8.30745697E-03
   8.33129883E-03
   8.37612152E-03
   8.38756561E-03
   8.46862793E-03
   8.49437714E-03
   8.52012634E-03
   8.54492188E-03
   8.55064392E-03
   8.64505768E-03
   8.69750977E-03
   8.80146027E-03
   8.85105133E-03
   8.89301300E-03
   8.91971588E-03
   8.99410248E-03
   9.10282135E-03
   9.18865204E-03
   9.27162170E-03
   9.32121277E-03
   9.42420959E-03
   9.42993164E-03
   9.49382782E-03
   9.49382782E-03
   9.55867767E-03
   9.56821442E-03
   9.67884064E-03
   9.76753235E-03
   9.81426239E-03
   9.85908508E-03
   9.89341736E-03
   9.90486145E-03
   9.98973846E-03
   1.00545883E-02
   1.02462769E-02
   1.02596283E-02
   1.03034973E-02
   1.03349686E-02
   1.04227066E-02
   1.04541779E-02
   1.04608536E-02
   1.07221603E-02
   1.09891891E-02
   1.12457275E-02
   1.14221573E-02
   1.14746094E-02
   1.14917755E-02
   1.15270615E-02
   1.15451813E-02
   1.16252899E-02
   1.16586685E-02
   1.16939545E-02
   1.18246078E-02
   1.18350983E-02
   1.21631622E-02
   1.22852325E-02
   1.23720169E-02
   1.29833221E-02
   1.31082535E-02
   1.31559372E-02
   1.32007599E-02
   1.34153366E-02
   1.34172440E-02
   1.34553909E-02
   1.35030746E-02
   1.36680603E-02
   1.36775970E-02
   1.39570236E-02
   1.39608383E-02
   1.42860413E-02
   1.47390366E-02
   1.47857666E-02
   1.53121948E-02
   1.59511566E-02
   1.62830353E-02
   1.67570114E-02
   1.71985626E-02
   1.74074173E-02
   1.90210342E-02
   2.14462280E-02
   2.26907730E-02
   2.39305496E-02
   2.44703293E-02
   2.50558853E-02
   2.74734497E-02
   3.21283340E-02
   3.42359543E-02
   3.97415161E-02
