#Npts     Radius    Mag      Completeness
#  578 1068.8632  -12.167818 1.000000
# Ierr
  -3.95088196E-02
  -3.79095078E-02
  -3.48615646E-02
  -3.45325470E-02
  -3.34987640E-02
  -3.30972672E-02
  -3.14989090E-02
  -3.03983688E-02
  -2.92816162E-02
  -2.91690826E-02
  -2.80990601E-02
  -2.80437469E-02
  -2.63509750E-02
  -2.52809525E-02
  -2.45552063E-02
  -2.45447159E-02
  -2.38904953E-02
  -2.21872330E-02
  -2.19078064E-02
  -2.08454132E-02
  -2.08282471E-02
  -1.98192596E-02
  -1.97057724E-02
  -1.96914673E-02
  -1.96447372E-02
  -1.84259415E-02
  -1.81455612E-02
  -1.79290771E-02
  -1.75657272E-02
  -1.70249939E-02
  -1.66168213E-02
  -1.65061951E-02
  -1.64041519E-02
  -1.60675049E-02
  -1.60675049E-02
  -1.60589218E-02
  -1.59406662E-02
  -1.59301758E-02
  -1.55696869E-02
  -1.54647827E-02
  -1.52606964E-02
  -1.52311325E-02
  -1.43871307E-02
  -1.41687393E-02
  -1.39951706E-02
  -1.38692856E-02
  -1.36537552E-02
  -1.35211945E-02
  -1.34077072E-02
  -1.33314133E-02
  -1.32913589E-02
  -1.32884979E-02
  -1.32503510E-02
  -1.31320953E-02
  -1.30720139E-02
  -1.30653381E-02
  -1.29919052E-02
  -1.28412247E-02
  -1.26333237E-02
  -1.24778748E-02
  -1.24616623E-02
  -1.19409561E-02
  -1.18675232E-02
  -1.18007660E-02
  -1.16920471E-02
  -1.16567612E-02
  -1.14679337E-02
  -1.14526749E-02
  -1.13754272E-02
  -1.12314224E-02
  -1.11608505E-02
  -1.11513138E-02
  -1.11150742E-02
  -1.10654831E-02
  -1.09395981E-02
  -1.08737946E-02
  -1.07603073E-02
  -1.06754303E-02
  -1.06744766E-02
  -1.04341507E-02
  -1.03168488E-02
  -1.02186203E-02
  -1.02033615E-02
  -1.01814270E-02
  -1.00784302E-02
  -9.91916656E-03
  -9.87911224E-03
  -9.77802277E-03
  -9.73224640E-03
  -9.60254669E-03
  -9.56058502E-03
  -9.42516327E-03
  -9.40036774E-03
  -9.34791565E-03
  -9.26399231E-03
  -9.09805298E-03
  -9.00745392E-03
  -9.00363922E-03
  -8.80718231E-03
  -8.79669189E-03
  -8.73661041E-03
  -8.61835480E-03
  -8.59832764E-03
  -8.56304169E-03
  -8.38565826E-03
  -8.23974609E-03
  -8.17966461E-03
  -8.17489624E-03
  -8.09955597E-03
  -7.93457031E-03
  -7.80868530E-03
  -7.75337219E-03
  -7.69710541E-03
  -7.67707825E-03
  -7.62271881E-03
  -7.54451752E-03
  -7.49301910E-03
  -7.43389130E-03
  -7.35855103E-03
  -7.34996796E-03
  -7.32421875E-03
  -7.30705261E-03
  -7.29274750E-03
  -7.24029541E-03
  -7.21073151E-03
  -7.18307495E-03
  -7.08484650E-03
  -6.91127777E-03
  -6.84356689E-03
  -6.71100616E-03
  -6.70242310E-03
  -6.68144226E-03
  -6.67476654E-03
  -6.63280487E-03
  -6.56509399E-03
  -6.53743744E-03
  -6.44493103E-03
  -6.41059875E-03
  -6.28376007E-03
  -6.12545013E-03
  -6.06822968E-03
  -6.04629517E-03
  -5.99861145E-03
  -5.96237183E-03
  -5.94902039E-03
  -5.93662262E-03
  -5.92708588E-03
  -5.86032867E-03
  -5.84316254E-03
  -5.79738617E-03
  -5.76400757E-03
  -5.74588776E-03
  -5.69343567E-03
  -5.66673279E-03
  -5.61332703E-03
  -5.60188293E-03
  -5.59711456E-03
  -5.59425354E-03
  -5.55229187E-03
  -5.46169281E-03
  -5.43212891E-03
  -5.43117523E-03
  -5.23281097E-03
  -5.21278381E-03
  -5.04779816E-03
  -4.98485565E-03
  -4.90951538E-03
  -4.89902496E-03
  -4.89521027E-03
  -4.82654572E-03
  -4.69493866E-03
  -4.68444824E-03
  -4.65583801E-03
  -4.63962555E-03
  -4.54521179E-03
  -4.46510315E-03
  -4.40788269E-03
  -4.31346893E-03
  -4.30488586E-03
  -4.28199768E-03
  -4.27055359E-03
  -4.26292419E-03
  -4.18663025E-03
  -4.16374207E-03
  -4.10556793E-03
  -4.05025482E-03
  -4.04357910E-03
  -4.03976440E-03
  -3.95298004E-03
  -3.88336182E-03
  -3.86333466E-03
  -3.79657745E-03
  -3.79180908E-03
  -3.78227234E-03
  -3.72123718E-03
  -3.70883942E-03
  -3.68213654E-03
  -3.65638733E-03
  -3.56006622E-03
  -3.54480743E-03
  -3.51047516E-03
  -3.45134735E-03
  -3.44944000E-03
  -3.41796875E-03
  -3.41606140E-03
  -3.40175629E-03
  -3.38363647E-03
  -3.38363647E-03
  -3.34358215E-03
  -3.28350067E-03
  -3.27968597E-03
  -3.25107574E-03
  -3.23677063E-03
  -3.12900543E-03
  -3.11756134E-03
  -3.02600861E-03
  -3.01551819E-03
  -2.97451019E-03
  -2.91347504E-03
  -2.89058685E-03
  -2.84576416E-03
  -2.64644623E-03
  -2.59304047E-03
  -2.57015228E-03
  -2.54917145E-03
  -2.51388550E-03
  -2.50911713E-03
  -2.47669220E-03
  -2.36606598E-03
  -2.35271454E-03
  -2.30693817E-03
  -2.22110748E-03
  -2.12097168E-03
  -2.06089020E-03
  -2.05898285E-03
  -2.01988220E-03
  -2.01797485E-03
  -1.99699402E-03
  -1.91974640E-03
  -1.91783905E-03
  -1.91593170E-03
  -1.88446045E-03
  -1.84631348E-03
  -1.82056427E-03
  -1.80339813E-03
  -1.79481506E-03
  -1.66416168E-03
  -1.64890289E-03
  -1.60980225E-03
  -1.54685974E-03
  -1.53350830E-03
  -1.45530701E-03
  -1.45339966E-03
  -1.41906738E-03
  -1.40571594E-03
  -1.40571594E-03
  -1.39331818E-03
  -1.38950348E-03
  -1.37805939E-03
  -1.30462646E-03
  -1.30367279E-03
  -1.27506256E-03
  -1.23405457E-03
  -1.19209290E-03
  -1.15203857E-03
  -1.14822388E-03
  -1.12819672E-03
  -1.05571747E-03
  -9.56535339E-04
  -9.34600830E-04
  -9.20295715E-04
  -8.90731812E-04
  -8.30650330E-04
  -8.01086426E-04
  -7.86781311E-04
  -7.01904297E-04
  -5.81741333E-04
  -5.55038452E-04
  -5.35011292E-04
  -5.26428223E-04
  -5.20706177E-04
  -4.70161438E-04
  -4.43458557E-04
  -3.58581543E-04
  -3.07083130E-04
  -2.56538391E-04
  -2.18391418E-04
  -2.18391418E-04
  -1.66893005E-04
  -1.34468079E-04
  -1.14440918E-04
  -3.33786011E-05
  -3.05175781E-05
   1.21116638E-04
   1.21116638E-04
   1.66893005E-04
   1.92642212E-04
   2.46047974E-04
   2.63214111E-04
   3.21388245E-04
   3.32832336E-04
   4.06265259E-04
   4.63485718E-04
   4.65393066E-04
   5.58853149E-04
   5.72204590E-04
   5.77926636E-04
   6.74247742E-04
   6.91413879E-04
   6.93321228E-04
   6.96182251E-04
   6.96182251E-04
   7.44819641E-04
   7.48634338E-04
   7.59124756E-04
   7.77244568E-04
   8.20159912E-04
   8.45909119E-04
   8.50677490E-04
   9.09805298E-04
   9.73701477E-04
   9.75608826E-04
   9.82284546E-04
   1.07288361E-03
   1.07288361E-03
   1.13487244E-03
   1.14059448E-03
   1.17969513E-03
   1.30271912E-03
   1.41620636E-03
   1.53923035E-03
   1.57070160E-03
   1.57642365E-03
   1.70707703E-03
   1.72328949E-03
   1.74999237E-03
   1.75762177E-03
   1.84631348E-03
   1.84631348E-03
   1.86061859E-03
   1.88350677E-03
   1.89113617E-03
   1.90353394E-03
   1.91402435E-03
   1.99985504E-03
   2.01034546E-03
   2.03800201E-03
   2.10475922E-03
   2.11238861E-03
   2.23064423E-03
   2.30598450E-03
   2.32982635E-03
   2.41279602E-03
   2.41947174E-03
   2.57301331E-03
   2.70271301E-03
   2.79712677E-03
   2.80570984E-03
   2.80570984E-03
   2.87246704E-03
   2.87246704E-03
   2.88867950E-03
   2.88963318E-03
   2.89344788E-03
   2.97164917E-03
   3.00407410E-03
   3.00693512E-03
   3.06701660E-03
   3.10325623E-03
   3.12328339E-03
   3.13091278E-03
   3.22628021E-03
   3.23009491E-03
   3.24440002E-03
   3.43799591E-03
   3.46755981E-03
   3.51428986E-03
   3.53622437E-03
   3.57627869E-03
   3.58295441E-03
   3.60202789E-03
   3.60202789E-03
   3.66401672E-03
   3.71932983E-03
   3.75652313E-03
   3.76129150E-03
   3.78894806E-03
   3.82804871E-03
   3.84140015E-03
   3.84330750E-03
   3.86047363E-03
   3.87096405E-03
   3.89099121E-03
   3.91960144E-03
   3.96060944E-03
   3.99494171E-03
   4.05216217E-03
   4.05788422E-03
   4.15229797E-03
   4.16660309E-03
   4.19044495E-03
   4.21619415E-03
   4.22573090E-03
   4.23336029E-03
   4.28390503E-03
   4.41074371E-03
   4.46701050E-03
   4.57763672E-03
   4.60433960E-03
   4.63771820E-03
   4.64248657E-03
   4.68921661E-03
   4.73594666E-03
   4.85992432E-03
   4.90760803E-03
   5.03253937E-03
   5.05065918E-03
   5.05065918E-03
   5.09548187E-03
   5.13553619E-03
   5.15365601E-03
   5.15937805E-03
   5.21469116E-03
   5.21469116E-03
   5.23185730E-03
   5.26523590E-03
   5.27858734E-03
   5.35297394E-03
   5.35583496E-03
   5.40924072E-03
   5.43880463E-03
   5.44357300E-03
   5.47599792E-03
   5.54466248E-03
   5.57899475E-03
   5.59043884E-03
   5.59616089E-03
   5.68771362E-03
   5.71727753E-03
   5.72204590E-03
   5.78403473E-03
   5.84030151E-03
   5.85746765E-03
   5.86795807E-03
   5.91278076E-03
   5.94139099E-03
   6.00051880E-03
   6.01768494E-03
   6.09779358E-03
   6.14929199E-03
   6.15596771E-03
   6.17027283E-03
   6.18553162E-03
   6.23035431E-03
   6.28280640E-03
   6.29615784E-03
   6.32762909E-03
   6.33907318E-03
   6.40487671E-03
   6.60324097E-03
   6.60991669E-03
   6.62326813E-03
   6.62517548E-03
   6.63185120E-03
   6.85596466E-03
   6.93893433E-03
   6.94465637E-03
   6.95228577E-03
   6.96182251E-03
   6.97040558E-03
   6.97326660E-03
   7.03048706E-03
   7.06005096E-03
   7.09629059E-03
   7.12680817E-03
   7.21073151E-03
   7.30705261E-03
   7.33470917E-03
   7.34043121E-03
   7.34043121E-03
   7.34901428E-03
   7.41004944E-03
   7.57312775E-03
   7.59792328E-03
   7.69329071E-03
   7.79724121E-03
   7.83920288E-03
   7.86685944E-03
   7.93361664E-03
   7.93552399E-03
   7.95078278E-03
   7.95078278E-03
   7.95841217E-03
   7.99655914E-03
   8.01563263E-03
   8.11672211E-03
   8.37516785E-03
   8.38279724E-03
   8.43334198E-03
   8.46862793E-03
   8.73661041E-03
   8.76140594E-03
   8.90827179E-03
   8.91017914E-03
   9.02652740E-03
   9.08851624E-03
   9.16385651E-03
   9.18102264E-03
   9.21440125E-03
   9.26017761E-03
   9.29450989E-03
   9.30881500E-03
   9.48143005E-03
   9.56344604E-03
   9.64069366E-03
   9.64927673E-03
   9.70554352E-03
   9.76467133E-03
   9.86862183E-03
   9.99069214E-03
   1.00107193E-02
   1.00212097E-02
   1.00297928E-02
   1.00336075E-02
   1.00965500E-02
   1.01194382E-02
   1.02748871E-02
   1.03178024E-02
   1.04551315E-02
   1.05857849E-02
   1.06477737E-02
   1.06601715E-02
   1.06744766E-02
   1.10025406E-02
   1.13983154E-02
   1.14078522E-02
   1.14736557E-02
   1.15385056E-02
   1.18036270E-02
   1.18179321E-02
   1.19848251E-02
   1.19934082E-02
   1.22175217E-02
   1.22814178E-02
   1.24282837E-02
   1.25160217E-02
   1.27391815E-02
   1.29241943E-02
   1.37453079E-02
   1.38120651E-02
   1.44214630E-02
   1.46093369E-02
   1.48429871E-02
   1.50499344E-02
   1.51748657E-02
   1.52425766E-02
   1.53408051E-02
   1.57327652E-02
   1.61762238E-02
   1.62601471E-02
   1.65023804E-02
   1.68046951E-02
   1.72891617E-02
   1.78079605E-02
   1.79281235E-02
   1.80349350E-02
   1.82027817E-02
   1.96352005E-02
   1.98335648E-02
   2.01282501E-02
   2.20279694E-02
   2.25009918E-02
   2.42900848E-02
   2.67887115E-02
   3.06367874E-02
   3.13835144E-02
   3.24411392E-02
   3.37009430E-02
