#Npts     Radius    Mag      Completeness
#  295 1692.3666  -12.167818 1.000000
# Ierr
  -3.55920792E-02
  -3.54480743E-02
  -3.44657898E-02
  -3.29685211E-02
  -3.22618484E-02
  -2.05049515E-02
  -2.01902390E-02
  -1.95856094E-02
  -1.88198090E-02
  -1.58939362E-02
  -1.55849457E-02
  -1.48363113E-02
  -1.43041611E-02
  -1.38683319E-02
  -1.36823654E-02
  -1.36556625E-02
  -1.35040283E-02
  -1.34658813E-02
  -1.33724213E-02
  -1.32474899E-02
  -1.32465363E-02
  -1.28822327E-02
  -1.25389099E-02
  -1.25007629E-02
  -1.20248795E-02
  -1.19791031E-02
  -1.19209290E-02
  -1.17864609E-02
  -1.17607117E-02
  -1.16996765E-02
  -1.16443634E-02
  -1.15852356E-02
  -1.15756989E-02
  -1.13105774E-02
  -1.11885071E-02
  -1.09033585E-02
  -1.08070374E-02
  -1.06487274E-02
  -1.05953217E-02
  -1.04532242E-02
  -1.02376938E-02
  -1.02310181E-02
  -1.01814270E-02
  -1.01432800E-02
  -1.00231171E-02
  -1.00059509E-02
  -9.81998444E-03
  -9.76753235E-03
  -9.62734222E-03
  -9.53006744E-03
  -9.50431824E-03
  -9.35554504E-03
  -9.28783417E-03
  -9.15050507E-03
  -9.11998749E-03
  -9.10377502E-03
  -9.09328461E-03
  -9.03606415E-03
  -8.93211365E-03
  -8.83388519E-03
  -8.66794586E-03
  -8.59832764E-03
  -8.56399536E-03
  -8.54778290E-03
  -8.40663910E-03
  -8.34751129E-03
  -8.30554962E-03
  -8.29219818E-03
  -8.25309753E-03
  -8.23688507E-03
  -8.19683075E-03
  -8.02993774E-03
  -7.97367096E-03
  -7.81631470E-03
  -7.79342651E-03
  -7.75623322E-03
  -7.67230988E-03
  -7.61127472E-03
  -7.56549835E-03
  -7.48634338E-03
  -7.42816925E-03
  -7.34710693E-03
  -7.22694397E-03
  -7.21263885E-03
  -7.15351105E-03
  -7.10773468E-03
  -7.06481934E-03
  -7.03907013E-03
  -7.01045990E-03
  -6.95419312E-03
  -6.93607330E-03
  -6.77299500E-03
  -6.77108765E-03
  -6.68144226E-03
  -6.66904449E-03
  -6.60228729E-03
  -6.59942627E-03
  -6.57558441E-03
  -6.53457642E-03
  -6.38008118E-03
  -6.36005402E-03
  -6.35242462E-03
  -6.32667542E-03
  -6.32667542E-03
  -6.32095337E-03
  -6.31904602E-03
  -6.23798370E-03
  -5.95760345E-03
  -5.92708588E-03
  -5.85460663E-03
  -5.85365295E-03
  -5.65814972E-03
  -5.61332703E-03
  -5.53417206E-03
  -5.41687012E-03
  -5.35774231E-03
  -5.27381897E-03
  -5.24902344E-03
  -5.19657135E-03
  -5.12027740E-03
  -5.03540039E-03
  -5.00106812E-03
  -4.99153137E-03
  -4.97722626E-03
  -4.90665436E-03
  -4.75788116E-03
  -4.70924377E-03
  -4.64916229E-03
  -4.61578369E-03
  -4.48608398E-03
  -4.32586670E-03
  -4.29821014E-03
  -4.22000885E-03
  -4.21333313E-03
  -4.17518616E-03
  -4.15515900E-03
  -3.88336182E-03
  -3.81469727E-03
  -3.78227234E-03
  -3.73268127E-03
  -3.60107422E-03
  -3.41796875E-03
  -3.35597992E-03
  -3.32927704E-03
  -3.24249268E-03
  -3.19004059E-03
  -3.10325623E-03
  -2.97164917E-03
  -2.79426575E-03
  -2.75325775E-03
  -2.74467468E-03
  -2.70271301E-03
  -2.53200531E-03
  -2.47955322E-03
  -2.43377686E-03
  -2.32791901E-03
  -2.28595734E-03
  -2.28023529E-03
  -2.24399567E-03
  -2.17628479E-03
  -2.11715698E-03
  -2.07519531E-03
  -2.04086304E-03
  -1.74808502E-03
  -1.63745880E-03
  -1.59072876E-03
  -1.58500671E-03
  -1.52873993E-03
  -1.38092041E-03
  -1.30367279E-03
  -1.22547150E-03
  -1.20544434E-03
  -1.13296509E-03
  -1.04904175E-03
  -8.68797302E-04
  -7.89642334E-04
  -7.87734985E-04
  -7.01904297E-04
  -5.87463379E-04
  -5.14984131E-04
  -4.82559204E-04
  -2.07901001E-04
  -1.22070312E-04
   9.53674316E-05
   1.08718872E-04
   1.70707703E-04
   2.13623047E-04
   2.41279602E-04
   3.22341919E-04
   4.16755676E-04
   4.87327576E-04
   5.09262085E-04
   5.11169434E-04
   5.23567200E-04
   5.74111938E-04
   5.83648682E-04
   6.65664673E-04
   7.78198242E-04
   7.88688660E-04
   9.43183899E-04
   1.05762482E-03
   1.06906891E-03
   1.11770630E-03
   1.13868713E-03
   1.19495392E-03
   1.27410889E-03
   1.29318237E-03
   1.40857697E-03
   1.46579742E-03
   1.54399872E-03
   1.91497803E-03
   1.93977356E-03
   1.95121765E-03
   2.03800201E-03
   2.08663940E-03
   2.12383270E-03
   2.14672089E-03
   2.25353241E-03
   2.26497650E-03
   2.36225128E-03
   2.44045258E-03
   2.44808197E-03
   2.49862671E-03
   2.56729126E-03
   2.93540955E-03
   3.07941437E-03
   3.13091278E-03
   3.19576263E-03
   3.21388245E-03
   3.26251984E-03
   3.31497192E-03
   3.42655182E-03
   3.53527069E-03
   3.55911255E-03
   3.65161896E-03
   3.65924835E-03
   3.66020203E-03
   3.73458862E-03
   4.26006317E-03
   4.27150726E-03
   4.29630280E-03
   4.30870056E-03
   4.49371338E-03
   4.55474854E-03
   4.58526611E-03
   4.77027893E-03
   4.78553772E-03
   5.00774384E-03
   5.09548187E-03
   5.09834290E-03
   5.31482697E-03
   5.33771515E-03
   5.38730621E-03
   5.40924072E-03
   5.71441650E-03
   5.91754913E-03
   6.67762756E-03
   6.76059723E-03
   6.87408447E-03
   6.97517395E-03
   7.04574585E-03
   7.06672668E-03
   7.39574432E-03
   7.63797760E-03
   8.01467896E-03
   8.21208954E-03
   8.27598572E-03
   8.84723663E-03
   8.85772705E-03
   8.87966156E-03
   9.00363922E-03
   9.42134857E-03
   9.49859619E-03
   9.50527191E-03
   9.62543488E-03
   1.00545883E-02
   1.08842850E-02
   1.13029480E-02
   1.17959976E-02
   1.18980408E-02
   1.20105743E-02
   1.20258331E-02
   1.22556686E-02
   1.24406815E-02
   1.28192902E-02
   1.32837296E-02
   1.34716034E-02
   1.47342682E-02
   1.48086548E-02
   1.53779984E-02
   1.62315369E-02
   1.66587830E-02
   2.13775635E-02
   2.20594406E-02
   2.31885910E-02
