#Npts     Radius    Mag      Completeness
#  791 1495.3546  -12.172000 1.000000
# Ierr
  -3.93667221E-02
  -3.89709473E-02
  -3.84044647E-02
  -3.73649597E-02
  -3.60193253E-02
  -3.57046127E-02
  -3.45659256E-02
  -3.37123871E-02
  -3.14416885E-02
  -3.09514999E-02
  -2.89402008E-02
  -2.87132263E-02
  -2.78615952E-02
  -2.78158188E-02
  -2.77185440E-02
  -2.65436172E-02
  -2.64863968E-02
  -2.64682770E-02
  -2.48937607E-02
  -2.47650146E-02
  -2.45113373E-02
  -2.41575241E-02
  -2.29797363E-02
  -2.25963593E-02
  -2.18849182E-02
  -2.08568573E-02
  -2.05841064E-02
  -2.05793381E-02
  -2.04544067E-02
  -2.03504562E-02
  -1.99728012E-02
  -1.98230743E-02
  -1.97143555E-02
  -1.94692612E-02
  -1.93290710E-02
  -1.88627243E-02
  -1.85661316E-02
  -1.83229446E-02
  -1.79681778E-02
  -1.76639557E-02
  -1.76610947E-02
  -1.75428391E-02
  -1.74741745E-02
  -1.73597336E-02
  -1.71403885E-02
  -1.69944763E-02
  -1.57346725E-02
  -1.57194138E-02
  -1.49698257E-02
  -1.43594742E-02
  -1.43375397E-02
  -1.37948990E-02
  -1.32751465E-02
  -1.32465363E-02
  -1.29032135E-02
  -1.25589371E-02
  -1.24578476E-02
  -1.20134354E-02
  -1.17549896E-02
  -1.16863251E-02
  -1.14698410E-02
  -1.10607147E-02
  -1.09615326E-02
  -1.05247498E-02
  -1.04427338E-02
  -1.02777481E-02
  -1.00622177E-02
  -9.76657867E-03
  -9.74273682E-03
  -9.63306427E-03
  -9.54055786E-03
  -9.51671600E-03
  -9.33551788E-03
  -9.32693481E-03
  -9.30404663E-03
  -9.25159454E-03
  -9.22966003E-03
  -9.09233093E-03
  -8.92162323E-03
  -8.83865356E-03
  -8.77380371E-03
  -8.74423981E-03
  -8.71849060E-03
  -8.59355927E-03
  -8.36849213E-03
  -8.34083557E-03
  -8.29029083E-03
  -8.18061829E-03
  -8.07476044E-03
  -8.03661346E-03
  -8.02516937E-03
  -7.97653198E-03
  -7.97080994E-03
  -7.87162781E-03
  -7.86972046E-03
  -7.65419006E-03
  -7.48252869E-03
  -7.43865967E-03
  -7.41291046E-03
  -7.40623474E-03
  -7.32040405E-03
  -7.32040405E-03
  -7.17735291E-03
  -7.17163086E-03
  -7.06100464E-03
  -7.04002380E-03
  -7.01522827E-03
  -6.93988800E-03
  -6.72626495E-03
  -6.62422180E-03
  -6.58988953E-03
  -6.51073456E-03
  -6.46495819E-03
  -6.44397736E-03
  -6.43920898E-03
  -6.43730164E-03
  -6.29234314E-03
  -6.26659393E-03
  -6.14833832E-03
  -6.10637665E-03
  -6.02245331E-03
  -5.91754913E-03
  -5.78022003E-03
  -5.77735901E-03
  -5.76782227E-03
  -5.75542450E-03
  -5.71918488E-03
  -5.65147400E-03
  -5.64861298E-03
  -5.50079346E-03
  -5.43212891E-03
  -5.34343719E-03
  -5.31005859E-03
  -5.30338287E-03
  -5.23757935E-03
  -5.17940521E-03
  -5.15747070E-03
  -4.91905212E-03
  -4.77409363E-03
  -4.72640991E-03
  -4.67014313E-03
  -4.59861755E-03
  -4.54902649E-03
  -4.42886353E-03
  -4.41360474E-03
  -4.39548492E-03
  -4.33158875E-03
  -4.15992737E-03
  -4.14752960E-03
  -4.10842896E-03
  -4.10461426E-03
  -3.95870209E-03
  -3.95202637E-03
  -3.90148163E-03
  -3.89289856E-03
  -3.75843048E-03
  -3.72695923E-03
  -3.69930267E-03
  -3.69071960E-03
  -3.68976593E-03
  -3.63254547E-03
  -3.62396240E-03
  -3.62396240E-03
  -3.51905823E-03
  -3.45993042E-03
  -3.44276428E-03
  -3.39603424E-03
  -3.35407257E-03
  -3.33023071E-03
  -3.25012207E-03
  -3.22723389E-03
  -3.16810608E-03
  -3.16333771E-03
  -3.12995911E-03
  -3.08799744E-03
  -3.00121307E-03
  -2.97546387E-03
  -2.95543671E-03
  -2.94208527E-03
  -2.93922424E-03
  -2.90012360E-03
  -2.89821625E-03
  -2.89058685E-03
  -2.84671783E-03
  -2.75039673E-03
  -2.73704529E-03
  -2.66456604E-03
  -2.60353088E-03
  -2.55775452E-03
  -2.52532959E-03
  -2.45189667E-03
  -2.23445892E-03
  -2.23255157E-03
  -2.23255157E-03
  -2.18582153E-03
  -2.16579437E-03
  -2.13241577E-03
  -2.12669373E-03
  -2.05802917E-03
  -2.02751160E-03
  -2.01988220E-03
  -1.90639496E-03
  -1.89495087E-03
  -1.87587738E-03
  -1.87587738E-03
  -1.87397003E-03
  -1.85203552E-03
  -1.83868408E-03
  -1.80149078E-03
  -1.78909302E-03
  -1.76429749E-03
  -1.71470642E-03
  -1.67274475E-03
  -1.66702271E-03
  -1.66702271E-03
  -1.62982941E-03
  -1.58309937E-03
  -1.47914886E-03
  -1.44290924E-03
  -1.43432617E-03
  -1.40476227E-03
  -1.39141083E-03
  -1.38664246E-03
  -1.38378143E-03
  -1.33800507E-03
  -1.32274628E-03
  -1.27792358E-03
  -1.17111206E-03
  -1.06430054E-03
  -1.05190277E-03
  -1.03282928E-03
  -1.02615356E-03
  -1.01280212E-03
  -1.00326538E-03
  -9.92774963E-04
  -9.76562500E-04
  -8.50677490E-04
  -8.37326050E-04
  -7.99179077E-04
  -7.98225403E-04
  -7.49588013E-04
  -7.41958618E-04
  -7.27653503E-04
  -7.06672668E-04
  -6.74247742E-04
  -6.61849976E-04
  -6.56127930E-04
  -6.36100769E-04
  -6.34193420E-04
  -6.26564026E-04
  -5.88417053E-04
  -5.72204590E-04
  -5.60760498E-04
  -5.55038452E-04
  -5.50270081E-04
  -4.94956970E-04
  -4.13894653E-04
  -3.76701355E-04
  -3.55720520E-04
  -3.49044800E-04
  -3.28063965E-04
  -3.08036804E-04
  -2.14576721E-04
  -1.86920166E-04
  -7.05718994E-05
  -6.77108765E-05
  -6.58035278E-05
  -3.81469727E-05
  -1.81198120E-05
   1.23977661E-05
   2.76565552E-05
   4.57763672E-05
   4.86373901E-05
   5.43594360E-05
   6.96182251E-05
   1.25885010E-04
   1.86920166E-04
   1.94549561E-04
   2.40325928E-04
   2.52723694E-04
   2.54631042E-04
   2.57492065E-04
   3.01361084E-04
   3.37600708E-04
   3.46183777E-04
   4.13894653E-04
   4.45365906E-04
   4.86373901E-04
   4.92095947E-04
   4.95910645E-04
   5.34057617E-04
   5.45501709E-04
   5.72204590E-04
   5.97000122E-04
   6.28471375E-04
   6.41822815E-04
   6.58988953E-04
   6.92367554E-04
   6.93321228E-04
   7.20024109E-04
   7.44819641E-04
   8.24928284E-04
   8.43048096E-04
   8.48770142E-04
   8.55445862E-04
   8.55445862E-04
   9.05990601E-04
   9.59396362E-04
   1.01947784E-03
   1.02519989E-03
   1.03187561E-03
   1.03759766E-03
   1.04236603E-03
   1.07097626E-03
   1.08337402E-03
   1.12628937E-03
   1.13487244E-03
   1.13582611E-03
   1.16443634E-03
   1.18255615E-03
   1.22070312E-03
   1.23405457E-03
   1.23596191E-03
   1.29127502E-03
   1.37615204E-03
   1.46579742E-03
   1.47247314E-03
   1.47914886E-03
   1.48391724E-03
   1.52301788E-03
   1.52301788E-03
   1.52778625E-03
   1.54495239E-03
   1.58500671E-03
   1.62410736E-03
   1.64413452E-03
   1.68228149E-03
   1.68704987E-03
   1.68704987E-03
   1.68895721E-03
   1.71661377E-03
   1.71756744E-03
   1.73664093E-03
   1.74903870E-03
   1.77288055E-03
   1.79767609E-03
   1.86634064E-03
   1.91974640E-03
   1.98268890E-03
   1.98841095E-03
   2.01129913E-03
   2.03132629E-03
   2.06947327E-03
   2.07233429E-03
   2.15816498E-03
   2.17628479E-03
   2.30121613E-03
   2.38895416E-03
   2.39658356E-03
   2.40230560E-03
   2.41374969E-03
   2.42328644E-03
   2.46906281E-03
   2.47955322E-03
   2.50244141E-03
   2.51102448E-03
   2.51102448E-03
   2.52246857E-03
   2.52437592E-03
   2.53009796E-03
   2.53677368E-03
   2.55584717E-03
   2.58922577E-03
   2.67601013E-03
   2.67791748E-03
   2.68936157E-03
   2.72941589E-03
   2.73418427E-03
   2.79903412E-03
   2.80094147E-03
   2.83050537E-03
   2.83813477E-03
   2.85243988E-03
   2.90679932E-03
   2.91061401E-03
   2.91061401E-03
   2.91252136E-03
   2.91347504E-03
   2.92110443E-03
   2.94589996E-03
   2.97355652E-03
   2.98404694E-03
   3.02028656E-03
   3.03363800E-03
   3.07369232E-03
   3.10802460E-03
   3.11660767E-03
   3.24058533E-03
   3.26061249E-03
   3.27873230E-03
   3.29685211E-03
   3.31878662E-03
   3.33786011E-03
   3.35121155E-03
   3.41320038E-03
   3.41796875E-03
   3.47423553E-03
   3.47423553E-03
   3.50475311E-03
   3.51524353E-03
   3.53336334E-03
   3.54576111E-03
   3.55815887E-03
   3.56101990E-03
   3.56769562E-03
   3.59630585E-03
   3.61251831E-03
   3.64685059E-03
   3.66783142E-03
   3.68309021E-03
   3.68404388E-03
   3.68785858E-03
   3.70693207E-03
   3.72219086E-03
   3.78990173E-03
   3.80611420E-03
   3.84235382E-03
   3.84521484E-03
   3.86905670E-03
   3.95870209E-03
   3.99589539E-03
   4.07505035E-03
   4.08077240E-03
   4.17137146E-03
   4.19044495E-03
   4.22668457E-03
   4.32109833E-03
   4.34303284E-03
   4.39167023E-03
   4.40692902E-03
   4.40692902E-03
   4.42600250E-03
   4.44602966E-03
   4.44602966E-03
   4.48989868E-03
   4.53090668E-03
   4.55570221E-03
   4.57191467E-03
   4.59861755E-03
   4.60529327E-03
   4.61101532E-03
   4.61292267E-03
   4.61673737E-03
   4.61864471E-03
   4.61864471E-03
   4.63771820E-03
   4.64344025E-03
   4.67205048E-03
   4.67205048E-03
   4.67872620E-03
   4.68349457E-03
   4.68730927E-03
   4.69112396E-03
   4.69112396E-03
   4.69303131E-03
   4.73308563E-03
   4.73690033E-03
   4.81319427E-03
   4.82654572E-03
   4.83322144E-03
   4.88281250E-03
   4.88567352E-03
   4.91333008E-03
   4.95624542E-03
   4.98771667E-03
   4.99629974E-03
   5.11550903E-03
   5.13648987E-03
   5.14888763E-03
   5.20896912E-03
   5.25665283E-03
   5.25665283E-03
   5.26714325E-03
   5.29575348E-03
   5.33103943E-03
   5.34248352E-03
   5.38635254E-03
   5.39588928E-03
   5.39779663E-03
   5.41114807E-03
   5.42163849E-03
   5.46741486E-03
   5.48744202E-03
   5.49602509E-03
   5.51128387E-03
   5.51986694E-03
   5.54847717E-03
   5.60665131E-03
   5.60760498E-03
   5.61141968E-03
   5.68199158E-03
   5.70774078E-03
   5.78022003E-03
   5.83267212E-03
   5.84030151E-03
   5.86509705E-03
   5.86795807E-03
   5.90801239E-03
   6.01196289E-03
   6.01768494E-03
   6.10542297E-03
   6.11114502E-03
   6.13594055E-03
   6.14356995E-03
   6.16645813E-03
   6.17027283E-03
   6.18457794E-03
   6.18648529E-03
   6.20460510E-03
   6.21700287E-03
   6.26945496E-03
   6.27708435E-03
   6.30474091E-03
   6.32858276E-03
   6.33430481E-03
   6.36196136E-03
   6.38008118E-03
   6.39247894E-03
   6.42585754E-03
   6.44779205E-03
   6.46209717E-03
   6.48975372E-03
   6.51836395E-03
   6.54411316E-03
   6.56223297E-03
   6.56890869E-03
   6.58798218E-03
   6.58798218E-03
   6.59561157E-03
   6.70909882E-03
   6.71863556E-03
   6.77585602E-03
   6.79779053E-03
   6.81304932E-03
   6.82926178E-03
   6.83307648E-03
   6.86359406E-03
   6.87313080E-03
   6.87599182E-03
   6.88362122E-03
   6.88362122E-03
   6.88934326E-03
   6.98089600E-03
   6.99043274E-03
   7.01999664E-03
   7.03334808E-03
   7.03907013E-03
   7.05909729E-03
   7.09342957E-03
   7.10296631E-03
   7.12966919E-03
   7.16018677E-03
   7.17830658E-03
   7.18593597E-03
   7.18593597E-03
   7.20691681E-03
   7.21931458E-03
   7.31086731E-03
   7.35569000E-03
   7.37476349E-03
   7.40432739E-03
   7.41672516E-03
   7.42530823E-03
   7.44342804E-03
   7.45105743E-03
   7.48443604E-03
   7.52735138E-03
   7.53021240E-03
   7.54261017E-03
   7.64274597E-03
   7.73906708E-03
   7.81059265E-03
   7.82585144E-03
   7.82585144E-03
   7.86590576E-03
   7.90786743E-03
   7.92694092E-03
   7.96604156E-03
   7.97176361E-03
   8.03565979E-03
   8.06045532E-03
   8.08811188E-03
   8.11290741E-03
   8.15200806E-03
   8.16631317E-03
   8.21113586E-03
   8.26072693E-03
   8.31127167E-03
   8.31890106E-03
   8.34560394E-03
   8.36277008E-03
   8.39900970E-03
   8.41712952E-03
   8.47148895E-03
   8.47148895E-03
   8.48484039E-03
   8.48960876E-03
   8.55064392E-03
   8.70323181E-03
   8.74710083E-03
   8.75759125E-03
   8.76426697E-03
   8.76426697E-03
   8.80813599E-03
   8.84342194E-03
   8.92734528E-03
   9.04083252E-03
   9.04464722E-03
   9.10854340E-03
   9.14287567E-03
   9.16862488E-03
   9.26208496E-03
   9.28211212E-03
   9.30690765E-03
   9.31262970E-03
   9.32598114E-03
   9.33837891E-03
   9.40990448E-03
   9.44423676E-03
   9.45281982E-03
   9.47380066E-03
   9.52434540E-03
   9.52720642E-03
   9.52816010E-03
   9.54914093E-03
   9.60922241E-03
   9.60922241E-03
   9.62734222E-03
   9.64736938E-03
   9.69696045E-03
   9.80949402E-03
   9.81807709E-03
   9.82475281E-03
   9.92584229E-03
   9.98497009E-03
   1.00221634E-02
   1.00860596E-02
   1.01232529E-02
   1.01308823E-02
   1.01327896E-02
   1.01623535E-02
   1.02205276E-02
   1.02758408E-02
   1.02787018E-02
   1.02815628E-02
   1.02891922E-02
   1.03397369E-02
   1.03425980E-02
   1.03521347E-02
   1.03673935E-02
   1.04541779E-02
   1.04560852E-02
   1.04818344E-02
   1.05180740E-02
   1.05781555E-02
   1.05953217E-02
   1.06019974E-02
   1.06420517E-02
   1.06897354E-02
   1.06925964E-02
   1.07421875E-02
   1.07660294E-02
   1.08356476E-02
   1.08661652E-02
   1.08699799E-02
   1.09138489E-02
   1.10435486E-02
   1.10683441E-02
   1.10931396E-02
   1.11122131E-02
   1.11589432E-02
   1.12400055E-02
   1.13887787E-02
   1.14202499E-02
   1.14564896E-02
   1.15165710E-02
   1.15203857E-02
   1.15232468E-02
   1.15623474E-02
   1.15661621E-02
   1.15947723E-02
   1.18684769E-02
   1.19028091E-02
   1.19113922E-02
   1.19142532E-02
   1.19543076E-02
   1.21459961E-02
   1.22051239E-02
   1.22661591E-02
   1.22890472E-02
   1.23586655E-02
   1.24416351E-02
   1.24444962E-02
   1.25608444E-02
   1.25637054E-02
   1.27620697E-02
   1.27820969E-02
   1.27859116E-02
   1.27897263E-02
   1.29108429E-02
   1.29604340E-02
   1.30300522E-02
   1.30643845E-02
   1.31769180E-02
   1.32875443E-02
   1.33466721E-02
   1.33495331E-02
   1.33771896E-02
   1.34029388E-02
   1.34162903E-02
   1.34344101E-02
   1.34630203E-02
   1.34983063E-02
   1.36156082E-02
   1.36356354E-02
   1.37290955E-02
   1.39913559E-02
   1.40132904E-02
   1.40295029E-02
   1.42002106E-02
   1.45006180E-02
   1.45483017E-02
   1.46112442E-02
   1.46207809E-02
   1.46369934E-02
   1.47113800E-02
   1.47266388E-02
   1.47790909E-02
   1.47848129E-02
   1.48305893E-02
   1.49068832E-02
   1.49250031E-02
   1.50432587E-02
   1.50699615E-02
   1.50976181E-02
   1.53360367E-02
   1.54762268E-02
   1.55496597E-02
   1.56087875E-02
   1.57365799E-02
   1.57423019E-02
   1.58605576E-02
   1.58929825E-02
   1.59587860E-02
   1.60646439E-02
   1.60665512E-02
   1.61132812E-02
   1.62448883E-02
   1.65500641E-02
   1.67675018E-02
   1.67827606E-02
   1.68838501E-02
   1.68867111E-02
   1.69439316E-02
   1.69687271E-02
   1.70030594E-02
   1.70412064E-02
   1.71537399E-02
   1.73645020E-02
   1.75561905E-02
   1.77640915E-02
   1.80912018E-02
   1.81722641E-02
   1.86252594E-02
   1.93681717E-02
   1.98011398E-02
   2.05326080E-02
   2.06851959E-02
   2.10609436E-02
   2.18725204E-02
   2.26774216E-02
   2.32858658E-02
   2.37207413E-02
   2.43091583E-02
   2.53772736E-02
   2.58741379E-02
   2.82287598E-02
   2.91872025E-02
   2.96630859E-02
   3.44362259E-02
   3.46260071E-02
