#Npts     Radius    Mag      Completeness
#  349 2990.7092  -12.946000 1.000000
# Ierr
  -3.51448059E-02
  -2.90594101E-02
  -1.97010040E-02
  -1.93538666E-02
  -1.69181824E-02
  -1.51157379E-02
  -1.50499344E-02
  -1.46398544E-02
  -1.43957138E-02
  -1.40619278E-02
  -1.39102936E-02
  -1.30205154E-02
  -1.25513077E-02
  -1.23834610E-02
  -1.18722916E-02
  -1.17797852E-02
  -1.15194321E-02
  -1.12104416E-02
  -1.10321045E-02
  -8.64219666E-03
  -8.31508636E-03
  -8.25500488E-03
  -8.05377960E-03
  -7.65895844E-03
  -7.30419159E-03
  -7.07626343E-03
  -6.65473938E-03
  -6.60896301E-03
  -6.30569458E-03
  -6.19029999E-03
  -6.00242615E-03
  -5.81836700E-03
  -5.68866730E-03
  -5.36346436E-03
  -5.35774231E-03
  -5.33962250E-03
  -5.33676147E-03
  -5.28621674E-03
  -5.24139404E-03
  -4.92858887E-03
  -4.92572784E-03
  -4.72640991E-03
  -4.70733643E-03
  -4.68730927E-03
  -4.64630127E-03
  -4.64248657E-03
  -4.53186035E-03
  -4.43744659E-03
  -4.31632996E-03
  -4.04357910E-03
  -3.87382507E-03
  -3.83949280E-03
  -3.21292877E-03
  -3.01361084E-03
  -2.87818909E-03
  -2.80475616E-03
  -2.65884399E-03
  -2.44045258E-03
  -2.36988068E-03
  -2.36320496E-03
  -2.34413147E-03
  -2.29740143E-03
  -2.18009949E-03
  -2.16674805E-03
  -2.12001801E-03
  -2.06851959E-03
  -2.03037262E-03
  -1.97315216E-03
  -1.89781189E-03
  -1.89304352E-03
  -1.83677673E-03
  -1.66034698E-03
  -1.64985657E-03
  -1.35993958E-03
  -1.25598907E-03
  -1.25312805E-03
  -1.24549866E-03
  -1.12056732E-03
  -1.01184845E-03
  -9.88960266E-04
  -9.15527344E-04
  -7.76290894E-04
  -6.81877136E-04
  -5.81741333E-04
  -5.39779663E-04
  -5.24520874E-04
  -4.91142273E-04
  -4.81605530E-04
  -4.07218933E-04
  -3.91960144E-04
  -3.88145447E-04
  -3.87191772E-04
  -2.91824341E-04
  -1.85012817E-04
  -1.26838684E-04
  -1.12533569E-04
  -4.10079956E-05
  -2.38418579E-05
  -4.76837158E-06
  -2.86102295E-06
   8.20159912E-05
   9.91821289E-05
   1.69754028E-04
   1.76429749E-04
   1.84059143E-04
   1.98364258E-04
   2.12669373E-04
   2.17437744E-04
   2.38418579E-04
   3.03268433E-04
   3.14712524E-04
   3.51905823E-04
   3.56674194E-04
   3.72886658E-04
   4.00543213E-04
   4.30107117E-04
   5.16891479E-04
   5.30242920E-04
   6.06536865E-04
   6.20841980E-04
   6.53266907E-04
   7.38143921E-04
   7.41004944E-04
   7.43865967E-04
   7.46726990E-04
   7.98225403E-04
   8.07762146E-04
   8.77380371E-04
   9.39369202E-04
   9.83238220E-04
   1.05857849E-03
   1.06048584E-03
   1.10912323E-03
   1.12438202E-03
   1.19113922E-03
   1.22547150E-03
   1.29795074E-03
   1.43241882E-03
   1.44290924E-03
   1.47724152E-03
   1.56784058E-03
   1.56784058E-03
   1.73759460E-03
   1.79672241E-03
   1.85489655E-03
   1.91211700E-03
   1.94168091E-03
   2.03704834E-03
   2.18105316E-03
   2.20870972E-03
   2.21729279E-03
   2.31075287E-03
   2.31838226E-03
   2.33650208E-03
   2.34317780E-03
   2.38990784E-03
   2.42042542E-03
   2.56347656E-03
   2.57873535E-03
   2.61306763E-03
   2.82001495E-03
   2.85530090E-03
   2.85720825E-03
   3.04508209E-03
   3.08513641E-03
   3.11660767E-03
   3.17382812E-03
   3.23581696E-03
   3.23867798E-03
   3.26538086E-03
   3.30448151E-03
   3.31687927E-03
   3.33499908E-03
   3.33595276E-03
   3.38077545E-03
   3.47518921E-03
   3.47709656E-03
   3.49712372E-03
   3.59153748E-03
   3.61919403E-03
   3.64208221E-03
   3.75652313E-03
   3.78036499E-03
   3.78704071E-03
   3.83567810E-03
   3.84998322E-03
   3.93867493E-03
   3.94153595E-03
   4.05406952E-03
   4.08363342E-03
   4.15420532E-03
   4.21142578E-03
   4.21905518E-03
   4.24957275E-03
   4.31060791E-03
   4.31632996E-03
   4.40883636E-03
   4.47463989E-03
   4.53186035E-03
   4.53567505E-03
   4.57572937E-03
   4.58526611E-03
   4.61101532E-03
   4.61387634E-03
   4.64153290E-03
   4.71401215E-03
   4.73594666E-03
   4.85706329E-03
   4.87995148E-03
   4.94384766E-03
   4.94480133E-03
   5.07450104E-03
   5.09357452E-03
   5.10311127E-03
   5.14698029E-03
   5.19752502E-03
   5.21469116E-03
   5.32817841E-03
   5.33103943E-03
   5.34248352E-03
   5.39302826E-03
   5.39398193E-03
   5.49411774E-03
   5.54847717E-03
   5.58090210E-03
   5.65338135E-03
   5.65528870E-03
   5.65528870E-03
   5.66005707E-03
   5.71727753E-03
   5.75351715E-03
   5.79357147E-03
   5.89847565E-03
   5.92136383E-03
   5.99384308E-03
   6.05773926E-03
   6.13403320E-03
   6.17790222E-03
   6.23226166E-03
   6.26277924E-03
   6.28662109E-03
   6.36959076E-03
   6.55746460E-03
   6.60800934E-03
   6.61277771E-03
   6.61277771E-03
   6.61468506E-03
   6.62517548E-03
   6.68239594E-03
   6.69288635E-03
   6.77299500E-03
   6.89506531E-03
   6.95228577E-03
   7.11250305E-03
   7.18498230E-03
   7.20310211E-03
   7.23266602E-03
   7.26890564E-03
   7.34615326E-03
   7.46726990E-03
   7.56835938E-03
   7.59887695E-03
   7.62271881E-03
   7.62844086E-03
   7.63034821E-03
   7.70282745E-03
   7.81631470E-03
   7.82299042E-03
   7.86113739E-03
   7.97653198E-03
   8.03756714E-03
   8.05187225E-03
   8.11386108E-03
   8.17966461E-03
   8.19873810E-03
   8.29315186E-03
   8.37135315E-03
   8.39805603E-03
   8.44097137E-03
   8.45336914E-03
   8.53729248E-03
   8.54682922E-03
   8.59069824E-03
   8.64791870E-03
   8.67176056E-03
   8.79192352E-03
   8.91399384E-03
   8.93306732E-03
   8.98838043E-03
   9.00554657E-03
   9.01126862E-03
   9.07039642E-03
   9.11045074E-03
   9.13333893E-03
   9.27448273E-03
   9.32884216E-03
   9.42897797E-03
   9.43565369E-03
   9.53197479E-03
   9.64450836E-03
   9.81330872E-03
   9.86671448E-03
   9.87052917E-03
   9.94300842E-03
   9.95922089E-03
   9.98210907E-03
   9.98210907E-03
   1.00669861E-02
   1.02329254E-02
   1.04913712E-02
   1.06010437E-02
   1.10101700E-02
   1.10111237E-02
   1.12075806E-02
   1.12342834E-02
   1.14555359E-02
   1.15642548E-02
   1.15671158E-02
   1.15976334E-02
   1.18579865E-02
   1.19400024E-02
   1.20344162E-02
   1.21498108E-02
   1.22785568E-02
   1.25408173E-02
   1.26276016E-02
   1.26876831E-02
   1.31168365E-02
   1.35250092E-02
   1.35946274E-02
   1.38854980E-02
   1.39884949E-02
   1.42698288E-02
   1.42927170E-02
   1.43308640E-02
   1.46455765E-02
   1.50480270E-02
   1.52530670E-02
   1.53665543E-02
   1.54533386E-02
   1.60303116E-02
   1.60760880E-02
   1.63564682E-02
   1.65834427E-02
   1.67903900E-02
   1.71899796E-02
   1.83048248E-02
   1.95875168E-02
   2.73971558E-02
