#Npts     Radius    Mag      Completeness
#  233 1900.2010  -12.167818 1.000000
# Ierr
  -3.63912582E-02
  -2.62832642E-02
  -2.37398148E-02
  -2.04696655E-02
  -1.71966553E-02
  -1.58538818E-02
  -1.55477524E-02
  -1.52921677E-02
  -1.51863098E-02
  -1.46341324E-02
  -1.40218735E-02
  -1.35526657E-02
  -1.32608414E-02
  -1.32293701E-02
  -1.31149292E-02
  -1.30558014E-02
  -1.26905441E-02
  -1.25293732E-02
  -1.15547180E-02
  -1.09024048E-02
  -1.05915070E-02
  -1.03778839E-02
  -1.03626251E-02
  -1.02767944E-02
  -1.02233887E-02
  -9.88483429E-03
  -9.53006744E-03
  -9.16767120E-03
  -9.15431976E-03
  -8.87584686E-03
  -8.84628296E-03
  -8.74233246E-03
  -8.71372223E-03
  -8.29887390E-03
  -8.28742981E-03
  -8.27312469E-03
  -8.19110870E-03
  -8.17871094E-03
  -7.91168213E-03
  -7.11917877E-03
  -6.94656372E-03
  -6.92939758E-03
  -6.85882568E-03
  -6.54315948E-03
  -6.52122498E-03
  -6.51741028E-03
  -6.51073456E-03
  -6.50215149E-03
  -6.47735596E-03
  -6.38294220E-03
  -6.32667542E-03
  -6.23798370E-03
  -6.18171692E-03
  -6.17599487E-03
  -5.94711304E-03
  -5.90610504E-03
  -5.77163696E-03
  -5.76305389E-03
  -5.63335419E-03
  -5.48458099E-03
  -5.26428223E-03
  -5.18894196E-03
  -5.15365601E-03
  -5.12599945E-03
  -5.12409210E-03
  -5.06877899E-03
  -5.06401062E-03
  -4.88471985E-03
  -4.82654572E-03
  -4.82082367E-03
  -4.72640991E-03
  -4.66346741E-03
  -4.59575653E-03
  -4.57954407E-03
  -4.54330444E-03
  -4.35733795E-03
  -4.32491302E-03
  -4.26673889E-03
  -4.24098969E-03
  -4.19807434E-03
  -4.13608551E-03
  -4.11605835E-03
  -4.10556793E-03
  -4.07218933E-03
  -4.07123566E-03
  -3.90052795E-03
  -3.71074677E-03
  -3.52573395E-03
  -3.43036652E-03
  -3.21197510E-03
  -3.20339203E-03
  -3.04603577E-03
  -2.87914276E-03
  -2.81715393E-03
  -2.71320343E-03
  -2.68554688E-03
  -2.55298615E-03
  -2.36606598E-03
  -2.27451324E-03
  -2.20394135E-03
  -2.11715698E-03
  -2.10475922E-03
  -2.10285187E-03
  -2.07519531E-03
  -2.04086304E-03
  -2.01892853E-03
  -1.91974640E-03
  -1.89685822E-03
  -1.81579590E-03
  -1.76525116E-03
  -1.72424316E-03
  -1.68704987E-03
  -1.65081024E-03
  -1.57451630E-03
  -1.54209137E-03
  -1.49726868E-03
  -1.48391724E-03
  -1.43623352E-03
  -1.41906738E-03
  -1.41429901E-03
  -1.35707855E-03
  -1.30844116E-03
  -1.28173828E-03
  -1.25122070E-03
  -1.24549866E-03
  -1.23405457E-03
  -1.12247467E-03
  -9.86099243E-04
  -9.18388367E-04
  -8.52584839E-04
  -8.38279724E-04
  -8.27789307E-04
  -7.56263733E-04
  -5.14030457E-04
  -5.14030457E-04
  -2.57492065E-04
  -1.89781189E-04
  -1.47819519E-04
  -1.43051147E-04
  -5.53131104E-05
  -9.53674316E-07
   4.19616699E-05
   4.19616699E-05
   5.62667847E-05
   8.96453857E-05
   1.66893005E-04
   1.94549561E-04
   2.49862671E-04
   2.89916992E-04
   5.50270081E-04
   7.23838806E-04
   7.75337219E-04
   8.76426697E-04
   8.92639160E-04
   1.14536285E-03
   1.17969513E-03
   1.23977661E-03
   1.23977661E-03
   1.24359131E-03
   1.25980377E-03
   1.26171112E-03
   1.31320953E-03
   1.33132935E-03
   1.50966644E-03
   1.66416168E-03
   1.69181824E-03
   1.91402435E-03
   1.99604034E-03
   2.00843811E-03
   2.10285187E-03
   2.11048126E-03
   2.17151642E-03
   2.44808197E-03
   2.45189667E-03
   2.47001648E-03
   2.50339508E-03
   2.69317627E-03
   2.88200378E-03
   2.88581848E-03
   2.92778015E-03
   3.00598145E-03
   3.03936005E-03
   3.12519073E-03
   3.21769714E-03
   3.27110291E-03
   3.28922272E-03
   3.32736969E-03
   3.35597992E-03
   3.52382660E-03
   3.59916687E-03
   3.74221802E-03
   3.75080109E-03
   3.75270844E-03
   3.75652313E-03
   3.77464294E-03
   3.98540497E-03
   4.03976440E-03
   4.13417816E-03
   4.28676605E-03
   4.63294983E-03
   4.74262238E-03
   4.96578217E-03
   5.05065918E-03
   5.06401062E-03
   5.13076782E-03
   5.22327423E-03
   5.49125671E-03
   5.84030151E-03
   5.85842133E-03
   6.13975525E-03
   6.15596771E-03
   6.26659393E-03
   6.59179688E-03
   6.59561157E-03
   6.77585602E-03
   6.82258606E-03
   6.93893433E-03
   7.15923309E-03
   7.28034973E-03
   7.46154785E-03
   7.75909424E-03
   8.68988037E-03
   8.83960724E-03
   9.15241241E-03
   9.17243958E-03
   1.01518631E-02
   1.02252960E-02
   1.03406906E-02
   1.05085373E-02
   1.07574463E-02
   1.50518417E-02
   1.56507492E-02
   1.83420181E-02
