#Npts     Radius    Mag      Completeness
#   73 1286.0050  -14.494000 1.000000
# Ierr
  -3.36380005E-02
  -1.92022324E-02
  -1.82161331E-02
  -1.70154572E-02
  -1.55696869E-02
  -1.49822235E-02
  -1.27525330E-02
  -1.16558075E-02
  -1.10139847E-02
  -1.09176636E-02
  -9.99641418E-03
  -9.41753387E-03
  -9.36222076E-03
  -8.85391235E-03
  -8.63933563E-03
  -7.98416138E-03
  -7.87830353E-03
  -7.86399841E-03
  -7.76576996E-03
  -7.69710541E-03
  -7.57408142E-03
  -7.07244873E-03
  -7.06672668E-03
  -6.69860840E-03
  -6.35433197E-03
  -5.83362579E-03
  -5.46360016E-03
  -5.29193878E-03
  -5.25283813E-03
  -5.22041321E-03
  -5.05542755E-03
  -4.99916077E-03
  -4.86469269E-03
  -4.77218628E-03
  -3.88145447E-03
  -3.83186340E-03
  -3.75652313E-03
  -2.76851654E-03
  -2.76184082E-03
  -2.73036957E-03
  -2.24399567E-03
  -2.03227997E-03
  -9.98497009E-04
  -3.03268433E-04
   1.78337097E-04
   3.78608704E-04
   8.76426697E-04
   9.42230225E-04
   9.44137573E-04
   1.18160248E-03
   1.24740601E-03
   1.56974792E-03
   1.60312653E-03
   1.60694122E-03
   2.66647339E-03
   2.96783447E-03
   3.13568115E-03
   3.71646881E-03
   5.15079498E-03
   5.64384460E-03
   5.74493408E-03
   5.76591492E-03
   5.95760345E-03
   6.68048859E-03
   6.89125061E-03
   8.71849060E-03
   1.03263855E-02
   1.22690201E-02
   1.32322311E-02
   1.67942047E-02
   1.77812576E-02
   1.88350677E-02
   1.97334290E-02
