#Npts     Radius    Mag      Completeness
#   26 1704.7042  -14.752000 1.000000
# Ierr
  -3.50790024E-02
  -1.15118027E-02
  -9.13238525E-03
  -3.27968597E-03
  -2.06851959E-03
  -3.15666199E-04
   8.08715820E-04
   1.02615356E-03
   1.36852264E-03
   1.76715851E-03
   2.91347504E-03
   3.12709808E-03
   3.25012207E-03
   3.60488892E-03
   3.87096405E-03
   4.08935547E-03
   5.09643555E-03
   5.13076782E-03
   5.18226624E-03
   5.81836700E-03
   1.06735229E-02
   1.09014511E-02
   1.26333237E-02
   1.26800537E-02
   1.57728195E-02
   2.84042358E-02
