#Npts     Radius    Mag      Completeness
# 1057  867.3057  -12.430000 1.000000
# Ierr
  -3.96280289E-02
  -3.96232605E-02
  -3.92274857E-02
  -3.91912460E-02
  -3.90748978E-02
  -3.87659073E-02
  -3.84359360E-02
  -3.83653641E-02
  -3.82671356E-02
  -3.78780365E-02
  -3.76834869E-02
  -3.76625061E-02
  -3.74364853E-02
  -3.66497040E-02
  -3.62653732E-02
  -3.53469849E-02
  -3.52869034E-02
  -3.51676941E-02
  -3.49502563E-02
  -3.47757339E-02
  -3.47757339E-02
  -3.46641541E-02
  -3.44343185E-02
  -3.43523026E-02
  -3.39813232E-02
  -3.38363647E-02
  -3.37009430E-02
  -3.33328247E-02
  -3.31153870E-02
  -3.30715179E-02
  -3.27825546E-02
  -3.24974060E-02
  -3.24525833E-02
  -3.24382782E-02
  -3.23362350E-02
  -3.22132111E-02
  -3.21664810E-02
  -3.10945511E-02
  -3.06653976E-02
  -3.05604935E-02
  -3.05099487E-02
  -2.99892426E-02
  -2.98757553E-02
  -2.96888351E-02
  -2.94532776E-02
  -2.87694931E-02
  -2.84566879E-02
  -2.82955170E-02
  -2.82268524E-02
  -2.81076431E-02
  -2.77566910E-02
  -2.76927948E-02
  -2.70414352E-02
  -2.68077850E-02
  -2.66456604E-02
  -2.66075134E-02
  -2.64787674E-02
  -2.63767242E-02
  -2.63452530E-02
  -2.63357162E-02
  -2.62222290E-02
  -2.60591507E-02
  -2.56633759E-02
  -2.56595612E-02
  -2.56385803E-02
  -2.55622864E-02
  -2.54898071E-02
  -2.54669189E-02
  -2.51312256E-02
  -2.47163773E-02
  -2.46419907E-02
  -2.45532990E-02
  -2.43301392E-02
  -2.41813660E-02
  -2.40802765E-02
  -2.40154266E-02
  -2.33583450E-02
  -2.32257843E-02
  -2.30627060E-02
  -2.30388641E-02
  -2.29454041E-02
  -2.26411819E-02
  -2.25744247E-02
  -2.24094391E-02
  -2.20918655E-02
  -2.20632553E-02
  -2.19640732E-02
  -2.15120316E-02
  -2.13422775E-02
  -2.12697983E-02
  -2.12354660E-02
  -2.10189819E-02
  -2.05354691E-02
  -2.03504562E-02
  -2.03046799E-02
  -2.02531815E-02
  -2.02484131E-02
  -2.01768875E-02
  -2.01377869E-02
  -2.01349258E-02
  -2.01015472E-02
  -2.00862885E-02
  -2.00614929E-02
  -1.99117661E-02
  -1.98059082E-02
  -1.97982788E-02
  -1.97839737E-02
  -1.97124481E-02
  -1.96905136E-02
  -1.95503235E-02
  -1.95312500E-02
  -1.94749832E-02
  -1.94253922E-02
  -1.92947388E-02
  -1.92298889E-02
  -1.91040039E-02
  -1.90734863E-02
  -1.90258026E-02
  -1.88999176E-02
  -1.87397003E-02
  -1.86576843E-02
  -1.84869766E-02
  -1.84869766E-02
  -1.84345245E-02
  -1.81274414E-02
  -1.81121826E-02
  -1.79138184E-02
  -1.79033279E-02
  -1.78861618E-02
  -1.78537369E-02
  -1.78136826E-02
  -1.77621841E-02
  -1.72691345E-02
  -1.70164108E-02
  -1.69839859E-02
  -1.69706345E-02
  -1.69363022E-02
  -1.69067383E-02
  -1.69000626E-02
  -1.68619156E-02
  -1.67179108E-02
  -1.67083740E-02
  -1.66301727E-02
  -1.65224075E-02
  -1.64308548E-02
  -1.61132812E-02
  -1.61027908E-02
  -1.61027908E-02
  -1.60713196E-02
  -1.60388947E-02
  -1.60045624E-02
  -1.57680511E-02
  -1.57241821E-02
  -1.56307220E-02
  -1.55229568E-02
  -1.54819489E-02
  -1.54676437E-02
  -1.54676437E-02
  -1.54647827E-02
  -1.54047012E-02
  -1.52788162E-02
  -1.51119232E-02
  -1.49765015E-02
  -1.49765015E-02
  -1.49059296E-02
  -1.48897171E-02
  -1.48553848E-02
  -1.48372650E-02
  -1.48134232E-02
  -1.46999359E-02
  -1.46121979E-02
  -1.45845413E-02
  -1.45769119E-02
  -1.44786835E-02
  -1.43976212E-02
  -1.43957138E-02
  -1.43318176E-02
  -1.43241882E-02
  -1.43165588E-02
  -1.43070221E-02
  -1.42183304E-02
  -1.42049789E-02
  -1.41878128E-02
  -1.41763687E-02
  -1.40314102E-02
  -1.38721466E-02
  -1.38664246E-02
  -1.37653351E-02
  -1.37472153E-02
  -1.36594772E-02
  -1.36451721E-02
  -1.34258270E-02
  -1.32083893E-02
  -1.30891800E-02
  -1.30348206E-02
  -1.30186081E-02
  -1.29041672E-02
  -1.27964020E-02
  -1.27820969E-02
  -1.27658844E-02
  -1.27105713E-02
  -1.26619339E-02
  -1.25494003E-02
  -1.25207901E-02
  -1.24149323E-02
  -1.23825073E-02
  -1.22699738E-02
  -1.22680664E-02
  -1.22423172E-02
  -1.19485855E-02
  -1.19256973E-02
  -1.18808746E-02
  -1.18637085E-02
  -1.18551254E-02
  -1.18551254E-02
  -1.17778778E-02
  -1.16510391E-02
  -1.16157532E-02
  -1.16147995E-02
  -1.15165710E-02
  -1.13992691E-02
  -1.13992691E-02
  -1.13420486E-02
  -1.12419128E-02
  -1.12228394E-02
  -1.11312866E-02
  -1.10425949E-02
  -1.08213425E-02
  -1.08194351E-02
  -1.08098984E-02
  -1.07584000E-02
  -1.06582642E-02
  -1.05867386E-02
  -1.05743408E-02
  -1.05056763E-02
  -1.04150772E-02
  -1.03693008E-02
  -1.03645325E-02
  -1.02243423E-02
  -1.01938248E-02
  -1.01861954E-02
  -1.01375580E-02
  -1.00631714E-02
  -1.00317001E-02
  -1.00135803E-02
  -9.97352600E-03
  -9.92584229E-03
  -9.87625122E-03
  -9.85336304E-03
  -9.85336304E-03
  -9.82856750E-03
  -9.82761383E-03
  -9.69791412E-03
  -9.67121124E-03
  -9.54818726E-03
  -9.42420959E-03
  -9.38606262E-03
  -9.25350189E-03
  -9.22012329E-03
  -9.16576385E-03
  -9.11331177E-03
  -9.04178619E-03
  -8.85009766E-03
  -8.72898102E-03
  -8.71562958E-03
  -8.68034363E-03
  -8.52012634E-03
  -8.50105286E-03
  -8.47053528E-03
  -8.45527649E-03
  -8.41999054E-03
  -8.41045380E-03
  -8.39424133E-03
  -8.39328766E-03
  -8.28361511E-03
  -8.28361511E-03
  -8.24451447E-03
  -8.02135468E-03
  -8.00609589E-03
  -8.00132751E-03
  -7.98320770E-03
  -7.96413422E-03
  -7.93647766E-03
  -7.92789459E-03
  -7.86685944E-03
  -7.82871246E-03
  -7.81154633E-03
  -7.76100159E-03
  -7.60269165E-03
  -7.58361816E-03
  -7.52353668E-03
  -7.52258301E-03
  -7.47585297E-03
  -7.41100311E-03
  -7.39860535E-03
  -7.38143921E-03
  -7.36999512E-03
  -7.36904144E-03
  -7.35569000E-03
  -7.35473633E-03
  -7.32707977E-03
  -7.32517242E-03
  -7.18593597E-03
  -7.11822510E-03
  -7.10201263E-03
  -7.08770752E-03
  -7.08484650E-03
  -7.06005096E-03
  -6.92176819E-03
  -6.76536560E-03
  -6.68334961E-03
  -6.57844543E-03
  -6.53934479E-03
  -6.50691986E-03
  -6.45351410E-03
  -6.44207001E-03
  -6.40869141E-03
  -6.37435913E-03
  -6.37435913E-03
  -6.31809235E-03
  -6.31523132E-03
  -6.24084473E-03
  -6.23130798E-03
  -6.20365143E-03
  -6.14929199E-03
  -6.10923767E-03
  -6.09683990E-03
  -6.02531433E-03
  -5.97190857E-03
  -5.97190857E-03
  -5.96427917E-03
  -5.93662262E-03
  -5.88607788E-03
  -5.87654114E-03
  -5.85746765E-03
  -5.85174561E-03
  -5.83553314E-03
  -5.82218170E-03
  -5.79357147E-03
  -5.77735901E-03
  -5.74398041E-03
  -5.69915771E-03
  -5.67436218E-03
  -5.66864014E-03
  -5.66577911E-03
  -5.63526154E-03
  -5.62381744E-03
  -5.59902191E-03
  -5.54656982E-03
  -5.51319122E-03
  -5.44071198E-03
  -5.43594360E-03
  -5.41305542E-03
  -5.38921356E-03
  -5.38921356E-03
  -5.38444519E-03
  -5.38444519E-03
  -5.37586212E-03
  -5.35392761E-03
  -5.33008575E-03
  -5.31864166E-03
  -5.28717041E-03
  -5.24902344E-03
  -5.17559052E-03
  -5.17272949E-03
  -5.09643555E-03
  -5.09357452E-03
  -5.05828857E-03
  -5.03540039E-03
  -5.00679016E-03
  -5.00297546E-03
  -4.99153137E-03
  -4.97055054E-03
  -4.94766235E-03
  -4.87709045E-03
  -4.83226776E-03
  -4.82463837E-03
  -4.81319427E-03
  -4.81319427E-03
  -4.78172302E-03
  -4.70447540E-03
  -4.70352173E-03
  -4.67300415E-03
  -4.59861755E-03
  -4.54807281E-03
  -4.51374054E-03
  -4.48417664E-03
  -4.46987152E-03
  -4.44126129E-03
  -4.42314148E-03
  -4.39834595E-03
  -4.39834595E-03
  -4.32205200E-03
  -4.30011749E-03
  -4.29344177E-03
  -4.29058075E-03
  -4.27722931E-03
  -4.14943695E-03
  -4.12940979E-03
  -4.08554077E-03
  -4.08267975E-03
  -4.04644012E-03
  -4.02355194E-03
  -3.99589539E-03
  -3.97109985E-03
  -3.94248962E-03
  -3.93009186E-03
  -3.89289856E-03
  -3.88240814E-03
  -3.87382507E-03
  -3.86238098E-03
  -3.80611420E-03
  -3.77941132E-03
  -3.77178192E-03
  -3.72409821E-03
  -3.72409821E-03
  -3.72314453E-03
  -3.70216370E-03
  -3.69739532E-03
  -3.69071960E-03
  -3.63922119E-03
  -3.59439850E-03
  -3.57818604E-03
  -3.56769562E-03
  -3.56197357E-03
  -3.50570679E-03
  -3.49712372E-03
  -3.49140167E-03
  -3.43704224E-03
  -3.40270996E-03
  -3.30734253E-03
  -3.28922272E-03
  -3.26156616E-03
  -3.22532654E-03
  -3.15380096E-03
  -3.11660767E-03
  -3.09658051E-03
  -3.06987762E-03
  -3.02314758E-03
  -3.01265717E-03
  -2.94589996E-03
  -2.88963318E-03
  -2.87818909E-03
  -2.75039673E-03
  -2.74658203E-03
  -2.71987915E-03
  -2.71606445E-03
  -2.68554688E-03
  -2.68554688E-03
  -2.64644623E-03
  -2.63690948E-03
  -2.61878967E-03
  -2.60639191E-03
  -2.59304047E-03
  -2.57968903E-03
  -2.56633759E-03
  -2.53963470E-03
  -2.52914429E-03
  -2.51293182E-03
  -2.50911713E-03
  -2.47859955E-03
  -2.43949890E-03
  -2.42328644E-03
  -2.41851807E-03
  -2.40516663E-03
  -2.40516663E-03
  -2.40421295E-03
  -2.38513947E-03
  -2.36320496E-03
  -2.32124329E-03
  -2.27832794E-03
  -2.27165222E-03
  -2.26211548E-03
  -2.18486786E-03
  -2.13336945E-03
  -2.12478638E-03
  -2.12097168E-03
  -2.11048126E-03
  -2.07901001E-03
  -2.06851959E-03
  -2.05898285E-03
  -2.04849243E-03
  -2.01416016E-03
  -2.00939178E-03
  -1.98459625E-03
  -1.98459625E-03
  -1.95884705E-03
  -1.95503235E-03
  -1.93786621E-03
  -1.85775757E-03
  -1.85298920E-03
  -1.82914734E-03
  -1.82723999E-03
  -1.81388855E-03
  -1.81388855E-03
  -1.80435181E-03
  -1.74713135E-03
  -1.69849396E-03
  -1.67465210E-03
  -1.65271759E-03
  -1.64127350E-03
  -1.57165527E-03
  -1.55735016E-03
  -1.50012970E-03
  -1.49536133E-03
  -1.45149231E-03
  -1.45149231E-03
  -1.44290924E-03
  -1.43527985E-03
  -1.42192841E-03
  -1.41811371E-03
  -1.39331818E-03
  -1.36661530E-03
  -1.33323669E-03
  -1.31797791E-03
  -1.29032135E-03
  -1.28650665E-03
  -1.26457214E-03
  -1.22928619E-03
  -1.19876862E-03
  -1.10721588E-03
  -1.10244751E-03
  -1.07955933E-03
  -1.06525421E-03
  -1.03569031E-03
  -1.02615356E-03
  -1.01852417E-03
  -1.00612640E-03
  -9.98497009E-04
  -9.73701477E-04
  -9.02175903E-04
  -8.61167908E-04
  -8.12530518E-04
  -7.52449036E-04
  -7.14302063E-04
  -7.07626343E-04
  -6.65664673E-04
  -6.17027283E-04
  -5.90324402E-04
  -5.80787659E-04
  -5.79833984E-04
  -5.13076782E-04
  -4.90188599E-04
  -4.86373901E-04
  -4.86373901E-04
  -4.75883484E-04
  -4.56809998E-04
  -4.27246094E-04
  -4.04357910E-04
  -3.67164612E-04
  -3.42369080E-04
  -3.32832336E-04
  -3.20434570E-04
  -2.87055969E-04
  -2.86102295E-04
  -2.52723694E-04
  -2.22206116E-04
  -2.09808350E-04
  -2.07901001E-04
  -1.75476074E-04
  -1.59263611E-04
  -1.16348267E-04
  -1.06811523E-04
  -5.43594360E-05
  -3.05175781E-05
  -1.90734863E-06
   7.43865967E-05
   8.39233398E-05
   9.91821289E-05
   1.12533569E-04
   1.76429749E-04
   1.76429749E-04
   1.92642212E-04
   2.10762024E-04
   2.54631042E-04
   2.54631042E-04
   2.88009644E-04
   2.89916992E-04
   3.04222107E-04
   3.08036804E-04
   3.16619873E-04
   3.26156616E-04
   3.33786011E-04
   3.54766846E-04
   3.65257263E-04
   3.66210938E-04
   3.70979309E-04
   3.81469727E-04
   3.98635864E-04
   4.18663025E-04
   4.31060791E-04
   4.52041626E-04
   4.63485718E-04
   4.95910645E-04
   5.38825989E-04
   5.76972961E-04
   6.17980957E-04
   6.26564026E-04
   6.28471375E-04
   6.96182251E-04
   7.23838806E-04
   7.27653503E-04
   7.27653503E-04
   7.73429871E-04
   8.05854797E-04
   8.32557678E-04
   8.39233398E-04
   8.39233398E-04
   8.44955444E-04
   8.79287720E-04
   9.03129578E-04
   9.05036926E-04
   9.14573669E-04
   9.56535339E-04
   9.86099243E-04
   1.00517273E-03
   1.04331970E-03
   1.04999542E-03
   1.05094910E-03
   1.10816956E-03
   1.12628937E-03
   1.14345551E-03
   1.15299225E-03
   1.17397308E-03
   1.20830536E-03
   1.21688843E-03
   1.24359131E-03
   1.24835968E-03
   1.29318237E-03
   1.29318237E-03
   1.31225586E-03
   1.33705139E-03
   1.38664246E-03
   1.39522552E-03
   1.40285492E-03
   1.41048431E-03
   1.47628784E-03
   1.51824951E-03
   1.57356262E-03
   1.59549713E-03
   1.61743164E-03
   1.62982941E-03
   1.64222717E-03
   1.65939331E-03
   1.73091888E-03
   1.73664093E-03
   1.76048279E-03
   1.77860260E-03
   1.85871124E-03
   1.89208984E-03
   1.97410583E-03
   1.98841095E-03
   2.03895569E-03
   2.07614899E-03
   2.07996368E-03
   2.08854675E-03
   2.10380554E-03
   2.18677521E-03
   2.19440460E-03
   2.21729279E-03
   2.23445892E-03
   2.25067139E-03
   2.25830078E-03
   2.26306915E-03
   2.34031677E-03
   2.43568420E-03
   2.44331360E-03
   2.47192383E-03
   2.48527527E-03
   2.50911713E-03
   2.51770020E-03
   2.58636475E-03
   2.61306763E-03
   2.62737274E-03
   2.63118744E-03
   2.65121460E-03
   2.65884399E-03
   2.66265869E-03
   2.66647339E-03
   2.66742706E-03
   2.70271301E-03
   2.70366669E-03
   2.73227692E-03
   2.74085999E-03
   2.78282166E-03
   2.78949738E-03
   2.82287598E-03
   2.94303894E-03
   2.96497345E-03
   2.96974182E-03
   2.98309326E-03
   3.00407410E-03
   3.04698944E-03
   3.06320190E-03
   3.09276581E-03
   3.12519073E-03
   3.15761566E-03
   3.16524506E-03
   3.19004059E-03
   3.19671631E-03
   3.23390961E-03
   3.27968597E-03
   3.32355499E-03
   3.37982178E-03
   3.40461731E-03
   3.42369080E-03
   3.44181061E-03
   3.49140167E-03
   3.49712372E-03
   3.50189209E-03
   3.51428986E-03
   3.52096558E-03
   3.54766846E-03
   3.60298157E-03
   3.60393524E-03
   3.61633301E-03
   3.65924835E-03
   3.66401672E-03
   3.68022919E-03
   3.73268127E-03
   3.73649597E-03
   3.74412537E-03
   3.75747681E-03
   3.76987457E-03
   3.77368927E-03
   3.77368927E-03
   3.81851196E-03
   3.85475159E-03
   3.85761261E-03
   3.93104553E-03
   3.97300720E-03
   3.99971008E-03
   4.00829315E-03
   4.14466858E-03
   4.15706635E-03
   4.16564941E-03
   4.16851044E-03
   4.17804718E-03
   4.17804718E-03
   4.18949127E-03
   4.23049927E-03
   4.24194336E-03
   4.24289703E-03
   4.25910950E-03
   4.26673889E-03
   4.31632996E-03
   4.32205200E-03
   4.33158875E-03
   4.34017181E-03
   4.39739227E-03
   4.40120697E-03
   4.40502167E-03
   4.41265106E-03
   4.42409515E-03
   4.46319580E-03
   4.49848175E-03
   4.55379486E-03
   4.56905365E-03
   4.57859039E-03
   4.60338593E-03
   4.61101532E-03
   4.66060638E-03
   4.71782684E-03
   4.74071503E-03
   4.75692749E-03
   4.82177734E-03
   4.88376617E-03
   4.88376617E-03
   4.91428375E-03
   4.91619110E-03
   4.92668152E-03
   4.93526459E-03
   4.94003296E-03
   4.94384766E-03
   4.96101379E-03
   4.96101379E-03
   4.97913361E-03
   4.99248505E-03
   5.03253937E-03
   5.13172150E-03
   5.16223907E-03
   5.20420074E-03
   5.25283813E-03
   5.28335571E-03
   5.28812408E-03
   5.30242920E-03
   5.36441803E-03
   5.37300110E-03
   5.44643402E-03
   5.46836853E-03
   5.50651550E-03
   5.54847717E-03
   5.56182861E-03
   5.56659698E-03
   5.57899475E-03
   5.59520721E-03
   5.60188293E-03
   5.64765930E-03
   5.67626953E-03
   5.68675995E-03
   5.75256348E-03
   5.94806671E-03
   5.97476959E-03
   5.98144531E-03
   5.98430634E-03
   5.98716736E-03
   5.98716736E-03
   5.98907471E-03
   6.02912903E-03
   6.06441498E-03
   6.07681274E-03
   6.17027283E-03
   6.18267059E-03
   6.25991821E-03
   6.26659393E-03
   6.26850128E-03
   6.34098053E-03
   6.35719299E-03
   6.40487671E-03
   6.47830963E-03
   6.51073456E-03
   6.51931763E-03
   6.52790070E-03
   6.53839111E-03
   6.59656525E-03
   6.59942627E-03
   6.66522980E-03
   6.76631927E-03
   6.77204132E-03
   6.81018829E-03
   6.82258606E-03
   6.82926178E-03
   6.83689117E-03
   6.87026978E-03
   6.87026978E-03
   6.87503815E-03
   6.90269470E-03
   6.92653656E-03
   6.93607330E-03
   6.94274902E-03
   6.98089600E-03
   7.00092316E-03
   7.00855255E-03
   7.03239441E-03
   7.04097748E-03
   7.21263885E-03
   7.22408295E-03
   7.23171234E-03
   7.26032257E-03
   7.26222992E-03
   7.34329224E-03
   7.35378265E-03
   7.38811493E-03
   7.57694244E-03
   7.64942169E-03
   7.66563416E-03
   7.79342651E-03
   7.80487061E-03
   7.80677795E-03
   7.81059265E-03
   7.81059265E-03
   7.82203674E-03
   7.85732269E-03
   7.88307190E-03
   7.90023804E-03
   7.90786743E-03
   7.90786743E-03
   7.97557831E-03
   8.01753998E-03
   8.16345215E-03
   8.32080841E-03
   8.33988190E-03
   8.34941864E-03
   8.36372375E-03
   8.41331482E-03
   8.42380524E-03
   8.43906403E-03
   8.44478607E-03
   8.46099854E-03
   8.52489471E-03
   8.54396820E-03
   8.54396820E-03
   8.56018066E-03
   8.63170624E-03
   8.69083405E-03
   8.71181488E-03
   8.73756409E-03
   8.77094269E-03
   8.77571106E-03
   8.80336761E-03
   8.82148743E-03
   8.83197784E-03
   9.05418396E-03
   9.05799866E-03
   9.08279419E-03
   9.09042358E-03
   9.09900665E-03
   9.19628143E-03
   9.23919678E-03
   9.28688049E-03
   9.30309296E-03
   9.33647156E-03
   9.34600830E-03
   9.37366486E-03
   9.40036774E-03
   9.42707062E-03
   9.43183899E-03
   9.48619843E-03
   9.48619843E-03
   9.49954987E-03
   9.65785980E-03
   9.73701477E-03
   9.82189178E-03
   9.83047485E-03
   9.84859467E-03
   9.86385345E-03
   9.86480713E-03
   9.88960266E-03
   9.98973846E-03
   1.00946426E-02
   1.01509094E-02
   1.02567673E-02
   1.03454590E-02
   1.03883743E-02
   1.04188919E-02
   1.04732513E-02
   1.05113983E-02
   1.05171204E-02
   1.05333328E-02
   1.05667114E-02
   1.06363297E-02
   1.06639862E-02
   1.07460022E-02
   1.09586716E-02
   1.10187531E-02
   1.11799240E-02
   1.11837387E-02
   1.11875534E-02
   1.12609863E-02
   1.13019943E-02
   1.13420486E-02
   1.14984512E-02
   1.15375519E-02
   1.15985870E-02
   1.16014481E-02
   1.16176605E-02
   1.16348267E-02
   1.16405487E-02
   1.18093491E-02
   1.18732452E-02
   1.18932724E-02
   1.19504929E-02
   1.19829178E-02
   1.20048523E-02
   1.20553970E-02
   1.20630264E-02
   1.22728348E-02
   1.23023987E-02
   1.23262405E-02
   1.23949051E-02
   1.24254227E-02
   1.24444962E-02
   1.25341415E-02
   1.25579834E-02
   1.26228333E-02
   1.26295090E-02
   1.26476288E-02
   1.26638412E-02
   1.27115250E-02
   1.27706528E-02
   1.28316879E-02
   1.28459930E-02
   1.29413605E-02
   1.29423141E-02
   1.30395889E-02
   1.31015778E-02
   1.31692886E-02
   1.31893158E-02
   1.32226944E-02
   1.32703781E-02
   1.33647919E-02
   1.34153366E-02
   1.34811401E-02
   1.34849548E-02
   1.35984421E-02
   1.36146545E-02
   1.36432648E-02
   1.36575699E-02
   1.39141083E-02
   1.39827728E-02
   1.40838623E-02
   1.40962601E-02
   1.43785477E-02
   1.44844055E-02
   1.45254135E-02
   1.48344040E-02
   1.48706436E-02
   1.49583817E-02
   1.50232315E-02
   1.51777267E-02
   1.52683258E-02
   1.52835846E-02
   1.54247284E-02
   1.55134201E-02
   1.59149170E-02
   1.60827637E-02
   1.63049698E-02
   1.64794922E-02
   1.64813995E-02
   1.67245865E-02
   1.69858932E-02
   1.70879364E-02
   1.78737640E-02
   1.82027817E-02
   1.83935165E-02
   1.86414719E-02
   1.88302994E-02
   1.90696716E-02
   1.91373825E-02
   1.95446014E-02
   1.98965073E-02
   2.02217102E-02
   2.05354691E-02
   2.09608078E-02
   2.10466385E-02
   2.13947296E-02
   2.17609406E-02
   2.18868256E-02
   2.33402252E-02
   2.37274170E-02
   2.38132477E-02
   2.44445801E-02
   2.48622894E-02
   2.48765945E-02
   2.52571106E-02
   2.52809525E-02
   2.53286362E-02
   2.57616043E-02
   2.57635117E-02
   2.67162323E-02
   2.67667770E-02
   2.74343491E-02
   2.78406143E-02
   2.86426544E-02
   2.87961960E-02
   2.91824341E-02
   2.93283463E-02
   2.93931961E-02
   3.03173065E-02
   3.05089951E-02
   3.05528641E-02
   3.23562622E-02
   3.25088501E-02
   3.57351303E-02
   3.62071991E-02
   3.65076065E-02
   3.77054214E-02
