#Npts     Radius    Mag      Completeness
#   43 1495.3546  -14.494000 1.000000
# Ierr
  -1.22098923E-02
  -1.04408264E-02
  -8.40568542E-03
  -5.60474396E-03
  -5.31959534E-03
  -5.24520874E-03
  -4.93431091E-03
  -4.91428375E-03
  -3.88526917E-03
  -3.84807587E-03
  -3.79371643E-03
  -3.72791290E-03
  -3.19290161E-03
  -3.12805176E-03
  -2.81333923E-03
  -2.65407562E-03
  -2.34031677E-03
  -2.20012665E-03
  -2.12192535E-03
  -1.92642212E-03
  -1.79767609E-03
  -1.25217438E-03
  -1.03378296E-03
  -2.22206116E-04
  -1.57356262E-04
   8.67843628E-05
   1.01089478E-04
   2.07901001E-04
   4.70161438E-04
   5.15937805E-04
   6.22749329E-04
   1.37424469E-03
   1.88732147E-03
   2.72274017E-03
   2.75039673E-03
   3.28922272E-03
   5.63049316E-03
   7.07721710E-03
   8.07571411E-03
   9.92584229E-03
   1.15756989E-02
   1.66654587E-02
   2.98595428E-02
