#Npts     Radius    Mag      Completeness
#  706 1076.6554  -12.946000 1.000000
# Ierr
  -3.82318497E-02
  -3.75175476E-02
  -3.65333557E-02
  -3.64170074E-02
  -3.62987518E-02
  -3.59611511E-02
  -3.41968536E-02
  -3.31039429E-02
  -3.23925018E-02
  -3.15704346E-02
  -2.92921066E-02
  -2.87780762E-02
  -2.74467468E-02
  -2.70490646E-02
  -2.68487930E-02
  -2.66256332E-02
  -2.65007019E-02
  -2.58045197E-02
  -2.55432129E-02
  -2.52971649E-02
  -2.51436234E-02
  -2.50082016E-02
  -2.48022079E-02
  -2.42700577E-02
  -2.40745544E-02
  -2.40507126E-02
  -2.40449905E-02
  -2.37741470E-02
  -2.32286453E-02
  -2.25915909E-02
  -2.23798752E-02
  -2.20394135E-02
  -2.10866928E-02
  -2.09054947E-02
  -2.01454163E-02
  -1.94730759E-02
  -1.92728043E-02
  -1.89657211E-02
  -1.88655853E-02
  -1.88541412E-02
  -1.86719894E-02
  -1.86662674E-02
  -1.86662674E-02
  -1.81970596E-02
  -1.77516937E-02
  -1.76973343E-02
  -1.72615051E-02
  -1.71995163E-02
  -1.66835785E-02
  -1.64079666E-02
  -1.58882141E-02
  -1.55496597E-02
  -1.54724121E-02
  -1.52769089E-02
  -1.49888992E-02
  -1.49679184E-02
  -1.47924423E-02
  -1.46083832E-02
  -1.42011642E-02
  -1.41992569E-02
  -1.41706467E-02
  -1.39942169E-02
  -1.38940811E-02
  -1.38006210E-02
  -1.30510330E-02
  -1.29404068E-02
  -1.28412247E-02
  -1.27935410E-02
  -1.27573013E-02
  -1.27010345E-02
  -1.25503540E-02
  -1.24807358E-02
  -1.24254227E-02
  -1.22594833E-02
  -1.21850967E-02
  -1.21717453E-02
  -1.21631622E-02
  -1.21316910E-02
  -1.21068954E-02
  -1.20973587E-02
  -1.20115280E-02
  -1.19495392E-02
  -1.19056702E-02
  -1.16806030E-02
  -1.16500854E-02
  -1.16329193E-02
  -1.12962723E-02
  -1.09920502E-02
  -1.09682083E-02
  -1.04131699E-02
  -1.02663040E-02
  -1.02605820E-02
  -1.02128983E-02
  -1.01337433E-02
  -1.01041794E-02
  -9.88006592E-03
  -9.78755951E-03
  -9.73701477E-03
  -9.46998596E-03
  -9.34028625E-03
  -9.31644440E-03
  -9.25445557E-03
  -9.21344757E-03
  -9.20486450E-03
  -9.14096832E-03
  -9.07611847E-03
  -9.02271271E-03
  -8.84532928E-03
  -8.72325897E-03
  -8.44478607E-03
  -8.39900970E-03
  -8.21590424E-03
  -8.16822052E-03
  -8.16631317E-03
  -8.16631317E-03
  -8.15486908E-03
  -8.02135468E-03
  -7.95459747E-03
  -7.92503357E-03
  -7.89165497E-03
  -7.83252716E-03
  -7.79247284E-03
  -7.72476196E-03
  -7.67612457E-03
  -7.54356384E-03
  -7.45391846E-03
  -7.34043121E-03
  -7.32612610E-03
  -7.24697113E-03
  -7.24124908E-03
  -7.23648071E-03
  -7.21549988E-03
  -7.18879700E-03
  -7.00855255E-03
  -6.97612762E-03
  -6.78539276E-03
  -6.77013397E-03
  -6.71672821E-03
  -6.69765472E-03
  -6.68716431E-03
  -6.67858124E-03
  -6.66522980E-03
  -6.55269623E-03
  -6.53934479E-03
  -6.53743744E-03
  -6.50501251E-03
  -6.47830963E-03
  -6.46305084E-03
  -6.33239746E-03
  -6.27517700E-03
  -6.21700287E-03
  -6.18362427E-03
  -6.17122650E-03
  -6.09779358E-03
  -6.08825684E-03
  -6.06060028E-03
  -5.90229034E-03
  -5.87749481E-03
  -5.86414337E-03
  -5.84411621E-03
  -5.79929352E-03
  -5.77449799E-03
  -5.77068329E-03
  -5.74874878E-03
  -5.69152832E-03
  -5.68389893E-03
  -5.63144684E-03
  -5.56182861E-03
  -5.51795959E-03
  -5.43308258E-03
  -5.29670715E-03
  -5.19561768E-03
  -5.06782532E-03
  -5.06782532E-03
  -4.98962402E-03
  -4.95719910E-03
  -4.93717194E-03
  -4.92382050E-03
  -4.82940674E-03
  -4.80079651E-03
  -4.74357605E-03
  -4.73594666E-03
  -4.73403931E-03
  -4.69779968E-03
  -4.67109680E-03
  -4.63867188E-03
  -4.63771820E-03
  -4.59480286E-03
  -4.58431244E-03
  -4.58049774E-03
  -4.55951691E-03
  -4.55665588E-03
  -4.45461273E-03
  -4.45461273E-03
  -4.37355042E-03
  -4.29439545E-03
  -4.27818298E-03
  -4.23908234E-03
  -4.19521332E-03
  -4.17900085E-03
  -4.15706635E-03
  -4.14276123E-03
  -4.09984589E-03
  -4.09984589E-03
  -3.98921967E-03
  -3.97300720E-03
  -3.95011902E-03
  -3.92627716E-03
  -3.87573242E-03
  -3.80229950E-03
  -3.75175476E-03
  -3.72314453E-03
  -3.69930267E-03
  -3.67259979E-03
  -3.67259979E-03
  -3.61728668E-03
  -3.57055664E-03
  -3.56101990E-03
  -3.53431702E-03
  -3.45611572E-03
  -3.45516205E-03
  -3.44085693E-03
  -3.42655182E-03
  -3.37791443E-03
  -3.35407257E-03
  -3.32832336E-03
  -3.31878662E-03
  -3.29685211E-03
  -3.28922272E-03
  -3.27968597E-03
  -3.27396393E-03
  -3.18050385E-03
  -3.17001343E-03
  -3.14331055E-03
  -3.13758850E-03
  -3.11279297E-03
  -3.05747986E-03
  -3.00502777E-03
  -2.99930573E-03
  -2.95925140E-03
  -2.93540955E-03
  -2.91824341E-03
  -2.90870667E-03
  -2.89916992E-03
  -2.86960602E-03
  -2.85148621E-03
  -2.84385681E-03
  -2.82669067E-03
  -2.82669067E-03
  -2.81810760E-03
  -2.81810760E-03
  -2.81333923E-03
  -2.79808044E-03
  -2.79045105E-03
  -2.72750854E-03
  -2.69699097E-03
  -2.56729126E-03
  -2.56729126E-03
  -2.54535675E-03
  -2.53868103E-03
  -2.47287750E-03
  -2.46715546E-03
  -2.43854523E-03
  -2.43663788E-03
  -2.40898132E-03
  -2.27546692E-03
  -2.23636627E-03
  -2.15911865E-03
  -2.12860107E-03
  -2.12287903E-03
  -2.06089020E-03
  -2.01320648E-03
  -1.98936462E-03
  -1.97982788E-03
  -1.97505951E-03
  -1.95789337E-03
  -1.94358826E-03
  -1.91020966E-03
  -1.81961060E-03
  -1.81484222E-03
  -1.79958344E-03
  -1.75952911E-03
  -1.74617767E-03
  -1.74617767E-03
  -1.74140930E-03
  -1.69372559E-03
  -1.68323517E-03
  -1.64127350E-03
  -1.60598755E-03
  -1.59645081E-03
  -1.58882141E-03
  -1.56021118E-03
  -1.55925751E-03
  -1.52111053E-03
  -1.50585175E-03
  -1.50012970E-03
  -1.42097473E-03
  -1.40666962E-03
  -1.39999390E-03
  -1.39904022E-03
  -1.38282776E-03
  -1.37901306E-03
  -1.35993958E-03
  -1.25217438E-03
  -1.16062164E-03
  -1.14727020E-03
  -1.14631653E-03
  -1.11103058E-03
  -1.08242035E-03
  -1.02138519E-03
  -1.00326538E-03
  -9.33647156E-04
  -9.14573669E-04
  -8.76426697E-04
  -8.72612000E-04
  -8.00132751E-04
  -7.78198242E-04
  -7.70568848E-04
  -7.57217407E-04
  -7.42912292E-04
  -7.42912292E-04
  -7.27653503E-04
  -6.69479370E-04
  -6.15119934E-04
  -5.74111938E-04
  -5.61714172E-04
  -5.59806824E-04
  -5.54084778E-04
  -5.33103943E-04
  -5.33103943E-04
  -5.14984131E-04
  -4.95910645E-04
  -4.21524048E-04
  -4.19616699E-04
  -4.08172607E-04
  -3.99589539E-04
  -3.84330750E-04
  -3.49044800E-04
  -3.44276428E-04
  -3.25202942E-04
  -3.08990479E-04
  -3.08036804E-04
  -2.77519226E-04
  -2.02178955E-04
  -2.00271606E-04
  -1.85966492E-04
  -1.42097473E-04
  -1.07765198E-04
  -4.76837158E-05
  -8.58306885E-06
   1.90734863E-05
   5.81741333E-05
   6.00814819E-05
   9.53674316E-05
   1.18255615E-04
   1.30653381E-04
   1.39236450E-04
   1.50680542E-04
   1.61170959E-04
   1.81198120E-04
   1.99317932E-04
   2.15530396E-04
   2.38418579E-04
   2.47001648E-04
   3.03268433E-04
   3.25202942E-04
   3.64303589E-04
   4.80651855E-04
   4.99725342E-04
   5.21659851E-04
   5.23567200E-04
   5.58853149E-04
   5.76019287E-04
   5.81741333E-04
   6.17027283E-04
   6.30378723E-04
   7.06672668E-04
   7.14302063E-04
   7.37190247E-04
   7.38143921E-04
   8.18252563E-04
   8.29696655E-04
   8.34465027E-04
   8.39233398E-04
   9.17434692E-04
   9.28878784E-04
   9.54627991E-04
   1.05857849E-03
   1.09767914E-03
   1.15299225E-03
   1.15680695E-03
   1.22928619E-03
   1.23691559E-03
   1.24073029E-03
   1.24263763E-03
   1.26171112E-03
   1.27506256E-03
   1.27506256E-03
   1.28269196E-03
   1.29795074E-03
   1.37519836E-03
   1.38282776E-03
   1.39808655E-03
   1.41334534E-03
   1.43527985E-03
   1.45626068E-03
   1.47724152E-03
   1.53732300E-03
   1.55353546E-03
   1.58309937E-03
   1.61647797E-03
   1.62410736E-03
   1.63745880E-03
   1.71470642E-03
   1.74045563E-03
   1.74331665E-03
   1.75666809E-03
   1.77383423E-03
   1.77478790E-03
   1.79004669E-03
   1.82151794E-03
   1.82914734E-03
   1.92737579E-03
   1.95789337E-03
   1.95884705E-03
   2.05612183E-03
   2.07901001E-03
   2.08187103E-03
   2.11906433E-03
   2.17819214E-03
   2.20489502E-03
   2.23827362E-03
   2.28214264E-03
   2.29740143E-03
   2.35366821E-03
   2.35557556E-03
   2.35748291E-03
   2.35748291E-03
   2.39658356E-03
   2.39658356E-03
   2.44331360E-03
   2.44808197E-03
   2.45761871E-03
   2.47573853E-03
   2.47764587E-03
   2.48241425E-03
   2.49671936E-03
   2.50434875E-03
   2.55680084E-03
   2.56347656E-03
   2.56347656E-03
   2.65026093E-03
   2.70462036E-03
   2.72274017E-03
   2.73513794E-03
   2.73799896E-03
   2.75897980E-03
   2.77614594E-03
   2.78091431E-03
   2.79712677E-03
   2.86769867E-03
   2.89630890E-03
   2.89630890E-03
   2.91919708E-03
   2.97832489E-03
   3.00407410E-03
   3.05175781E-03
   3.06606293E-03
   3.07559967E-03
   3.11279297E-03
   3.13472748E-03
   3.14235687E-03
   3.16524506E-03
   3.17192078E-03
   3.20816040E-03
   3.23677063E-03
   3.23867798E-03
   3.27587128E-03
   3.29494476E-03
   3.29589844E-03
   3.29685211E-03
   3.35788727E-03
   3.37409973E-03
   3.41129303E-03
   3.41987610E-03
   3.48281860E-03
   3.50379944E-03
   3.50856781E-03
   3.53050232E-03
   3.58200073E-03
   3.60298157E-03
   3.60584259E-03
   3.61537933E-03
   3.61633301E-03
   3.62968445E-03
   3.64971161E-03
   3.71170044E-03
   3.79371643E-03
   3.79467010E-03
   3.82328033E-03
   3.86619568E-03
   3.88813019E-03
   3.88813019E-03
   3.96537781E-03
   3.99589539E-03
   4.00257111E-03
   4.03976440E-03
   4.05025482E-03
   4.07218933E-03
   4.07409668E-03
   4.11605835E-03
   4.17423248E-03
   4.17995453E-03
   4.19425964E-03
   4.22668457E-03
   4.28581238E-03
   4.28771973E-03
   4.29439545E-03
   4.33540344E-03
   4.37259674E-03
   4.43077087E-03
   4.48799133E-03
   4.49562073E-03
   4.53948975E-03
   4.54139709E-03
   4.58049774E-03
   4.65583801E-03
   4.67681885E-03
   4.71401215E-03
   4.73308563E-03
   4.73308563E-03
   4.74834442E-03
   4.74834442E-03
   4.76360321E-03
   4.79316711E-03
   4.79888916E-03
   4.82845306E-03
   4.84180450E-03
   4.87232208E-03
   4.87995148E-03
   4.89330292E-03
   4.95815277E-03
   5.00202179E-03
   5.01441956E-03
   5.02777100E-03
   5.10311127E-03
   5.11741638E-03
   5.13172150E-03
   5.17177582E-03
   5.31482697E-03
   5.32817841E-03
   5.44929504E-03
   5.45406342E-03
   5.49411774E-03
   5.49507141E-03
   5.51700592E-03
   5.52463531E-03
   5.53321838E-03
   5.53321838E-03
   5.57518005E-03
   5.57518005E-03
   5.57994843E-03
   5.60951233E-03
   5.70964813E-03
   5.70964813E-03
   5.76210022E-03
   5.79071045E-03
   5.81741333E-03
   5.92231750E-03
   5.97858429E-03
   6.03675842E-03
   6.08348846E-03
   6.11591339E-03
   6.13975525E-03
   6.17790222E-03
   6.19316101E-03
   6.23130798E-03
   6.33239746E-03
   6.34384155E-03
   6.34670258E-03
   6.41345978E-03
   6.48593903E-03
   6.52599335E-03
   6.55269623E-03
   6.56986237E-03
   6.62994385E-03
   6.63375854E-03
   6.69288635E-03
   6.76918030E-03
   6.89029694E-03
   6.95228577E-03
   6.96277618E-03
   6.97231293E-03
   6.97708130E-03
   7.09152222E-03
   7.14302063E-03
   7.20787048E-03
   7.22408295E-03
   7.26413727E-03
   7.26413727E-03
   7.28130341E-03
   7.28797913E-03
   7.43103027E-03
   7.51209259E-03
   7.52735138E-03
   7.61413574E-03
   7.64274597E-03
   7.67230988E-03
   7.67612457E-03
   7.69996643E-03
   7.72285461E-03
   7.77339935E-03
   7.79914856E-03
   7.84683228E-03
   7.90691376E-03
   7.96890259E-03
   8.03375244E-03
   8.07380676E-03
   8.09860229E-03
   8.09860229E-03
   8.17203522E-03
   8.17871094E-03
   8.28647614E-03
   8.33129883E-03
   8.41045380E-03
   8.45241547E-03
   8.49819183E-03
   8.62884521E-03
   8.63170624E-03
   8.63265991E-03
   8.72898102E-03
   8.77857208E-03
   8.87298584E-03
   8.89778137E-03
   8.89778137E-03
   8.91399384E-03
   8.92925262E-03
   8.94451141E-03
   9.01794434E-03
   9.11045074E-03
   9.14764404E-03
   9.23156738E-03
   9.25254822E-03
   9.31358337E-03
   9.33074951E-03
   9.65404510E-03
   9.71221924E-03
   9.98687744E-03
   9.99164581E-03
   1.00097656E-02
   1.00107193E-02
   1.00908279E-02
   1.05514526E-02
   1.05981827E-02
   1.07288361E-02
   1.07755661E-02
   1.08299255E-02
   1.08880997E-02
   1.09376907E-02
   1.10206604E-02
   1.10654831E-02
   1.12962723E-02
   1.14412308E-02
   1.15270615E-02
   1.16281509E-02
   1.17807388E-02
   1.20916367E-02
   1.25703812E-02
   1.27305984E-02
   1.27573013E-02
   1.29251480E-02
   1.29871368E-02
   1.29919052E-02
   1.30100250E-02
   1.33399963E-02
   1.34077072E-02
   1.36423111E-02
   1.39551163E-02
   1.41897202E-02
   1.45883560E-02
   1.46245956E-02
   1.47190094E-02
   1.48754120E-02
   1.49869919E-02
   1.51672363E-02
   1.53770447E-02
   1.56850815E-02
   1.58472061E-02
   1.61437988E-02
   1.69668198E-02
   1.70898438E-02
   2.00519562E-02
   2.02903748E-02
   2.07901001E-02
   2.13413239E-02
   2.16350555E-02
   2.32295990E-02
   2.32410431E-02
   2.51073837E-02
   2.53171921E-02
   2.70986557E-02
   2.94189453E-02
   3.11489105E-02
   3.60355377E-02
   3.91578674E-02
   3.95879745E-02
