#Npts     Radius    Mag      Completeness
#  123  653.1942  -13.747363 1.000000
# Ierr
  -2.19621658E-02
  -1.71327591E-02
  -1.60903931E-02
  -1.46493912E-02
  -1.35688782E-02
  -1.22776031E-02
  -1.21574402E-02
  -1.16357803E-02
  -1.13468170E-02
  -9.84382629E-03
  -8.92353058E-03
  -8.80050659E-03
  -8.30841064E-03
  -8.05950165E-03
  -7.98225403E-03
  -7.88307190E-03
  -7.22217560E-03
  -5.91182709E-03
  -5.79547882E-03
  -5.63144684E-03
  -5.57518005E-03
  -5.44261932E-03
  -5.38730621E-03
  -5.19084930E-03
  -5.02586365E-03
  -4.91142273E-03
  -4.55474854E-03
  -4.55093384E-03
  -4.52327728E-03
  -4.12654877E-03
  -3.99398804E-03
  -3.93390656E-03
  -3.49426270E-03
  -3.33309174E-03
  -3.28826904E-03
  -3.16524506E-03
  -2.91728973E-03
  -2.23064423E-03
  -2.17914581E-03
  -2.12669373E-03
  -2.12478638E-03
  -2.08854675E-03
  -1.91307068E-03
  -1.88159943E-03
  -1.78146362E-03
  -1.77860260E-03
  -1.68037415E-03
  -1.53636932E-03
  -1.51062012E-03
  -1.47342682E-03
  -1.30748749E-03
  -1.01566315E-03
  -8.85963440E-04
  -7.36236572E-04
  -4.74929810E-04
  -4.56809998E-04
  -4.09126282E-04
  -1.61170959E-04
  -1.55448914E-04
  -6.77108765E-05
   4.48226929E-05
   1.58309937E-04
   2.36511230E-04
   3.99589539E-04
   7.00950623E-04
   7.42912292E-04
   7.77244568E-04
   8.58306885E-04
   9.26971436E-04
   1.08909607E-03
   1.16634369E-03
   1.21688843E-03
   1.22547150E-03
   1.25694275E-03
   1.34372711E-03
   1.36756897E-03
   1.41906738E-03
   1.45530701E-03
   1.66893005E-03
   1.83963776E-03
   1.84822083E-03
   1.97124481E-03
   2.01416016E-03
   2.19726562E-03
   2.22873688E-03
   2.81810760E-03
   2.93827057E-03
   3.05747986E-03
   3.66210938E-03
   3.76605988E-03
   3.86905670E-03
   4.14848328E-03
   4.17041779E-03
   4.21333313E-03
   4.23145294E-03
   4.61196899E-03
   4.63867188E-03
   4.69303131E-03
   4.80461121E-03
   5.11074066E-03
   5.34343719E-03
   5.76019287E-03
   5.84888458E-03
   6.67476654E-03
   6.75106049E-03
   7.15351105E-03
   7.57598877E-03
   7.59124756E-03
   7.65895844E-03
   7.72094727E-03
   7.73334503E-03
   8.07666779E-03
   8.09478760E-03
   8.48960876E-03
   8.81576538E-03
   1.08585358E-02
   1.31959915E-02
   1.45273209E-02
   1.63974762E-02
   1.89504623E-02
   2.08177567E-02
   2.32315063E-02
   2.74152756E-02
