#Npts     Radius    Mag      Completeness
#   62 1914.0538  -14.236000 1.000000
# Ierr
  -1.71470642E-02
  -1.60722733E-02
  -1.53236389E-02
  -1.09920502E-02
  -1.01547241E-02
  -7.94887543E-03
  -7.73906708E-03
  -7.56835938E-03
  -6.16168976E-03
  -5.21564484E-03
  -4.76264954E-03
  -4.61673737E-03
  -4.58908081E-03
  -4.35447693E-03
  -3.52287292E-03
  -3.42178345E-03
  -3.07083130E-03
  -2.56824493E-03
  -2.42519379E-03
  -2.37178802E-03
  -2.25448608E-03
  -1.86729431E-03
  -1.65462494E-03
  -1.51920319E-03
  -8.62121582E-04
  -3.26156616E-04
  -3.25202942E-04
  -7.15255737E-05
   1.63078308E-04
   2.71797180E-04
   4.71115112E-04
   6.19888306E-04
   7.89642334E-04
   8.68797302E-04
   1.36661530E-03
   1.79386139E-03
   2.56729126E-03
   2.70652771E-03
   2.73036957E-03
   2.79235840E-03
   2.81238556E-03
   3.75556946E-03
   4.00543213E-03
   4.06169891E-03
   4.17137146E-03
   4.35924530E-03
   4.69398499E-03
   4.72831726E-03
   5.07640839E-03
   5.27763367E-03
   5.39970398E-03
   5.66291809E-03
   6.02626801E-03
   6.06536865E-03
   6.06632233E-03
   6.32762909E-03
   6.66904449E-03
   7.84969330E-03
   7.88974762E-03
   8.73088837E-03
   2.04830170E-02
   2.60105133E-02
