#Npts     Radius    Mag      Completeness
#  104 1276.6976  -13.431454 1.000000
# Ierr
  -3.20253372E-02
  -3.06444168E-02
  -2.58626938E-02
  -2.52847672E-02
  -2.09169388E-02
  -1.96657181E-02
  -1.87168121E-02
  -1.86042786E-02
  -1.77707672E-02
  -1.76696777E-02
  -1.66215897E-02
  -1.65262222E-02
  -1.57098770E-02
  -1.49660110E-02
  -1.40991211E-02
  -1.39808655E-02
  -1.39656067E-02
  -1.30100250E-02
  -1.28641129E-02
  -1.27468109E-02
  -1.26371384E-02
  -1.24807358E-02
  -1.22480392E-02
  -1.21717453E-02
  -1.20677948E-02
  -1.15442276E-02
  -1.14059448E-02
  -1.10092163E-02
  -1.08203888E-02
  -1.05638504E-02
  -1.03416443E-02
  -9.71984863E-03
  -9.48143005E-03
  -9.34982300E-03
  -9.27925110E-03
  -9.10377502E-03
  -9.07516479E-03
  -8.91876221E-03
  -8.86058807E-03
  -8.75282288E-03
  -8.62312317E-03
  -8.59928131E-03
  -8.56590271E-03
  -8.41999054E-03
  -8.19778442E-03
  -7.89356232E-03
  -7.88402557E-03
  -7.87258148E-03
  -7.78579712E-03
  -7.68184662E-03
  -7.51495361E-03
  -7.47585297E-03
  -7.26699829E-03
  -6.70146942E-03
  -6.42681122E-03
  -6.13880157E-03
  -5.31864166E-03
  -5.29861450E-03
  -5.20038605E-03
  -5.02490997E-03
  -5.01632690E-03
  -5.00106812E-03
  -4.96959686E-03
  -4.71973419E-03
  -4.44221497E-03
  -4.39643860E-03
  -4.17995453E-03
  -4.17518616E-03
  -4.08363342E-03
  -3.71742249E-03
  -3.59821320E-03
  -3.57341766E-03
  -3.41701508E-03
  -3.19194794E-03
  -3.13186646E-03
  -3.11088562E-03
  -2.98690796E-03
  -2.95257568E-03
  -2.87628174E-03
  -2.86006927E-03
  -2.75039673E-03
  -2.07710266E-03
  -1.88922882E-03
  -1.52587891E-03
  -1.34277344E-03
  -1.33419037E-03
  -8.27789307E-04
  -5.82695007E-04
  -3.72886658E-04
  -1.96456909E-04
   9.67025757E-04
   1.53541565E-03
   1.93977356E-03
   2.39372253E-03
   2.82287598E-03
   3.97777557E-03
   4.37259674E-03
   4.44698334E-03
   4.81700897E-03
   6.24561310E-03
   6.29043579E-03
   7.39955902E-03
   8.31317902E-03
   9.11712646E-03
