#Npts     Radius    Mag      Completeness
#  314  653.1942  -13.115545 1.000000
# Ierr
  -3.24983597E-02
  -2.60982513E-02
  -2.52790451E-02
  -2.21567154E-02
  -2.03619003E-02
  -1.94749832E-02
  -1.76925659E-02
  -1.75590515E-02
  -1.64709091E-02
  -1.63736343E-02
  -1.53093338E-02
  -1.51939392E-02
  -1.51910782E-02
  -1.50728226E-02
  -1.49888992E-02
  -1.43756866E-02
  -1.39989853E-02
  -1.39245987E-02
  -1.36499405E-02
  -1.35717392E-02
  -1.33609772E-02
  -1.26962662E-02
  -1.21421814E-02
  -1.14555359E-02
  -1.08709335E-02
  -1.06964111E-02
  -1.06611252E-02
  -1.01985931E-02
  -9.52529907E-03
  -9.50527191E-03
  -9.17530060E-03
  -9.04750824E-03
  -8.86440277E-03
  -8.56208801E-03
  -8.20827484E-03
  -7.96699524E-03
  -7.75432587E-03
  -7.66372681E-03
  -7.57026672E-03
  -7.48538971E-03
  -7.45487213E-03
  -7.28416443E-03
  -7.23361969E-03
  -6.95323944E-03
  -6.84261322E-03
  -6.67762756E-03
  -6.65187836E-03
  -6.63948059E-03
  -6.46591187E-03
  -6.31999969E-03
  -6.20746613E-03
  -6.15119934E-03
  -6.14547729E-03
  -6.14070892E-03
  -5.83362579E-03
  -5.72204590E-03
  -5.66387177E-03
  -5.60092926E-03
  -5.59997559E-03
  -5.52654266E-03
  -5.41114807E-03
  -5.30052185E-03
  -5.13458252E-03
  -5.06687164E-03
  -5.06114960E-03
  -5.03063202E-03
  -4.89425659E-03
  -4.89425659E-03
  -4.88567352E-03
  -4.81891632E-03
  -4.63485718E-03
  -4.59384918E-03
  -4.54139709E-03
  -4.35733795E-03
  -4.34398651E-03
  -4.26292419E-03
  -4.04262543E-03
  -3.96347046E-03
  -3.94248962E-03
  -3.89003754E-03
  -3.76796722E-03
  -3.72409821E-03
  -3.49903107E-03
  -3.25012207E-03
  -3.17955017E-03
  -3.13758850E-03
  -3.02124023E-03
  -2.96592712E-03
  -2.88009644E-03
  -2.85434723E-03
  -2.83908844E-03
  -2.79903412E-03
  -2.77614594E-03
  -2.72941589E-03
  -2.71320343E-03
  -2.63214111E-03
  -2.62641907E-03
  -2.48336792E-03
  -2.38132477E-03
  -2.27737427E-03
  -2.06756592E-03
  -2.03323364E-03
  -2.01034546E-03
  -1.94358826E-03
  -1.93595886E-03
  -1.88255310E-03
  -1.71756744E-03
  -1.23214722E-03
  -1.16825104E-03
  -1.02996826E-03
  -9.62257385E-04
  -9.05990601E-04
  -8.44001770E-04
  -8.21113586E-04
  -7.95364380E-04
  -7.39097595E-04
  -7.09533691E-04
  -6.83784485E-04
  -6.09397888E-04
  -5.50270081E-04
  -5.41687012E-04
  -3.39508057E-04
  -2.72750854E-04
  -2.26974487E-04
  -2.24113464E-04
  -1.31607056E-04
  -1.21116638E-04
   1.04904175E-05
   4.29153442E-05
   4.86373901E-05
   6.77108765E-05
   9.15527344E-05
   9.44137573E-05
   1.86920166E-04
   1.91688538E-04
   3.24249268E-04
   3.97682190E-04
   5.17845154E-04
   5.93185425E-04
   6.88552856E-04
   7.31468201E-04
   8.01086426E-04
   8.28742981E-04
   9.24110413E-04
   9.88006592E-04
   1.01280212E-03
   1.03187561E-03
   1.03282928E-03
   1.04236603E-03
   1.08051300E-03
   1.09004974E-03
   1.11198425E-03
   1.19113922E-03
   1.22261047E-03
   1.23310089E-03
   1.25503540E-03
   1.41620636E-03
   1.46198273E-03
   1.47628784E-03
   1.58786774E-03
   1.72519684E-03
   1.79576874E-03
   1.83486938E-03
   1.88446045E-03
   1.96552277E-03
   2.02465057E-03
   2.05230713E-03
   2.11048126E-03
   2.12478638E-03
   2.19058990E-03
   2.23350525E-03
   2.24304199E-03
   2.26593018E-03
   2.37464905E-03
   2.38037109E-03
   2.40516663E-03
   2.43377686E-03
   2.69699097E-03
   2.72178650E-03
   2.75325775E-03
   2.75421143E-03
   3.06510925E-03
   3.16810608E-03
   3.31211090E-03
   3.34930420E-03
   3.50570679E-03
   3.54862213E-03
   3.56197357E-03
   3.64971161E-03
   3.66687775E-03
   3.73077393E-03
   3.75938416E-03
   3.84998322E-03
   3.91578674E-03
   3.92150879E-03
   3.99589539E-03
   4.02832031E-03
   4.04357910E-03
   4.04739380E-03
   4.07028198E-03
   4.07505035E-03
   4.10270691E-03
   4.12559509E-03
   4.14180756E-03
   4.16564941E-03
   4.16660309E-03
   4.20951843E-03
   4.26864624E-03
   4.30202484E-03
   4.30679321E-03
   4.30679321E-03
   4.52041626E-03
   4.57000732E-03
   4.58621979E-03
   4.62532043E-03
   4.77218628E-03
   4.77790833E-03
   4.91333008E-03
   5.08689880E-03
   5.08785248E-03
   5.13553619E-03
   5.25283813E-03
   5.32913208E-03
   5.37300110E-03
   5.39398193E-03
   5.39398193E-03
   5.39779663E-03
   5.40256500E-03
   5.41973114E-03
   5.43308258E-03
   5.43403625E-03
   5.44929504E-03
   5.48076630E-03
   5.50556183E-03
   5.65433502E-03
   5.82408905E-03
   5.90324402E-03
   5.99861145E-03
   6.07967377E-03
   6.09302521E-03
   6.18553162E-03
   6.32190704E-03
   6.43062592E-03
   6.44493103E-03
   6.54506683E-03
   6.66236877E-03
   6.68430328E-03
   6.76345825E-03
   6.78825378E-03
   7.02190399E-03
   7.04193115E-03
   7.11441040E-03
   7.23648071E-03
   7.24029541E-03
   7.24697113E-03
   7.24697113E-03
   7.37953186E-03
   7.54547119E-03
   7.70950317E-03
   7.93647766E-03
   7.94029236E-03
   7.96604156E-03
   7.98130035E-03
   8.14056396E-03
   8.18824768E-03
   8.28170776E-03
   8.54969025E-03
   8.57925415E-03
   8.62121582E-03
   8.62884521E-03
   8.80908966E-03
   8.94355774E-03
   9.08756256E-03
   9.11045074E-03
   9.22489166E-03
   9.40895081E-03
   9.61017609E-03
   9.62924957E-03
   9.96303558E-03
   9.97829437E-03
   1.04007721E-02
   1.06229782E-02
   1.08184814E-02
   1.08633041E-02
   1.11246109E-02
   1.11494064E-02
   1.11494064E-02
   1.14517212E-02
   1.16729736E-02
   1.18465424E-02
   1.19934082E-02
   1.24197006E-02
   1.24502182E-02
   1.25017166E-02
   1.26237869E-02
   1.27906799E-02
   1.28288269E-02
   1.29165649E-02
   1.31387711E-02
   1.35364532E-02
   1.42030716E-02
   1.47790909E-02
   1.50690079E-02
   1.52034760E-02
   1.58214569E-02
   1.66826248E-02
   1.75724030E-02
   1.76115036E-02
   2.12516785E-02
   2.20708847E-02
   2.90994644E-02
   2.95763016E-02
   3.17258835E-02
   3.62434387E-02
