#Npts     Radius    Mag      Completeness
# 1102  448.6064  -12.688000 1.000000
# Ierr
  -3.97186279E-02
  -3.95021439E-02
  -3.93428802E-02
  -3.91798019E-02
  -3.91654968E-02
  -3.91407013E-02
  -3.91054153E-02
  -3.89156342E-02
  -3.88669968E-02
  -3.86037827E-02
  -3.85189056E-02
  -3.84864807E-02
  -3.82680893E-02
  -3.78875732E-02
  -3.78351212E-02
  -3.74860764E-02
  -3.74813080E-02
  -3.74794006E-02
  -3.74345779E-02
  -3.71065140E-02
  -3.65724564E-02
  -3.63597870E-02
  -3.62749100E-02
  -3.61928940E-02
  -3.61356735E-02
  -3.60956192E-02
  -3.60527039E-02
  -3.58533859E-02
  -3.57570648E-02
  -3.56645584E-02
  -3.55386734E-02
  -3.54843140E-02
  -3.50217819E-02
  -3.48567963E-02
  -3.47194672E-02
  -3.45630646E-02
  -3.40194702E-02
  -3.39746475E-02
  -3.39603424E-02
  -3.35426331E-02
  -3.34892273E-02
  -3.33833694E-02
  -3.33614349E-02
  -3.29980850E-02
  -3.28712463E-02
  -3.27606201E-02
  -3.25603485E-02
  -3.24602127E-02
  -3.20415497E-02
  -3.18660736E-02
  -3.18470001E-02
  -3.15093994E-02
  -3.12213898E-02
  -3.11288834E-02
  -3.10363770E-02
  -3.09829712E-02
  -3.07741165E-02
  -3.06825638E-02
  -3.05242538E-02
  -3.04975510E-02
  -3.04937363E-02
  -3.04384232E-02
  -3.03869247E-02
  -3.03287506E-02
  -3.02581787E-02
  -3.01332474E-02
  -2.98805237E-02
  -2.95667648E-02
  -2.95028687E-02
  -2.92758942E-02
  -2.92139053E-02
  -2.91919708E-02
  -2.90403366E-02
  -2.90222168E-02
  -2.89354324E-02
  -2.88915634E-02
  -2.88476944E-02
  -2.87990570E-02
  -2.85396576E-02
  -2.84910202E-02
  -2.82640457E-02
  -2.82316208E-02
  -2.82230377E-02
  -2.81400681E-02
  -2.79788971E-02
  -2.79054642E-02
  -2.77271271E-02
  -2.77271271E-02
  -2.76632309E-02
  -2.75306702E-02
  -2.75077820E-02
  -2.74066925E-02
  -2.73532867E-02
  -2.72636414E-02
  -2.71978378E-02
  -2.71940231E-02
  -2.71711349E-02
  -2.69241333E-02
  -2.69193649E-02
  -2.69155502E-02
  -2.69107819E-02
  -2.68182755E-02
  -2.68182755E-02
  -2.66637802E-02
  -2.65541077E-02
  -2.63366699E-02
  -2.60457993E-02
  -2.60076523E-02
  -2.59771347E-02
  -2.59227753E-02
  -2.58913040E-02
  -2.58665085E-02
  -2.58407593E-02
  -2.56633759E-02
  -2.56586075E-02
  -2.56366730E-02
  -2.55641937E-02
  -2.53391266E-02
  -2.52513885E-02
  -2.51417160E-02
  -2.50482559E-02
  -2.49052048E-02
  -2.48241425E-02
  -2.48107910E-02
  -2.47669220E-02
  -2.46696472E-02
  -2.46610641E-02
  -2.46362686E-02
  -2.46343613E-02
  -2.45647430E-02
  -2.45113373E-02
  -2.43692398E-02
  -2.43606567E-02
  -2.43177414E-02
  -2.42280960E-02
  -2.41785049E-02
  -2.40354538E-02
  -2.37388611E-02
  -2.37312317E-02
  -2.36892700E-02
  -2.36129761E-02
  -2.36101151E-02
  -2.35357285E-02
  -2.34298706E-02
  -2.33917236E-02
  -2.32324600E-02
  -2.32324600E-02
  -2.31485367E-02
  -2.29320526E-02
  -2.29196548E-02
  -2.27766037E-02
  -2.27766037E-02
  -2.27031708E-02
  -2.25782394E-02
  -2.25181580E-02
  -2.25009918E-02
  -2.24227905E-02
  -2.23617554E-02
  -2.23302841E-02
  -2.23283768E-02
  -2.23121643E-02
  -2.22291946E-02
  -2.21710205E-02
  -2.21204758E-02
  -2.21099854E-02
  -2.20403671E-02
  -2.19230652E-02
  -2.18944550E-02
  -2.17533112E-02
  -2.16474533E-02
  -2.16093063E-02
  -2.15806961E-02
  -2.15129852E-02
  -2.15005875E-02
  -2.14843750E-02
  -2.14776993E-02
  -2.14004517E-02
  -2.12554932E-02
  -2.11229324E-02
  -2.09474564E-02
  -2.07738876E-02
  -2.04792023E-02
  -2.04591751E-02
  -2.02465057E-02
  -2.02465057E-02
  -2.02398300E-02
  -2.02360153E-02
  -2.01454163E-02
  -2.01272964E-02
  -2.00986862E-02
  -2.00033188E-02
  -1.99003220E-02
  -1.98259354E-02
  -1.97105408E-02
  -1.97057724E-02
  -1.96266174E-02
  -1.95426941E-02
  -1.92995071E-02
  -1.92975998E-02
  -1.92947388E-02
  -1.92832947E-02
  -1.92070007E-02
  -1.91593170E-02
  -1.91459656E-02
  -1.90267563E-02
  -1.89676285E-02
  -1.89666748E-02
  -1.88808441E-02
  -1.86462402E-02
  -1.85747147E-02
  -1.85031891E-02
  -1.84278488E-02
  -1.84183121E-02
  -1.84059143E-02
  -1.82676315E-02
  -1.80540085E-02
  -1.80435181E-02
  -1.80082321E-02
  -1.80082321E-02
  -1.79862976E-02
  -1.79281235E-02
  -1.79090500E-02
  -1.78194046E-02
  -1.76668167E-02
  -1.76048279E-02
  -1.75981522E-02
  -1.75838470E-02
  -1.75113678E-02
  -1.74989700E-02
  -1.74350739E-02
  -1.73463821E-02
  -1.73444748E-02
  -1.72872543E-02
  -1.72767639E-02
  -1.72452927E-02
  -1.71585083E-02
  -1.69649124E-02
  -1.68771744E-02
  -1.65481567E-02
  -1.64318085E-02
  -1.63307190E-02
  -1.62639618E-02
  -1.61781311E-02
  -1.61504745E-02
  -1.60779953E-02
  -1.60465240E-02
  -1.60074234E-02
  -1.59349442E-02
  -1.59120560E-02
  -1.58424377E-02
  -1.57918930E-02
  -1.56841278E-02
  -1.56841278E-02
  -1.56517029E-02
  -1.56469345E-02
  -1.55019760E-02
  -1.54066086E-02
  -1.52816772E-02
  -1.52730942E-02
  -1.52015686E-02
  -1.51052475E-02
  -1.50909424E-02
  -1.50613785E-02
  -1.50556564E-02
  -1.49326324E-02
  -1.48878098E-02
  -1.48525238E-02
  -1.47485733E-02
  -1.47218704E-02
  -1.47113800E-02
  -1.46532059E-02
  -1.46350861E-02
  -1.46274567E-02
  -1.44367218E-02
  -1.44090652E-02
  -1.43957138E-02
  -1.43461227E-02
  -1.43108368E-02
  -1.42917633E-02
  -1.42621994E-02
  -1.42097473E-02
  -1.41706467E-02
  -1.41458511E-02
  -1.41201019E-02
  -1.41143799E-02
  -1.40275955E-02
  -1.40190125E-02
  -1.40008926E-02
  -1.39007568E-02
  -1.38216019E-02
  -1.38006210E-02
  -1.36461258E-02
  -1.36423111E-02
  -1.36041641E-02
  -1.35135651E-02
  -1.35116577E-02
  -1.34668350E-02
  -1.33504868E-02
  -1.33228302E-02
  -1.33161545E-02
  -1.32942200E-02
  -1.31597519E-02
  -1.31549835E-02
  -1.30004883E-02
  -1.29861832E-02
  -1.28450394E-02
  -1.27210617E-02
  -1.26895905E-02
  -1.26752853E-02
  -1.25246048E-02
  -1.25150681E-02
  -1.25007629E-02
  -1.24721527E-02
  -1.24034882E-02
  -1.23691559E-02
  -1.22632980E-02
  -1.21507645E-02
  -1.20735168E-02
  -1.19647980E-02
  -1.18312836E-02
  -1.18312836E-02
  -1.18160248E-02
  -1.18045807E-02
  -1.17521286E-02
  -1.17206573E-02
  -1.17101669E-02
  -1.16205215E-02
  -1.15909576E-02
  -1.15089417E-02
  -1.14660263E-02
  -1.14078522E-02
  -1.13601685E-02
  -1.13601685E-02
  -1.12295151E-02
  -1.11799240E-02
  -1.11074448E-02
  -1.09519958E-02
  -1.08737946E-02
  -1.08346939E-02
  -1.07994080E-02
  -1.06916428E-02
  -1.06668472E-02
  -1.06487274E-02
  -1.06287003E-02
  -1.06267929E-02
  -1.05800629E-02
  -1.05772018E-02
  -1.05056763E-02
  -1.04742050E-02
  -1.04618073E-02
  -1.03731155E-02
  -1.03044510E-02
  -1.01556778E-02
  -1.00498199E-02
  -1.00097656E-02
  -9.96971130E-03
  -9.91153717E-03
  -9.88769531E-03
  -9.85336304E-03
  -9.81998444E-03
  -9.81521606E-03
  -9.81044769E-03
  -9.79995728E-03
  -9.75513458E-03
  -9.68551636E-03
  -9.66453552E-03
  -9.65118408E-03
  -9.63401794E-03
  -9.59587097E-03
  -9.56058502E-03
  -9.35649872E-03
  -9.34410095E-03
  -9.32884216E-03
  -9.28688049E-03
  -9.25922394E-03
  -9.18674469E-03
  -9.10568237E-03
  -9.07802582E-03
  -8.98838043E-03
  -8.94165039E-03
  -8.92734528E-03
  -8.73374939E-03
  -8.71753693E-03
  -8.70132446E-03
  -8.63456726E-03
  -8.62789154E-03
  -8.62216949E-03
  -8.53252411E-03
  -8.45241547E-03
  -8.41522217E-03
  -8.39805603E-03
  -8.39805603E-03
  -8.39138031E-03
  -8.36753845E-03
  -8.32462311E-03
  -8.30650330E-03
  -8.25119019E-03
  -8.22257996E-03
  -8.21971893E-03
  -8.20255280E-03
  -8.13388824E-03
  -8.08334351E-03
  -8.02803040E-03
  -7.89451599E-03
  -7.86113739E-03
  -7.82585144E-03
  -7.75337219E-03
  -7.71903992E-03
  -7.66658783E-03
  -7.63511658E-03
  -7.60364532E-03
  -7.58266449E-03
  -7.58075714E-03
  -7.57122040E-03
  -7.48538971E-03
  -7.47680664E-03
  -7.46440887E-03
  -7.46059418E-03
  -7.41958618E-03
  -7.41195679E-03
  -7.40146637E-03
  -7.34996796E-03
  -7.32231140E-03
  -7.20882416E-03
  -7.15923309E-03
  -7.14206696E-03
  -7.11727142E-03
  -7.09438324E-03
  -7.06768036E-03
  -7.05051422E-03
  -7.03239441E-03
  -7.00950623E-03
  -6.99710846E-03
  -6.98661804E-03
  -6.96086884E-03
  -6.89125061E-03
  -6.85977936E-03
  -6.72340393E-03
  -6.67381287E-03
  -6.65378571E-03
  -6.65187836E-03
  -6.62708282E-03
  -6.58607483E-03
  -6.55841827E-03
  -6.53648376E-03
  -6.50215149E-03
  -6.50024414E-03
  -6.47258759E-03
  -6.46972656E-03
  -6.39152527E-03
  -6.36005402E-03
  -6.35147095E-03
  -6.26373291E-03
  -6.25705719E-03
  -6.25610352E-03
  -6.22272491E-03
  -6.20651245E-03
  -6.18171692E-03
  -6.14929199E-03
  -6.04248047E-03
  -6.01863861E-03
  -6.01768494E-03
  -5.95664978E-03
  -5.83171844E-03
  -5.83171844E-03
  -5.80978394E-03
  -5.76114655E-03
  -5.74207306E-03
  -5.70774078E-03
  -5.68103790E-03
  -5.65052032E-03
  -5.56182861E-03
  -5.42831421E-03
  -5.41210175E-03
  -5.36823273E-03
  -5.34820557E-03
  -5.31101227E-03
  -5.30147552E-03
  -5.28907776E-03
  -5.26237488E-03
  -5.24902344E-03
  -5.24234772E-03
  -5.22613525E-03
  -5.22136688E-03
  -5.15270233E-03
  -5.14221191E-03
  -5.12313843E-03
  -5.09452820E-03
  -5.04589081E-03
  -5.03921509E-03
  -5.02777100E-03
  -4.96768951E-03
  -4.95338440E-03
  -4.91333008E-03
  -4.90856171E-03
  -4.79698181E-03
  -4.74643707E-03
  -4.72831726E-03
  -4.66632843E-03
  -4.63199615E-03
  -4.62532043E-03
  -4.58717346E-03
  -4.52423096E-03
  -4.48513031E-03
  -4.46414948E-03
  -4.44126129E-03
  -4.44126129E-03
  -4.40406799E-03
  -4.31442261E-03
  -4.21333313E-03
  -4.18663025E-03
  -4.15802002E-03
  -4.13322449E-03
  -4.12845612E-03
  -4.05502319E-03
  -4.04262543E-03
  -4.03785706E-03
  -4.02736664E-03
  -3.95202637E-03
  -3.95107269E-03
  -3.93486023E-03
  -3.89671326E-03
  -3.89003754E-03
  -3.87859344E-03
  -3.85284424E-03
  -3.80992889E-03
  -3.76224518E-03
  -3.75747681E-03
  -3.64303589E-03
  -3.62873077E-03
  -3.58867645E-03
  -3.56101990E-03
  -3.52382660E-03
  -3.50189209E-03
  -3.48377228E-03
  -3.43894958E-03
  -3.42941284E-03
  -3.42750549E-03
  -3.41987610E-03
  -3.33213806E-03
  -3.29875946E-03
  -3.13758850E-03
  -3.12900543E-03
  -3.05938721E-03
  -3.04698944E-03
  -2.97260284E-03
  -2.96688080E-03
  -2.93540955E-03
  -2.87914276E-03
  -2.86102295E-03
  -2.79426575E-03
  -2.76660919E-03
  -2.69031525E-03
  -2.66647339E-03
  -2.59494781E-03
  -2.53105164E-03
  -2.45761871E-03
  -2.42519379E-03
  -2.29740143E-03
  -2.27546692E-03
  -2.24971771E-03
  -2.17056274E-03
  -2.16865540E-03
  -2.14099884E-03
  -2.12097168E-03
  -2.11620331E-03
  -2.09903717E-03
  -2.09617615E-03
  -2.04944611E-03
  -2.03704834E-03
  -2.02465057E-03
  -1.99794769E-03
  -1.97601318E-03
  -1.96933746E-03
  -1.96552277E-03
  -1.92356110E-03
  -1.92260742E-03
  -1.82056427E-03
  -1.78050995E-03
  -1.76525116E-03
  -1.70135498E-03
  -1.59454346E-03
  -1.59454346E-03
  -1.57833099E-03
  -1.51920319E-03
  -1.42765045E-03
  -1.39617920E-03
  -1.37233734E-03
  -1.33991241E-03
  -1.33705139E-03
  -1.31797791E-03
  -1.22451782E-03
  -1.19876862E-03
  -1.16443634E-03
  -1.13677979E-03
  -9.97543335E-04
  -9.95635986E-04
  -9.42230225E-04
  -8.85009766E-04
  -8.63075256E-04
  -8.57353210E-04
  -8.49723816E-04
  -7.11441040E-04
  -6.73294067E-04
  -6.65664673E-04
  -6.52313232E-04
  -5.76019287E-04
  -5.44548035E-04
  -5.10215759E-04
  -4.90188599E-04
  -3.86238098E-04
  -3.77655029E-04
  -3.63349915E-04
  -3.50952148E-04
  -3.50952148E-04
  -3.25202942E-04
  -3.14712524E-04
  -3.08036804E-04
  -2.54631042E-04
  -2.40325928E-04
  -2.36511230E-04
  -1.75476074E-04
  -1.75476074E-04
  -1.54495239E-04
  -1.17301941E-04
  -8.58306885E-05
  -4.76837158E-05
  -2.09808350E-05
   2.86102295E-06
   9.53674316E-05
   1.22070312E-04
   1.55448914E-04
   1.60217285E-04
   1.90734863E-04
   2.47955322E-04
   3.09944153E-04
   3.79562378E-04
   4.83512878E-04
   5.26428223E-04
   5.52177429E-04
   5.55038452E-04
   5.97000122E-04
   7.04765320E-04
   7.21931458E-04
   8.12530518E-04
   8.22067261E-04
   8.96453857E-04
   9.61303711E-04
   9.68933105E-04
   1.00708008E-03
   1.02329254E-03
   1.05571747E-03
   1.05571747E-03
   1.07097626E-03
   1.15203857E-03
   1.19209290E-03
   1.19781494E-03
   1.27124786E-03
   1.27601624E-03
   1.28269196E-03
   1.37329102E-03
   1.39045715E-03
   1.42097473E-03
   1.43051147E-03
   1.44195557E-03
   1.44290924E-03
   1.45149231E-03
   1.45244598E-03
   1.48391724E-03
   1.50012970E-03
   1.52206421E-03
   1.56593323E-03
   1.61266327E-03
   1.63459778E-03
   1.63745880E-03
   1.63745880E-03
   1.65653229E-03
   1.68704987E-03
   1.70135498E-03
   1.70612335E-03
   1.74427032E-03
   1.78813934E-03
   1.81102753E-03
   1.85108185E-03
   1.87683105E-03
   1.90067291E-03
   1.91116333E-03
   1.93023682E-03
   2.01416016E-03
   2.01416016E-03
   2.05993652E-03
   2.10952759E-03
   2.15530396E-03
   2.16865540E-03
   2.18296051E-03
   2.23731995E-03
   2.27546692E-03
   2.28214264E-03
   2.30121613E-03
   2.35462189E-03
   2.42900848E-03
   2.44522095E-03
   2.44998932E-03
   2.47859955E-03
   2.52628326E-03
   2.54631042E-03
   2.55870819E-03
   2.61878967E-03
   2.62260437E-03
   2.62546539E-03
   2.71797180E-03
   2.71797180E-03
   2.73609161E-03
   2.75707245E-03
   2.77328491E-03
   2.87342072E-03
   2.89916992E-03
   2.97260284E-03
   3.02219391E-03
   3.14521790E-03
   3.20816040E-03
   3.32260132E-03
   3.33023071E-03
   3.37219238E-03
   3.45802307E-03
   3.51047516E-03
   3.53336334E-03
   3.62396240E-03
   3.69644165E-03
   3.72409821E-03
   3.72505188E-03
   3.80420685E-03
   3.81183624E-03
   3.83567810E-03
   3.94058228E-03
   4.22573090E-03
   4.25624847E-03
   4.28867340E-03
   4.30297852E-03
   4.36496735E-03
   4.40502167E-03
   4.49466705E-03
   4.56428528E-03
   4.60529327E-03
   4.60910797E-03
   4.61864471E-03
   4.73403931E-03
   4.75978851E-03
   4.77695465E-03
   4.90665436E-03
   5.01823425E-03
   5.02586365E-03
   5.02872467E-03
   5.10311127E-03
   5.11074066E-03
   5.11837006E-03
   5.21469116E-03
   5.25760651E-03
   5.29956818E-03
   5.29956818E-03
   5.30815125E-03
   5.41400909E-03
   5.44261932E-03
   5.52463531E-03
   5.53131104E-03
   5.55419922E-03
   5.56278229E-03
   5.56468964E-03
   5.59425354E-03
   5.63812256E-03
   5.70106506E-03
   5.73348999E-03
   5.75828552E-03
   5.81550598E-03
   5.83267212E-03
   5.85556030E-03
   5.91182709E-03
   5.96618652E-03
   6.00719452E-03
   6.09207153E-03
   6.09302521E-03
   6.11591339E-03
   6.11591339E-03
   6.14356995E-03
   6.15310669E-03
   6.19029999E-03
   6.25705719E-03
   6.37626648E-03
   6.41155243E-03
   6.44969940E-03
   6.55174255E-03
   6.67667389E-03
   6.69193268E-03
   6.79492950E-03
   6.81495667E-03
   6.90269470E-03
   6.93798065E-03
   7.17067719E-03
   7.32231140E-03
   7.43007660E-03
   7.46726990E-03
   7.64465332E-03
   7.74002075E-03
   7.83061981E-03
   7.86304474E-03
   7.88497925E-03
   7.91740417E-03
   7.96318054E-03
   7.99465179E-03
   8.00514221E-03
   8.05282593E-03
   8.13198090E-03
   8.26931000E-03
   8.28933716E-03
   8.32080841E-03
   8.32748413E-03
   8.41617584E-03
   8.50200653E-03
   8.50677490E-03
   8.51154327E-03
   8.53729248E-03
   8.70323181E-03
   8.70513916E-03
   8.70513916E-03
   8.70990753E-03
   8.72707367E-03
   8.74614716E-03
   8.75377655E-03
   8.79478455E-03
   8.83102417E-03
   8.90445709E-03
   8.93783569E-03
   8.97884369E-03
   9.00077820E-03
   9.00077820E-03
   9.03320312E-03
   9.05132294E-03
   9.06276703E-03
   9.06753540E-03
   9.08756256E-03
   9.08946991E-03
   9.19151306E-03
   9.38701630E-03
   9.38701630E-03
   9.42802429E-03
   9.44995880E-03
   9.49096680E-03
   9.57298279E-03
   9.58728790E-03
   9.60350037E-03
   9.65881348E-03
   9.82666016E-03
   9.82856750E-03
   9.94682312E-03
   1.00088120E-02
   1.00240707E-02
   1.00307465E-02
   1.00526810E-02
   1.00641251E-02
   1.02720261E-02
   1.02825165E-02
   1.02910995E-02
   1.03626251E-02
   1.04084015E-02
   1.05457306E-02
   1.06678009E-02
   1.06782913E-02
   1.07898712E-02
   1.08613968E-02
   1.08699799E-02
   1.09386444E-02
   1.10139847E-02
   1.10836029E-02
   1.12247467E-02
   1.13573074E-02
   1.13830566E-02
   1.14955902E-02
   1.15785599E-02
   1.16004944E-02
   1.16052628E-02
   1.17139816E-02
   1.17406845E-02
   1.18246078E-02
   1.19628906E-02
   1.21593475E-02
   1.25150681E-02
   1.25398636E-02
   1.26152039E-02
   1.27325058E-02
   1.27897263E-02
   1.28040314E-02
   1.28355026E-02
   1.30481720E-02
   1.30586624E-02
   1.31111145E-02
   1.31349564E-02
   1.31349564E-02
   1.31540298E-02
   1.32846832E-02
   1.33104324E-02
   1.34000778E-02
   1.34038925E-02
   1.35917664E-02
   1.36508942E-02
   1.37128830E-02
   1.37882233E-02
   1.37920380E-02
   1.39875412E-02
   1.40695572E-02
   1.41258240E-02
   1.41754150E-02
   1.42135620E-02
   1.44815445E-02
   1.49307251E-02
   1.52835846E-02
   1.53675079E-02
   1.53837204E-02
   1.54514313E-02
   1.55277252E-02
   1.55620575E-02
   1.56717300E-02
   1.57518387E-02
   1.57747269E-02
   1.57880783E-02
   1.59492493E-02
   1.60284042E-02
   1.60369873E-02
   1.62019730E-02
   1.63488388E-02
   1.66778564E-02
   1.67503357E-02
   1.68457031E-02
   1.68590546E-02
   1.68809891E-02
   1.69124603E-02
   1.70183182E-02
   1.70984268E-02
   1.71852112E-02
   1.73950195E-02
   1.76401138E-02
   1.76544189E-02
   1.76572800E-02
   1.80587769E-02
   1.81169510E-02
   1.81961060E-02
   1.83067322E-02
   1.83191299E-02
   1.84192657E-02
   1.84516907E-02
   1.84955597E-02
   1.85050964E-02
   1.85375214E-02
   1.86347961E-02
   1.87778473E-02
   1.88093185E-02
   1.89504623E-02
   1.91745758E-02
   1.92451477E-02
   1.93748474E-02
   1.93910599E-02
   1.95989609E-02
   1.96132660E-02
   1.96819305E-02
   1.96952820E-02
   1.97172165E-02
   1.97572708E-02
   1.98755264E-02
   1.98907852E-02
   2.00214386E-02
   2.00271606E-02
   2.00757980E-02
   2.02846527E-02
   2.05469131E-02
   2.07490921E-02
   2.08129883E-02
   2.08206177E-02
   2.08692551E-02
   2.08892822E-02
   2.09875107E-02
   2.10618973E-02
   2.11124420E-02
   2.11467743E-02
   2.15883255E-02
   2.18296051E-02
   2.18572617E-02
   2.18687057E-02
   2.20308304E-02
   2.20947266E-02
   2.21233368E-02
   2.24885941E-02
   2.25076675E-02
   2.25086212E-02
   2.29339600E-02
   2.29730606E-02
   2.29930878E-02
   2.30398178E-02
   2.31733322E-02
   2.32067108E-02
   2.32200623E-02
   2.33335495E-02
   2.37817764E-02
   2.39830017E-02
   2.42443085E-02
   2.45122910E-02
   2.45971680E-02
   2.46629715E-02
   2.50844955E-02
   2.50873566E-02
   2.51626968E-02
   2.52475739E-02
   2.53019333E-02
   2.53248215E-02
   2.53982544E-02
   2.61049271E-02
   2.64539719E-02
   2.66132355E-02
   2.66857147E-02
   2.68716812E-02
   2.71663666E-02
   2.72388458E-02
   2.72903442E-02
   2.73256302E-02
   2.76975632E-02
   2.81152725E-02
   2.82878876E-02
   2.83489227E-02
   2.83546448E-02
   2.83546448E-02
   2.83775330E-02
   2.85425186E-02
   2.85501480E-02
   2.85606384E-02
   2.87046432E-02
   2.90069580E-02
   2.92377472E-02
   2.93731689E-02
   2.99301147E-02
   3.00436020E-02
   3.00979614E-02
   3.01694870E-02
   3.02972794E-02
   3.04098129E-02
   3.04250717E-02
   3.04603577E-02
   3.06358337E-02
   3.08732986E-02
   3.09019089E-02
   3.10554504E-02
   3.11155319E-02
   3.11269760E-02
   3.12042236E-02
   3.13749313E-02
   3.14664841E-02
   3.17983627E-02
   3.19757462E-02
   3.21588516E-02
   3.21941376E-02
   3.23162079E-02
   3.25164795E-02
   3.33337784E-02
   3.34777832E-02
   3.37314606E-02
   3.37734222E-02
   3.39107513E-02
   3.39946747E-02
   3.41548920E-02
   3.43608856E-02
   3.45706940E-02
   3.47394943E-02
   3.50494385E-02
   3.50732803E-02
   3.52144241E-02
   3.55691910E-02
   3.55873108E-02
   3.57599258E-02
   3.58304977E-02
   3.58819962E-02
   3.59821320E-02
   3.62215042E-02
   3.66468430E-02
   3.66811752E-02
   3.67412567E-02
   3.72018814E-02
   3.76291275E-02
   3.77864838E-02
   3.79018784E-02
   3.79037857E-02
   3.80392075E-02
   3.80592346E-02
   3.82995605E-02
   3.87802124E-02
   3.88402939E-02
   3.89938354E-02
   3.89986038E-02
   3.89995575E-02
   3.93314362E-02
   3.94611359E-02
   3.94840240E-02
   3.95469666E-02
   3.95736694E-02
   3.96213531E-02
   3.98426056E-02
