#Npts     Radius    Mag      Completeness
#  139 1286.0050  -15.010000 1.000000
# Ierr
  -3.33213806E-02
  -1.29423141E-02
  -1.21345520E-02
  -1.20038986E-02
  -1.15318298E-02
  -1.11761093E-02
  -1.10702515E-02
  -9.85050201E-03
  -9.72557068E-03
  -9.35745239E-03
  -9.13238525E-03
  -8.51440430E-03
  -8.44192505E-03
  -7.88211823E-03
  -7.77339935E-03
  -7.49206543E-03
  -7.33566284E-03
  -6.97040558E-03
  -6.78062439E-03
  -6.31237030E-03
  -6.25133514E-03
  -6.23035431E-03
  -6.06441498E-03
  -6.03961945E-03
  -5.84983826E-03
  -5.73730469E-03
  -5.54180145E-03
  -5.52558899E-03
  -5.05924225E-03
  -4.92954254E-03
  -4.84752655E-03
  -4.78076935E-03
  -4.33444977E-03
  -4.14752960E-03
  -4.01306152E-03
  -3.96537781E-03
  -3.87573242E-03
  -3.63254547E-03
  -3.50666046E-03
  -3.50093842E-03
  -3.30257416E-03
  -2.97641754E-03
  -2.90107727E-03
  -2.56824493E-03
  -2.45285034E-03
  -2.36797333E-03
  -2.36797333E-03
  -2.28023529E-03
  -2.09712982E-03
  -2.08854675E-03
  -2.00080872E-03
  -1.98078156E-03
  -1.91593170E-03
  -1.79004669E-03
  -1.66702271E-03
  -1.49250031E-03
  -1.46770477E-03
  -1.43051147E-03
  -1.27220154E-03
  -1.22356415E-03
  -1.20925903E-03
  -1.10912323E-03
  -1.03187561E-03
  -9.14573669E-04
  -8.37326050E-04
  -6.76155090E-04
  -6.76155090E-04
  -5.62667847E-04
  -4.20570374E-04
  -3.26156616E-04
  -1.53541565E-04
   1.41143799E-04
   3.53813171E-04
   3.85284424E-04
   4.31060791E-04
   7.30514526E-04
   8.51631165E-04
   9.83238220E-04
   1.08146667E-03
   1.16348267E-03
   1.34468079E-03
   1.47151947E-03
   1.50299072E-03
   1.57546997E-03
   1.72805786E-03
   1.73473358E-03
   1.78623199E-03
   1.86538696E-03
   2.08187103E-03
   2.12097168E-03
   2.18677521E-03
   2.31266022E-03
   2.34031677E-03
   2.34031677E-03
   2.34794617E-03
   2.74753571E-03
   2.95352936E-03
   3.18717957E-03
   3.18717957E-03
   3.19004059E-03
   3.32260132E-03
   3.39221954E-03
   3.49044800E-03
   3.63731384E-03
   3.74698639E-03
   3.80229950E-03
   4.08649445E-03
   4.24194336E-03
   4.37736511E-03
   4.64057922E-03
   4.75978851E-03
   4.81033325E-03
   4.82082367E-03
   4.84275818E-03
   4.85324860E-03
   5.09071350E-03
   5.22422791E-03
   5.26809692E-03
   5.29098511E-03
   5.42354584E-03
   5.42449951E-03
   6.55364990E-03
   6.85405731E-03
   7.06672668E-03
   7.87162781E-03
   8.11004639E-03
   8.44383240E-03
   8.45241547E-03
   8.52298737E-03
   8.71181488E-03
   8.82244110E-03
   9.84764099E-03
   1.06182098E-02
   1.12371445E-02
   1.30138397E-02
   1.37882233E-02
   1.39570236E-02
   1.49803162E-02
   2.87704468E-02
