#Npts     Radius    Mag      Completeness
#  320  448.6064  -14.236000 1.000000
# Ierr
  -3.00607681E-02
  -2.65197754E-02
  -2.58493423E-02
  -2.36816406E-02
  -2.20165253E-02
  -2.14672089E-02
  -2.14576721E-02
  -2.10161209E-02
  -2.03819275E-02
  -2.03485489E-02
  -1.83010101E-02
  -1.77898407E-02
  -1.68695450E-02
  -1.67427063E-02
  -1.58243179E-02
  -1.56869888E-02
  -1.49307251E-02
  -1.49116516E-02
  -1.48792267E-02
  -1.40571594E-02
  -1.36051178E-02
  -1.32751465E-02
  -1.31473541E-02
  -1.30510330E-02
  -1.28574371E-02
  -1.28173828E-02
  -1.27162933E-02
  -1.22795105E-02
  -1.17950439E-02
  -1.16701126E-02
  -1.14088058E-02
  -1.10845566E-02
  -1.10607147E-02
  -1.07440948E-02
  -1.03778839E-02
  -1.02596283E-02
  -1.01184845E-02
  -9.93442535E-03
  -9.89532471E-03
  -9.62829590E-03
  -9.31453705E-03
  -9.30118561E-03
  -9.11235809E-03
  -9.05227661E-03
  -8.67080688E-03
  -8.48388672E-03
  -8.44669342E-03
  -8.33034515E-03
  -8.01563263E-03
  -8.00991058E-03
  -7.91358948E-03
  -7.61222839E-03
  -7.45201111E-03
  -7.23266602E-03
  -7.21740723E-03
  -7.21073151E-03
  -6.98566437E-03
  -6.87313080E-03
  -6.82163239E-03
  -6.81304932E-03
  -6.79302216E-03
  -6.65473938E-03
  -6.17980957E-03
  -6.17790222E-03
  -6.14738464E-03
  -6.13784790E-03
  -5.95664978E-03
  -5.83648682E-03
  -5.57327271E-03
  -5.52082062E-03
  -5.49697876E-03
  -5.44261932E-03
  -5.33866882E-03
  -5.28621674E-03
  -5.27191162E-03
  -5.03540039E-03
  -4.92572784E-03
  -4.89139557E-03
  -4.85229492E-03
  -4.53662872E-03
  -4.52423096E-03
  -4.14562225E-03
  -4.08744812E-03
  -3.97396088E-03
  -3.82614136E-03
  -3.82423401E-03
  -3.81469727E-03
  -3.65829468E-03
  -3.59344482E-03
  -3.56388092E-03
  -3.44657898E-03
  -3.43608856E-03
  -3.31687927E-03
  -3.26347351E-03
  -3.26347351E-03
  -3.11088562E-03
  -2.87342072E-03
  -2.78568268E-03
  -2.64739990E-03
  -2.64453888E-03
  -2.44235992E-03
  -2.38895416E-03
  -2.05898285E-03
  -1.90544128E-03
  -1.90544128E-03
  -1.77192688E-03
  -1.69658661E-03
  -1.51920319E-03
  -1.51920319E-03
  -1.46770477E-03
  -1.44100189E-03
  -1.09481812E-03
  -1.09004974E-03
  -1.08432770E-03
  -1.00803375E-03
  -6.79969788E-04
  -6.32286072E-04
  -6.13212585E-04
  -5.43594360E-04
  -5.43594360E-04
  -5.20706177E-04
  -4.07218933E-04
  -3.91960144E-04
  -3.50952148E-04
  -1.79290771E-04
  -1.45912170E-04
  -7.62939453E-05
  -2.38418579E-05
  -2.38418579E-05
  -4.76837158E-06
   4.19616699E-05
   6.96182251E-05
   1.34468079E-04
   1.44958496E-04
   2.01225281E-04
   3.82423401E-04
   4.53948975E-04
   5.93185425E-04
   6.84738159E-04
   6.99996948E-04
   8.84056091E-04
   9.06944275E-04
   9.73701477E-04
   1.15203857E-03
   1.15394592E-03
   1.18350983E-03
   1.19400024E-03
   1.31893158E-03
   1.33419037E-03
   1.35421753E-03
   1.36852264E-03
   1.42288208E-03
   1.53923035E-03
   1.66225433E-03
   1.68418884E-03
   1.69563293E-03
   1.81388855E-03
   2.01129913E-03
   2.14290619E-03
   2.17914581E-03
   2.35271454E-03
   2.35748291E-03
   2.45761871E-03
   2.51483917E-03
   2.61402130E-03
   2.80952454E-03
   2.87532806E-03
   2.92873383E-03
   2.97451019E-03
   3.03554535E-03
   3.08322906E-03
   3.08609009E-03
   3.08704376E-03
   3.09658051E-03
   3.10993195E-03
   3.15189362E-03
   3.23486328E-03
   3.24344635E-03
   3.32260132E-03
   3.50856781E-03
   3.57818604E-03
   3.68785858E-03
   3.68976593E-03
   3.72409821E-03
   3.81565094E-03
   4.01878357E-03
   4.09889221E-03
   4.32968140E-03
   4.44507599E-03
   4.50420380E-03
   4.59575653E-03
   4.65297699E-03
   4.83036041E-03
   4.83703613E-03
   4.86087799E-03
   4.89902496E-03
   5.04207611E-03
   5.12313843E-03
   5.13458252E-03
   5.39875031E-03
   5.50365448E-03
   5.71346283E-03
   6.02531433E-03
   6.15501404E-03
   6.42013550E-03
   6.49452209E-03
   6.53362274E-03
   6.66713715E-03
   6.86740875E-03
   6.96182251E-03
   6.97040558E-03
   7.03907013E-03
   7.08866119E-03
   7.16876984E-03
   7.60459900E-03
   7.60841370E-03
   7.61890411E-03
   7.75241852E-03
   8.00800323E-03
   8.08048248E-03
   8.19873810E-03
   8.30936432E-03
   8.50009918E-03
   8.75377655E-03
   8.80146027E-03
   8.83102417E-03
   8.90064240E-03
   9.26780701E-03
   9.37080383E-03
   9.45091248E-03
   9.48715210E-03
   9.49192047E-03
   9.69982147E-03
   9.75894928E-03
   9.77897644E-03
   1.02348328E-02
   1.02910995E-02
   1.05800629E-02
   1.06849670E-02
   1.07097626E-02
   1.07965469E-02
   1.08680725E-02
   1.10130310E-02
   1.11179352E-02
   1.11427307E-02
   1.11541748E-02
   1.13763809E-02
   1.15756989E-02
   1.16271973E-02
   1.16472244E-02
   1.17168427E-02
   1.19619370E-02
   1.21278763E-02
   1.25160217E-02
   1.26180649E-02
   1.27000809E-02
   1.29947662E-02
   1.32293701E-02
   1.32474899E-02
   1.33094788E-02
   1.35068893E-02
   1.37157440E-02
   1.40972137E-02
   1.51796341E-02
   1.52111053E-02
   1.60350800E-02
   1.62744522E-02
   1.63536072E-02
   1.65119171E-02
   1.71375275E-02
   1.78833008E-02
   1.79567337E-02
   1.81159973E-02
   1.83982849E-02
   1.85422897E-02
   1.88665390E-02
   1.90649033E-02
   1.90696716E-02
   1.90963745E-02
   1.93338394E-02
   1.94845200E-02
   2.03323364E-02
   2.07414627E-02
   2.09417343E-02
   2.12106705E-02
   2.17571259E-02
   2.18906403E-02
   2.20985413E-02
   2.21147537E-02
   2.28853226E-02
   2.30579376E-02
   2.33659744E-02
   2.39391327E-02
   2.42147446E-02
   2.43330002E-02
   2.45876312E-02
   2.47173309E-02
   2.47383118E-02
   2.49490738E-02
   2.54507065E-02
   2.59733200E-02
   2.61964798E-02
   2.64329910E-02
   2.67295837E-02
   2.71024704E-02
   2.71730423E-02
   2.72665024E-02
   2.77042389E-02
   2.79264450E-02
   2.79722214E-02
   2.82688141E-02
   2.87809372E-02
   3.01523209E-02
   3.03153992E-02
   3.05728912E-02
   3.06529999E-02
   3.10840607E-02
   3.11155319E-02
   3.15418243E-02
   3.20205688E-02
