#Npts     Radius    Mag      Completeness
#  585 1276.6976  -11.851909 1.000000
# Ierr
  -3.92951965E-02
  -3.88221741E-02
  -3.71026993E-02
  -3.65304947E-02
  -3.59649658E-02
  -3.55777740E-02
  -3.50837708E-02
  -3.42521667E-02
  -3.42521667E-02
  -3.36656570E-02
  -3.34157944E-02
  -3.18498611E-02
  -2.97164917E-02
  -2.92205811E-02
  -2.85005569E-02
  -2.84452438E-02
  -2.81791687E-02
  -2.76384354E-02
  -2.72312164E-02
  -2.70013809E-02
  -2.69889832E-02
  -2.59809494E-02
  -2.53391266E-02
  -2.38256454E-02
  -2.36082077E-02
  -2.35738754E-02
  -2.29825974E-02
  -2.26860046E-02
  -2.15892792E-02
  -2.10628510E-02
  -2.06346512E-02
  -2.05650330E-02
  -2.04906464E-02
  -1.98802948E-02
  -1.97629929E-02
  -1.96189880E-02
  -1.95999146E-02
  -1.89332962E-02
  -1.86128616E-02
  -1.75848007E-02
  -1.75714493E-02
  -1.70450211E-02
  -1.65195465E-02
  -1.63631439E-02
  -1.63412094E-02
  -1.60465240E-02
  -1.57012939E-02
  -1.56927109E-02
  -1.52015686E-02
  -1.50499344E-02
  -1.48801804E-02
  -1.47008896E-02
  -1.45359039E-02
  -1.44691467E-02
  -1.43461227E-02
  -1.41773224E-02
  -1.41372681E-02
  -1.41143799E-02
  -1.39284134E-02
  -1.38721466E-02
  -1.38444901E-02
  -1.34906769E-02
  -1.34201050E-02
  -1.33399963E-02
  -1.31740570E-02
  -1.31330490E-02
  -1.30949020E-02
  -1.29041672E-02
  -1.28860474E-02
  -1.27353668E-02
  -1.26028061E-02
  -1.24893188E-02
  -1.24759674E-02
  -1.23491287E-02
  -1.21526718E-02
  -1.18484497E-02
  -1.17092133E-02
  -1.16443634E-02
  -1.14622116E-02
  -1.14259720E-02
  -1.13868713E-02
  -1.13744736E-02
  -1.13029480E-02
  -1.11885071E-02
  -1.11742020E-02
  -1.11618042E-02
  -1.11246109E-02
  -1.11236572E-02
  -1.10492706E-02
  -1.10168457E-02
  -1.09825134E-02
  -1.08137131E-02
  -1.08127594E-02
  -1.07641220E-02
  -1.07278824E-02
  -1.06487274E-02
  -1.06363297E-02
  -1.05667114E-02
  -1.05648041E-02
  -1.05419159E-02
  -1.04398727E-02
  -1.04265213E-02
  -1.04265213E-02
  -1.03960037E-02
  -1.01804733E-02
  -1.01308823E-02
  -1.00975037E-02
  -9.95540619E-03
  -9.76657867E-03
  -9.75227356E-03
  -9.70172882E-03
  -9.67788696E-03
  -9.63115692E-03
  -9.52148438E-03
  -9.47570801E-03
  -9.37652588E-03
  -9.23156738E-03
  -9.19246674E-03
  -9.13238525E-03
  -9.05323029E-03
  -9.03320312E-03
  -9.01603699E-03
  -8.94451141E-03
  -8.72135162E-03
  -8.65650177E-03
  -8.62884521E-03
  -8.61167908E-03
  -8.58020782E-03
  -8.58020782E-03
  -8.57830048E-03
  -8.53157043E-03
  -8.50105286E-03
  -8.49151611E-03
  -8.34751129E-03
  -8.32176208E-03
  -8.28266144E-03
  -8.25881958E-03
  -8.22448730E-03
  -8.10623169E-03
  -8.04615021E-03
  -8.01849365E-03
  -8.00800323E-03
  -7.99369812E-03
  -7.93170929E-03
  -7.87734985E-03
  -7.86685944E-03
  -7.86304474E-03
  -7.79056549E-03
  -7.70187378E-03
  -7.67421722E-03
  -7.59792328E-03
  -7.55500793E-03
  -7.55500793E-03
  -7.51876831E-03
  -7.40623474E-03
  -7.27176666E-03
  -7.25269318E-03
  -7.24697113E-03
  -7.24601746E-03
  -7.20691681E-03
  -7.17926025E-03
  -7.14302063E-03
  -7.14015961E-03
  -7.03334808E-03
  -6.96372986E-03
  -6.95323944E-03
  -6.94370270E-03
  -6.88648224E-03
  -6.82640076E-03
  -6.82544708E-03
  -6.79016113E-03
  -6.78443909E-03
  -6.74057007E-03
  -6.66141510E-03
  -6.63757324E-03
  -6.53553009E-03
  -6.52885437E-03
  -6.44207001E-03
  -6.41059875E-03
  -6.40487671E-03
  -6.37054443E-03
  -6.36196136E-03
  -6.30855560E-03
  -6.23512268E-03
  -6.21223450E-03
  -6.14738464E-03
  -6.07776642E-03
  -6.00528717E-03
  -5.96714020E-03
  -5.92708588E-03
  -5.91182709E-03
  -5.83362579E-03
  -5.77735901E-03
  -5.74970245E-03
  -5.74016571E-03
  -5.69629669E-03
  -5.69629669E-03
  -5.66005707E-03
  -5.64193726E-03
  -5.60379028E-03
  -5.60283661E-03
  -5.53417206E-03
  -5.46836853E-03
  -5.36918640E-03
  -5.19752502E-03
  -5.19180298E-03
  -5.18035889E-03
  -5.16605377E-03
  -5.12218475E-03
  -5.03349304E-03
  -5.02490997E-03
  -4.94194031E-03
  -4.91046906E-03
  -4.79793549E-03
  -4.79507446E-03
  -4.79221344E-03
  -4.74548340E-03
  -4.72640991E-03
  -4.63962555E-03
  -4.36306000E-03
  -4.28390503E-03
  -4.27246094E-03
  -4.26006317E-03
  -4.24861908E-03
  -4.23812866E-03
  -4.21524048E-03
  -4.20761108E-03
  -4.17900085E-03
  -4.14562225E-03
  -4.12368774E-03
  -4.09317017E-03
  -4.04357910E-03
  -4.01306152E-03
  -4.00066376E-03
  -3.93676758E-03
  -3.87382507E-03
  -3.79753113E-03
  -3.75556946E-03
  -3.74889374E-03
  -3.74889374E-03
  -3.72886658E-03
  -3.72695923E-03
  -3.71837616E-03
  -3.63159180E-03
  -3.60774994E-03
  -3.59916687E-03
  -3.59535217E-03
  -3.58009338E-03
  -3.37600708E-03
  -3.33213806E-03
  -3.32069397E-03
  -3.29685211E-03
  -3.28540802E-03
  -3.21865082E-03
  -3.19766998E-03
  -3.10611725E-03
  -3.08609009E-03
  -3.04603577E-03
  -3.04222107E-03
  -3.02505493E-03
  -3.02124023E-03
  -2.97069550E-03
  -2.95829773E-03
  -2.87818909E-03
  -2.78472900E-03
  -2.67219543E-03
  -2.60829926E-03
  -2.60829926E-03
  -2.57778168E-03
  -2.54631042E-03
  -2.48050690E-03
  -2.40802765E-03
  -2.37941742E-03
  -2.37464905E-03
  -2.37083435E-03
  -2.28786469E-03
  -2.25543976E-03
  -2.23541260E-03
  -2.23541260E-03
  -2.15721130E-03
  -2.10285187E-03
  -2.09045410E-03
  -2.07901001E-03
  -2.05993652E-03
  -2.05230713E-03
  -2.04753876E-03
  -2.02465057E-03
  -2.00748444E-03
  -1.99413300E-03
  -1.93881989E-03
  -1.92546844E-03
  -1.92070007E-03
  -1.87873840E-03
  -1.82533264E-03
  -1.77192688E-03
  -1.76715851E-03
  -1.71279907E-03
  -1.66511536E-03
  -1.64699554E-03
  -1.63459778E-03
  -1.62315369E-03
  -1.58119202E-03
  -1.55735016E-03
  -1.54209137E-03
  -1.52587891E-03
  -1.44386292E-03
  -1.38282776E-03
  -1.32083893E-03
  -1.29222870E-03
  -1.28364563E-03
  -1.21402740E-03
  -1.17683411E-03
  -9.98497009E-04
  -9.88006592E-04
  -9.42230225E-04
  -9.13619995E-04
  -9.01222229E-04
  -8.62121582E-04
  -8.38279724E-04
  -7.69615173E-04
  -7.11441040E-04
  -6.63757324E-04
  -6.43730164E-04
  -6.42776489E-04
  -6.34193420E-04
  -6.23703003E-04
  -6.16073608E-04
  -5.88417053E-04
  -5.77926636E-04
  -5.74111938E-04
  -5.14984131E-04
  -5.08308411E-04
  -5.02586365E-04
  -4.13894653E-04
  -3.77655029E-04
  -3.75747681E-04
  -3.45230103E-04
  -3.27110291E-04
  -3.05175781E-04
  -3.02314758E-04
  -2.97546387E-04
  -2.87055969E-04
  -2.70843506E-04
  -1.88827515E-04
  -1.55448914E-04
  -1.53541565E-04
  -1.44004822E-04
  -1.11579895E-04
  -8.58306885E-05
  -2.47955322E-05
   6.86645508E-05
   1.59263611E-04
   1.71661377E-04
   2.11715698E-04
   2.27928162E-04
   3.00407410E-04
   3.33786011E-04
   3.78608704E-04
   3.85284424E-04
   3.94821167E-04
   5.30242920E-04
   5.31196594E-04
   6.54220581E-04
   7.00950623E-04
   7.55310059E-04
   7.77244568E-04
   8.32557678E-04
   8.55445862E-04
   9.18388367E-04
   9.56535339E-04
   9.75608826E-04
   9.79423523E-04
   1.10721588E-03
   1.11961365E-03
   1.22928619E-03
   1.27601624E-03
   1.29032135E-03
   1.34086609E-03
   1.35135651E-03
   1.36852264E-03
   1.38282776E-03
   1.41525269E-03
   1.49631500E-03
   1.53350830E-03
   1.54781342E-03
   1.57165527E-03
   1.64604187E-03
   1.68895721E-03
   1.73091888E-03
   1.73759460E-03
   1.81388855E-03
   1.82342529E-03
   1.90734863E-03
   1.91593170E-03
   2.04753876E-03
   2.06279755E-03
   2.12097168E-03
   2.14576721E-03
   2.18677521E-03
   2.18772888E-03
   2.19249725E-03
   2.46047974E-03
   2.47001648E-03
   2.48336792E-03
   2.49958038E-03
   2.54726410E-03
   2.56443024E-03
   2.58731842E-03
   2.65216827E-03
   2.65884399E-03
   2.68745422E-03
   2.70843506E-03
   2.80284882E-03
   2.80475616E-03
   2.85053253E-03
   2.87246704E-03
   2.88963318E-03
   2.88963318E-03
   2.91633606E-03
   2.95066833E-03
   2.96783447E-03
   3.02410126E-03
   3.02696228E-03
   3.07464600E-03
   3.12614441E-03
   3.14235687E-03
   3.14998627E-03
   3.16619873E-03
   3.22628021E-03
   3.28445435E-03
   3.28731537E-03
   3.29303741E-03
   3.30257416E-03
   3.30352783E-03
   3.35979462E-03
   3.37886810E-03
   3.40080261E-03
   3.43799591E-03
   3.55434418E-03
   3.55815887E-03
   3.56388092E-03
   3.56674194E-03
   3.62777710E-03
   3.64208221E-03
   3.65257263E-03
   3.74317169E-03
   3.77273560E-03
   3.80897522E-03
   3.81088257E-03
   3.82328033E-03
   3.82804871E-03
   3.85093689E-03
   3.88908386E-03
   3.94821167E-03
   3.95011902E-03
   3.96537781E-03
   4.06551361E-03
   4.11224365E-03
   4.15992737E-03
   4.23336029E-03
   4.28485870E-03
   4.31919098E-03
   4.32586670E-03
   4.37450409E-03
   4.40788269E-03
   4.45461273E-03
   4.48036194E-03
   4.48799133E-03
   4.51850891E-03
   4.54711914E-03
   4.59861755E-03
   4.63867188E-03
   4.67967987E-03
   4.75406647E-03
   4.77409363E-03
   4.84752655E-03
   4.87995148E-03
   4.91142273E-03
   4.94480133E-03
   5.03253937E-03
   5.12027740E-03
   5.21469116E-03
   5.28144836E-03
   5.28812408E-03
   5.33771515E-03
   5.36632538E-03
   5.41877747E-03
   5.42354584E-03
   5.53607941E-03
   5.68294525E-03
   5.78880310E-03
   5.78880310E-03
   5.79357147E-03
   5.80978394E-03
   5.85079193E-03
   5.95760345E-03
   6.00147247E-03
   6.05678558E-03
   6.11972809E-03
   6.17504120E-03
   6.18171692E-03
   6.18553162E-03
   6.34860992E-03
   6.35623932E-03
   6.36386871E-03
   6.40201569E-03
   6.43062592E-03
   6.56986237E-03
   6.68144226E-03
   6.86264038E-03
   6.90078735E-03
   7.05814362E-03
   7.06005096E-03
   7.09247589E-03
   7.13253021E-03
   7.20214844E-03
   7.25173950E-03
   7.26222992E-03
   7.30037689E-03
   7.31849670E-03
   7.35282898E-03
   7.38048553E-03
   7.39574432E-03
   7.42912292E-03
   7.48252869E-03
   7.57312775E-03
   7.71331787E-03
   7.76290894E-03
   7.78770447E-03
   7.82775879E-03
   7.83634186E-03
   7.89737701E-03
   8.00132751E-03
   8.11290741E-03
   8.13007355E-03
   8.13102722E-03
   8.17680359E-03
   8.39614868E-03
   8.50486755E-03
   8.67652893E-03
   8.78620148E-03
   8.80146027E-03
   8.95786285E-03
   9.28211212E-03
   9.40704346E-03
   9.50717926E-03
   9.55104828E-03
   9.55200195E-03
   9.56630707E-03
   9.69982147E-03
   9.77993011E-03
   9.92012024E-03
   1.00059509E-02
   1.02014542E-02
   1.02815628E-02
   1.07421875E-02
   1.09739304E-02
   1.09920502E-02
   1.11989975E-02
   1.12390518E-02
   1.15985870E-02
   1.17216110E-02
   1.18770599E-02
   1.19953156E-02
   1.24454498E-02
   1.25226974E-02
   1.28316879E-02
   1.30062103E-02
   1.30815506E-02
   1.32217407E-02
   1.32675171E-02
   1.36108398E-02
   1.37357712E-02
   1.37834549E-02
   1.42517090E-02
   1.47285461E-02
   1.53198242E-02
   1.59225464E-02
   1.66788101E-02
   1.83010101E-02
   1.91402435E-02
   2.08091736E-02
   2.14080811E-02
   2.15425491E-02
   2.77948380E-02
