#Npts     Radius    Mag      Completeness
#  584 1495.3546  -12.688000 1.000000
# Ierr
  -3.98378372E-02
  -3.70903015E-02
  -3.47452164E-02
  -3.44028473E-02
  -3.40518951E-02
  -3.39603424E-02
  -3.03306580E-02
  -2.78921127E-02
  -2.61478424E-02
  -2.36387253E-02
  -2.27260590E-02
  -2.25858688E-02
  -2.20384598E-02
  -2.06995010E-02
  -2.05755234E-02
  -2.03409195E-02
  -1.91459656E-02
  -1.86376572E-02
  -1.80082321E-02
  -1.80025101E-02
  -1.59015656E-02
  -1.51185989E-02
  -1.41935349E-02
  -1.41382217E-02
  -1.37796402E-02
  -1.35898590E-02
  -1.31254196E-02
  -1.24893188E-02
  -1.23605728E-02
  -1.22623444E-02
  -1.22566223E-02
  -1.22451782E-02
  -1.21431351E-02
  -1.21269226E-02
  -1.19857788E-02
  -1.17864609E-02
  -1.15604401E-02
  -1.12657547E-02
  -1.11465454E-02
  -1.08699799E-02
  -1.06611252E-02
  -1.05581284E-02
  -1.04446411E-02
  -1.03044510E-02
  -9.99546051E-03
  -9.88960266E-03
  -9.82666016E-03
  -9.69314575E-03
  -9.66262817E-03
  -9.51385498E-03
  -9.46521759E-03
  -9.43565369E-03
  -8.93497467E-03
  -8.70132446E-03
  -8.61835480E-03
  -8.58497620E-03
  -8.57067108E-03
  -8.25500488E-03
  -8.09860229E-03
  -8.08143616E-03
  -8.03756714E-03
  -7.93552399E-03
  -7.93457031E-03
  -7.90596008E-03
  -7.87925720E-03
  -7.78388977E-03
  -7.51781464E-03
  -7.49874115E-03
  -7.41767883E-03
  -7.16781616E-03
  -7.13634491E-03
  -6.97803497E-03
  -6.95514679E-03
  -6.82353973E-03
  -6.70623779E-03
  -6.68716431E-03
  -6.66046143E-03
  -6.57749176E-03
  -6.51931763E-03
  -6.51741028E-03
  -6.49833679E-03
  -6.48212433E-03
  -6.47926331E-03
  -6.42013550E-03
  -6.33907318E-03
  -6.24084473E-03
  -6.19125366E-03
  -6.16645813E-03
  -6.11305237E-03
  -6.05392456E-03
  -6.00147247E-03
  -5.86509705E-03
  -5.86223602E-03
  -5.79833984E-03
  -5.79452515E-03
  -5.72013855E-03
  -5.69915771E-03
  -5.60569763E-03
  -5.22518158E-03
  -5.21755219E-03
  -5.12981415E-03
  -4.99725342E-03
  -4.91237640E-03
  -4.88662720E-03
  -4.82940674E-03
  -4.79507446E-03
  -4.70924377E-03
  -4.68540192E-03
  -4.66632843E-03
  -4.62722778E-03
  -4.62532043E-03
  -4.61387634E-03
  -4.50038910E-03
  -4.48417664E-03
  -4.47845459E-03
  -4.42790985E-03
  -4.39262390E-03
  -4.33254242E-03
  -4.33063507E-03
  -4.30393219E-03
  -4.30107117E-03
  -4.29153442E-03
  -4.26483154E-03
  -4.21237946E-03
  -4.19235229E-03
  -4.12654877E-03
  -4.10747528E-03
  -4.09221649E-03
  -3.97968292E-03
  -3.92246246E-03
  -3.91101837E-03
  -3.83186340E-03
  -3.78417969E-03
  -3.74984741E-03
  -3.74698639E-03
  -3.72886658E-03
  -3.72886658E-03
  -3.68785858E-03
  -3.55815887E-03
  -3.55625153E-03
  -3.47518921E-03
  -3.46565247E-03
  -3.45516205E-03
  -3.45516205E-03
  -3.43132019E-03
  -3.34358215E-03
  -3.31687927E-03
  -3.24249268E-03
  -3.19766998E-03
  -3.12995911E-03
  -3.10897827E-03
  -3.08036804E-03
  -3.02505493E-03
  -2.99358368E-03
  -2.99263000E-03
  -2.96688080E-03
  -2.95639038E-03
  -2.89249420E-03
  -2.88105011E-03
  -2.83336639E-03
  -2.79998779E-03
  -2.75135040E-03
  -2.73132324E-03
  -2.72750854E-03
  -2.67982483E-03
  -2.63595581E-03
  -2.63214111E-03
  -2.61116028E-03
  -2.55584717E-03
  -2.52056122E-03
  -2.51770020E-03
  -2.47097015E-03
  -2.45952606E-03
  -2.44522095E-03
  -2.39849091E-03
  -2.33268738E-03
  -2.31933594E-03
  -2.26020813E-03
  -2.21347809E-03
  -2.18391418E-03
  -2.11334229E-03
  -2.11238861E-03
  -2.11238861E-03
  -2.09426880E-03
  -2.01511383E-03
  -2.01129913E-03
  -2.00939178E-03
  -1.96266174E-03
  -1.94835663E-03
  -1.91593170E-03
  -1.87110901E-03
  -1.84631348E-03
  -1.82628632E-03
  -1.82056427E-03
  -1.73664093E-03
  -1.66606903E-03
  -1.66130066E-03
  -1.65748596E-03
  -1.62982941E-03
  -1.60026550E-03
  -1.58691406E-03
  -1.55067444E-03
  -1.49917603E-03
  -1.46389008E-03
  -1.45435333E-03
  -1.42383575E-03
  -1.39045715E-03
  -1.36184692E-03
  -1.35612488E-03
  -1.34754181E-03
  -1.29795074E-03
  -1.23405457E-03
  -1.21116638E-03
  -1.17015839E-03
  -1.11579895E-03
  -1.09863281E-03
  -9.62257385E-04
  -9.34600830E-04
  -8.75473022E-04
  -8.65936279E-04
  -8.63075256E-04
  -8.02040100E-04
  -7.88688660E-04
  -7.85827637E-04
  -7.64846802E-04
  -7.58171082E-04
  -7.56263733E-04
  -7.00950623E-04
  -6.65664673E-04
  -6.03675842E-04
  -5.64575195E-04
  -5.12123108E-04
  -4.94003296E-04
  -4.63485718E-04
  -4.61578369E-04
  -4.30107117E-04
  -3.82423401E-04
  -3.42369080E-04
  -3.07083130E-04
  -2.05993652E-04
  -1.91688538E-04
  -1.85966492E-04
  -1.81198120E-04
  -1.64985657E-04
  -1.35421753E-04
  -1.30653381E-04
  -1.04904175E-04
  -4.57763672E-05
  -3.43322754E-05
  -1.33514404E-05
   2.09808350E-05
   4.19616699E-05
   7.15255737E-05
   1.47819519E-04
   1.68800354E-04
   2.22206116E-04
   2.40325928E-04
   3.44276428E-04
   3.47137451E-04
   3.98635864E-04
   4.15802002E-04
   4.15802002E-04
   4.50134277E-04
   5.03540039E-04
   5.30242920E-04
   6.14166260E-04
   6.54220581E-04
   6.92367554E-04
   6.93321228E-04
   7.28607178E-04
   7.53402710E-04
   7.68661499E-04
   8.12530518E-04
   8.98361206E-04
   9.21249390E-04
   9.75608826E-04
   1.00708008E-03
   1.02901459E-03
   1.04808807E-03
   1.06143951E-03
   1.07288361E-03
   1.10149384E-03
   1.13105774E-03
   1.13582611E-03
   1.15680695E-03
   1.17111206E-03
   1.18923187E-03
   1.23882294E-03
   1.26743317E-03
   1.35231018E-03
   1.35707855E-03
   1.36089325E-03
   1.37329102E-03
   1.40476227E-03
   1.44195557E-03
   1.47533417E-03
   1.48391724E-03
   1.56879425E-03
   1.60217285E-03
   1.60789490E-03
   1.61075592E-03
   1.62124634E-03
   1.68037415E-03
   1.68800354E-03
   1.72615051E-03
   1.75189972E-03
   1.77574158E-03
   1.80530548E-03
   1.80721283E-03
   1.87206268E-03
   1.89590454E-03
   1.91020966E-03
   1.93786621E-03
   1.97982788E-03
   1.99508667E-03
   2.03704834E-03
   2.04181671E-03
   2.04849243E-03
   2.08377838E-03
   2.10952759E-03
   2.15244293E-03
   2.24304199E-03
   2.25162506E-03
   2.29072571E-03
   2.30407715E-03
   2.30407715E-03
   2.31838226E-03
   2.33078003E-03
   2.39276886E-03
   2.39562988E-03
   2.41279602E-03
   2.46334076E-03
   2.47287750E-03
   2.53391266E-03
   2.56252289E-03
   2.60066986E-03
   2.70557404E-03
   2.70938873E-03
   2.74181366E-03
   2.74181366E-03
   2.74467468E-03
   2.76374817E-03
   2.77328491E-03
   2.81715393E-03
   2.83241272E-03
   2.90775299E-03
   2.94399261E-03
   2.99453735E-03
   3.02791595E-03
   3.09467316E-03
   3.18241119E-03
   3.22532654E-03
   3.26156616E-03
   3.31401825E-03
   3.41033936E-03
   3.44181061E-03
   3.51333618E-03
   3.58009338E-03
   3.59058380E-03
   3.59821320E-03
   3.60107422E-03
   3.60584259E-03
   3.62014771E-03
   3.66973877E-03
   3.68404388E-03
   3.68499756E-03
   3.78704071E-03
   3.93772125E-03
   3.94058228E-03
   3.97300720E-03
   4.01210785E-03
   4.03118134E-03
   4.05788422E-03
   4.05979156E-03
   4.06455994E-03
   4.06837463E-03
   4.06837463E-03
   4.09984589E-03
   4.11319733E-03
   4.11319733E-03
   4.12940979E-03
   4.14752960E-03
   4.14848328E-03
   4.21524048E-03
   4.24575806E-03
   4.25624847E-03
   4.28676605E-03
   4.30393219E-03
   4.31251526E-03
   4.38880920E-03
   4.40788269E-03
   4.42600250E-03
   4.44412231E-03
   4.46128845E-03
   4.47940826E-03
   4.49657440E-03
   4.51850891E-03
   4.51946259E-03
   4.58812714E-03
   4.69970703E-03
   4.69970703E-03
   4.80079651E-03
   4.80842590E-03
   4.83322144E-03
   4.90283966E-03
   4.99057770E-03
   5.00869751E-03
   5.04207611E-03
   5.07259369E-03
   5.07640839E-03
   5.13648987E-03
   5.15842438E-03
   5.17749786E-03
   5.18035889E-03
   5.18035889E-03
   5.20229340E-03
   5.25093079E-03
   5.25951385E-03
   5.29956818E-03
   5.32627106E-03
   5.35678864E-03
   5.37872314E-03
   5.39493561E-03
   5.41400909E-03
   5.42259216E-03
   5.45406342E-03
   5.45597076E-03
   5.47218323E-03
   5.49888611E-03
   5.59616089E-03
   5.60951233E-03
   5.63526154E-03
   5.64384460E-03
   5.66482544E-03
   5.67626953E-03
   5.68008423E-03
   5.72299957E-03
   5.73253632E-03
   5.73444366E-03
   5.75637817E-03
   5.86032867E-03
   5.91182709E-03
   5.91468811E-03
   5.91945648E-03
   5.95188141E-03
   5.95760345E-03
   5.97286224E-03
   5.99479675E-03
   6.00528717E-03
   6.00624084E-03
   6.03866577E-03
   6.05869293E-03
   6.06155396E-03
   6.23512268E-03
   6.31904602E-03
   6.35623932E-03
   6.43730164E-03
   6.43825531E-03
   6.46018982E-03
   6.54983521E-03
   6.56795502E-03
   6.59656525E-03
   6.67667389E-03
   6.69479370E-03
   6.69765472E-03
   6.69765472E-03
   6.80160522E-03
   6.85787201E-03
   6.88648224E-03
   6.93225861E-03
   6.95896149E-03
   6.97326660E-03
   7.07817078E-03
   7.08770752E-03
   7.10296631E-03
   7.11345673E-03
   7.13253021E-03
   7.13253021E-03
   7.14111328E-03
   7.15541840E-03
   7.15732574E-03
   7.17639923E-03
   7.22980499E-03
   7.33661652E-03
   7.36331940E-03
   7.37667084E-03
   7.43007660E-03
   7.50350952E-03
   7.54642487E-03
   7.73048401E-03
   7.75241852E-03
   7.79724121E-03
   7.88879395E-03
   7.90691376E-03
   7.92217255E-03
   7.92503357E-03
   7.93361664E-03
   7.97271729E-03
   7.98034668E-03
   7.98988342E-03
   8.06999207E-03
   8.15486908E-03
   8.29696655E-03
   8.31127167E-03
   8.36658478E-03
   8.44955444E-03
   8.45050812E-03
   8.46099854E-03
   8.47911835E-03
   8.52489471E-03
   8.56208801E-03
   8.60881805E-03
   8.67462158E-03
   8.69083405E-03
   8.75377655E-03
   8.76331329E-03
   8.96644592E-03
   9.00077820E-03
   9.07421112E-03
   9.12570953E-03
   9.15527344E-03
   9.22298431E-03
   9.23728943E-03
   9.23728943E-03
   9.24682617E-03
   9.50908661E-03
   9.57489014E-03
   9.58442688E-03
   9.61303711E-03
   9.78469849E-03
   9.83047485E-03
   9.86671448E-03
   9.87052917E-03
   9.97829437E-03
   1.00765228E-02
   1.00898743E-02
   1.02748871E-02
   1.03712082E-02
   1.04122162E-02
   1.04351044E-02
   1.05571747E-02
   1.05886459E-02
   1.06658936E-02
   1.07116699E-02
   1.07164383E-02
   1.07584000E-02
   1.11618042E-02
   1.12943649E-02
   1.13687515E-02
   1.13964081E-02
   1.15327835E-02
   1.18379593E-02
   1.19600296E-02
   1.19781494E-02
   1.22222900E-02
   1.22604370E-02
   1.23586655E-02
   1.23815536E-02
   1.25255585E-02
   1.28183365E-02
   1.33199692E-02
   1.33199692E-02
   1.33428574E-02
   1.34305954E-02
   1.42116547E-02
   1.42469406E-02
   1.42707825E-02
   1.43671036E-02
   1.45473480E-02
   1.46131516E-02
   1.48305893E-02
   1.61466599E-02
   1.72777176E-02
   1.78203583E-02
   1.79471970E-02
   1.94110870E-02
   2.31885910E-02
   2.36186981E-02
   2.68487930E-02
   2.73933411E-02
   2.78501511E-02
   2.86092758E-02
   3.00464630E-02
   3.64236832E-02
