#Npts     Radius    Mag      Completeness
#  135 2969.0642  -12.799636 1.000000
# Ierr
  -1.90906525E-02
  -1.68142319E-02
  -1.50728226E-02
  -1.39617920E-02
  -1.32970810E-02
  -1.32293701E-02
  -1.29785538E-02
  -1.14631653E-02
  -1.12085342E-02
  -1.07669830E-02
  -1.07364655E-02
  -1.07364655E-02
  -1.02872849E-02
  -1.02853775E-02
  -9.67788696E-03
  -8.74710083E-03
  -8.59260559E-03
  -8.29982758E-03
  -8.14056396E-03
  -7.90882111E-03
  -7.89642334E-03
  -7.80487061E-03
  -7.79628754E-03
  -7.79628754E-03
  -7.69519806E-03
  -7.63320923E-03
  -7.56740570E-03
  -7.45773315E-03
  -7.38716125E-03
  -7.38334656E-03
  -7.38334656E-03
  -7.28321075E-03
  -7.23648071E-03
  -7.16018677E-03
  -6.89506531E-03
  -6.22558594E-03
  -5.78594208E-03
  -5.74207306E-03
  -5.73444366E-03
  -5.41114807E-03
  -5.22613525E-03
  -5.11932373E-03
  -5.09262085E-03
  -5.01060486E-03
  -4.94956970E-03
  -4.79507446E-03
  -4.79507446E-03
  -4.57859039E-03
  -4.55093384E-03
  -4.35638428E-03
  -4.16183472E-03
  -3.77559662E-03
  -3.61442566E-03
  -3.29494476E-03
  -3.27110291E-03
  -3.13758850E-03
  -3.11279297E-03
  -3.09085846E-03
  -3.02124023E-03
  -3.00502777E-03
  -2.79903412E-03
  -2.74276733E-03
  -2.25734711E-03
  -2.22587585E-03
  -2.21061707E-03
  -2.18486786E-03
  -2.18105316E-03
  -2.10285187E-03
  -2.07042694E-03
  -1.74713135E-03
  -1.50394440E-03
  -1.25885010E-03
  -1.12628937E-03
  -9.75608826E-04
  -7.98225403E-04
  -7.92503357E-04
  -5.12123108E-04
  -3.73840332E-04
  -2.85148621E-04
  -2.59399414E-04
   2.01225281E-04
   2.70843506E-04
   3.63349915E-04
   3.74794006E-04
   4.62532043E-04
   5.74111938E-04
   6.01768494E-04
   7.27653503E-04
   7.87734985E-04
   9.48905945E-04
   1.13201141E-03
   1.20925903E-03
   1.33895874E-03
   1.37329102E-03
   1.71279907E-03
   1.71470642E-03
   1.75476074E-03
   1.77669525E-03
   1.88541412E-03
   1.89781189E-03
   2.18391418E-03
   2.30789185E-03
   2.44998932E-03
   2.51865387E-03
   2.53868103E-03
   2.60448456E-03
   2.84385681E-03
   2.90584564E-03
   2.93254852E-03
   3.18717957E-03
   3.31783295E-03
   3.43227386E-03
   3.52287292E-03
   3.74412537E-03
   3.89671326E-03
   4.43840027E-03
   4.84275818E-03
   6.09779358E-03
   6.21128082E-03
   6.53266907E-03
   7.23648071E-03
   7.31563568E-03
   7.42149353E-03
   7.69615173E-03
   8.11100006E-03
   8.37707520E-03
   8.55064392E-03
   8.74805450E-03
   9.61112976E-03
   9.72938538E-03
   9.76753235E-03
   1.09357834E-02
   1.34849548E-02
   1.37376785E-02
   1.73044205E-02
