#Npts     Radius    Mag      Completeness
#   97  653.1942  -15.011000 1.000000
# Ierr
  -2.95763016E-02
  -2.78902054E-02
  -1.88016891E-02
  -1.81798935E-02
  -1.55906677E-02
  -1.33943558E-02
  -1.20935440E-02
  -1.13477707E-02
  -1.06716156E-02
  -1.03378296E-02
  -8.22830200E-03
  -7.77149200E-03
  -6.68430328E-03
  -6.11972809E-03
  -5.80310822E-03
  -5.57994843E-03
  -5.33962250E-03
  -5.29956818E-03
  -5.18417358E-03
  -4.92382050E-03
  -4.36306000E-03
  -4.06932831E-03
  -3.92246246E-03
  -3.90434265E-03
  -3.67641449E-03
  -3.34358215E-03
  -3.14617157E-03
  -2.95543671E-03
  -2.29835510E-03
  -2.12955475E-03
  -1.85775757E-03
  -1.59263611E-03
  -1.50489807E-03
  -1.47628784E-03
  -1.09386444E-03
  -9.72747803E-04
  -6.19888306E-04
  -3.21388245E-04
   1.57356262E-04
   4.72068787E-04
   4.72068787E-04
   1.29032135E-03
   1.50394440E-03
   1.51252747E-03
   1.52969360E-03
   1.72710419E-03
   1.84154510E-03
   2.06851959E-03
   2.56347656E-03
   2.94494629E-03
   3.31306458E-03
   3.31306458E-03
   3.33023071E-03
   3.73840332E-03
   3.77178192E-03
   3.83567810E-03
   3.87287140E-03
   4.29725647E-03
   4.31156158E-03
   4.53662872E-03
   4.97817993E-03
   5.16414642E-03
   5.19847870E-03
   5.23567200E-03
   5.24044037E-03
   5.87558746E-03
   5.89752197E-03
   5.99098206E-03
   6.26850128E-03
   6.51836395E-03
   6.77394867E-03
   6.96754456E-03
   7.33947754E-03
   7.38239288E-03
   7.41863251E-03
   7.50541687E-03
   7.60555267E-03
   7.63988495E-03
   8.66889954E-03
   8.67748260E-03
   8.80432129E-03
   1.00030899E-02
   1.00574493E-02
   1.02519989E-02
   1.04570389E-02
   1.12009048E-02
   1.13229752E-02
   1.15642548E-02
   1.17225647E-02
   1.25770569E-02
   1.32656097E-02
   1.44071579E-02
   1.64527893E-02
   2.30112076E-02
   2.34231949E-02
   3.13453674E-02
   3.57208252E-02
