#Npts     Radius    Mag      Completeness
#   77 1704.7042  -15.010000 1.000000
# Ierr
  -1.20258331E-02
  -9.77993011E-03
  -9.24301147E-03
  -8.82911682E-03
  -8.24928284E-03
  -7.51686096E-03
  -6.68525696E-03
  -6.59847260E-03
  -6.23512268E-03
  -6.08539581E-03
  -5.46550751E-03
  -5.00297546E-03
  -4.95338440E-03
  -4.94670868E-03
  -4.87232208E-03
  -4.49943542E-03
  -4.48894501E-03
  -4.48608398E-03
  -4.40979004E-03
  -3.98921967E-03
  -3.98540497E-03
  -3.86238098E-03
  -3.80802155E-03
  -3.74412537E-03
  -3.54576111E-03
  -3.46565247E-03
  -3.40652466E-03
  -3.03268433E-03
  -2.94780731E-03
  -2.55584717E-03
  -2.38895416E-03
  -2.35176086E-03
  -2.05612183E-03
  -1.83868408E-03
  -1.61552429E-03
  -1.56879425E-03
  -1.26934052E-03
  -1.20449066E-03
  -1.02710724E-03
  -9.44137573E-04
  -7.89642334E-04
  -7.41958618E-04
  -3.81469727E-04
  -3.21388245E-04
  -2.26974487E-04
   4.13894653E-04
   6.64710999E-04
   7.51495361E-04
   7.86781311E-04
   8.22067261E-04
   1.06143951E-03
   1.11103058E-03
   2.08282471E-03
   2.32791901E-03
   2.71129608E-03
   2.92968750E-03
   3.15189362E-03
   3.33786011E-03
   4.10079956E-03
   4.36878204E-03
   4.50134277E-03
   4.74643707E-03
   4.90570068E-03
   4.95624542E-03
   5.35583496E-03
   5.42259216E-03
   5.79261780E-03
   5.80883026E-03
   5.98907471E-03
   6.33525848E-03
   8.18443298E-03
   8.45241547E-03
   9.72461700E-03
   9.74369049E-03
   1.13582611E-02
   1.34620667E-02
   1.49497986E-02
