#Npts     Radius    Mag      Completeness
#  201  657.9561  -14.236000 1.000000
# Ierr
  -2.04725266E-02
  -1.92050934E-02
  -1.75790787E-02
  -1.67779922E-02
  -1.66244507E-02
  -1.63412094E-02
  -1.43527985E-02
  -1.43489838E-02
  -1.38540268E-02
  -1.36365891E-02
  -1.34344101E-02
  -1.29489899E-02
  -1.24225616E-02
  -1.23863220E-02
  -1.18865967E-02
  -1.17807388E-02
  -1.15823746E-02
  -1.14946365E-02
  -1.12361908E-02
  -1.11961365E-02
  -1.07564926E-02
  -1.06792450E-02
  -1.02720261E-02
  -1.01652145E-02
  -1.01413727E-02
  -1.00440979E-02
  -9.86385345E-03
  -9.78660583E-03
  -9.56344604E-03
  -9.44328308E-03
  -9.36698914E-03
  -9.09709930E-03
  -9.01317596E-03
  -8.78715515E-03
  -8.75759125E-03
  -8.73756409E-03
  -8.60309601E-03
  -8.29505920E-03
  -8.13865662E-03
  -7.57980347E-03
  -7.48825073E-03
  -7.00473785E-03
  -7.00473785E-03
  -6.91509247E-03
  -6.91413879E-03
  -6.87313080E-03
  -6.81304932E-03
  -6.77585602E-03
  -6.51836395E-03
  -6.45256042E-03
  -6.42681122E-03
  -6.30950928E-03
  -6.21986389E-03
  -6.19506836E-03
  -6.14833832E-03
  -5.94806671E-03
  -5.70487976E-03
  -5.61428070E-03
  -5.60665131E-03
  -5.49221039E-03
  -5.48171997E-03
  -5.45024872E-03
  -5.36441803E-03
  -5.33199310E-03
  -5.29193878E-03
  -5.23281097E-03
  -5.15460968E-03
  -5.05256653E-03
  -4.92763519E-03
  -4.90379333E-03
  -4.41932678E-03
  -4.30011749E-03
  -4.27341461E-03
  -4.20379639E-03
  -3.98349762E-03
  -3.93581390E-03
  -3.85665894E-03
  -3.85570526E-03
  -3.79943848E-03
  -3.76319885E-03
  -3.54003906E-03
  -3.43513489E-03
  -3.37982178E-03
  -3.23772430E-03
  -3.19671631E-03
  -3.15284729E-03
  -3.08132172E-03
  -2.95734406E-03
  -2.62260437E-03
  -2.61211395E-03
  -2.58064270E-03
  -2.51674652E-03
  -2.50148773E-03
  -2.49195099E-03
  -2.20203400E-03
  -2.17628479E-03
  -2.08282471E-03
  -2.06470490E-03
  -2.06375122E-03
  -2.01034546E-03
  -1.79576874E-03
  -1.70230865E-03
  -1.67751312E-03
  -1.62315369E-03
  -1.58405304E-03
  -1.57165527E-03
  -1.49059296E-03
  -1.48677826E-03
  -1.40857697E-03
  -1.32942200E-03
  -1.05094910E-03
  -1.03378296E-03
  -9.96589661E-04
  -9.55581665E-04
  -8.10623169E-04
  -7.04765320E-04
  -6.71386719E-04
  -5.99861145E-04
  -5.84602356E-04
  -5.59806824E-04
  -9.44137573E-05
   1.86920166E-04
   3.47137451E-04
   3.94821167E-04
   4.23431396E-04
   4.46319580E-04
   4.74929810E-04
   6.19888306E-04
   1.08051300E-03
   1.19400024E-03
   1.32846832E-03
   1.40666962E-03
   1.50203705E-03
   1.56497955E-03
   1.61647797E-03
   1.63745880E-03
   1.90544128E-03
   1.95503235E-03
   2.14195251E-03
   2.44426727E-03
   2.54917145E-03
   2.60066986E-03
   2.68077850E-03
   2.73036957E-03
   2.85625458E-03
   2.94399261E-03
   3.23486328E-03
   3.58581543E-03
   3.60870361E-03
   3.61061096E-03
   3.62491608E-03
   3.71932983E-03
   3.80611420E-03
   3.95393372E-03
   4.28104401E-03
   4.52613831E-03
   4.81510162E-03
   5.33008575E-03
   5.33008575E-03
   5.39875031E-03
   5.63240051E-03
   5.82122803E-03
   5.82408905E-03
   5.88321686E-03
   5.97858429E-03
   6.05869293E-03
   6.28566742E-03
   6.40678406E-03
   7.09152222E-03
   7.25936890E-03
   7.44628906E-03
   7.78388977E-03
   8.09192657E-03
   8.49437714E-03
   8.60404968E-03
   8.78143311E-03
   9.71889496E-03
   9.74845886E-03
   9.85431671E-03
   9.89341736E-03
   1.02348328E-02
   1.02519989E-02
   1.04560852E-02
   1.06449127E-02
   1.07650757E-02
   1.22852325E-02
   1.23109818E-02
   1.31120682E-02
   1.31988525E-02
   1.32541656E-02
   1.50756836E-02
   1.51472092E-02
   1.54018402E-02
   1.56002045E-02
   1.65681839E-02
   1.72252655E-02
   2.13270187E-02
   2.37588882E-02
   2.92711258E-02
   2.94933319E-02
   3.05786133E-02
