#Npts     Radius    Mag      Completeness
#  227 1914.0538  -13.462000 1.000000
# Ierr
  -3.30286026E-02
  -3.23095322E-02
  -1.93443298E-02
  -1.73854828E-02
  -1.62715912E-02
  -1.53703690E-02
  -1.42183304E-02
  -1.31359100E-02
  -1.23205185E-02
  -1.17712021E-02
  -1.02767944E-02
  -9.80663300E-03
  -9.30595398E-03
  -8.93592834E-03
  -8.84342194E-03
  -8.80432129E-03
  -7.30895996E-03
  -7.29656219E-03
  -6.91127777E-03
  -6.79397583E-03
  -6.75582886E-03
  -6.63757324E-03
  -6.53362274E-03
  -5.32054901E-03
  -5.25093079E-03
  -4.86087799E-03
  -4.58049774E-03
  -4.38022614E-03
  -4.36210632E-03
  -4.27818298E-03
  -3.76796722E-03
  -3.42082977E-03
  -3.39031219E-03
  -3.37696075E-03
  -3.29399109E-03
  -3.04031372E-03
  -2.84194946E-03
  -2.81906128E-03
  -2.81810760E-03
  -2.71987915E-03
  -2.22587585E-03
  -1.87110901E-03
  -1.84249878E-03
  -1.81674957E-03
  -1.81484222E-03
  -1.31988525E-03
  -1.20067596E-03
  -1.05571747E-03
  -9.72747803E-04
  -8.93592834E-04
  -8.52584839E-04
  -8.44955444E-04
  -8.36372375E-04
  -8.12530518E-04
  -7.82966614E-04
  -7.82012939E-04
  -7.61032104E-04
  -7.36236572E-04
  -4.49180603E-04
  -3.48091125E-04
  -1.33514404E-04
   1.18255615E-04
   1.21116638E-04
   1.37329102E-04
   1.57356262E-04
   1.63078308E-04
   1.78337097E-04
   2.02178955E-04
   2.08854675E-04
   2.17437744E-04
   2.41279602E-04
   2.44140625E-04
   3.11851501E-04
   6.06536865E-04
   6.13212585E-04
   6.78062439E-04
   9.18388367E-04
   1.11007690E-03
   1.13677979E-03
   1.23882294E-03
   1.24454498E-03
   1.36089325E-03
   1.38950348E-03
   1.47056580E-03
   1.47056580E-03
   1.61266327E-03
   1.62220001E-03
   1.68800354E-03
   1.72710419E-03
   1.75762177E-03
   1.77383423E-03
   1.90258026E-03
   1.91879272E-03
   2.11238861E-03
   2.16007233E-03
   2.18677521E-03
   2.19249725E-03
   2.26688385E-03
   2.46524811E-03
   2.59876251E-03
   2.60639191E-03
   2.62546539E-03
   2.64835358E-03
   2.66933441E-03
   2.67982483E-03
   2.71034241E-03
   2.74276733E-03
   2.74658203E-03
   2.76947021E-03
   2.83050537E-03
   2.85148621E-03
   2.88009644E-03
   3.02219391E-03
   3.14903259E-03
   3.17287445E-03
   3.18622589E-03
   3.23200226E-03
   3.27491760E-03
   3.35121155E-03
   3.43608856E-03
   3.45420837E-03
   3.55911255E-03
   3.61633301E-03
   3.66878510E-03
   3.69071960E-03
   3.71932983E-03
   3.77368927E-03
   3.85093689E-03
   4.14276123E-03
   4.19235229E-03
   4.19521332E-03
   4.23812866E-03
   4.27436829E-03
   4.37927246E-03
   4.63390350E-03
   4.64534760E-03
   4.66728210E-03
   4.67777252E-03
   4.68730927E-03
   4.73594666E-03
   4.77409363E-03
   4.90283966E-03
   5.02204895E-03
   5.13076782E-03
   5.15174866E-03
   5.15651703E-03
   5.19275665E-03
   5.22232056E-03
   5.34152985E-03
   5.43403625E-03
   5.61809540E-03
   5.62953949E-03
   5.65338135E-03
   5.66005707E-03
   5.66005707E-03
   5.68580627E-03
   5.68580627E-03
   5.69057465E-03
   5.77545166E-03
   5.82027435E-03
   5.82027435E-03
   5.98526001E-03
   6.10351562E-03
   6.11019135E-03
   6.13212585E-03
   6.13212585E-03
   6.13403320E-03
   6.14261627E-03
   6.14452362E-03
   6.14547729E-03
   6.18743896E-03
   6.19029999E-03
   6.19888306E-03
   6.21223450E-03
   6.24275208E-03
   6.38866425E-03
   6.40678406E-03
   6.41822815E-03
   6.60419464E-03
   6.63948059E-03
   6.68048859E-03
   6.68525696E-03
   6.70814514E-03
   6.70909882E-03
   6.75678253E-03
   6.82926178E-03
   7.13443756E-03
   7.13443756E-03
   7.15541840E-03
   7.18593597E-03
   7.42626190E-03
   7.64274597E-03
   7.65323639E-03
   7.70378113E-03
   7.71617889E-03
   7.86113739E-03
   7.88688660E-03
   7.94887543E-03
   8.08715820E-03
   8.10337067E-03
   8.13865662E-03
   8.16822052E-03
   8.20350647E-03
   8.22162628E-03
   8.23211670E-03
   8.25691223E-03
   8.64982605E-03
   8.66222382E-03
   8.68988037E-03
   8.72802734E-03
   8.82530212E-03
   8.95977020E-03
   8.98361206E-03
   9.16481018E-03
   9.35077667E-03
   9.78374481E-03
   1.05676651E-02
   1.05962753E-02
   1.06163025E-02
   1.06391907E-02
   1.07231140E-02
   1.07421875E-02
   1.08213425E-02
   1.09186172E-02
   1.16033554E-02
   1.30929947E-02
   1.42049789E-02
