#Npts     Radius    Mag      Completeness
#  202 1484.5321  -12.799636 1.000000
# Ierr
  -2.28576660E-02
  -1.77402496E-02
  -1.70154572E-02
  -1.60417557E-02
  -1.51605606E-02
  -1.43728256E-02
  -1.43089294E-02
  -1.42402649E-02
  -1.40647888E-02
  -1.38015747E-02
  -1.36184692E-02
  -1.33781433E-02
  -1.29194260E-02
  -1.27792358E-02
  -1.27706528E-02
  -1.16710663E-02
  -1.13925934E-02
  -1.09949112E-02
  -1.06420517E-02
  -1.03054047E-02
  -1.02853775E-02
  -1.02720261E-02
  -1.00736618E-02
  -9.95731354E-03
  -9.79137421E-03
  -9.40132141E-03
  -9.29546356E-03
  -9.28401947E-03
  -9.14859772E-03
  -8.81290436E-03
  -8.76903534E-03
  -8.72230530E-03
  -8.72230530E-03
  -8.63742828E-03
  -8.54301453E-03
  -8.25214386E-03
  -7.92312622E-03
  -7.80010223E-03
  -7.29942322E-03
  -7.23075867E-03
  -7.22217560E-03
  -7.07912445E-03
  -7.01713562E-03
  -6.81018829E-03
  -6.69288635E-03
  -6.62326813E-03
  -6.47735596E-03
  -6.46972656E-03
  -6.40583038E-03
  -6.37245178E-03
  -6.31046295E-03
  -6.25610352E-03
  -6.19602203E-03
  -6.07013702E-03
  -6.03294373E-03
  -5.69248199E-03
  -5.55801392E-03
  -5.53894043E-03
  -5.22899628E-03
  -5.09071350E-03
  -5.00488281E-03
  -4.95624542E-03
  -4.81033325E-03
  -4.79412079E-03
  -4.73690033E-03
  -4.65393066E-03
  -4.62341309E-03
  -4.51278687E-03
  -4.44602966E-03
  -4.39929962E-03
  -4.17518616E-03
  -4.09984589E-03
  -4.09126282E-03
  -3.95298004E-03
  -3.77941132E-03
  -3.76415253E-03
  -3.76415253E-03
  -3.67832184E-03
  -3.66973877E-03
  -3.60393524E-03
  -3.59058380E-03
  -3.50666046E-03
  -3.36265564E-03
  -3.29113007E-03
  -3.27396393E-03
  -3.24249268E-03
  -3.07083130E-03
  -2.96020508E-03
  -2.86483765E-03
  -2.85243988E-03
  -2.72655487E-03
  -2.69317627E-03
  -2.62451172E-03
  -2.29930878E-03
  -2.29167938E-03
  -2.26593018E-03
  -2.25734711E-03
  -1.88159943E-03
  -1.83582306E-03
  -1.79481506E-03
  -1.79290771E-03
  -1.73759460E-03
  -1.64508820E-03
  -1.60312653E-03
  -1.43337250E-03
  -1.29699707E-03
  -1.23882294E-03
  -1.19781494E-03
  -1.13201141E-03
  -1.01184845E-03
  -8.52584839E-04
  -7.97271729E-04
  -6.68525696E-04
  -6.43730164E-04
  -5.78880310E-04
  -2.91824341E-04
  -2.90870667E-04
  -2.68936157E-04
  -1.74522400E-04
   3.91006470E-05
   2.13623047E-04
   3.86238098E-04
   4.60624695E-04
   5.00679016E-04
   5.62667847E-04
   7.27653503E-04
   7.38143921E-04
   7.52449036E-04
   8.44955444E-04
   1.10912323E-03
   1.10912323E-03
   1.16443634E-03
   1.20258331E-03
   1.20830536E-03
   1.24454498E-03
   1.25026703E-03
   1.27696991E-03
   1.33419037E-03
   1.35707855E-03
   1.44672394E-03
   1.54209137E-03
   1.61075592E-03
   1.70326233E-03
   1.72615051E-03
   1.82819366E-03
   1.90067291E-03
   1.91593170E-03
   1.97219849E-03
   2.02465057E-03
   2.06565857E-03
   2.08282471E-03
   2.12669373E-03
   2.20108032E-03
   2.25448608E-03
   2.28500366E-03
   2.30216980E-03
   2.37941742E-03
   2.60829926E-03
   3.06892395E-03
   3.23486328E-03
   3.24440002E-03
   3.30543518E-03
   3.36551666E-03
   3.52191925E-03
   3.70407104E-03
   3.89575958E-03
   3.99398804E-03
   4.20093536E-03
   4.24385071E-03
   4.28104401E-03
   4.31442261E-03
   4.32491302E-03
   4.43267822E-03
   4.72831726E-03
   4.78076935E-03
   5.08403778E-03
   5.10311127E-03
   5.20420074E-03
   5.27095795E-03
   5.36918640E-03
   5.57518005E-03
   5.70487976E-03
   5.77640533E-03
   6.02912903E-03
   6.73580170E-03
   6.74152374E-03
   6.76250458E-03
   6.79206848E-03
   8.17775726E-03
   8.20636749E-03
   8.21685791E-03
   9.19628143E-03
   9.25445557E-03
   9.87720490E-03
   9.88960266E-03
   1.09052658E-02
   1.12304688E-02
   1.43909454E-02
   1.48239136E-02
   1.54180527E-02
   2.87008286E-02
   3.51505280E-02
