#Npts     Radius    Mag      Completeness
#  372 1286.0050  -13.462000 1.000000
# Ierr
  -3.79819870E-02
  -3.33423615E-02
  -3.27043533E-02
  -2.02960968E-02
  -1.93786621E-02
  -1.93014145E-02
  -1.77946091E-02
  -1.77764893E-02
  -1.73854828E-02
  -1.73139572E-02
  -1.66263580E-02
  -1.51996613E-02
  -1.48782730E-02
  -1.44357681E-02
  -1.28040314E-02
  -1.27248764E-02
  -1.26686096E-02
  -1.20983124E-02
  -1.20983124E-02
  -1.18217468E-02
  -1.11999512E-02
  -1.08833313E-02
  -1.07936859E-02
  -1.07622147E-02
  -1.03635788E-02
  -1.03607178E-02
  -1.01327896E-02
  -9.80472565E-03
  -9.64260101E-03
  -9.36031342E-03
  -8.80432129E-03
  -8.34846497E-03
  -8.30173492E-03
  -7.78388977E-03
  -7.37476349E-03
  -7.35473633E-03
  -6.86073303E-03
  -6.79683685E-03
  -6.70719147E-03
  -6.40964508E-03
  -6.29138947E-03
  -6.20651245E-03
  -6.05297089E-03
  -5.95664978E-03
  -5.39684296E-03
  -5.39112091E-03
  -5.37776947E-03
  -5.37490845E-03
  -5.30719757E-03
  -5.24806976E-03
  -4.84561920E-03
  -4.83322144E-03
  -4.82749939E-03
  -4.79698181E-03
  -4.75692749E-03
  -4.75597382E-03
  -4.61196899E-03
  -3.89194489E-03
  -3.88908386E-03
  -3.88145447E-03
  -3.87382507E-03
  -3.81660461E-03
  -3.78608704E-03
  -3.77655029E-03
  -3.64303589E-03
  -3.55529785E-03
  -3.42082977E-03
  -3.38649750E-03
  -3.37886810E-03
  -3.36647034E-03
  -3.35693359E-03
  -3.33786011E-03
  -3.32641602E-03
  -3.30734253E-03
  -3.25870514E-03
  -3.21960449E-03
  -3.15284729E-03
  -2.85434723E-03
  -2.82669067E-03
  -2.81906128E-03
  -2.59685516E-03
  -2.52437592E-03
  -2.51388550E-03
  -2.43949890E-03
  -2.39181519E-03
  -2.37560272E-03
  -2.37083435E-03
  -2.34508514E-03
  -2.34413147E-03
  -2.31647491E-03
  -2.29835510E-03
  -2.26879120E-03
  -2.24113464E-03
  -2.23827362E-03
  -2.21061707E-03
  -2.12287903E-03
  -2.11715698E-03
  -1.87683105E-03
  -1.85680389E-03
  -1.85298920E-03
  -1.82151794E-03
  -1.78909302E-03
  -1.71947479E-03
  -1.67655945E-03
  -1.61266327E-03
  -1.53446198E-03
  -1.39522552E-03
  -1.37519836E-03
  -1.23310089E-03
  -1.23119354E-03
  -1.22356415E-03
  -1.21402740E-03
  -1.16920471E-03
  -1.12724304E-03
  -1.10244751E-03
  -9.83238220E-04
  -8.70704651E-04
  -8.63075256E-04
  -8.53538513E-04
  -8.26835632E-04
  -8.24928284E-04
  -8.22067261E-04
  -8.17298889E-04
  -8.03947449E-04
  -7.96318054E-04
  -7.80105591E-04
  -7.70568848E-04
  -7.04765320E-04
  -5.39779663E-04
  -3.68118286E-04
  -3.57627869E-04
  -3.30924988E-04
  -3.17573547E-04
  -3.08990479E-04
  -2.78472900E-04
  -2.26020813E-04
  -1.85012817E-04
  -1.48773193E-04
  -8.29696655E-05
   9.82284546E-05
   1.19209290E-04
   1.29699707E-04
   1.32560730E-04
   1.53541565E-04
   1.72615051E-04
   1.96456909E-04
   2.00271606E-04
   2.03132629E-04
   2.39372253E-04
   2.41279602E-04
   2.86102295E-04
   4.23431396E-04
   4.91142273E-04
   5.11169434E-04
   6.04629517E-04
   6.18934631E-04
   6.18934631E-04
   6.28471375E-04
   6.46591187E-04
   6.58035278E-04
   7.01904297E-04
   7.10487366E-04
   7.26699829E-04
   7.52449036E-04
   7.53402710E-04
   7.53402710E-04
   8.03947449E-04
   8.57353210E-04
   1.00612640E-03
   1.13391876E-03
   1.15108490E-03
   1.15489960E-03
   1.16920471E-03
   1.19590759E-03
   1.23119354E-03
   1.32369995E-03
   1.37233734E-03
   1.60408020E-03
   1.61933899E-03
   1.63745880E-03
   1.74427032E-03
   1.75189972E-03
   1.75380707E-03
   1.76715851E-03
   1.77383423E-03
   1.80530548E-03
   1.81388855E-03
   1.93881989E-03
   1.93881989E-03
   1.95503235E-03
   1.98554993E-03
   2.10762024E-03
   2.10857391E-03
   2.11143494E-03
   2.11429596E-03
   2.13336945E-03
   2.15148926E-03
   2.19249725E-03
   2.19821930E-03
   2.22301483E-03
   2.32028961E-03
   2.37178802E-03
   2.41279602E-03
   2.41661072E-03
   2.53200531E-03
   2.60543823E-03
   2.60543823E-03
   2.68268585E-03
   2.72655487E-03
   2.73799896E-03
   2.77614594E-03
   2.96497345E-03
   2.96974182E-03
   2.98500061E-03
   3.10325623E-03
   3.14712524E-03
   3.17001343E-03
   3.18813324E-03
   3.22151184E-03
   3.26728821E-03
   3.26824188E-03
   3.27682495E-03
   3.37982178E-03
   3.46469879E-03
   3.60202789E-03
   3.60393524E-03
   3.62491608E-03
   3.62491608E-03
   3.62586975E-03
   3.62777710E-03
   3.62968445E-03
   3.63063812E-03
   3.66306305E-03
   3.66592407E-03
   3.67259979E-03
   3.67546082E-03
   3.67736816E-03
   3.68309021E-03
   3.68595123E-03
   3.69548798E-03
   3.72600555E-03
   3.73935699E-03
   3.74889374E-03
   3.84140015E-03
   3.89289856E-03
   4.12559509E-03
   4.14657593E-03
   4.20665741E-03
   4.21237946E-03
   4.23145294E-03
   4.26387787E-03
   4.32300568E-03
   4.41646576E-03
   4.61673737E-03
   4.62150574E-03
   4.62436676E-03
   4.64248657E-03
   4.64534760E-03
   4.67014313E-03
   4.71019745E-03
   4.74739075E-03
   4.77695465E-03
   4.86183167E-03
   4.90283966E-03
   4.98485565E-03
   5.10120392E-03
   5.12218475E-03
   5.12599945E-03
   5.12695312E-03
   5.13458252E-03
   5.14221191E-03
   5.15747070E-03
   5.15747070E-03
   5.17177582E-03
   5.21183014E-03
   5.22232056E-03
   5.27477264E-03
   5.35678864E-03
   5.49602509E-03
   5.57804108E-03
   5.64956665E-03
   5.66005707E-03
   5.66673279E-03
   5.67245483E-03
   5.67531586E-03
   5.68008423E-03
   5.68199158E-03
   5.69248199E-03
   5.73444366E-03
   5.80310822E-03
   5.82981110E-03
   5.83267212E-03
   5.88226318E-03
   5.91278076E-03
   6.11019135E-03
   6.12163544E-03
   6.13307953E-03
   6.13594055E-03
   6.14452362E-03
   6.14738464E-03
   6.16455078E-03
   6.17027283E-03
   6.19029999E-03
   6.19506836E-03
   6.21223450E-03
   6.26182556E-03
   6.26659393E-03
   6.31523132E-03
   6.34098053E-03
   6.37626648E-03
   6.41250610E-03
   6.42585754E-03
   6.44874573E-03
   6.61182404E-03
   6.61373138E-03
   6.63661957E-03
   6.64710999E-03
   6.67762756E-03
   6.69288635E-03
   6.72245026E-03
   6.78920746E-03
   6.90269470E-03
   6.98089600E-03
   7.14969635E-03
   7.16304779E-03
   7.17926025E-03
   7.22789764E-03
   7.26699829E-03
   7.28225708E-03
   7.38239288E-03
   7.43389130E-03
   7.46440887E-03
   7.59696960E-03
   7.64083862E-03
   7.65228271E-03
   7.65514374E-03
   7.65991211E-03
   7.66086578E-03
   7.66849518E-03
   7.67040253E-03
   7.75718689E-03
   7.78770447E-03
   7.89833069E-03
   7.94887543E-03
   8.04996490E-03
   8.13198090E-03
   8.15963745E-03
   8.18157196E-03
   8.28266144E-03
   8.59832764E-03
   8.59832764E-03
   8.59928131E-03
   8.63647461E-03
   8.64219666E-03
   8.64505768E-03
   8.77380371E-03
   8.95595551E-03
   9.12761688E-03
   9.20581818E-03
   9.21630859E-03
   9.22107697E-03
   9.32979584E-03
   9.67121124E-03
   9.74369049E-03
   9.76181030E-03
   1.01470947E-02
   1.03597641E-02
   1.04064941E-02
   1.26419067E-02
   1.27029419E-02
   1.45292282E-02
   2.12793350E-02
