#Npts     Radius    Mag      Completeness
#  246  445.3596  -13.747363 1.000000
# Ierr
  -2.57759094E-02
  -1.87082291E-02
  -1.82352066E-02
  -1.81627274E-02
  -1.79042816E-02
  -1.75218582E-02
  -1.62286758E-02
  -1.57079697E-02
  -1.46627426E-02
  -1.44557953E-02
  -1.43651962E-02
  -1.29766464E-02
  -1.27820969E-02
  -1.20277405E-02
  -1.13611221E-02
  -1.13515854E-02
  -1.09386444E-02
  -9.97829437E-03
  -9.82856750E-03
  -9.55390930E-03
  -9.48524475E-03
  -9.48047638E-03
  -9.18579102E-03
  -7.89928436E-03
  -7.83538818E-03
  -7.47108459E-03
  -7.20310211E-03
  -7.18784332E-03
  -6.63471222E-03
  -6.48498535E-03
  -6.16645813E-03
  -6.00051880E-03
  -5.99002838E-03
  -5.47695160E-03
  -5.20992279E-03
  -4.82273102E-03
  -4.59384918E-03
  -4.57096100E-03
  -4.49180603E-03
  -4.39453125E-03
  -4.38404083E-03
  -4.18853760E-03
  -3.81946564E-03
  -3.79085541E-03
  -3.70121002E-03
  -3.59821320E-03
  -3.47137451E-03
  -3.25107574E-03
  -3.03840637E-03
  -3.01933289E-03
  -2.71320343E-03
  -2.68650055E-03
  -2.59590149E-03
  -2.48336792E-03
  -2.42328644E-03
  -2.17533112E-03
  -2.07614899E-03
  -2.02846527E-03
  -2.01511383E-03
  -1.90258026E-03
  -1.89876556E-03
  -1.88159943E-03
  -1.78146362E-03
  -1.75952911E-03
  -1.75571442E-03
  -1.70993805E-03
  -1.65462494E-03
  -1.64699554E-03
  -1.55544281E-03
  -1.50680542E-03
  -1.50108337E-03
  -1.48487091E-03
  -1.29985809E-03
  -1.28936768E-03
  -1.19113922E-03
  -1.02710724E-03
  -9.48905945E-04
  -9.31739807E-04
  -9.26017761E-04
  -8.28742981E-04
  -7.66754150E-04
  -5.83648682E-04
  -5.34057617E-04
  -4.15802002E-04
  -4.01496887E-04
  -3.08036804E-04
  -1.72615051E-04
  -1.66893005E-04
  -1.36375427E-04
  -9.34600830E-05
   1.30653381E-04
   1.56402588E-04
   1.89781189E-04
   1.94549561E-04
   2.57492065E-04
   2.98500061E-04
   3.13758850E-04
   6.09397888E-04
   8.52584839E-04
   9.25064087E-04
   9.98497009E-04
   1.08528137E-03
   1.25217438E-03
   1.27696991E-03
   1.30271912E-03
   1.41239166E-03
   1.41334534E-03
   1.45149231E-03
   1.49917603E-03
   1.57070160E-03
   1.66988373E-03
   1.71566010E-03
   1.72615051E-03
   1.76715851E-03
   1.76715851E-03
   1.87301636E-03
   2.00176239E-03
   2.05039978E-03
   2.40325928E-03
   2.54058838E-03
   2.72846222E-03
   2.82573700E-03
   2.99167633E-03
   3.09467316E-03
   3.34072113E-03
   3.37028503E-03
   3.42369080E-03
   3.55243683E-03
   3.78036499E-03
   3.83281708E-03
   3.86619568E-03
   4.03213501E-03
   4.17613983E-03
   4.22000885E-03
   4.41074371E-03
   4.50038910E-03
   4.52041626E-03
   4.66156006E-03
   4.71496582E-03
   4.72545624E-03
   4.78267670E-03
   4.78458405E-03
   4.97817993E-03
   5.00965118E-03
   5.06019592E-03
   5.13744354E-03
   5.15174866E-03
   5.34057617E-03
   5.37490845E-03
   5.39398193E-03
   5.53894043E-03
   5.63335419E-03
   6.25133514E-03
   6.43444061E-03
   6.50882721E-03
   6.54697418E-03
   6.57176971E-03
   6.75678253E-03
   6.87980652E-03
   7.14015961E-03
   7.17258453E-03
   7.22694397E-03
   7.22980499E-03
   7.23457336E-03
   7.48538971E-03
   7.72762299E-03
   7.83252716E-03
   7.89260864E-03
   8.29410553E-03
   8.44860077E-03
   8.53252411E-03
   8.55159760E-03
   8.59642029E-03
   8.59832764E-03
   8.61835480E-03
   8.77666473E-03
   8.80146027E-03
   9.10091400E-03
   9.14192200E-03
   9.17720795E-03
   9.24968719E-03
   9.28878784E-03
   9.48238373E-03
   9.78851318E-03
   9.88769531E-03
   1.00774765E-02
   1.01709366E-02
   1.02806091E-02
   1.05857849E-02
   1.08127594E-02
   1.09653473E-02
   1.11408234E-02
   1.16262436E-02
   1.16271973E-02
   1.21755600E-02
   1.27286911E-02
   1.31864548E-02
   1.32265091E-02
   1.33619308E-02
   1.34954453E-02
   1.35126114E-02
   1.35126114E-02
   1.36718750E-02
   1.38168335E-02
   1.43747330E-02
   1.44176483E-02
   1.45816803E-02
   1.49278641E-02
   1.50938034E-02
   1.52530670E-02
   1.53350830E-02
   1.55715942E-02
   1.65090561E-02
   1.66692734E-02
   1.66730881E-02
   1.70059204E-02
   1.70316696E-02
   1.77373886E-02
   1.78232193E-02
   1.79624557E-02
   1.79777145E-02
   1.80721283E-02
   1.83696747E-02
   1.87072754E-02
   1.97792053E-02
   2.27413177E-02
   2.28242874E-02
   2.29549408E-02
   2.30293274E-02
   2.31781006E-02
   2.34279633E-02
   2.35862732E-02
   2.40945816E-02
   2.41298676E-02
   2.41718292E-02
   2.43244171E-02
   2.43844986E-02
   2.51207352E-02
   2.62174606E-02
   2.69393921E-02
   2.73294449E-02
   2.80475616E-02
   2.84557343E-02
   2.87723541E-02
   2.89888382E-02
   3.13110352E-02
