#Npts     Radius    Mag      Completeness
#  222 1900.2010  -12.483727 1.000000
# Ierr
  -3.13329697E-02
  -2.68974304E-02
  -2.63910294E-02
  -2.38409042E-02
  -1.91364288E-02
  -1.89990997E-02
  -1.78728104E-02
  -1.69639587E-02
  -1.61123276E-02
  -1.51205063E-02
  -1.40533447E-02
  -1.37996674E-02
  -1.24406815E-02
  -1.19905472E-02
  -1.19819641E-02
  -1.16519928E-02
  -1.15766525E-02
  -1.11331940E-02
  -1.07555389E-02
  -1.06420517E-02
  -1.06115341E-02
  -1.02128983E-02
  -1.00879669E-02
  -9.77706909E-03
  -9.71031189E-03
  -9.69028473E-03
  -9.65881348E-03
  -9.46521759E-03
  -9.31262970E-03
  -9.17911530E-03
  -9.05609131E-03
  -8.97312164E-03
  -8.44478607E-03
  -8.31794739E-03
  -8.25881958E-03
  -8.13484192E-03
  -8.04805756E-03
  -8.03756714E-03
  -7.97271729E-03
  -7.96699524E-03
  -7.95745850E-03
  -7.88116455E-03
  -7.82966614E-03
  -7.78102875E-03
  -7.71141052E-03
  -7.67230988E-03
  -7.65514374E-03
  -7.65419006E-03
  -7.55119324E-03
  -7.48538971E-03
  -7.48538971E-03
  -7.46250153E-03
  -7.44628906E-03
  -7.36236572E-03
  -7.31849670E-03
  -6.99234009E-03
  -6.94656372E-03
  -6.84165955E-03
  -6.75964355E-03
  -6.65569305E-03
  -6.40392303E-03
  -6.38008118E-03
  -5.94615936E-03
  -5.91850281E-03
  -5.90133667E-03
  -5.86223602E-03
  -5.63812256E-03
  -5.63812256E-03
  -5.61332703E-03
  -5.53703308E-03
  -5.49888611E-03
  -5.40256500E-03
  -5.38825989E-03
  -5.32627106E-03
  -5.28240204E-03
  -5.23185730E-03
  -4.98867035E-03
  -4.96768951E-03
  -4.96196747E-03
  -4.92954254E-03
  -4.84657288E-03
  -4.71496582E-03
  -4.63962555E-03
  -4.53758240E-03
  -4.48799133E-03
  -4.46224213E-03
  -4.28485870E-03
  -4.23049927E-03
  -4.21524048E-03
  -4.06455994E-03
  -3.97300720E-03
  -3.92532349E-03
  -3.41320038E-03
  -3.37982178E-03
  -3.24058533E-03
  -3.20339203E-03
  -3.14140320E-03
  -3.03077698E-03
  -2.88295746E-03
  -2.80857086E-03
  -2.79521942E-03
  -2.79521942E-03
  -2.71320343E-03
  -2.70462036E-03
  -2.68745422E-03
  -2.67505646E-03
  -2.65789032E-03
  -2.37178802E-03
  -2.27832794E-03
  -2.26116180E-03
  -2.11048126E-03
  -2.05135345E-03
  -2.02846527E-03
  -2.00366974E-03
  -1.82151794E-03
  -1.79004669E-03
  -1.74236298E-03
  -1.66797638E-03
  -1.65843964E-03
  -1.65176392E-03
  -1.61838531E-03
  -1.57546997E-03
  -1.40762329E-03
  -1.32656097E-03
  -1.27220154E-03
  -1.21784210E-03
  -1.21498108E-03
  -1.12724304E-03
  -1.10816956E-03
  -8.82148743E-04
  -5.20706177E-04
  -5.03540039E-04
  -4.47273254E-04
  -4.23431396E-04
  -3.15666199E-04
  -2.15530396E-04
  -1.96456909E-04
  -9.25064087E-05
  -5.34057617E-05
   3.52859497E-05
   5.72204590E-05
   2.37464905E-04
   3.92913818E-04
   5.90324402E-04
   7.00950623E-04
   7.03811646E-04
   8.25881958E-04
   8.71658325E-04
   8.95500183E-04
   9.93728638E-04
   1.02329254E-03
   1.06906891E-03
   1.09672546E-03
   1.13296509E-03
   1.18637085E-03
   1.19686127E-03
   1.24073029E-03
   1.33323669E-03
   1.54495239E-03
   1.56688690E-03
   1.56784058E-03
   1.58405304E-03
   1.69658661E-03
   1.94549561E-03
   2.09045410E-03
   2.11143494E-03
   2.15339661E-03
   2.18582153E-03
   2.22492218E-03
   2.23159790E-03
   2.26020813E-03
   2.28500366E-03
   2.39658356E-03
   2.57587433E-03
   2.72274017E-03
   2.80570984E-03
   2.85911560E-03
   2.87914276E-03
   2.93731689E-03
   3.06510925E-03
   3.06510925E-03
   3.28159332E-03
   3.31401825E-03
   3.45611572E-03
   3.61347198E-03
   3.65161896E-03
   3.69358063E-03
   4.07505035E-03
   4.11128998E-03
   4.17613983E-03
   4.41169739E-03
   4.64725494E-03
   4.71401215E-03
   4.79888916E-03
   4.90856171E-03
   5.09929657E-03
   5.33771515E-03
   5.79929352E-03
   6.01577759E-03
   6.32381439E-03
   6.39724731E-03
   6.40773773E-03
   6.40773773E-03
   6.77108765E-03
   7.00950623E-03
   7.22026825E-03
   7.29656219E-03
   7.54833221E-03
   7.67803192E-03
   7.82775879E-03
   7.92312622E-03
   8.24260712E-03
   8.63647461E-03
   8.83483887E-03
   9.57775116E-03
   9.81903076E-03
   1.07927322E-02
   1.07927322E-02
   1.18112564E-02
   1.20277405E-02
   1.85480118E-02
   2.83937454E-02
