#Npts     Radius    Mag      Completeness
#  823  448.6064  -13.720000 1.000000
# Ierr
  -3.91044617E-02
  -3.50494385E-02
  -3.49245071E-02
  -3.31926346E-02
  -3.30562592E-02
  -3.18880081E-02
  -3.16896439E-02
  -3.14941406E-02
  -3.12833786E-02
  -3.02448273E-02
  -3.01246643E-02
  -2.98948288E-02
  -2.94294357E-02
  -2.90145874E-02
  -2.88639069E-02
  -2.84547806E-02
  -2.80885696E-02
  -2.78482437E-02
  -2.77299881E-02
  -2.76794434E-02
  -2.73056030E-02
  -2.71196365E-02
  -2.71091461E-02
  -2.68135071E-02
  -2.67295837E-02
  -2.63643265E-02
  -2.63175964E-02
  -2.63099670E-02
  -2.59790421E-02
  -2.58884430E-02
  -2.58655548E-02
  -2.57940292E-02
  -2.53705978E-02
  -2.52790451E-02
  -2.51073837E-02
  -2.49290466E-02
  -2.44321823E-02
  -2.43825912E-02
  -2.40097046E-02
  -2.38151550E-02
  -2.37379074E-02
  -2.36339569E-02
  -2.33240128E-02
  -2.32992172E-02
  -2.32391357E-02
  -2.27661133E-02
  -2.25610733E-02
  -2.25362778E-02
  -2.25286484E-02
  -2.24533081E-02
  -2.24304199E-02
  -2.19936371E-02
  -2.19898224E-02
  -2.18868256E-02
  -2.13241577E-02
  -2.12039948E-02
  -2.11000443E-02
  -2.09178925E-02
  -2.06832886E-02
  -2.05602646E-02
  -2.03056335E-02
  -2.01520920E-02
  -2.00996399E-02
  -1.99785233E-02
  -1.98812485E-02
  -1.98411942E-02
  -1.92384720E-02
  -1.91726685E-02
  -1.87206268E-02
  -1.86214447E-02
  -1.84707642E-02
  -1.84354782E-02
  -1.78060532E-02
  -1.77402496E-02
  -1.75943375E-02
  -1.75838470E-02
  -1.74474716E-02
  -1.72824860E-02
  -1.70755386E-02
  -1.69963837E-02
  -1.68027878E-02
  -1.67980194E-02
  -1.67169571E-02
  -1.67036057E-02
  -1.64842606E-02
  -1.64213181E-02
  -1.61809921E-02
  -1.60999298E-02
  -1.60942078E-02
  -1.59406662E-02
  -1.57909393E-02
  -1.57804489E-02
  -1.57642365E-02
  -1.55916214E-02
  -1.53255463E-02
  -1.53150558E-02
  -1.52597427E-02
  -1.50756836E-02
  -1.49850845E-02
  -1.49850845E-02
  -1.49030685E-02
  -1.47943497E-02
  -1.47409439E-02
  -1.41344070E-02
  -1.41115189E-02
  -1.40991211E-02
  -1.40094757E-02
  -1.37071609E-02
  -1.36270523E-02
  -1.35746002E-02
  -1.35097504E-02
  -1.34859085E-02
  -1.34296417E-02
  -1.34248734E-02
  -1.33943558E-02
  -1.33066177E-02
  -1.32141113E-02
  -1.31483078E-02
  -1.31034851E-02
  -1.28641129E-02
  -1.28355026E-02
  -1.27964020E-02
  -1.27067566E-02
  -1.27067566E-02
  -1.26485825E-02
  -1.25989914E-02
  -1.25770569E-02
  -1.25017166E-02
  -1.24082565E-02
  -1.23252869E-02
  -1.22699738E-02
  -1.20019913E-02
  -1.19514465E-02
  -1.17855072E-02
  -1.17855072E-02
  -1.16567612E-02
  -1.16405487E-02
  -1.11885071E-02
  -1.11598969E-02
  -1.11236572E-02
  -1.10569000E-02
  -1.10206604E-02
  -1.09901428E-02
  -1.09796524E-02
  -1.09386444E-02
  -1.08175278E-02
  -1.07078552E-02
  -1.06258392E-02
  -1.06163025E-02
  -1.05657578E-02
  -1.05142593E-02
  -1.05047226E-02
  -1.04904175E-02
  -1.04198456E-02
  -1.04093552E-02
  -1.03540421E-02
  -1.03473663E-02
  -1.03454590E-02
  -1.03139877E-02
  -1.02357864E-02
  -1.02310181E-02
  -1.01509094E-02
  -1.00345612E-02
  -9.98210907E-03
  -9.91153717E-03
  -9.89913940E-03
  -9.88483429E-03
  -9.77897644E-03
  -9.77039337E-03
  -9.70840454E-03
  -9.66930389E-03
  -9.56630707E-03
  -9.56630707E-03
  -9.49096680E-03
  -9.48905945E-03
  -9.48524475E-03
  -9.45472717E-03
  -9.39273834E-03
  -9.38034058E-03
  -9.34600830E-03
  -9.34505463E-03
  -9.34505463E-03
  -9.33647156E-03
  -9.12570953E-03
  -9.08184052E-03
  -9.01985168E-03
  -8.99124146E-03
  -8.97693634E-03
  -8.97407532E-03
  -8.95690918E-03
  -8.88061523E-03
  -8.87298584E-03
  -8.85200500E-03
  -8.83674622E-03
  -8.80241394E-03
  -8.79955292E-03
  -8.76903534E-03
  -8.72039795E-03
  -8.72039795E-03
  -8.70895386E-03
  -8.70513916E-03
  -8.64505768E-03
  -8.56494904E-03
  -8.46099854E-03
  -8.41712952E-03
  -8.40091705E-03
  -8.34178925E-03
  -8.19301605E-03
  -8.16059113E-03
  -8.10146332E-03
  -8.04042816E-03
  -7.91263580E-03
  -7.90977478E-03
  -7.89356232E-03
  -7.88211823E-03
  -7.84397125E-03
  -7.83824921E-03
  -7.80773163E-03
  -7.78007507E-03
  -7.74669647E-03
  -7.69042969E-03
  -7.67421722E-03
  -7.63320923E-03
  -7.57026672E-03
  -7.48920441E-03
  -7.48729706E-03
  -7.44724274E-03
  -7.41672516E-03
  -7.41195679E-03
  -7.35378265E-03
  -7.33852386E-03
  -7.33375549E-03
  -7.33089447E-03
  -7.31468201E-03
  -7.26890564E-03
  -7.24029541E-03
  -7.20977783E-03
  -7.19165802E-03
  -7.10582733E-03
  -7.09915161E-03
  -7.06291199E-03
  -7.05146790E-03
  -7.04002380E-03
  -6.94561005E-03
  -6.86454773E-03
  -6.83498383E-03
  -6.77108765E-03
  -6.74533844E-03
  -6.73294067E-03
  -6.72149658E-03
  -6.71863556E-03
  -6.64710999E-03
  -6.64138794E-03
  -6.62517548E-03
  -6.62517548E-03
  -6.56795502E-03
  -6.50596619E-03
  -6.45256042E-03
  -6.42871857E-03
  -6.36482239E-03
  -6.33525848E-03
  -6.31999969E-03
  -6.31237030E-03
  -6.28471375E-03
  -6.26087189E-03
  -6.18457794E-03
  -6.11305237E-03
  -6.04438782E-03
  -6.02817535E-03
  -6.02436066E-03
  -6.02149963E-03
  -5.98907471E-03
  -5.93376160E-03
  -5.93280792E-03
  -5.89275360E-03
  -5.83171844E-03
  -5.81645966E-03
  -5.80596924E-03
  -5.74207306E-03
  -5.73730469E-03
  -5.72586060E-03
  -5.71727753E-03
  -5.68103790E-03
  -5.64956665E-03
  -5.63907623E-03
  -5.63049316E-03
  -5.60283661E-03
  -5.57231903E-03
  -5.56373596E-03
  -5.56182861E-03
  -5.50556183E-03
  -5.49507141E-03
  -5.44261932E-03
  -5.28526306E-03
  -5.16605377E-03
  -5.04016876E-03
  -5.02681732E-03
  -4.90379333E-03
  -4.88853455E-03
  -4.88567352E-03
  -4.86278534E-03
  -4.84180450E-03
  -4.80556488E-03
  -4.80175018E-03
  -4.79984283E-03
  -4.77981567E-03
  -4.77027893E-03
  -4.76837158E-03
  -4.75788116E-03
  -4.60815430E-03
  -4.59480286E-03
  -4.56905365E-03
  -4.56523895E-03
  -4.53758240E-03
  -4.52518463E-03
  -4.47463989E-03
  -4.39357758E-03
  -4.38690186E-03
  -4.36782837E-03
  -4.36782837E-03
  -4.34780121E-03
  -4.34207916E-03
  -4.32872772E-03
  -4.29916382E-03
  -4.23908234E-03
  -4.18472290E-03
  -4.04548645E-03
  -4.03118134E-03
  -4.00638580E-03
  -4.00638580E-03
  -3.99398804E-03
  -3.97777557E-03
  -3.96251678E-03
  -3.96156311E-03
  -3.95965576E-03
  -3.94248962E-03
  -3.91483307E-03
  -3.84902954E-03
  -3.84330750E-03
  -3.77368927E-03
  -3.77082825E-03
  -3.74221802E-03
  -3.72028351E-03
  -3.65543365E-03
  -3.61633301E-03
  -3.57151031E-03
  -3.56674194E-03
  -3.55434418E-03
  -3.54194641E-03
  -3.52478027E-03
  -3.51715088E-03
  -3.51238251E-03
  -3.48949432E-03
  -3.48663330E-03
  -3.46946716E-03
  -3.46088409E-03
  -3.45611572E-03
  -3.44657898E-03
  -3.41510773E-03
  -3.36933136E-03
  -3.34453583E-03
  -3.28922272E-03
  -3.28922272E-03
  -3.28445435E-03
  -3.28350067E-03
  -3.26347351E-03
  -3.25870514E-03
  -3.25489044E-03
  -3.21102142E-03
  -3.17955017E-03
  -3.17955017E-03
  -3.16619873E-03
  -3.16047668E-03
  -3.12137604E-03
  -3.11660767E-03
  -3.11565399E-03
  -3.07941437E-03
  -3.07273865E-03
  -3.06320190E-03
  -3.05366516E-03
  -3.00693512E-03
  -3.00216675E-03
  -2.99739838E-03
  -2.99644470E-03
  -2.98690796E-03
  -2.98213959E-03
  -2.97069550E-03
  -2.96497345E-03
  -2.90012360E-03
  -2.81143188E-03
  -2.75707245E-03
  -2.75516510E-03
  -2.75516510E-03
  -2.73990631E-03
  -2.71606445E-03
  -2.71224976E-03
  -2.68650055E-03
  -2.67791748E-03
  -2.61688232E-03
  -2.61116028E-03
  -2.61116028E-03
  -2.57301331E-03
  -2.57015228E-03
  -2.56156921E-03
  -2.52056122E-03
  -2.52056122E-03
  -2.50911713E-03
  -2.47859955E-03
  -2.47573853E-03
  -2.46238708E-03
  -2.44045258E-03
  -2.41565704E-03
  -2.40612030E-03
  -2.38132477E-03
  -2.32124329E-03
  -2.27451324E-03
  -2.24590302E-03
  -2.19917297E-03
  -2.17247009E-03
  -2.13623047E-03
  -2.11715698E-03
  -2.08759308E-03
  -2.07328796E-03
  -2.01892853E-03
  -1.98745728E-03
  -1.92832947E-03
  -1.91307068E-03
  -1.89399719E-03
  -1.88446045E-03
  -1.87110901E-03
  -1.85298920E-03
  -1.84631348E-03
  -1.78241730E-03
  -1.71184540E-03
  -1.69181824E-03
  -1.61933899E-03
  -1.61838531E-03
  -1.61838531E-03
  -1.61838531E-03
  -1.58882141E-03
  -1.57356262E-03
  -1.53636932E-03
  -1.47533417E-03
  -1.23691559E-03
  -1.23119354E-03
  -1.16825104E-03
  -1.15680695E-03
  -1.10816956E-03
  -1.09386444E-03
  -1.04522705E-03
  -1.02710724E-03
  -1.01184845E-03
  -1.00231171E-03
  -9.76562500E-04
  -9.66072083E-04
  -9.32693481E-04
  -9.29832458E-04
  -9.16481018E-04
  -9.12666321E-04
  -8.27789307E-04
  -7.98225403E-04
  -7.75337219E-04
  -7.73429871E-04
  -7.48634338E-04
  -7.42912292E-04
  -7.32421875E-04
  -7.24792480E-04
  -6.41822815E-04
  -6.38961792E-04
  -5.50270081E-04
  -5.40733337E-04
  -5.24520874E-04
  -4.92095947E-04
  -4.32968140E-04
  -4.13894653E-04
  -4.01496887E-04
  -3.97682190E-04
  -3.78608704E-04
  -3.69071960E-04
  -3.66210938E-04
  -3.66210938E-04
  -3.10897827E-04
  -2.80380249E-04
  -2.27928162E-04
  -2.26020813E-04
  -2.24113464E-04
  -2.20298767E-04
  -2.20298767E-04
  -1.40190125E-04
  -1.37329102E-04
  -1.32560730E-04
  -7.82012939E-05
  -5.14984131E-05
  -2.76565552E-05
   3.05175781E-05
   3.91006470E-05
   4.48226929E-05
   4.86373901E-05
   4.86373901E-05
   5.14984131E-05
   8.29696655E-05
   8.86917114E-05
   1.61170959E-04
   1.64031982E-04
   1.81198120E-04
   2.50816345E-04
   2.61306763E-04
   2.74658203E-04
   3.29017639E-04
   3.34739685E-04
   3.39508057E-04
   3.69071960E-04
   3.74794006E-04
   3.74794006E-04
   4.09126282E-04
   4.09126282E-04
   4.52995300E-04
   4.73022461E-04
   5.07354736E-04
   5.17845154E-04
   5.18798828E-04
   5.19752502E-04
   5.27381897E-04
   5.43594360E-04
   5.62667847E-04
   6.17027283E-04
   6.29425049E-04
   6.32286072E-04
   6.33239746E-04
   6.48498535E-04
   6.56127930E-04
   6.75201416E-04
   7.26699829E-04
   7.71522522E-04
   7.99179077E-04
   8.28742981E-04
   8.30650330E-04
   8.62121582E-04
   9.23156738E-04
   9.27925110E-04
   9.50813293E-04
   9.92774963E-04
   9.97543335E-04
   1.01184845E-03
   1.12533569E-03
   1.15680695E-03
   1.16252899E-03
   1.16443634E-03
   1.16443634E-03
   1.20353699E-03
   1.23023987E-03
   1.30367279E-03
   1.31511688E-03
   1.37710571E-03
   1.41906738E-03
   1.42192841E-03
   1.44386292E-03
   1.48010254E-03
   1.48773193E-03
   1.49154663E-03
   1.50108337E-03
   1.52206421E-03
   1.53064728E-03
   1.67083740E-03
   1.70707703E-03
   1.71852112E-03
   1.80339813E-03
   1.81484222E-03
   1.88064575E-03
   1.90067291E-03
   1.91211700E-03
   1.95407867E-03
   1.97315216E-03
   1.97315216E-03
   1.98650360E-03
   2.10571289E-03
   2.10762024E-03
   2.11620331E-03
   2.21633911E-03
   2.22396851E-03
   2.25257874E-03
   2.30216980E-03
   2.32696533E-03
   2.40802765E-03
   2.41088867E-03
   2.46047974E-03
   2.50530243E-03
   2.56538391E-03
   2.59017944E-03
   2.59685516E-03
   2.65312195E-03
   2.71320343E-03
   2.75802612E-03
   2.80666351E-03
   2.84576416E-03
   2.88486481E-03
   2.89535522E-03
   2.96497345E-03
   2.98690796E-03
   2.99072266E-03
   3.02410126E-03
   3.08895111E-03
   3.10516357E-03
   3.11565399E-03
   3.12519073E-03
   3.13091278E-03
   3.14712524E-03
   3.14998627E-03
   3.16333771E-03
   3.21674347E-03
   3.23772430E-03
   3.25298309E-03
   3.28922272E-03
   3.35025787E-03
   3.37982178E-03
   3.42464447E-03
   3.46279144E-03
   3.46851349E-03
   3.50570679E-03
   3.50570679E-03
   3.55243683E-03
   3.59344482E-03
   3.60774994E-03
   3.63159180E-03
   3.66020203E-03
   3.68213654E-03
   3.72314453E-03
   3.73744965E-03
   3.75080109E-03
   3.77273560E-03
   3.85951996E-03
   3.88050079E-03
   4.01496887E-03
   4.02736664E-03
   4.05311584E-03
   4.07028198E-03
   4.14752960E-03
   4.20665741E-03
   4.21905518E-03
   4.25624847E-03
   4.26197052E-03
   4.26578522E-03
   4.26959991E-03
   4.30011749E-03
   4.30393219E-03
   4.32968140E-03
   4.32968140E-03
   4.33826447E-03
   4.35256958E-03
   4.39739227E-03
   4.45365906E-03
   4.51946259E-03
   4.52232361E-03
   4.61387634E-03
   4.62627411E-03
   4.69303131E-03
   4.74929810E-03
   4.76551056E-03
   4.78458405E-03
   4.81319427E-03
   4.83417511E-03
   4.92858887E-03
   4.94861603E-03
   4.95910645E-03
   5.00679016E-03
   5.13839722E-03
   5.14602661E-03
   5.29670715E-03
   5.31768799E-03
   5.32531738E-03
   5.35964966E-03
   5.40256500E-03
   5.44548035E-03
   5.45215607E-03
   5.47599792E-03
   5.59520721E-03
   5.60760498E-03
   5.74684143E-03
   5.74970245E-03
   5.79833984E-03
   5.84983826E-03
   5.87844849E-03
   5.94234467E-03
   5.95092773E-03
   5.97572327E-03
   5.98812103E-03
   6.08062744E-03
   6.09111786E-03
   6.09493256E-03
   6.10733032E-03
   6.11114502E-03
   6.12354279E-03
   6.12640381E-03
   6.22177124E-03
   6.30283356E-03
   6.43539429E-03
   6.48498535E-03
   6.48880005E-03
   6.49166107E-03
   6.61373138E-03
   6.63280487E-03
   6.63471222E-03
   6.64329529E-03
   6.70814514E-03
   6.79683685E-03
   6.93321228E-03
   7.07912445E-03
   7.10964203E-03
   7.12585449E-03
   7.13825226E-03
   7.23361969E-03
   7.24792480E-03
   7.29560852E-03
   7.31945038E-03
   7.37571716E-03
   7.41672516E-03
   7.43865967E-03
   7.44915009E-03
   7.44915009E-03
   7.55310059E-03
   7.68566132E-03
   7.84301758E-03
   7.88974762E-03
   8.05759430E-03
   8.25595856E-03
   8.26358795E-03
   8.26740265E-03
   8.26931000E-03
   8.44955444E-03
   8.50105286E-03
   8.52680206E-03
   8.54110718E-03
   8.54778290E-03
   8.66603851E-03
   8.74805450E-03
   8.76808167E-03
   8.81576538E-03
   8.95214081E-03
   8.98361206E-03
   9.01603699E-03
   9.02843475E-03
   9.02843475E-03
   9.15336609E-03
   9.16957855E-03
   9.19437408E-03
   9.20104980E-03
   9.23252106E-03
   9.43660736E-03
   9.55677032E-03
   9.94586945E-03
   1.00336075E-02
   1.01718903E-02
   1.03254318E-02
   1.03654861E-02
   1.04598999E-02
   1.04827881E-02
   1.05571747E-02
   1.05648041E-02
   1.05648041E-02
   1.06229782E-02
   1.06716156E-02
   1.07717514E-02
   1.08566284E-02
   1.08957291E-02
   1.10378265E-02
   1.12771988E-02
   1.12810135E-02
   1.15375519E-02
   1.15566254E-02
   1.16624832E-02
   1.17578506E-02
   1.18913651E-02
   1.19857788E-02
   1.21164322E-02
   1.21669769E-02
   1.24797821E-02
   1.27267838E-02
   1.30195618E-02
   1.33409500E-02
   1.40190125E-02
   1.45063400E-02
   1.46789551E-02
   1.51958466E-02
   1.60427094E-02
   1.67102814E-02
   1.70907974E-02
   1.78003311E-02
   1.80702209E-02
   1.83362961E-02
   1.85041428E-02
   1.85699463E-02
   1.86901093E-02
   1.87311172E-02
   1.92136765E-02
   1.92670822E-02
   1.95379257E-02
   1.98612213E-02
   1.98755264E-02
   1.99270248E-02
   2.01368332E-02
   2.11544037E-02
   2.12497711E-02
   2.13766098E-02
   2.21748352E-02
   2.34336853E-02
   2.37255096E-02
   2.40077972E-02
   2.41804123E-02
   2.44321823E-02
   2.52141953E-02
   2.52885818E-02
   2.53763199E-02
   2.54020691E-02
   2.54755020E-02
   2.72121429E-02
   2.97222137E-02
   3.04498672E-02
   3.06739807E-02
   3.08094025E-02
   3.12833786E-02
   3.24420929E-02
   3.32765579E-02
   3.48796844E-02
