#Npts     Radius    Mag      Completeness
#  801  657.9561  -13.204000 1.000000
# Ierr
  -3.96051407E-02
  -3.93924713E-02
  -3.88927460E-02
  -3.76596451E-02
  -3.48424911E-02
  -3.48091125E-02
  -3.46937180E-02
  -3.29208374E-02
  -3.27606201E-02
  -3.19261551E-02
  -3.19023132E-02
  -3.18088531E-02
  -3.15895081E-02
  -3.15074921E-02
  -3.02553177E-02
  -3.02438736E-02
  -3.02124023E-02
  -3.01790237E-02
  -2.93827057E-02
  -2.92282104E-02
  -2.88982391E-02
  -2.86579132E-02
  -2.83784866E-02
  -2.81982422E-02
  -2.78959274E-02
  -2.75793076E-02
  -2.74095535E-02
  -2.73628235E-02
  -2.71425247E-02
  -2.69460678E-02
  -2.64120102E-02
  -2.63967514E-02
  -2.63442993E-02
  -2.51998901E-02
  -2.51646042E-02
  -2.48470306E-02
  -2.45618820E-02
  -2.44960785E-02
  -2.40478516E-02
  -2.37569809E-02
  -2.36215591E-02
  -2.33306885E-02
  -2.31227875E-02
  -2.30188370E-02
  -2.26125717E-02
  -2.20775604E-02
  -2.19697952E-02
  -2.19469070E-02
  -2.17561722E-02
  -2.15425491E-02
  -2.13441849E-02
  -2.12965012E-02
  -2.12574005E-02
  -2.11973190E-02
  -2.08635330E-02
  -2.07967758E-02
  -2.06232071E-02
  -2.05240250E-02
  -2.03161240E-02
  -2.01177597E-02
  -2.01044083E-02
  -2.00881958E-02
  -1.99623108E-02
  -1.99499130E-02
  -1.98831558E-02
  -1.98726654E-02
  -1.98307037E-02
  -1.96371078E-02
  -1.95655823E-02
  -1.95589066E-02
  -1.93252563E-02
  -1.92975998E-02
  -1.86662674E-02
  -1.85003281E-02
  -1.84850693E-02
  -1.84211731E-02
  -1.81655884E-02
  -1.81064606E-02
  -1.80501938E-02
  -1.80244446E-02
  -1.79014206E-02
  -1.77993774E-02
  -1.77993774E-02
  -1.77860260E-02
  -1.77526474E-02
  -1.76916122E-02
  -1.74922943E-02
  -1.74703598E-02
  -1.74455643E-02
  -1.73158646E-02
  -1.71499252E-02
  -1.71489716E-02
  -1.70993805E-02
  -1.70669556E-02
  -1.69668198E-02
  -1.69172287E-02
  -1.68828964E-02
  -1.68790817E-02
  -1.67675018E-02
  -1.66664124E-02
  -1.65748596E-02
  -1.65452957E-02
  -1.65262222E-02
  -1.62134171E-02
  -1.60865784E-02
  -1.60751343E-02
  -1.60121918E-02
  -1.59120560E-02
  -1.58157349E-02
  -1.57804489E-02
  -1.57518387E-02
  -1.57165527E-02
  -1.56393051E-02
  -1.55925751E-02
  -1.55868530E-02
  -1.55191422E-02
  -1.55153275E-02
  -1.54085159E-02
  -1.53875351E-02
  -1.53837204E-02
  -1.53741837E-02
  -1.53398514E-02
  -1.51348114E-02
  -1.50461197E-02
  -1.50365829E-02
  -1.49555206E-02
  -1.48000717E-02
  -1.48000717E-02
  -1.44691467E-02
  -1.44023895E-02
  -1.43938065E-02
  -1.43489838E-02
  -1.42507553E-02
  -1.40933990E-02
  -1.39932632E-02
  -1.39818192E-02
  -1.38826370E-02
  -1.38530731E-02
  -1.38339996E-02
  -1.37271881E-02
  -1.36404037E-02
  -1.36308670E-02
  -1.36260986E-02
  -1.35669708E-02
  -1.34878159E-02
  -1.34735107E-02
  -1.34611130E-02
  -1.34096146E-02
  -1.30310059E-02
  -1.28269196E-02
  -1.26209259E-02
  -1.24711990E-02
  -1.24492645E-02
  -1.23634338E-02
  -1.23205185E-02
  -1.22337341E-02
  -1.21526718E-02
  -1.20563507E-02
  -1.18207932E-02
  -1.18207932E-02
  -1.16691589E-02
  -1.16348267E-02
  -1.15242004E-02
  -1.14927292E-02
  -1.13525391E-02
  -1.12037659E-02
  -1.11141205E-02
  -1.10855103E-02
  -1.10521317E-02
  -1.08366013E-02
  -1.07860565E-02
  -1.06439590E-02
  -1.06124878E-02
  -1.06124878E-02
  -1.05810165E-02
  -1.05285645E-02
  -1.05123520E-02
  -1.05018616E-02
  -1.04684830E-02
  -1.04684830E-02
  -1.04484558E-02
  -1.04122162E-02
  -1.02882385E-02
  -1.02615356E-02
  -1.01413727E-02
  -1.01127625E-02
  -1.00412369E-02
  -9.98497009E-03
  -9.93633270E-03
  -9.92298126E-03
  -9.88388062E-03
  -9.88101959E-03
  -9.74750519E-03
  -9.74273682E-03
  -9.73701477E-03
  -9.68647003E-03
  -9.65404510E-03
  -9.57298279E-03
  -9.54151154E-03
  -9.53483582E-03
  -9.51862335E-03
  -9.50145721E-03
  -9.44995880E-03
  -9.43851471E-03
  -9.43660736E-03
  -9.42516327E-03
  -9.42134857E-03
  -9.41276550E-03
  -9.39559937E-03
  -9.39559937E-03
  -9.34219360E-03
  -9.33265686E-03
  -9.28878784E-03
  -9.17911530E-03
  -9.11045074E-03
  -9.09423828E-03
  -9.07135010E-03
  -9.06276703E-03
  -9.03224945E-03
  -9.03129578E-03
  -9.00650024E-03
  -8.96739960E-03
  -8.93783569E-03
  -8.92162323E-03
  -8.85391235E-03
  -8.82244110E-03
  -8.75377655E-03
  -8.60118866E-03
  -8.57353210E-03
  -8.56304169E-03
  -8.53252411E-03
  -8.43143463E-03
  -8.29792023E-03
  -8.27026367E-03
  -8.23783875E-03
  -8.20922852E-03
  -8.19873810E-03
  -8.13865662E-03
  -8.08811188E-03
  -7.99560547E-03
  -7.97176361E-03
  -7.95269012E-03
  -7.85732269E-03
  -7.84301758E-03
  -7.75623322E-03
  -7.60173798E-03
  -7.56263733E-03
  -7.55596161E-03
  -7.55214691E-03
  -7.52162933E-03
  -7.51209259E-03
  -7.50541687E-03
  -7.48920441E-03
  -7.45296478E-03
  -7.38430023E-03
  -7.32135773E-03
  -7.26985931E-03
  -7.24315643E-03
  -7.15065002E-03
  -7.11917877E-03
  -7.08770752E-03
  -7.08770752E-03
  -7.05051422E-03
  -7.01141357E-03
  -6.98661804E-03
  -6.98184967E-03
  -6.94942474E-03
  -6.93607330E-03
  -6.89983368E-03
  -6.85596466E-03
  -6.84738159E-03
  -6.79779053E-03
  -6.78825378E-03
  -6.73007965E-03
  -6.71958923E-03
  -6.69479370E-03
  -6.65092468E-03
  -6.62899017E-03
  -6.60037994E-03
  -6.60037994E-03
  -6.53839111E-03
  -6.47544861E-03
  -6.42967224E-03
  -6.38294220E-03
  -6.36768341E-03
  -6.32953644E-03
  -6.29520416E-03
  -6.19506836E-03
  -6.12545013E-03
  -6.09016418E-03
  -6.08253479E-03
  -6.05678558E-03
  -6.05678558E-03
  -6.04438782E-03
  -6.01196289E-03
  -5.97095490E-03
  -5.93376160E-03
  -5.92231750E-03
  -5.89656830E-03
  -5.87558746E-03
  -5.86509705E-03
  -5.83744049E-03
  -5.82981110E-03
  -5.82599640E-03
  -5.80310822E-03
  -5.69534302E-03
  -5.64289093E-03
  -5.61904907E-03
  -5.60474396E-03
  -5.60474396E-03
  -5.60188293E-03
  -5.59425354E-03
  -5.59139252E-03
  -5.58757782E-03
  -5.49983978E-03
  -5.48076630E-03
  -5.41400909E-03
  -5.31578064E-03
  -5.29575348E-03
  -5.29003143E-03
  -5.26905060E-03
  -5.09166718E-03
  -5.09166718E-03
  -5.09166718E-03
  -5.08403778E-03
  -5.07545471E-03
  -5.04016876E-03
  -5.00965118E-03
  -4.99343872E-03
  -4.98104095E-03
  -4.96387482E-03
  -4.93717194E-03
  -4.91428375E-03
  -4.91428375E-03
  -4.90188599E-03
  -4.88281250E-03
  -4.87041473E-03
  -4.83512878E-03
  -4.83036041E-03
  -4.82463837E-03
  -4.79602814E-03
  -4.66346741E-03
  -4.61673737E-03
  -4.57668304E-03
  -4.53853607E-03
  -4.49657440E-03
  -4.48131561E-03
  -4.47368622E-03
  -4.47177887E-03
  -4.38499451E-03
  -4.36878204E-03
  -4.35829163E-03
  -4.31823730E-03
  -4.31632996E-03
  -4.28962708E-03
  -4.27436829E-03
  -4.26578522E-03
  -4.24098969E-03
  -4.23622131E-03
  -4.21714783E-03
  -4.15706635E-03
  -4.14085388E-03
  -4.13036346E-03
  -4.09793854E-03
  -4.09030914E-03
  -4.04071808E-03
  -4.01210785E-03
  -3.98826599E-03
  -3.97586823E-03
  -3.95488739E-03
  -3.88336182E-03
  -3.84807587E-03
  -3.78990173E-03
  -3.78608704E-03
  -3.77655029E-03
  -3.69644165E-03
  -3.65161896E-03
  -3.63922119E-03
  -3.61919403E-03
  -3.60012054E-03
  -3.59058380E-03
  -3.57341766E-03
  -3.48377228E-03
  -3.44276428E-03
  -3.43990326E-03
  -3.42369080E-03
  -3.42369080E-03
  -3.41320038E-03
  -3.39508057E-03
  -3.38935852E-03
  -3.35693359E-03
  -3.33881378E-03
  -3.32641602E-03
  -3.32164764E-03
  -3.30543518E-03
  -3.28922272E-03
  -3.21674347E-03
  -3.21102142E-03
  -3.18431854E-03
  -3.17764282E-03
  -3.15666199E-03
  -3.12995911E-03
  -3.09467316E-03
  -3.09085846E-03
  -3.08227539E-03
  -3.06892395E-03
  -3.00407410E-03
  -2.99739838E-03
  -2.99358368E-03
  -2.95352936E-03
  -2.92301178E-03
  -2.91919708E-03
  -2.90775299E-03
  -2.88391113E-03
  -2.86865234E-03
  -2.85720825E-03
  -2.80952454E-03
  -2.78949738E-03
  -2.71797180E-03
  -2.59494781E-03
  -2.57587433E-03
  -2.57301331E-03
  -2.56919861E-03
  -2.56347656E-03
  -2.55680084E-03
  -2.47287750E-03
  -2.44331360E-03
  -2.43473053E-03
  -2.42328644E-03
  -2.40325928E-03
  -2.37083435E-03
  -2.34317780E-03
  -2.33078003E-03
  -2.32219696E-03
  -2.31838226E-03
  -2.30598450E-03
  -2.22969055E-03
  -2.21729279E-03
  -2.17437744E-03
  -2.11143494E-03
  -2.10666656E-03
  -2.06375122E-03
  -1.98173523E-03
  -1.98173523E-03
  -1.97601318E-03
  -1.97315216E-03
  -1.91688538E-03
  -1.91497803E-03
  -1.89399719E-03
  -1.82437897E-03
  -1.79004669E-03
  -1.77669525E-03
  -1.75857544E-03
  -1.75094604E-03
  -1.71089172E-03
  -1.69754028E-03
  -1.69754028E-03
  -1.65843964E-03
  -1.65748596E-03
  -1.62601471E-03
  -1.61933899E-03
  -1.58214569E-03
  -1.57928467E-03
  -1.49345398E-03
  -1.45816803E-03
  -1.44481659E-03
  -1.44195557E-03
  -1.43241882E-03
  -1.42002106E-03
  -1.41048431E-03
  -1.40666962E-03
  -1.37615204E-03
  -1.34086609E-03
  -1.33991241E-03
  -1.31893158E-03
  -1.30558014E-03
  -1.26647949E-03
  -1.25694275E-03
  -1.23786926E-03
  -1.23691559E-03
  -1.16157532E-03
  -1.13105774E-03
  -1.07288361E-03
  -1.04522705E-03
  -1.03759766E-03
  -1.03187561E-03
  -1.01089478E-03
  -9.25064087E-04
  -8.57353210E-04
  -8.50677490E-04
  -8.35418701E-04
  -8.09669495E-04
  -8.05854797E-04
  -7.60078430E-04
  -7.40051270E-04
  -7.30514526E-04
  -7.08580017E-04
  -5.73158264E-04
  -5.40733337E-04
  -5.23567200E-04
  -5.13076782E-04
  -5.07354736E-04
  -4.81605530E-04
  -4.44412231E-04
  -4.31060791E-04
  -4.05311584E-04
  -3.91960144E-04
  -3.37600708E-04
  -3.27110291E-04
  -3.06129456E-04
  -2.89916992E-04
  -2.69889832E-04
  -2.50816345E-04
  -2.37464905E-04
  -2.27928162E-04
  -2.17437744E-04
  -1.80244446E-04
  -1.09672546E-04
  -8.58306885E-05
  -8.29696655E-05
  -6.38961792E-05
  -4.10079956E-05
  -3.91006470E-05
  -3.81469727E-05
  -1.33514404E-05
   6.67572021E-06
   4.10079956E-05
   7.43865967E-05
   7.43865967E-05
   1.58309937E-04
   1.74522400E-04
   1.81198120E-04
   1.91688538E-04
   2.05993652E-04
   2.08854675E-04
   2.43186951E-04
   3.88145447E-04
   3.88145447E-04
   5.68389893E-04
   5.84602356E-04
   6.22749329E-04
   6.24656677E-04
   6.24656677E-04
   6.34193420E-04
   6.48498535E-04
   6.61849976E-04
   7.22885132E-04
   8.14437866E-04
   8.97407532E-04
   9.01222229E-04
   9.06944275E-04
   9.19342041E-04
   9.55581665E-04
   9.76562500E-04
   1.05571747E-03
   1.05857849E-03
   1.09004974E-03
   1.13391876E-03
   1.13773346E-03
   1.14917755E-03
   1.18350983E-03
   1.20735168E-03
   1.24168396E-03
   1.28746033E-03
   1.36089325E-03
   1.38092041E-03
   1.38950348E-03
   1.40476227E-03
   1.40476227E-03
   1.42765045E-03
   1.48677826E-03
   1.49154663E-03
   1.50108337E-03
   1.51443481E-03
   1.52587891E-03
   1.54018402E-03
   1.55544281E-03
   1.55639648E-03
   1.55830383E-03
   1.60694122E-03
   1.63459778E-03
   1.66893005E-03
   1.75189972E-03
   1.75857544E-03
   1.77192688E-03
   1.84154510E-03
   1.85585022E-03
   1.90734863E-03
   1.92165375E-03
   2.02369690E-03
   2.02846527E-03
   2.03990936E-03
   2.08187103E-03
   2.08759308E-03
   2.12764740E-03
   2.19345093E-03
   2.22206116E-03
   2.22492218E-03
   2.24208832E-03
   2.26116180E-03
   2.33173370E-03
   2.34317780E-03
   2.42424011E-03
   2.45380402E-03
   2.46620178E-03
   2.49290466E-03
   2.50625610E-03
   2.53009796E-03
   2.53486633E-03
   2.55584717E-03
   2.56061554E-03
   2.58731842E-03
   2.60829926E-03
   2.62355804E-03
   2.66742706E-03
   2.67314911E-03
   2.68650055E-03
   2.74181366E-03
   2.76947021E-03
   2.77328491E-03
   2.78759003E-03
   2.83622742E-03
   2.85434723E-03
   2.94589996E-03
   2.96783447E-03
   2.97451019E-03
   3.00502777E-03
   3.01551819E-03
   3.09371948E-03
   3.10707092E-03
   3.11374664E-03
   3.15666199E-03
   3.22437286E-03
   3.28922272E-03
   3.29113007E-03
   3.33118439E-03
   3.34835052E-03
   3.36074829E-03
   3.36742401E-03
   3.43894958E-03
   3.46660614E-03
   3.49044800E-03
   3.57341766E-03
   3.67259979E-03
   3.67450714E-03
   3.69358063E-03
   3.72409821E-03
   3.75461578E-03
   3.91674042E-03
   3.93390656E-03
   3.93676758E-03
   3.94725800E-03
   3.95679474E-03
   4.00543213E-03
   4.03022766E-03
   4.07505035E-03
   4.09317017E-03
   4.09412384E-03
   4.10556793E-03
   4.11415100E-03
   4.12368774E-03
   4.13894653E-03
   4.16183472E-03
   4.17423248E-03
   4.34112549E-03
   4.34684753E-03
   4.37355042E-03
   4.50515747E-03
   4.58049774E-03
   4.68921661E-03
   4.70733643E-03
   4.73880768E-03
   4.78172302E-03
   4.79984283E-03
   4.85420227E-03
   4.92286682E-03
   4.92572784E-03
   4.97436523E-03
   4.98580933E-03
   4.99343872E-03
   5.01823425E-03
   5.02300262E-03
   5.08022308E-03
   5.09357452E-03
   5.10311127E-03
   5.11837006E-03
   5.16605377E-03
   5.17368317E-03
   5.18035889E-03
   5.25665283E-03
   5.33580780E-03
   5.38730621E-03
   5.42163849E-03
   5.42354584E-03
   5.42640686E-03
   5.45501709E-03
   5.47027588E-03
   5.52749634E-03
   5.55515289E-03
   5.61332703E-03
   5.65528870E-03
   5.67340851E-03
   5.72681427E-03
   5.75828552E-03
   5.79833984E-03
   5.85269928E-03
   5.88703156E-03
   6.03771210E-03
   6.03961945E-03
   6.15596771E-03
   6.31809235E-03
   6.42013550E-03
   6.45446777E-03
   6.67285919E-03
   6.71768188E-03
   6.79016113E-03
   6.79969788E-03
   6.80637360E-03
   6.83021545E-03
   6.83689117E-03
   6.97517395E-03
   6.98661804E-03
   7.00473785E-03
   7.07054138E-03
   7.07244873E-03
   7.18212128E-03
   7.34615326E-03
   7.35664368E-03
   7.45964050E-03
   7.46726990E-03
   7.48634338E-03
   7.49874115E-03
   7.52162933E-03
   7.54261017E-03
   7.54547119E-03
   7.54928589E-03
   7.64274597E-03
   7.67326355E-03
   7.75527954E-03
   8.03947449E-03
   8.04901123E-03
   8.20350647E-03
   8.27217102E-03
   8.28552246E-03
   8.44287872E-03
   8.45527649E-03
   8.70323181E-03
   8.75091553E-03
   8.82625580E-03
   8.83579254E-03
   9.08565521E-03
   9.34982300E-03
   9.37557220E-03
   9.45472717E-03
   9.58538055E-03
   9.81712341E-03
   1.00851059E-02
   1.02710724E-02
   1.02977753E-02
   1.04169846E-02
   1.09739304E-02
   1.09939575E-02
   1.13210678E-02
   1.16300583E-02
   1.20534897E-02
   1.23682022E-02
   1.25303268E-02
   1.27573013E-02
   1.28316879E-02
   1.28641129E-02
   1.28946304E-02
   1.32179260E-02
   1.33361816E-02
   1.35231018E-02
   1.37376785E-02
   1.38788223E-02
   1.46512985E-02
   1.47113800E-02
   1.47171021E-02
   1.60007477E-02
   1.66978836E-02
   1.70097351E-02
   1.71108246E-02
   1.77001953E-02
   1.77164078E-02
   1.82485580E-02
   2.16960907E-02
   2.18057632E-02
   2.23083496E-02
   2.46095657E-02
   2.47545242E-02
   2.52227783E-02
   2.52914429E-02
   2.63051987E-02
   2.70414352E-02
   2.73551941E-02
   2.80942917E-02
   3.03068161E-02
   3.16648483E-02
   3.58829498E-02
   3.93409729E-02
