#Npts     Radius    Mag      Completeness
#  199  445.3596  -15.011000 1.000000
# Ierr
  -2.11057663E-02
  -1.85441971E-02
  -1.72452927E-02
  -1.66635513E-02
  -1.61056519E-02
  -1.59072876E-02
  -1.57785416E-02
  -1.50079727E-02
  -1.49183273E-02
  -1.37224197E-02
  -1.31874084E-02
  -1.28393173E-02
  -1.19323730E-02
  -1.14383698E-02
  -1.13372803E-02
  -1.06019974E-02
  -9.57393646E-03
  -9.10663605E-03
  -8.95309448E-03
  -8.89587402E-03
  -8.30078125E-03
  -8.17203522E-03
  -7.83824921E-03
  -7.77912140E-03
  -7.29560852E-03
  -7.26890564E-03
  -7.23075867E-03
  -6.36959076E-03
  -6.25228882E-03
  -6.24275208E-03
  -6.22272491E-03
  -6.19792938E-03
  -6.14261627E-03
  -5.89656830E-03
  -5.78022003E-03
  -5.62477112E-03
  -5.47027588E-03
  -5.45215607E-03
  -5.39779663E-03
  -5.36346436E-03
  -4.92668152E-03
  -4.89807129E-03
  -4.80175018E-03
  -4.77027893E-03
  -4.68063354E-03
  -4.61387634E-03
  -3.82995605E-03
  -3.82614136E-03
  -3.82518768E-03
  -3.76224518E-03
  -3.73458862E-03
  -3.43608856E-03
  -3.41129303E-03
  -3.31306458E-03
  -3.25489044E-03
  -3.25489044E-03
  -3.22914124E-03
  -3.17955017E-03
  -3.17382812E-03
  -3.15093994E-03
  -2.83432007E-03
  -2.56919861E-03
  -2.38895416E-03
  -2.24781036E-03
  -2.20775604E-03
  -1.80721283E-03
  -1.60312653E-03
  -1.54209137E-03
  -1.52778625E-03
  -1.48487091E-03
  -1.18255615E-03
  -1.11579895E-03
  -1.03282928E-03
  -1.01184845E-03
  -9.27925110E-04
  -9.05990601E-04
  -8.69750977E-04
  -7.99179077E-04
  -7.68661499E-04
  -6.61849976E-04
  -6.42776489E-04
  -6.28471375E-04
  -5.56945801E-04
  -5.23567200E-04
  -4.84466553E-04
  -3.37600708E-04
  -1.71661377E-04
  -3.14712524E-05
   2.19345093E-05
   1.66893005E-04
   2.57492065E-04
   4.22477722E-04
   4.94003296E-04
   5.07354736E-04
   7.54356384E-04
   8.63075256E-04
   1.02329254E-03
   1.08528137E-03
   1.34563446E-03
   2.02083588E-03
   2.06947327E-03
   2.11620331E-03
   2.17247009E-03
   2.33840942E-03
   2.34508514E-03
   3.04412842E-03
   3.24153900E-03
   3.27205658E-03
   3.66115570E-03
   3.83090973E-03
   3.85570526E-03
   3.94725800E-03
   3.96156311E-03
   4.07791138E-03
   4.08077240E-03
   4.11319733E-03
   4.31823730E-03
   4.32014465E-03
   4.52613831E-03
   4.52709198E-03
   4.53758240E-03
   4.71591949E-03
   4.82559204E-03
   4.86278534E-03
   5.01251221E-03
   5.07545471E-03
   5.29670715E-03
   5.39684296E-03
   5.93090057E-03
   6.09016418E-03
   6.45446777E-03
   6.47258759E-03
   6.48880005E-03
   6.54983521E-03
   6.56414032E-03
   6.76822662E-03
   6.87885284E-03
   6.89315796E-03
   7.25936890E-03
   7.29656219E-03
   7.44152069E-03
   7.48634338E-03
   7.61985779E-03
   8.10718536E-03
   8.23020935E-03
   8.78143311E-03
   8.79478455E-03
   8.80146027E-03
   9.47284698E-03
   9.69123840E-03
   9.73701477E-03
   9.83333588E-03
   1.03387833E-02
   1.08985901E-02
   1.13697052E-02
   1.14879608E-02
   1.15137100E-02
   1.18989944E-02
   1.31454468E-02
   1.34372711E-02
   1.39369965E-02
   1.39513016E-02
   1.41162872E-02
   1.42679214E-02
   1.44872665E-02
   1.45950317E-02
   1.56707764E-02
   1.59683228E-02
   1.62925720E-02
   1.65052414E-02
   1.67074203E-02
   1.67531967E-02
   1.68066025E-02
   1.71947479E-02
   1.75437927E-02
   1.75933838E-02
   1.80692673E-02
   1.83906555E-02
   1.86929703E-02
   1.92718506E-02
   1.97486877E-02
   2.24628448E-02
   2.32801437E-02
   2.34899521E-02
   2.39353180E-02
   2.40039825E-02
   2.40802765E-02
   2.73513794E-02
   2.77891159E-02
   2.86493301E-02
   3.03964615E-02
   3.16476822E-02
   3.17287445E-02
   3.30314636E-02
   3.40852737E-02
   3.44352722E-02
   3.50522995E-02
   3.69377136E-02
   3.74383926E-02
