#Npts     Radius    Mag      Completeness
#  759 1068.8632  -11.851909 1.000000
# Ierr
  -3.57913971E-02
  -3.54080200E-02
  -3.50408554E-02
  -3.34615707E-02
  -3.33852768E-02
  -3.32031250E-02
  -3.29275131E-02
  -3.23495865E-02
  -3.19757462E-02
  -3.15208435E-02
  -3.11565399E-02
  -3.04965973E-02
  -3.02705765E-02
  -2.96812057E-02
  -2.95066833E-02
  -2.88362503E-02
  -2.84299850E-02
  -2.81744003E-02
  -2.64005661E-02
  -2.63566971E-02
  -2.61783600E-02
  -2.39791870E-02
  -2.32906342E-02
  -2.32877731E-02
  -2.30569839E-02
  -2.27241516E-02
  -2.23493576E-02
  -2.19850540E-02
  -2.16884613E-02
  -2.14786530E-02
  -2.14490891E-02
  -2.13918686E-02
  -2.06842422E-02
  -2.05183029E-02
  -2.00262070E-02
  -1.95398331E-02
  -1.95188522E-02
  -1.94654465E-02
  -1.91631317E-02
  -1.91574097E-02
  -1.88961029E-02
  -1.86014175E-02
  -1.81436539E-02
  -1.76677704E-02
  -1.72281265E-02
  -1.72014236E-02
  -1.71613693E-02
  -1.71298981E-02
  -1.69372559E-02
  -1.65843964E-02
  -1.64518356E-02
  -1.63774490E-02
  -1.60655975E-02
  -1.59797668E-02
  -1.59378052E-02
  -1.58843994E-02
  -1.58033371E-02
  -1.56641006E-02
  -1.56631470E-02
  -1.55324936E-02
  -1.53398514E-02
  -1.52645111E-02
  -1.50833130E-02
  -1.50766373E-02
  -1.50499344E-02
  -1.49402618E-02
  -1.47857666E-02
  -1.45444870E-02
  -1.44958496E-02
  -1.44414902E-02
  -1.44166946E-02
  -1.41315460E-02
  -1.40838623E-02
  -1.40047073E-02
  -1.39665604E-02
  -1.37538910E-02
  -1.35507584E-02
  -1.34201050E-02
  -1.33895874E-02
  -1.33790970E-02
  -1.32770538E-02
  -1.28173828E-02
  -1.27229691E-02
  -1.26819611E-02
  -1.25370026E-02
  -1.24845505E-02
  -1.23739243E-02
  -1.23434067E-02
  -1.23357773E-02
  -1.23071671E-02
  -1.21431351E-02
  -1.20868683E-02
  -1.20630264E-02
  -1.20172501E-02
  -1.20067596E-02
  -1.19352341E-02
  -1.18799210E-02
  -1.17483139E-02
  -1.15919113E-02
  -1.15623474E-02
  -1.15070343E-02
  -1.14240646E-02
  -1.14068985E-02
  -1.13191605E-02
  -1.12485886E-02
  -1.11274719E-02
  -1.11246109E-02
  -1.11103058E-02
  -1.09643936E-02
  -1.08737946E-02
  -1.08022690E-02
  -1.07755661E-02
  -1.04837418E-02
  -1.03740692E-02
  -1.03406906E-02
  -1.03254318E-02
  -1.03187561E-02
  -1.02958679E-02
  -1.02729797E-02
  -1.01308823E-02
  -1.00440979E-02
  -9.78565216E-03
  -9.77802277E-03
  -9.77230072E-03
  -9.63020325E-03
  -9.59014893E-03
  -9.47952271E-03
  -9.38796997E-03
  -9.37747955E-03
  -9.20391083E-03
  -9.08660889E-03
  -9.01508331E-03
  -8.91876221E-03
  -8.60977173E-03
  -8.38088989E-03
  -8.28170776E-03
  -8.15582275E-03
  -8.15582275E-03
  -8.04138184E-03
  -8.02040100E-03
  -7.91931152E-03
  -7.90500641E-03
  -7.89165497E-03
  -7.84587860E-03
  -7.76100159E-03
  -7.74574280E-03
  -7.65609741E-03
  -7.62748718E-03
  -7.58361816E-03
  -7.56072998E-03
  -7.56072998E-03
  -7.55500793E-03
  -7.46822357E-03
  -7.38525391E-03
  -7.36045837E-03
  -7.30609894E-03
  -7.25269318E-03
  -7.19833374E-03
  -7.18402863E-03
  -7.15732574E-03
  -7.13634491E-03
  -7.09915161E-03
  -7.07244873E-03
  -6.99710846E-03
  -6.98661804E-03
  -6.97612762E-03
  -6.96754456E-03
  -6.81877136E-03
  -6.81209564E-03
  -6.81114197E-03
  -6.79111481E-03
  -6.75392151E-03
  -6.74915314E-03
  -6.73770905E-03
  -6.71863556E-03
  -6.66141510E-03
  -6.64806366E-03
  -6.63280487E-03
  -6.58702850E-03
  -6.56032562E-03
  -6.55651093E-03
  -6.55460358E-03
  -6.53171539E-03
  -6.51264191E-03
  -6.28757477E-03
  -6.27517700E-03
  -6.22177124E-03
  -6.20365143E-03
  -6.16359711E-03
  -6.12354279E-03
  -6.00433350E-03
  -5.99575043E-03
  -5.97953796E-03
  -5.97095490E-03
  -5.96714020E-03
  -5.96427917E-03
  -5.90801239E-03
  -5.85365295E-03
  -5.83553314E-03
  -5.83171844E-03
  -5.78784943E-03
  -5.72109222E-03
  -5.67531586E-03
  -5.64670563E-03
  -5.62477112E-03
  -5.61428070E-03
  -5.60665131E-03
  -5.56468964E-03
  -5.50556183E-03
  -5.45024872E-03
  -5.42831421E-03
  -5.40161133E-03
  -5.39016724E-03
  -5.32245636E-03
  -5.20420074E-03
  -5.13744354E-03
  -5.12313843E-03
  -5.05924225E-03
  -5.01823425E-03
  -5.00965118E-03
  -4.99153137E-03
  -4.97055054E-03
  -4.95147705E-03
  -4.79030609E-03
  -4.73690033E-03
  -4.71401215E-03
  -4.71210480E-03
  -4.70638275E-03
  -4.62818146E-03
  -4.57668304E-03
  -4.49848175E-03
  -4.45747375E-03
  -4.37164307E-03
  -4.29725647E-03
  -4.24385071E-03
  -4.23336029E-03
  -4.20951843E-03
  -4.18376923E-03
  -4.15039062E-03
  -4.14466858E-03
  -4.10842896E-03
  -4.09030914E-03
  -4.06169891E-03
  -4.04548645E-03
  -4.03022766E-03
  -4.00161743E-03
  -3.95488739E-03
  -3.87382507E-03
  -3.86238098E-03
  -3.80325317E-03
  -3.75843048E-03
  -3.70883942E-03
  -3.64112854E-03
  -3.60774994E-03
  -3.52859497E-03
  -3.45230103E-03
  -3.44562531E-03
  -3.41606140E-03
  -3.40747833E-03
  -3.33595276E-03
  -3.30162048E-03
  -3.27301025E-03
  -3.25679779E-03
  -3.20816040E-03
  -3.16905975E-03
  -3.14331055E-03
  -3.14331055E-03
  -3.11946869E-03
  -3.05557251E-03
  -2.91633606E-03
  -2.79903412E-03
  -2.79521942E-03
  -2.78663635E-03
  -2.78663635E-03
  -2.78472900E-03
  -2.76374817E-03
  -2.69794464E-03
  -2.69317627E-03
  -2.68268585E-03
  -2.62928009E-03
  -2.55107880E-03
  -2.55107880E-03
  -2.46047974E-03
  -2.45571136E-03
  -2.41756439E-03
  -2.37941742E-03
  -2.34413147E-03
  -2.26497650E-03
  -2.15911865E-03
  -2.11238861E-03
  -2.07805634E-03
  -2.04849243E-03
  -2.01892853E-03
  -2.00366974E-03
  -1.99604034E-03
  -1.95980072E-03
  -1.93881989E-03
  -1.93786621E-03
  -1.92070007E-03
  -1.92070007E-03
  -1.89590454E-03
  -1.76620483E-03
  -1.76620483E-03
  -1.74999237E-03
  -1.74045563E-03
  -1.73377991E-03
  -1.71470642E-03
  -1.68514252E-03
  -1.66702271E-03
  -1.63555145E-03
  -1.59740448E-03
  -1.58119202E-03
  -1.49917603E-03
  -1.46102905E-03
  -1.46102905E-03
  -1.45149231E-03
  -1.41143799E-03
  -1.39999390E-03
  -1.38282776E-03
  -1.35517120E-03
  -1.33800507E-03
  -1.32560730E-03
  -1.30939484E-03
  -1.29890442E-03
  -1.29508972E-03
  -1.28841400E-03
  -1.22547150E-03
  -1.21688843E-03
  -1.21688843E-03
  -1.21688843E-03
  -1.21593475E-03
  -1.13582611E-03
  -1.11675262E-03
  -9.80377197E-04
  -9.10758972E-04
  -8.08715820E-04
  -8.06808472E-04
  -7.54356384E-04
  -7.27653503E-04
  -6.58988953E-04
  -6.08444214E-04
  -6.03675842E-04
  -5.94139099E-04
  -5.07354736E-04
  -4.97817993E-04
  -4.94003296E-04
  -3.08036804E-04
  -2.87055969E-04
  -2.71797180E-04
  -1.88827515E-04
  -1.16348267E-04
  -2.95639038E-05
  -2.09808350E-05
   3.33786011E-05
   3.52859497E-05
   7.43865967E-05
   7.91549683E-05
   1.16348267E-04
   1.26838684E-04
   1.69754028E-04
   1.92642212E-04
   2.07901001E-04
   2.14576721E-04
   2.72750854E-04
   2.78472900E-04
   2.99453735E-04
   3.09944153E-04
   3.43322754E-04
   4.15802002E-04
   4.32014465E-04
   4.46319580E-04
   4.56809998E-04
   4.90188599E-04
   5.07354736E-04
   5.15937805E-04
   5.34057617E-04
   5.51223755E-04
   5.51223755E-04
   5.84602356E-04
   5.94139099E-04
   6.10351562E-04
   6.19888306E-04
   6.19888306E-04
   6.19888306E-04
   6.33239746E-04
   6.58035278E-04
   6.91413879E-04
   7.36236572E-04
   7.62939453E-04
   7.83920288E-04
   7.83920288E-04
   7.87734985E-04
   8.10623169E-04
   9.10758972E-04
   9.44137573E-04
   9.52720642E-04
   1.00135803E-03
   1.00517273E-03
   1.01852417E-03
   1.11293793E-03
   1.11865997E-03
   1.11961365E-03
   1.11961365E-03
   1.15489960E-03
   1.15585327E-03
   1.19113922E-03
   1.19781494E-03
   1.23119354E-03
   1.25217438E-03
   1.29795074E-03
   1.29795074E-03
   1.31130219E-03
   1.33705139E-03
   1.36947632E-03
   1.42860413E-03
   1.47247314E-03
   1.47342682E-03
   1.54781342E-03
   1.56497955E-03
   1.64890289E-03
   1.65081024E-03
   1.65367126E-03
   1.69181824E-03
   1.69181824E-03
   1.72328949E-03
   1.73187256E-03
   1.76048279E-03
   1.80530548E-03
   1.80721283E-03
   1.83868408E-03
   1.84345245E-03
   1.85775757E-03
   1.89304352E-03
   1.89781189E-03
   1.91497803E-03
   1.95503235E-03
   1.95503235E-03
   1.99317932E-03
   2.01129913E-03
   2.02178955E-03
   2.02751160E-03
   2.03800201E-03
   2.05707550E-03
   2.09426880E-03
   2.13336945E-03
   2.14481354E-03
   2.17533112E-03
   2.18486786E-03
   2.19058990E-03
   2.24781036E-03
   2.30693817E-03
   2.34699249E-03
   2.36034393E-03
   2.37369537E-03
   2.38609314E-03
   2.47669220E-03
   2.47764587E-03
   2.51865387E-03
   2.53868103E-03
   2.54726410E-03
   2.61497498E-03
   2.68650055E-03
   2.69412994E-03
   2.72560120E-03
   2.77423859E-03
   2.82764435E-03
   2.86579132E-03
   2.88486481E-03
   2.88867950E-03
   2.88963318E-03
   2.89630890E-03
   2.94208527E-03
   2.95066833E-03
   2.97641754E-03
   2.98023224E-03
   3.08036804E-03
   3.21578979E-03
   3.22628021E-03
   3.22628021E-03
   3.22914124E-03
   3.25870514E-03
   3.26156616E-03
   3.26728821E-03
   3.29017639E-03
   3.29589844E-03
   3.29875946E-03
   3.30352783E-03
   3.31211090E-03
   3.31783295E-03
   3.43322754E-03
   3.45706940E-03
   3.49426270E-03
   3.49903107E-03
   3.56578827E-03
   3.56674194E-03
   3.60393524E-03
   3.65257263E-03
   3.66401672E-03
   3.68785858E-03
   3.71456146E-03
   3.72505188E-03
   3.73458862E-03
   3.75652313E-03
   3.80039215E-03
   3.82137299E-03
   3.83758545E-03
   3.84235382E-03
   3.86428833E-03
   3.87096405E-03
   3.91960144E-03
   3.93295288E-03
   3.95584106E-03
   4.04357910E-03
   4.09984589E-03
   4.19807434E-03
   4.22000885E-03
   4.22286987E-03
   4.22859192E-03
   4.23336029E-03
   4.24194336E-03
   4.30583954E-03
   4.30679321E-03
   4.32491302E-03
   4.38117981E-03
   4.39929962E-03
   4.47177887E-03
   4.47463989E-03
   4.48703766E-03
   4.49657440E-03
   4.51278687E-03
   4.55093384E-03
   4.60815430E-03
   4.60910797E-03
   4.61101532E-03
   4.61101532E-03
   4.62436676E-03
   4.63867188E-03
   4.64057922E-03
   4.70161438E-03
   4.75406647E-03
   4.75692749E-03
   4.79125977E-03
   4.80842590E-03
   4.82463837E-03
   4.85420227E-03
   4.85897064E-03
   4.88853455E-03
   4.90665436E-03
   4.93907928E-03
   4.94861603E-03
   4.98485565E-03
   5.02395630E-03
   5.04875183E-03
   5.10025024E-03
   5.14698029E-03
   5.17845154E-03
   5.25188446E-03
   5.26809692E-03
   5.26905060E-03
   5.37109375E-03
   5.39493561E-03
   5.39588928E-03
   5.39588928E-03
   5.43689728E-03
   5.45883179E-03
   5.51033020E-03
   5.52558899E-03
   5.54084778E-03
   5.54466248E-03
   5.55133820E-03
   5.59329987E-03
   5.63430786E-03
   5.64670563E-03
   5.69915771E-03
   5.82599640E-03
   5.84030151E-03
   5.89370728E-03
   5.92899323E-03
   5.92994690E-03
   5.97953796E-03
   5.97953796E-03
   5.99193573E-03
   6.11019135E-03
   6.21891022E-03
   6.24942780E-03
   6.30092621E-03
   6.35719299E-03
   6.36100769E-03
   6.36386871E-03
   6.40964508E-03
   6.40964508E-03
   6.43348694E-03
   6.44493103E-03
   6.49070740E-03
   6.50882721E-03
   6.55174255E-03
   6.59656525E-03
   6.60324097E-03
   6.60896301E-03
   6.65950775E-03
   6.68716431E-03
   6.75296783E-03
   6.93511963E-03
   6.97231293E-03
   6.97708130E-03
   7.00664520E-03
   7.01045990E-03
   7.01713562E-03
   7.03239441E-03
   7.08580017E-03
   7.08770752E-03
   7.08770752E-03
   7.32326508E-03
   7.39192963E-03
   7.44247437E-03
   7.54451752E-03
   7.54451752E-03
   7.56931305E-03
   7.59315491E-03
   7.59983063E-03
   7.60364532E-03
   7.61318207E-03
   7.63034821E-03
   7.63988495E-03
   7.75337219E-03
   7.85064697E-03
   7.86399841E-03
   7.96413422E-03
   8.03089142E-03
   8.09192657E-03
   8.21399689E-03
   8.23211670E-03
   8.23879242E-03
   8.24260712E-03
   8.25023651E-03
   8.25977325E-03
   8.30268860E-03
   8.37326050E-03
   8.41331482E-03
   8.41331482E-03
   8.41331482E-03
   8.51821899E-03
   8.62407684E-03
   8.62789154E-03
   8.73756409E-03
   8.73756409E-03
   8.78047943E-03
   8.88824463E-03
   9.02080536E-03
   9.03129578E-03
   9.03987885E-03
   9.05132294E-03
   9.06276703E-03
   9.21726227E-03
   9.29069519E-03
   9.32502747E-03
   9.34410095E-03
   9.42134857E-03
   9.45377350E-03
   9.47666168E-03
   9.50717926E-03
   9.53865051E-03
   9.57393646E-03
   9.57965851E-03
   9.68647003E-03
   9.69982147E-03
   9.69982147E-03
   9.71889496E-03
   9.74178314E-03
   9.84191895E-03
   9.84764099E-03
   9.85240936E-03
   9.85336304E-03
   9.91058350E-03
   9.91344452E-03
   9.99355316E-03
   1.00870132E-02
   1.02519989E-02
   1.02920532E-02
   1.05276108E-02
   1.05667114E-02
   1.06182098E-02
   1.06840134E-02
   1.07755661E-02
   1.08041763E-02
   1.08385086E-02
   1.08385086E-02
   1.08766556E-02
   1.11331940E-02
   1.11408234E-02
   1.12037659E-02
   1.13029480E-02
   1.13105774E-02
   1.14192963E-02
   1.14326477E-02
   1.14927292E-02
   1.15022659E-02
   1.15575790E-02
   1.15861893E-02
   1.16786957E-02
   1.16853714E-02
   1.18770599E-02
   1.18923187E-02
   1.19781494E-02
   1.21555328E-02
   1.21936798E-02
   1.21946335E-02
   1.22823715E-02
   1.23510361E-02
   1.24654770E-02
   1.27239227E-02
   1.27429962E-02
   1.27687454E-02
   1.30367279E-02
   1.32102966E-02
   1.32331848E-02
   1.32331848E-02
   1.32675171E-02
   1.32856369E-02
   1.36260986E-02
   1.38225555E-02
   1.41458511E-02
   1.43117905E-02
   1.43346786E-02
   1.43566132E-02
   1.44872665E-02
   1.46217346E-02
   1.46560669E-02
   1.46751404E-02
   1.48019791E-02
   1.49621964E-02
   1.50556564E-02
   1.51968002E-02
   1.52320862E-02
   1.53160095E-02
   1.56536102E-02
   1.58071518E-02
   1.59339905E-02
   1.66950226E-02
   1.67551041E-02
   1.69715881E-02
   1.70230865E-02
   1.70669556E-02
   1.75409317E-02
   1.81570053E-02
   1.81798935E-02
   1.83305740E-02
   1.84335709E-02
   1.86347961E-02
   1.90038681E-02
   2.11353302E-02
   2.21662521E-02
   2.25381851E-02
   2.31418610E-02
   2.40640640E-02
   2.54116058E-02
   3.55854034E-02
   3.63140106E-02
   3.92389297E-02
