#Npts     Radius    Mag      Completeness
#  309 2108.4294  -11.858001 1.000000
# Verr
  -1.79414749E-02
  -1.74083710E-02
  -1.68294907E-02
  -1.66864395E-02
  -1.65653229E-02
  -1.63412094E-02
  -1.61275864E-02
  -1.45454407E-02
  -1.45311356E-02
  -1.41611099E-02
  -1.20639801E-02
  -1.19676590E-02
  -1.19304657E-02
  -1.19018555E-02
  -1.17921829E-02
  -1.15232468E-02
  -1.14002228E-02
  -1.12962723E-02
  -1.12533569E-02
  -1.08976364E-02
  -1.05171204E-02
  -1.03435516E-02
  -9.71031189E-03
  -9.15527344E-03
  -9.05609131E-03
  -8.87203217E-03
  -8.79287720E-03
  -8.59260559E-03
  -8.28647614E-03
  -8.16440582E-03
  -8.05473328E-03
  -8.00895691E-03
  -7.94124603E-03
  -7.83061981E-03
  -7.76958466E-03
  -7.72666931E-03
  -7.46154785E-03
  -7.24411011E-03
  -7.24315643E-03
  -7.23457336E-03
  -7.16495514E-03
  -6.94084167E-03
  -6.87408447E-03
  -6.54411316E-03
  -6.51454926E-03
  -6.44969940E-03
  -6.39533997E-03
  -6.38961792E-03
  -6.35910034E-03
  -6.23416901E-03
  -6.14929199E-03
  -5.94711304E-03
  -5.91373444E-03
  -5.79261780E-03
  -5.69629669E-03
  -5.48744202E-03
  -5.27858734E-03
  -5.06973267E-03
  -4.95910645E-03
  -4.94766235E-03
  -4.83894348E-03
  -4.79793549E-03
  -4.44221497E-03
  -4.40216064E-03
  -4.35924530E-03
  -4.35161591E-03
  -4.31537628E-03
  -4.30583954E-03
  -4.30011749E-03
  -4.19235229E-03
  -4.07600403E-03
  -4.01687622E-03
  -3.97300720E-03
  -3.80802155E-03
  -3.65734100E-03
  -3.62682343E-03
  -3.58963013E-03
  -3.54290009E-03
  -3.52191925E-03
  -3.48377228E-03
  -3.47137451E-03
  -3.24821472E-03
  -3.16619873E-03
  -3.15189362E-03
  -3.01742554E-03
  -2.84481049E-03
  -2.80761719E-03
  -2.70557404E-03
  -2.67696381E-03
  -2.64167786E-03
  -2.62355804E-03
  -2.58255005E-03
  -2.55203247E-03
  -2.42424011E-03
  -2.37655640E-03
  -2.29835510E-03
  -2.24494934E-03
  -2.18963623E-03
  -2.16484070E-03
  -2.14767456E-03
  -2.13718414E-03
  -2.12860107E-03
  -2.11620331E-03
  -2.04563141E-03
  -2.02274323E-03
  -2.01988220E-03
  -2.00557709E-03
  -1.82342529E-03
  -1.64318085E-03
  -1.60312653E-03
  -1.39617920E-03
  -1.35135651E-03
  -1.34277344E-03
  -1.34277344E-03
  -1.33609772E-03
  -1.22070312E-03
  -1.16539001E-03
  -1.16443634E-03
  -1.07192993E-03
  -1.02424622E-03
  -1.02043152E-03
  -9.61303711E-04
  -9.36508179E-04
  -9.32693481E-04
  -9.16481018E-04
  -7.57217407E-04
  -7.05718994E-04
  -5.91278076E-04
  -4.95910645E-04
  -2.98500061E-04
  -2.88009644E-04
  -2.16484070E-04
  -2.11715698E-04
  -9.15527344E-05
  -3.81469727E-05
   1.05857849E-04
   1.32560730E-04
   3.05175781E-04
   3.31878662E-04
   4.62532043E-04
   4.83512878E-04
   4.99725342E-04
   5.13076782E-04
   7.37190247E-04
   7.96318054E-04
   8.71658325E-04
   8.74519348E-04
   9.19342041E-04
   9.41276550E-04
   1.01184845E-03
   1.02615356E-03
   1.10530853E-03
   1.11389160E-03
   1.11865997E-03
   1.14631653E-03
   1.14917755E-03
   1.18827820E-03
   1.19400024E-03
   1.21879578E-03
   1.30748749E-03
   1.31034851E-03
   1.40857697E-03
   1.40857697E-03
   1.41525269E-03
   1.42955780E-03
   1.48391724E-03
   1.60598755E-03
   1.74331665E-03
   1.85966492E-03
   1.89685822E-03
   1.90639496E-03
   1.97696686E-03
   2.03704834E-03
   2.35748291E-03
   2.36415863E-03
   2.36701965E-03
   2.43568420E-03
   2.53295898E-03
   2.53486633E-03
   2.53486633E-03
   2.57968903E-03
   2.59971619E-03
   2.60066986E-03
   2.63118744E-03
   2.65979767E-03
   2.82001495E-03
   2.85816193E-03
   3.03173065E-03
   3.03268433E-03
   3.08609009E-03
   3.34358215E-03
   3.36360931E-03
   3.54385376E-03
   3.54862213E-03
   3.56483459E-03
   3.61251831E-03
   3.61728668E-03
   3.68118286E-03
   3.72123718E-03
   3.92913818E-03
   3.94725800E-03
   3.99112701E-03
   4.03499603E-03
   4.07314301E-03
   4.08077240E-03
   4.16755676E-03
   4.18567657E-03
   4.20284271E-03
   4.31156158E-03
   4.59671021E-03
   4.61483002E-03
   4.62532043E-03
   4.63104248E-03
   4.68063354E-03
   4.71782684E-03
   4.72259521E-03
   4.75978851E-03
   4.83894348E-03
   4.84371185E-03
   4.94766235E-03
   5.06782532E-03
   5.17845154E-03
   5.26428223E-03
   5.26428223E-03
   5.33294678E-03
   5.41400909E-03
   5.46741486E-03
   5.57518005E-03
   5.58185577E-03
   5.59329987E-03
   5.63144684E-03
   5.79547882E-03
   5.79547882E-03
   6.06536865E-03
   6.18362427E-03
   6.25801086E-03
   6.30569458E-03
   6.34384155E-03
   6.37531281E-03
   6.44493103E-03
   6.57558441E-03
   6.59275055E-03
   6.61563873E-03
   6.63852692E-03
   6.64424896E-03
   6.65473938E-03
   6.65473938E-03
   6.75678253E-03
   7.01522827E-03
   7.08770752E-03
   7.11345673E-03
   7.46345520E-03
   7.49492645E-03
   7.49683380E-03
   7.65705109E-03
   7.84111023E-03
   7.90596008E-03
   8.06999207E-03
   8.07094574E-03
   8.13770294E-03
   8.24832916E-03
   8.62026215E-03
   8.75854492E-03
   9.12952423E-03
   9.18292999E-03
   9.31358337E-03
   9.45281982E-03
   9.52911377E-03
   9.62734222E-03
   9.65595245E-03
   9.77325439E-03
   1.03120804E-02
   1.03664398E-02
   1.03693008E-02
   1.03750229E-02
   1.04503632E-02
   1.05152130E-02
   1.08203888E-02
   1.11455917E-02
   1.13744736E-02
   1.15251541E-02
   1.16462708E-02
   1.21030807E-02
   1.23262405E-02
   1.25703812E-02
   1.26171112E-02
   1.32761002E-02
   1.38015747E-02
   1.40342712E-02
   1.40523911E-02
   1.45397186E-02
   1.45606995E-02
   1.45730972E-02
   1.52540207E-02
   1.59397125E-02
   1.65853500E-02
   1.78022385E-02
   1.96714401E-02
   1.98392868E-02
   2.24189758E-02
   2.36940384E-02
   2.47335434E-02
   2.50854492E-02
   2.60124207E-02
   2.69422531E-02
   2.87590027E-02
   2.88448334E-02
   2.99863815E-02
   3.49712372E-02
