#Npts     Radius    Mag      Completeness
#   98 2123.2388  -14.355454 1.000000
# Verr
  -1.36833191E-02
  -1.28631592E-02
  -1.22194290E-02
  -1.14030838E-02
  -1.13449097E-02
  -1.12085342E-02
  -1.03464127E-02
  -1.03302002E-02
  -1.02910995E-02
  -1.01671219E-02
  -1.00831985E-02
  -9.50241089E-03
  -9.21154022E-03
  -9.16385651E-03
  -9.07707214E-03
  -8.99982452E-03
  -8.86249542E-03
  -8.34941864E-03
  -8.29124451E-03
  -8.00037384E-03
  -7.37571716E-03
  -7.34424591E-03
  -6.93988800E-03
  -6.80828094E-03
  -6.59084320E-03
  -6.50405884E-03
  -6.40964508E-03
  -6.37722015E-03
  -6.24942780E-03
  -6.17504120E-03
  -6.17408752E-03
  -5.96141815E-03
  -5.90133667E-03
  -5.64002991E-03
  -5.59043884E-03
  -5.59043884E-03
  -5.46741486E-03
  -5.31768799E-03
  -5.24711609E-03
  -5.24330139E-03
  -5.16319275E-03
  -5.16319275E-03
  -4.73594666E-03
  -4.72068787E-03
  -4.72068787E-03
  -4.53948975E-03
  -4.46987152E-03
  -4.44316864E-03
  -4.25434113E-03
  -4.17709351E-03
  -4.11796570E-03
  -3.97777557E-03
  -3.64017487E-03
  -3.62300873E-03
  -3.48281860E-03
  -3.17001343E-03
  -3.06606293E-03
  -2.90870667E-03
  -2.81906128E-03
  -2.64358521E-03
  -2.62928009E-03
  -2.57110596E-03
  -2.44235992E-03
  -2.21538544E-03
  -2.11524963E-03
  -2.09331512E-03
  -1.63936615E-03
  -1.30081177E-03
  -1.21116638E-03
  -1.03855133E-03
  -9.98497009E-04
  -9.45091248E-04
  -6.28471375E-04
  -3.70979309E-04
   3.55720520E-04
   7.09533691E-04
   1.09291077E-03
   1.11865997E-03
   1.55162811E-03
   1.96647644E-03
   2.11715698E-03
   2.49862671E-03
   3.19099426E-03
   3.46279144E-03
   3.87668610E-03
   4.43458557E-03
   4.96768951E-03
   5.80406189E-03
   7.32898712E-03
   8.53061676E-03
   1.04427338E-02
   1.21765137E-02
   1.35831833E-02
   1.37710571E-02
   1.37958527E-02
   1.41582489E-02
   1.47714615E-02
   2.84500122E-02
