#Npts     Radius    Mag      Completeness
#  304 2990.4773  -13.264545 1.000000
# Verr
  -2.85835266E-02
  -2.47182846E-02
  -2.26488113E-02
  -2.17695236E-02
  -1.95035934E-02
  -1.85146332E-02
  -1.49106979E-02
  -1.47027969E-02
  -1.45654678E-02
  -1.44176483E-02
  -1.42116547E-02
  -1.38921738E-02
  -1.38034821E-02
  -1.35326385E-02
  -1.34878159E-02
  -1.33771896E-02
  -1.32522583E-02
  -1.27830505E-02
  -1.21345520E-02
  -1.20849609E-02
  -1.19171143E-02
  -1.18541718E-02
  -1.17797852E-02
  -1.16682053E-02
  -1.15861893E-02
  -1.15041733E-02
  -1.14850998E-02
  -1.13754272E-02
  -1.12857819E-02
  -1.10559464E-02
  -1.10244751E-02
  -1.09310150E-02
  -1.08270645E-02
  -1.07622147E-02
  -1.06887817E-02
  -1.04074478E-02
  -1.03778839E-02
  -1.02062225E-02
  -1.00202560E-02
  -9.99546051E-03
  -9.96303558E-03
  -9.91249084E-03
  -9.73987579E-03
  -9.73701477E-03
  -9.67216492E-03
  -9.65976715E-03
  -9.51480865E-03
  -9.38224792E-03
  -9.25159454E-03
  -9.07230377E-03
  -9.03415680E-03
  -9.03415680E-03
  -8.93115997E-03
  -8.86344910E-03
  -8.81767273E-03
  -8.78238678E-03
  -8.76808167E-03
  -8.75949860E-03
  -8.69274139E-03
  -8.63265991E-03
  -8.49628448E-03
  -8.48388672E-03
  -8.37135315E-03
  -8.26644897E-03
  -8.25500488E-03
  -8.18538666E-03
  -8.17394257E-03
  -8.14247131E-03
  -8.07857513E-03
  -7.79724121E-03
  -7.70282745E-03
  -7.69138336E-03
  -7.66849518E-03
  -7.61413574E-03
  -7.48348236E-03
  -7.43579865E-03
  -7.38906860E-03
  -7.38811493E-03
  -7.33661652E-03
  -7.30991364E-03
  -7.21073151E-03
  -7.18307495E-03
  -6.72626495E-03
  -6.61468506E-03
  -6.59465790E-03
  -6.58607483E-03
  -6.53457642E-03
  -6.48784637E-03
  -6.43825531E-03
  -6.43634796E-03
  -6.43253326E-03
  -6.38866425E-03
  -6.19792938E-03
  -6.02054596E-03
  -6.01863861E-03
  -5.98907471E-03
  -5.88989258E-03
  -5.72681427E-03
  -5.71537018E-03
  -5.63716888E-03
  -5.59616089E-03
  -5.57899475E-03
  -5.57613373E-03
  -5.50651550E-03
  -5.45978546E-03
  -5.40828705E-03
  -5.35011292E-03
  -5.32913208E-03
  -5.32627106E-03
  -5.27477264E-03
  -5.15937805E-03
  -5.04875183E-03
  -5.03635406E-03
  -5.01155853E-03
  -4.95910645E-03
  -4.91237640E-03
  -4.87136841E-03
  -4.86469269E-03
  -4.84752655E-03
  -4.83226776E-03
  -4.82368469E-03
  -4.78267670E-03
  -4.67300415E-03
  -4.63676453E-03
  -4.59194183E-03
  -4.58049774E-03
  -4.50801849E-03
  -4.49180603E-03
  -4.47750092E-03
  -4.45270538E-03
  -4.28390503E-03
  -4.22954559E-03
  -4.16660309E-03
  -4.15229797E-03
  -4.07505035E-03
  -4.02355194E-03
  -4.01687622E-03
  -4.00066376E-03
  -3.94916534E-03
  -3.93199921E-03
  -3.91960144E-03
  -3.87287140E-03
  -3.85951996E-03
  -3.84712219E-03
  -3.83186340E-03
  -3.81278992E-03
  -3.78513336E-03
  -3.78322601E-03
  -3.72219086E-03
  -3.65352631E-03
  -3.57913971E-03
  -3.30638885E-03
  -3.18908691E-03
  -3.15189362E-03
  -3.14331055E-03
  -3.11374664E-03
  -2.97927856E-03
  -2.91538239E-03
  -2.88391113E-03
  -2.87055969E-03
  -2.86674500E-03
  -2.76947021E-03
  -2.76470184E-03
  -2.74276733E-03
  -2.72560120E-03
  -2.45285034E-03
  -2.45094299E-03
  -2.42328644E-03
  -2.36797333E-03
  -2.36797333E-03
  -2.25639343E-03
  -2.19154358E-03
  -2.18391418E-03
  -2.10952759E-03
  -2.09522247E-03
  -2.08854675E-03
  -2.06089020E-03
  -1.96838379E-03
  -1.90734863E-03
  -1.83486938E-03
  -1.82628632E-03
  -1.80816650E-03
  -1.75380707E-03
  -1.70803070E-03
  -1.60408020E-03
  -1.48200989E-03
  -1.38473511E-03
  -1.36280060E-03
  -1.28841400E-03
  -1.22356415E-03
  -1.15871429E-03
  -1.13487244E-03
  -1.09767914E-03
  -1.06239319E-03
  -1.04904175E-03
  -1.00135803E-03
  -9.05990601E-04
  -7.60078430E-04
  -6.99996948E-04
  -6.99996948E-04
  -6.48498535E-04
  -6.17980957E-04
  -5.68389893E-04
  -3.87191772E-04
  -3.78608704E-04
  -3.49998474E-04
  -3.37600708E-04
  -2.26020813E-04
  -2.01225281E-04
  -1.86920166E-04
  -1.66893005E-04
  -1.48773193E-04
  -1.31607056E-04
  -7.72476196E-05
   4.76837158E-06
   2.95639038E-05
   3.81469727E-05
   5.05447388E-05
   1.06811523E-04
   1.59263611E-04
   1.88827515E-04
   2.50816345E-04
   3.17573547E-04
   3.67164612E-04
   3.79562378E-04
   4.95910645E-04
   5.07354736E-04
   8.65936279E-04
   9.33647156E-04
   1.12152100E-03
   1.14154816E-03
   1.18732452E-03
   1.20639801E-03
   1.22165680E-03
   1.50871277E-03
   1.64031982E-03
   1.78909302E-03
   1.85489655E-03
   1.89781189E-03
   1.91974640E-03
   1.92832947E-03
   1.94454193E-03
   2.03037262E-03
   2.15435028E-03
   2.23350525E-03
   2.23541260E-03
   2.24018097E-03
   2.29454041E-03
   2.30693817E-03
   2.53963470E-03
   2.54154205E-03
   2.64739990E-03
   2.72560120E-03
   2.73799896E-03
   2.75135040E-03
   2.84862518E-03
   3.18431854E-03
   3.24916840E-03
   3.84330750E-03
   4.07981873E-03
   4.08554077E-03
   4.13513184E-03
   4.20570374E-03
   4.26101685E-03
   4.35638428E-03
   4.38785553E-03
   4.41646576E-03
   4.44889069E-03
   4.71305847E-03
   4.91428375E-03
   4.99629974E-03
   5.02014160E-03
   5.03253937E-03
   5.06401062E-03
   5.26237488E-03
   5.67340851E-03
   5.72776794E-03
   5.85079193E-03
   5.92899323E-03
   6.38103485E-03
   6.86645508E-03
   7.23934174E-03
   7.31849670E-03
   8.12530518E-03
   8.17108154E-03
   8.21971893E-03
   8.25119019E-03
   9.02462006E-03
   1.05962753E-02
   1.07450485E-02
   1.08928680E-02
   1.12838745E-02
   1.17044449E-02
   1.23071671E-02
   1.31473541E-02
   1.32913589E-02
   1.35335922E-02
   1.40628815E-02
   1.60789490E-02
   1.68476105E-02
   1.81961060E-02
   1.87244415E-02
   2.74677277E-02
   3.32193375E-02
