#Npts     Radius    Mag      Completeness
#  761  653.3163  -12.428909 1.000000
# Verr
  -3.64780426E-02
  -3.56664658E-02
  -3.47671509E-02
  -3.29256058E-02
  -3.16619873E-02
  -3.03153992E-02
  -2.76155472E-02
  -2.60076523E-02
  -2.49586105E-02
  -2.48556137E-02
  -2.47802734E-02
  -2.35176086E-02
  -2.34165192E-02
  -2.32162476E-02
  -2.22969055E-02
  -2.14586258E-02
  -2.14052200E-02
  -2.06928253E-02
  -1.98488235E-02
  -1.94301605E-02
  -1.91020966E-02
  -1.84631348E-02
  -1.84497833E-02
  -1.80940628E-02
  -1.79452896E-02
  -1.77726746E-02
  -1.75399780E-02
  -1.71432495E-02
  -1.71089172E-02
  -1.71060562E-02
  -1.69477463E-02
  -1.67865753E-02
  -1.64957047E-02
  -1.61132812E-02
  -1.59740448E-02
  -1.58691406E-02
  -1.57403946E-02
  -1.57146454E-02
  -1.56021118E-02
  -1.55925751E-02
  -1.54981613E-02
  -1.53656006E-02
  -1.53341293E-02
  -1.52988434E-02
  -1.52091980E-02
  -1.51596069E-02
  -1.51557922E-02
  -1.50661469E-02
  -1.46465302E-02
  -1.46131516E-02
  -1.43775940E-02
  -1.40113831E-02
  -1.37739182E-02
  -1.37434006E-02
  -1.33380890E-02
  -1.33275986E-02
  -1.32608414E-02
  -1.31816864E-02
  -1.31731033E-02
  -1.31340027E-02
  -1.30319595E-02
  -1.29709244E-02
  -1.29499435E-02
  -1.27792358E-02
  -1.26829147E-02
  -1.26562119E-02
  -1.24816895E-02
  -1.24740601E-02
  -1.23386383E-02
  -1.22537613E-02
  -1.22041702E-02
  -1.19485855E-02
  -1.18732452E-02
  -1.18541718E-02
  -1.17940903E-02
  -1.16701126E-02
  -1.16214752E-02
  -1.15518570E-02
  -1.14440918E-02
  -1.14154816E-02
  -1.13983154E-02
  -1.13916397E-02
  -1.13849640E-02
  -1.12257004E-02
  -1.12257004E-02
  -1.11970901E-02
  -1.10969543E-02
  -1.10177994E-02
  -1.09243393E-02
  -1.08604431E-02
  -1.08556747E-02
  -1.08242035E-02
  -1.07803345E-02
  -1.07526779E-02
  -1.06945038E-02
  -1.06067657E-02
  -1.05781555E-02
  -1.05628967E-02
  -1.05552673E-02
  -1.05485916E-02
  -1.05066299E-02
  -1.04789734E-02
  -1.04331970E-02
  -1.04217529E-02
  -1.03807449E-02
  -1.03673935E-02
  -1.03549957E-02
  -1.02882385E-02
  -1.02834702E-02
  -1.02243423E-02
  -1.01900101E-02
  -1.01604462E-02
  -1.01470947E-02
  -1.01079941E-02
  -9.97924805E-03
  -9.90295410E-03
  -9.82475281E-03
  -9.73987579E-03
  -9.60826874E-03
  -9.52053070E-03
  -9.49668884E-03
  -9.48143005E-03
  -9.33933258E-03
  -9.27352905E-03
  -9.20772552E-03
  -9.17625427E-03
  -9.15908813E-03
  -9.15908813E-03
  -9.05895233E-03
  -8.98838043E-03
  -8.98838043E-03
  -8.95690918E-03
  -8.72516632E-03
  -8.71467590E-03
  -8.67080688E-03
  -8.66317749E-03
  -8.50009918E-03
  -8.50009918E-03
  -8.45813751E-03
  -8.34083557E-03
  -8.31985474E-03
  -8.27693939E-03
  -8.26072693E-03
  -8.22734833E-03
  -8.14247131E-03
  -8.12625885E-03
  -8.12244415E-03
  -8.00132751E-03
  -7.99655914E-03
  -7.93933868E-03
  -7.93933868E-03
  -7.93933868E-03
  -7.93075562E-03
  -7.86495209E-03
  -7.86113739E-03
  -7.86113739E-03
  -7.74860382E-03
  -7.74478912E-03
  -7.71141052E-03
  -7.71045685E-03
  -7.67898560E-03
  -7.62748718E-03
  -7.60936737E-03
  -7.55882263E-03
  -7.55786896E-03
  -7.49588013E-03
  -7.47108459E-03
  -7.44056702E-03
  -7.36236572E-03
  -7.35378265E-03
  -7.34901428E-03
  -7.31468201E-03
  -7.30323792E-03
  -7.21740723E-03
  -7.20310211E-03
  -7.20310211E-03
  -7.18593597E-03
  -7.16590881E-03
  -7.14588165E-03
  -7.11822510E-03
  -7.08293915E-03
  -7.03239441E-03
  -7.03144073E-03
  -6.99806213E-03
  -6.98661804E-03
  -6.95705414E-03
  -6.92939758E-03
  -6.87694550E-03
  -6.85405731E-03
  -6.84547424E-03
  -6.83593750E-03
  -6.82640076E-03
  -6.75868988E-03
  -6.73103333E-03
  -6.71291351E-03
  -6.71291351E-03
  -6.68621063E-03
  -6.62326813E-03
  -6.56414032E-03
  -6.56127930E-03
  -6.54602051E-03
  -6.54029846E-03
  -6.52885437E-03
  -6.50501251E-03
  -6.33621216E-03
  -6.29043579E-03
  -6.28852844E-03
  -6.26468658E-03
  -6.25896454E-03
  -6.13117218E-03
  -6.09207153E-03
  -6.06536865E-03
  -6.05773926E-03
  -5.97667694E-03
  -5.94329834E-03
  -5.89275360E-03
  -5.88893890E-03
  -5.88607788E-03
  -5.86605072E-03
  -5.86128235E-03
  -5.79452515E-03
  -5.77640533E-03
  -5.76686859E-03
  -5.76400757E-03
  -5.73730469E-03
  -5.70869446E-03
  -5.68771362E-03
  -5.68485260E-03
  -5.67626953E-03
  -5.55896759E-03
  -5.47599792E-03
  -5.44548035E-03
  -5.44452667E-03
  -5.42163849E-03
  -5.37490845E-03
  -5.32913208E-03
  -5.29289246E-03
  -5.26142120E-03
  -5.23471832E-03
  -5.15460968E-03
  -5.14793396E-03
  -5.13648987E-03
  -5.12695312E-03
  -5.12123108E-03
  -5.11360168E-03
  -5.10311127E-03
  -5.03635406E-03
  -5.03158569E-03
  -5.01155853E-03
  -5.00965118E-03
  -5.00202179E-03
  -4.97722626E-03
  -4.97150421E-03
  -4.87422943E-03
  -4.86373901E-03
  -4.78458405E-03
  -4.76932526E-03
  -4.76264954E-03
  -4.74834442E-03
  -4.73594666E-03
  -4.71019745E-03
  -4.70924377E-03
  -4.70542908E-03
  -4.68826294E-03
  -4.65488434E-03
  -4.64344025E-03
  -4.61483002E-03
  -4.61006165E-03
  -4.59671021E-03
  -4.51087952E-03
  -4.50229645E-03
  -4.48036194E-03
  -4.47082520E-03
  -4.44984436E-03
  -4.44316864E-03
  -4.42123413E-03
  -4.40692902E-03
  -4.40692902E-03
  -4.36782837E-03
  -4.36401367E-03
  -4.32968140E-03
  -4.29248810E-03
  -4.27913666E-03
  -4.22382355E-03
  -4.21810150E-03
  -4.17900085E-03
  -4.17709351E-03
  -4.17709351E-03
  -4.12845612E-03
  -4.12464142E-03
  -4.10747528E-03
  -4.03404236E-03
  -4.01401520E-03
  -3.99398804E-03
  -3.97300720E-03
  -3.93104553E-03
  -3.90911102E-03
  -3.90815735E-03
  -3.90052795E-03
  -3.89766693E-03
  -3.83853912E-03
  -3.82995605E-03
  -3.81851196E-03
  -3.80706787E-03
  -3.80420685E-03
  -3.78704071E-03
  -3.76415253E-03
  -3.73744965E-03
  -3.68976593E-03
  -3.67546082E-03
  -3.59153748E-03
  -3.56674194E-03
  -3.56388092E-03
  -3.54099274E-03
  -3.53527069E-03
  -3.50475311E-03
  -3.47137451E-03
  -3.38459015E-03
  -3.34644318E-03
  -3.32641602E-03
  -3.28254700E-03
  -3.27110291E-03
  -3.25679779E-03
  -3.22628021E-03
  -3.21292877E-03
  -3.20529938E-03
  -3.19290161E-03
  -3.18241119E-03
  -3.17287445E-03
  -3.15761566E-03
  -3.15093994E-03
  -3.12423706E-03
  -3.12423706E-03
  -3.03459167E-03
  -3.01074982E-03
  -3.00884247E-03
  -2.98118591E-03
  -2.93159485E-03
  -2.92491913E-03
  -2.92110443E-03
  -2.90775299E-03
  -2.89154053E-03
  -2.87055969E-03
  -2.84862518E-03
  -2.82859802E-03
  -2.76660919E-03
  -2.75325775E-03
  -2.72655487E-03
  -2.69031525E-03
  -2.65502930E-03
  -2.58541107E-03
  -2.55393982E-03
  -2.34985352E-03
  -2.31552124E-03
  -2.30979919E-03
  -2.30026245E-03
  -2.29835510E-03
  -2.28118896E-03
  -2.27069855E-03
  -2.27069855E-03
  -2.17533112E-03
  -2.14576721E-03
  -2.12860107E-03
  -2.11906433E-03
  -2.07614899E-03
  -2.06565857E-03
  -2.04277039E-03
  -1.98173523E-03
  -1.92165375E-03
  -1.92165375E-03
  -1.86061859E-03
  -1.84917450E-03
  -1.81579590E-03
  -1.80625916E-03
  -1.80149078E-03
  -1.77097321E-03
  -1.74427032E-03
  -1.73950195E-03
  -1.73187256E-03
  -1.71470642E-03
  -1.68323517E-03
  -1.64794922E-03
  -1.62887573E-03
  -1.60980225E-03
  -1.60408020E-03
  -1.59740448E-03
  -1.59263611E-03
  -1.58214569E-03
  -1.56497955E-03
  -1.53732300E-03
  -1.52683258E-03
  -1.48773193E-03
  -1.47914886E-03
  -1.45530701E-03
  -1.40953064E-03
  -1.40380859E-03
  -1.33895874E-03
  -1.28269196E-03
  -1.26266479E-03
  -1.23977661E-03
  -1.22928619E-03
  -1.21593475E-03
  -1.18350983E-03
  -1.06811523E-03
  -1.01375580E-03
  -1.00994110E-03
  -9.85145569E-04
  -9.54627991E-04
  -9.53674316E-04
  -9.23156738E-04
  -8.66889954E-04
  -7.28607178E-04
  -7.00950623E-04
  -6.58035278E-04
  -5.98907471E-04
  -5.83648682E-04
  -5.76019287E-04
  -5.66482544E-04
  -5.51223755E-04
  -4.56809998E-04
  -4.49180603E-04
  -4.11987305E-04
  -4.07218933E-04
  -3.87191772E-04
  -3.84330750E-04
  -3.27110291E-04
  -3.17573547E-04
  -2.89916992E-04
  -2.45094299E-04
  -2.10762024E-04
   1.81198120E-05
   2.28881836E-05
   4.19616699E-05
   8.29696655E-05
   1.45912170E-04
   1.51634216E-04
   2.05993652E-04
   2.08854675E-04
   2.13623047E-04
   2.13623047E-04
   2.28881836E-04
   3.29017639E-04
   3.44276428E-04
   3.96728516E-04
   4.13894653E-04
   4.14848328E-04
   5.11169434E-04
   5.60760498E-04
   6.04629517E-04
   7.36236572E-04
   7.41958618E-04
   7.79151917E-04
   8.59260559E-04
   9.28878784E-04
   9.74655151E-04
   1.10054016E-03
   1.20162964E-03
   1.24454498E-03
   1.25503540E-03
   1.29699707E-03
   1.32656097E-03
   1.35803223E-03
   1.51348114E-03
   1.51348114E-03
   1.51824951E-03
   1.53923035E-03
   1.58023834E-03
   1.60312653E-03
   1.63459778E-03
   1.64127350E-03
   1.69372559E-03
   1.72424316E-03
   1.80721283E-03
   1.80912018E-03
   1.86729431E-03
   1.91783905E-03
   1.92451477E-03
   1.92546844E-03
   1.96933746E-03
   1.97887421E-03
   1.98554993E-03
   2.03895569E-03
   2.07424164E-03
   2.11811066E-03
   2.14099884E-03
   2.14385986E-03
   2.17151642E-03
   2.17819214E-03
   2.18963623E-03
   2.19249725E-03
   2.24685669E-03
   2.26783752E-03
   2.28214264E-03
   2.29740143E-03
   2.40516663E-03
   2.45571136E-03
   2.51388550E-03
   2.52532959E-03
   2.57015228E-03
   2.58064270E-03
   2.64072418E-03
   2.69603729E-03
   2.71797180E-03
   2.74085999E-03
   2.79617310E-03
   2.86102295E-03
   2.89440155E-03
   2.95352936E-03
   2.97927856E-03
   3.01742554E-03
   3.07941437E-03
   3.10039520E-03
   3.13282013E-03
   3.17573547E-03
   3.21102142E-03
   3.40366364E-03
   3.44467163E-03
   3.45325470E-03
   3.55148315E-03
   3.56292725E-03
   3.57627869E-03
   3.59058380E-03
   3.63063812E-03
   3.66306305E-03
   3.70407104E-03
   3.71551514E-03
   3.71551514E-03
   3.73268127E-03
   3.84330750E-03
   3.90625000E-03
   3.92341614E-03
   3.99494171E-03
   4.06742096E-03
   4.09889221E-03
   4.09889221E-03
   4.10842896E-03
   4.10842896E-03
   4.16946411E-03
   4.18663025E-03
   4.22191620E-03
   4.37927246E-03
   4.42218781E-03
   4.44793701E-03
   4.48226929E-03
   4.48703766E-03
   4.52232361E-03
   4.53567505E-03
   4.54235077E-03
   4.60720062E-03
   4.62341309E-03
   4.64534760E-03
   4.76932526E-03
   4.79125977E-03
   4.84085083E-03
   4.87041473E-03
   4.94289398E-03
   4.94575500E-03
   4.98199463E-03
   5.19371033E-03
   5.22327423E-03
   5.23090363E-03
   5.28907776E-03
   5.30338287E-03
   5.34057617E-03
   5.37204742E-03
   5.37395477E-03
   5.42163849E-03
   5.43308258E-03
   5.46073914E-03
   5.48458099E-03
   5.54943085E-03
   5.56850433E-03
   5.70106506E-03
   5.73158264E-03
   5.74684143E-03
   5.77259064E-03
   5.80692291E-03
   5.84888458E-03
   5.86795807E-03
   5.90229034E-03
   5.94997406E-03
   5.99193573E-03
   6.03103638E-03
   6.03103638E-03
   6.09397888E-03
   6.13594055E-03
   6.15406036E-03
   6.21032715E-03
   6.26182556E-03
   6.27136230E-03
   6.27326965E-03
   6.29043579E-03
   6.32190704E-03
   6.35337830E-03
   6.38484955E-03
   6.46209717E-03
   6.46877289E-03
   6.57272339E-03
   6.62517548E-03
   6.66427612E-03
   6.72721863E-03
   6.73294067E-03
   6.74247742E-03
   6.79969788E-03
   6.80446625E-03
   6.82830811E-03
   6.88362122E-03
   7.06768036E-03
   7.07054138E-03
   7.09247589E-03
   7.09915161E-03
   7.10296631E-03
   7.12299347E-03
   7.20882416E-03
   7.30228424E-03
   7.30991364E-03
   7.33661652E-03
   7.50827789E-03
   7.66944885E-03
   7.78198242E-03
   7.81631470E-03
   7.86685944E-03
   8.09192657E-03
   8.15010071E-03
   8.25309753E-03
   8.26931000E-03
   8.34465027E-03
   8.40187073E-03
   8.47530365E-03
   8.56494904E-03
   8.59069824E-03
   8.59737396E-03
   8.66508484E-03
   8.66794586E-03
   8.71753693E-03
   8.76617432E-03
   8.80241394E-03
   8.93306732E-03
   9.26399231E-03
   9.40418243E-03
   9.56058502E-03
   9.72557068E-03
   9.87720490E-03
   9.88197327E-03
   9.92774963E-03
   9.96303558E-03
   9.96780396E-03
   1.00603104E-02
   1.01175308E-02
   1.02329254E-02
   1.02796555E-02
   1.03063583E-02
   1.03549957E-02
   1.04122162E-02
   1.04551315E-02
   1.05590820E-02
   1.07011795E-02
   1.07240677E-02
   1.07917786E-02
   1.08709335E-02
   1.08880997E-02
   1.09081268E-02
   1.12619400E-02
   1.12686157E-02
   1.13286972E-02
   1.15280151E-02
   1.16748810E-02
   1.20697021E-02
   1.22270584E-02
   1.23100281E-02
   1.24254227E-02
   1.24692917E-02
   1.25570297E-02
   1.25608444E-02
   1.26857758E-02
   1.27191544E-02
   1.28412247E-02
   1.29003525E-02
   1.30577087E-02
   1.30910873E-02
   1.35860443E-02
   1.39312744E-02
   1.39865875E-02
   1.41201019E-02
   1.42307281E-02
   1.42784119E-02
   1.44224167E-02
   1.44910812E-02
   1.45206451E-02
   1.45854950E-02
   1.46694183E-02
   1.47294998E-02
   1.48773193E-02
   1.49040222E-02
   1.49145126E-02
   1.52368546E-02
   1.53999329E-02
   1.54933929E-02
   1.56412125E-02
   1.65472031E-02
   1.66282654E-02
   1.66969299E-02
   1.67045593E-02
   1.67579651E-02
   1.67818069E-02
   1.68323517E-02
   1.70497894E-02
   1.73788071E-02
   1.74274445E-02
   1.78413391E-02
   1.78594589E-02
   1.78899765E-02
   1.78976059E-02
   1.81045532E-02
   1.81236267E-02
   1.81474686E-02
   1.85060501E-02
   1.86357498E-02
   1.93071365E-02
   1.99251175E-02
   1.99842453E-02
   2.00691223E-02
   2.06642151E-02
   2.07777023E-02
   2.11076736E-02
   2.11343765E-02
   2.15148926E-02
   2.18286514E-02
   2.24781036E-02
   2.26058960E-02
   2.27994919E-02
   2.34050751E-02
   2.40335464E-02
   2.40602493E-02
   2.46906281E-02
   2.58140564E-02
   2.59160995E-02
   2.59666443E-02
   2.59809494E-02
   2.60686874E-02
   2.60715485E-02
   2.62050629E-02
   2.62470245E-02
   2.63910294E-02
   2.66647339E-02
   2.75030136E-02
   2.77109146E-02
   2.80532837E-02
   2.99606323E-02
   3.02066803E-02
   3.11126709E-02
   3.17926407E-02
   3.22704315E-02
   3.24726105E-02
   3.26681137E-02
   3.31192017E-02
   3.32098007E-02
   3.32221985E-02
   3.34548950E-02
   3.41815948E-02
   3.72791290E-02
