#Npts     Radius    Mag      Completeness
#  438  657.9050  -14.137273 1.000000
# Verr
  -3.06615829E-02
  -2.98337936E-02
  -2.86979675E-02
  -2.71234512E-02
  -2.48727798E-02
  -2.48451233E-02
  -2.36253738E-02
  -2.20155716E-02
  -2.00519562E-02
  -1.73568726E-02
  -1.73273087E-02
  -1.69906616E-02
  -1.68199539E-02
  -1.48286819E-02
  -1.48057938E-02
  -1.47075653E-02
  -1.43089294E-02
  -1.43051147E-02
  -1.36423111E-02
  -1.34706497E-02
  -1.31149292E-02
  -1.28660202E-02
  -1.16701126E-02
  -1.14078522E-02
  -1.09634399E-02
  -1.04694366E-02
  -1.01461411E-02
  -1.01127625E-02
  -1.01003647E-02
  -1.00383759E-02
  -9.77516174E-03
  -9.42134857E-03
  -8.96072388E-03
  -8.88252258E-03
  -8.62598419E-03
  -8.23116302E-03
  -7.88593292E-03
  -7.53307343E-03
  -7.29942322E-03
  -7.20405579E-03
  -7.13539124E-03
  -6.76059723E-03
  -6.62803650E-03
  -6.51073456E-03
  -6.50119781E-03
  -6.36482239E-03
  -6.33335114E-03
  -6.31332397E-03
  -6.21223450E-03
  -6.13689423E-03
  -6.04248047E-03
  -5.92136383E-03
  -5.81359863E-03
  -5.78975677E-03
  -5.78117371E-03
  -5.66577911E-03
  -5.65052032E-03
  -5.62763214E-03
  -5.58853149E-03
  -5.47218323E-03
  -5.42545319E-03
  -5.40733337E-03
  -5.34629822E-03
  -5.18321991E-03
  -5.13553619E-03
  -5.08022308E-03
  -5.03730774E-03
  -4.80937958E-03
  -4.78935242E-03
  -4.61292267E-03
  -4.45652008E-03
  -4.39643860E-03
  -4.25243378E-03
  -4.17613983E-03
  -4.14848328E-03
  -4.08744812E-03
  -4.07600403E-03
  -3.91578674E-03
  -3.77464294E-03
  -3.76415253E-03
  -3.74889374E-03
  -3.65447998E-03
  -3.64685059E-03
  -3.58772278E-03
  -3.54480743E-03
  -3.54480743E-03
  -3.53050232E-03
  -3.52096558E-03
  -3.50952148E-03
  -3.44657898E-03
  -3.43227386E-03
  -3.26538086E-03
  -3.22628021E-03
  -3.13282013E-03
  -3.05652618E-03
  -2.97260284E-03
  -2.93827057E-03
  -2.90107727E-03
  -2.79712677E-03
  -2.76565552E-03
  -2.76565552E-03
  -2.73895264E-03
  -2.62737274E-03
  -2.58064270E-03
  -2.53677368E-03
  -2.51197815E-03
  -2.45380402E-03
  -2.42137909E-03
  -2.39086151E-03
  -2.39086151E-03
  -2.34889984E-03
  -2.16293335E-03
  -2.16293335E-03
  -2.10380554E-03
  -2.06947327E-03
  -2.06756592E-03
  -2.03990936E-03
  -2.01129913E-03
  -1.94454193E-03
  -1.86824799E-03
  -1.85489655E-03
  -1.83963776E-03
  -1.79100037E-03
  -1.76620483E-03
  -1.74999237E-03
  -1.71470642E-03
  -1.68895721E-03
  -1.61838531E-03
  -1.61170959E-03
  -1.59835815E-03
  -1.58882141E-03
  -1.56879425E-03
  -1.53923035E-03
  -1.41620636E-03
  -1.37710571E-03
  -1.29413605E-03
  -1.28173828E-03
  -1.18350983E-03
  -1.16348267E-03
  -1.14727020E-03
  -1.13391876E-03
  -1.11198425E-03
  -1.11198425E-03
  -1.03759766E-03
  -8.57353210E-04
  -7.90596008E-04
  -7.67707825E-04
  -7.50541687E-04
  -6.58988953E-04
  -5.88417053E-04
  -5.69343567E-04
  -5.68389893E-04
  -5.54084778E-04
  -5.40733337E-04
  -5.29289246E-04
  -4.39643860E-04
  -4.30107117E-04
  -3.98635864E-04
  -3.90052795E-04
  -3.58581543E-04
  -3.52859497E-04
  -3.06129456E-04
  -2.82287598E-04
  -1.64985657E-04
  -1.28746033E-04
  -1.19209290E-04
  -9.25064087E-05
  -1.23977661E-05
   6.67572021E-06
   2.67028809E-05
   2.76565552E-05
   1.12533569E-04
   1.22070312E-04
   2.25067139E-04
   2.27928162E-04
   2.71797180E-04
   2.88009644E-04
   3.49998474E-04
   3.65257263E-04
   4.00543213E-04
   4.13894653E-04
   4.27246094E-04
   4.44412231E-04
   4.78744507E-04
   4.78744507E-04
   5.06401062E-04
   5.74111938E-04
   6.98089600E-04
   7.03811646E-04
   7.37190247E-04
   8.13484192E-04
   8.33511353E-04
   8.64982605E-04
   8.82148743E-04
   9.32693481E-04
   9.87052917E-04
   1.02519989E-03
   1.03664398E-03
   1.04045868E-03
   1.09386444E-03
   1.11961365E-03
   1.12533569E-03
   1.13677979E-03
   1.17015839E-03
   1.21784210E-03
   1.22737885E-03
   1.25217438E-03
   1.34277344E-03
   1.39236450E-03
   1.43051147E-03
   1.43909454E-03
   1.52683258E-03
   1.63745880E-03
   1.65081024E-03
   1.67655945E-03
   1.68991089E-03
   1.70516968E-03
   1.73473358E-03
   1.74427032E-03
   1.78050995E-03
   1.81961060E-03
   1.82819366E-03
   1.86443329E-03
   1.91020966E-03
   2.00843811E-03
   2.13718414E-03
   2.22778320E-03
   2.24876404E-03
   2.25067139E-03
   2.25067139E-03
   2.25543976E-03
   2.27069855E-03
   2.35843658E-03
   2.35843658E-03
   2.36129761E-03
   2.38037109E-03
   2.39753723E-03
   2.44140625E-03
   2.48813629E-03
   2.56061554E-03
   2.58636475E-03
   2.60448456E-03
   2.66075134E-03
   2.68077850E-03
   2.70271301E-03
   2.78377533E-03
   2.80380249E-03
   2.86293030E-03
   2.88200378E-03
   2.89821625E-03
   2.91252136E-03
   2.99072266E-03
   2.99453735E-03
   3.01074982E-03
   3.01265717E-03
   3.02028656E-03
   3.09848785E-03
   3.10230255E-03
   3.12900543E-03
   3.35121155E-03
   3.36265564E-03
   3.36742401E-03
   3.38077545E-03
   3.41415405E-03
   3.44467163E-03
   3.45802307E-03
   3.53813171E-03
   3.54385376E-03
   3.59344482E-03
   3.64017487E-03
   3.64017487E-03
   3.70597839E-03
   3.73744965E-03
   3.76510620E-03
   3.79276276E-03
   3.82423401E-03
   3.86333466E-03
   3.90911102E-03
   3.91197205E-03
   3.97682190E-03
   4.06455994E-03
   4.17327881E-03
   4.21714783E-03
   4.29439545E-03
   4.33444977E-03
   4.34970856E-03
   4.43744659E-03
   4.53186035E-03
   4.70542908E-03
   4.83226776E-03
   4.87995148E-03
   4.90951538E-03
   4.94766235E-03
   4.94861603E-03
   4.95719910E-03
   4.97436523E-03
   4.98676300E-03
   5.00583649E-03
   5.06401062E-03
   5.19752502E-03
   5.27000427E-03
   5.35964966E-03
   5.50937653E-03
   5.54466248E-03
   5.58757782E-03
   5.64956665E-03
   5.70201874E-03
   5.75542450E-03
   5.76496124E-03
   5.82695007E-03
   5.86128235E-03
   5.96714020E-03
   5.96714020E-03
   5.98621368E-03
   6.01482391E-03
   6.10256195E-03
   6.11209869E-03
   6.16836548E-03
   6.17885590E-03
   6.27994537E-03
   6.36577606E-03
   6.43253326E-03
   6.43730164E-03
   6.49261475E-03
   6.50882721E-03
   6.55746460E-03
   6.55746460E-03
   6.56318665E-03
   6.60133362E-03
   6.62136078E-03
   6.72626495E-03
   6.76250458E-03
   6.80255890E-03
   6.83307648E-03
   6.86550140E-03
   6.93988800E-03
   6.98661804E-03
   7.17067719E-03
   7.31372833E-03
   7.36618042E-03
   7.44628906E-03
   7.50827789E-03
   7.53879547E-03
   7.54642487E-03
   7.65800476E-03
   7.69424438E-03
   7.81726837E-03
   7.81917572E-03
   8.04042816E-03
   8.19778442E-03
   8.27407837E-03
   8.27789307E-03
   8.39900970E-03
   8.45432281E-03
   8.52680206E-03
   8.55827332E-03
   8.79383087E-03
   8.86917114E-03
   8.98551941E-03
   9.11808014E-03
   9.29737091E-03
   9.79137421E-03
   9.83142853E-03
   9.84477997E-03
   9.90867615E-03
   1.00069046E-02
   1.02071762E-02
   1.02663040E-02
   1.03120804E-02
   1.03502274E-02
   1.05190277E-02
   1.05228424E-02
   1.07955933E-02
   1.11646652E-02
   1.12628937E-02
   1.13687515E-02
   1.13735199E-02
   1.15222931E-02
   1.17492676E-02
   1.18083954E-02
   1.21889114E-02
   1.23128891E-02
   1.24359131E-02
   1.26628876E-02
   1.26771927E-02
   1.27296448E-02
   1.28145218E-02
   1.28431320E-02
   1.28784180E-02
   1.31969452E-02
   1.33123398E-02
   1.37252808E-02
   1.42154694E-02
   1.44109726E-02
   1.44271851E-02
   1.45072937E-02
   1.45330429E-02
   1.62439346E-02
   1.62563324E-02
   1.66664124E-02
   1.71508789E-02
   1.78565979E-02
   1.80702209E-02
   1.82428360E-02
   1.82771683E-02
   1.83591843E-02
   1.84087753E-02
   1.88875198E-02
   1.91478729E-02
   1.95455551E-02
   1.99527740E-02
   2.12335587E-02
   2.17933655E-02
   2.24657059E-02
   2.31943130E-02
   2.33736038E-02
   2.38571167E-02
   2.44836807E-02
   2.48031616E-02
   2.49433517E-02
   2.52065659E-02
   2.54268646E-02
   2.54907608E-02
   2.55737305E-02
   2.78034210E-02
   2.81600952E-02
   2.86836624E-02
   2.90699005E-02
   2.94675827E-02
   3.01752090E-02
   3.04517746E-02
   3.13167572E-02
   3.15961838E-02
   3.56826782E-02
   3.59315872E-02
   3.61928940E-02
   3.75738144E-02
   3.87639999E-02
