#Npts     Radius    Mag      Completeness
#  228 1704.5719  -13.919091 1.000000
# Verr
  -2.66895294E-02
  -2.58274078E-02
  -1.31349564E-02
  -1.31254196E-02
  -1.21536255E-02
  -1.17664337E-02
  -1.16319656E-02
  -1.12762451E-02
  -1.11427307E-02
  -1.11236572E-02
  -1.08804703E-02
  -1.06916428E-02
  -1.06773376E-02
  -1.03435516E-02
  -1.01757050E-02
  -9.76657867E-03
  -9.75036621E-03
  -9.65499878E-03
  -9.42707062E-03
  -9.30023193E-03
  -9.24015045E-03
  -9.16099548E-03
  -9.13619995E-03
  -9.13619995E-03
  -8.80050659E-03
  -8.69083405E-03
  -8.62216949E-03
  -8.61740112E-03
  -8.61358643E-03
  -8.60595703E-03
  -8.40091705E-03
  -8.38088989E-03
  -8.32557678E-03
  -8.19206238E-03
  -8.17775726E-03
  -8.16631317E-03
  -8.16535950E-03
  -8.16249847E-03
  -8.16154480E-03
  -8.14533234E-03
  -8.13007355E-03
  -7.72762299E-03
  -7.72571564E-03
  -7.71999359E-03
  -7.65419006E-03
  -7.65132904E-03
  -7.64465332E-03
  -7.63893127E-03
  -7.59315491E-03
  -7.45391846E-03
  -7.44915009E-03
  -7.34424591E-03
  -7.30800629E-03
  -7.21454620E-03
  -7.20787048E-03
  -7.19356537E-03
  -7.18021393E-03
  -7.16686249E-03
  -7.10105896E-03
  -6.94370270E-03
  -6.88743591E-03
  -6.78730011E-03
  -6.69193268E-03
  -6.69193268E-03
  -6.68048859E-03
  -6.67762756E-03
  -6.62517548E-03
  -6.60610199E-03
  -6.39057159E-03
  -6.33811951E-03
  -6.28185272E-03
  -6.26945496E-03
  -6.22940063E-03
  -6.19125366E-03
  -6.15119934E-03
  -6.14547729E-03
  -6.12545013E-03
  -6.10637665E-03
  -5.91754913E-03
  -5.85460663E-03
  -5.81264496E-03
  -5.64193726E-03
  -5.63621521E-03
  -5.45406342E-03
  -5.40161133E-03
  -5.31959534E-03
  -5.28240204E-03
  -5.14030457E-03
  -5.13839722E-03
  -4.85420227E-03
  -4.78172302E-03
  -4.68158722E-03
  -4.67872620E-03
  -4.35066223E-03
  -4.32586670E-03
  -4.25243378E-03
  -4.22000885E-03
  -4.16660309E-03
  -4.16660309E-03
  -4.13227081E-03
  -4.12750244E-03
  -3.95965576E-03
  -3.86524200E-03
  -3.84998322E-03
  -3.63349915E-03
  -3.61347198E-03
  -3.29780579E-03
  -3.19194794E-03
  -3.18145752E-03
  -3.16429138E-03
  -3.12614441E-03
  -3.11088562E-03
  -3.02696228E-03
  -2.93922424E-03
  -2.83241272E-03
  -2.74085999E-03
  -2.70366669E-03
  -2.65979767E-03
  -2.65502930E-03
  -2.65216827E-03
  -2.63214111E-03
  -2.61974335E-03
  -2.52723694E-03
  -2.38132477E-03
  -2.28214264E-03
  -2.22969055E-03
  -2.18009949E-03
  -2.15911865E-03
  -2.14004517E-03
  -2.13718414E-03
  -2.12574005E-03
  -2.12383270E-03
  -1.94358826E-03
  -1.87110901E-03
  -1.84440613E-03
  -1.74522400E-03
  -1.72042847E-03
  -1.68418884E-03
  -1.67942047E-03
  -1.66034698E-03
  -1.65271759E-03
  -1.30844116E-03
  -1.23500824E-03
  -1.21974945E-03
  -1.20925903E-03
  -1.20925903E-03
  -1.18541718E-03
  -1.12724304E-03
  -1.11103058E-03
  -1.10626221E-03
  -9.64164734E-04
  -9.01222229E-04
  -7.68661499E-04
  -7.07626343E-04
  -6.54220581E-04
  -3.76701355E-04
  -2.25067139E-04
  -2.20298767E-04
  -1.84059143E-04
  -1.74522400E-04
  -1.66893005E-04
   7.24792480E-05
   1.85966492E-04
   2.54631042E-04
   3.15666199E-04
   3.38554382E-04
   3.63349915E-04
   3.73840332E-04
   5.24520874E-04
   5.76972961E-04
   5.87463379E-04
   6.17980957E-04
   6.71386719E-04
   7.57217407E-04
   8.38279724E-04
   8.40187073E-04
   8.58306885E-04
   8.59260559E-04
   1.23691559E-03
   1.24931335E-03
   1.26457214E-03
   1.27220154E-03
   1.37901306E-03
   1.50966644E-03
   1.76715851E-03
   1.82056427E-03
   1.82151794E-03
   1.89781189E-03
   2.24399567E-03
   2.37846375E-03
   2.38418579E-03
   2.75230408E-03
   2.77519226E-03
   2.82001495E-03
   3.26538086E-03
   3.30066681E-03
   3.32832336E-03
   3.39221954E-03
   3.62491608E-03
   3.82041931E-03
   3.89862061E-03
   4.03976440E-03
   4.12464142E-03
   4.73880768E-03
   4.81891632E-03
   5.09834290E-03
   5.21945953E-03
   5.31578064E-03
   5.38349152E-03
   5.87844849E-03
   6.32858276E-03
   6.52980804E-03
   7.78484344E-03
   8.28266144E-03
   8.52394104E-03
   8.62312317E-03
   8.80527496E-03
   9.82189178E-03
   1.02415085E-02
   1.13458633E-02
   1.16481781E-02
   1.24940872E-02
   1.42440796E-02
   1.78508759E-02
   1.79033279E-02
   2.11544037E-02
   2.13260651E-02
   2.16016769E-02
