#Npts     Radius    Mag      Completeness
#  252 1692.6829  -12.714364 1.000000
# Verr
  -3.45945358E-02
  -3.26662064E-02
  -2.08463669E-02
  -1.98841095E-02
  -1.25465393E-02
  -1.23987198E-02
  -1.17006302E-02
  -1.15804672E-02
  -1.13782883E-02
  -1.12752914E-02
  -9.54151154E-03
  -9.38034058E-03
  -8.99219513E-03
  -8.75568390E-03
  -8.66222382E-03
  -8.46958160E-03
  -8.40854645E-03
  -8.39996338E-03
  -8.38470459E-03
  -7.68852234E-03
  -7.42530823E-03
  -7.22789764E-03
  -7.05814362E-03
  -6.73198700E-03
  -6.68430328E-03
  -6.67858124E-03
  -6.30569458E-03
  -5.99861145E-03
  -5.99861145E-03
  -5.71060181E-03
  -5.55992126E-03
  -5.41496277E-03
  -5.28430939E-03
  -5.12409210E-03
  -4.84180450E-03
  -4.53567505E-03
  -4.50420380E-03
  -4.38785553E-03
  -4.33921814E-03
  -4.23431396E-03
  -3.99684906E-03
  -3.88145447E-03
  -3.69453430E-03
  -3.65829468E-03
  -3.60584259E-03
  -3.59821320E-03
  -3.56388092E-03
  -3.46088409E-03
  -3.44467163E-03
  -3.36742401E-03
  -3.33881378E-03
  -3.19194794E-03
  -3.13568115E-03
  -3.05461884E-03
  -3.03363800E-03
  -2.96878815E-03
  -2.96211243E-03
  -2.94113159E-03
  -2.91824341E-03
  -2.90012360E-03
  -2.77233124E-03
  -2.56061554E-03
  -2.42328644E-03
  -2.23636627E-03
  -2.14481354E-03
  -2.00271606E-03
  -1.86634064E-03
  -1.68991089E-03
  -1.64031982E-03
  -1.62506104E-03
  -1.51920319E-03
  -1.40190125E-03
  -1.32083893E-03
  -1.20353699E-03
  -1.17206573E-03
  -1.07860565E-03
  -1.06620789E-03
  -1.00994110E-03
  -9.39369202E-04
  -8.92639160E-04
  -8.67843628E-04
  -8.46862793E-04
  -7.91549683E-04
  -6.30378723E-04
  -6.10351562E-04
  -5.52177429E-04
  -5.04493713E-04
  -3.94821167E-04
  -3.88145447E-04
  -2.92778015E-04
  -1.75476074E-04
  -1.73568726E-04
   1.05857849E-04
   1.52587891E-04
   2.33650208E-04
   2.82287598E-04
   4.07218933E-04
   4.86373901E-04
   5.20706177E-04
   5.50270081E-04
   6.60896301E-04
   7.57217407E-04
   7.74383545E-04
   8.51631165E-04
   9.26971436E-04
   1.07097626E-03
   1.08242035E-03
   1.11293793E-03
   1.23310089E-03
   1.27506256E-03
   1.35612488E-03
   1.43146515E-03
   1.50489807E-03
   1.60312653E-03
   1.65557861E-03
   1.70516968E-03
   1.75952911E-03
   1.78050995E-03
   1.83010101E-03
   1.83105469E-03
   1.84535980E-03
   1.89781189E-03
   1.97887421E-03
   2.05802917E-03
   2.12192535E-03
   2.23064423E-03
   2.24876404E-03
   2.28023529E-03
   2.32601166E-03
   2.39372253E-03
   2.50053406E-03
   2.54821777E-03
   2.69889832E-03
   2.92015076E-03
   2.94399261E-03
   3.02124023E-03
   3.06510925E-03
   3.15284729E-03
   3.17955017E-03
   3.20243835E-03
   3.22246552E-03
   3.24821472E-03
   3.41987610E-03
   3.42941284E-03
   3.51619720E-03
   3.53717804E-03
   3.53813171E-03
   3.58581543E-03
   3.67927551E-03
   3.79562378E-03
   3.90338898E-03
   3.95011902E-03
   3.98063660E-03
   4.06360626E-03
   4.09984589E-03
   4.24480438E-03
   4.25338745E-03
   4.38785553E-03
   4.50038910E-03
   4.73117828E-03
   4.77886200E-03
   4.79221344E-03
   4.79412079E-03
   4.97245789E-03
   4.98104095E-03
   4.98580933E-03
   5.08213043E-03
   5.27572632E-03
   5.28144836E-03
   5.35964966E-03
   5.39112091E-03
   5.42736053E-03
   5.53417206E-03
   5.55896759E-03
   5.57327271E-03
   5.60760498E-03
   5.62572479E-03
   5.79833984E-03
   5.80787659E-03
   5.85556030E-03
   5.88321686E-03
   5.89561462E-03
   6.00719452E-03
   6.04438782E-03
   6.12354279E-03
   6.25133514E-03
   6.36577606E-03
   6.48975372E-03
   6.54315948E-03
   6.57844543E-03
   6.66046143E-03
   6.72531128E-03
   6.75010681E-03
   6.80637360E-03
   6.82067871E-03
   7.12203979E-03
   7.14588165E-03
   7.19642639E-03
   7.36522675E-03
   7.42816925E-03
   7.54356384E-03
   7.55691528E-03
   7.61222839E-03
   7.74955750E-03
   7.79819489E-03
   7.84397125E-03
   7.84778595E-03
   7.86876678E-03
   8.01944733E-03
   8.09192657E-03
   8.13007355E-03
   8.34751129E-03
   8.40950012E-03
   8.60309601E-03
   8.72421265E-03
   8.75091553E-03
   8.90827179E-03
   9.28020477E-03
   9.46712494E-03
   9.48905945E-03
   9.51194763E-03
   9.58061218E-03
   9.63973999E-03
   9.66930389E-03
   1.02186203E-02
   1.05648041E-02
   1.07717514E-02
   1.09910965E-02
   1.10006332E-02
   1.11541748E-02
   1.11589432E-02
   1.17864609E-02
   1.18618011E-02
   1.19485855E-02
   1.25246048E-02
   1.26371384E-02
   1.31244659E-02
   1.33152008E-02
   1.33237839E-02
   1.42431259E-02
   1.45158768E-02
   1.46875381E-02
   1.47399902E-02
   1.47905350E-02
   1.50156021E-02
   1.50413513E-02
   1.74503326E-02
   1.88446045E-02
   1.89218521E-02
   2.10943222E-02
   2.42109299E-02
   3.29303741E-02
