#Npts     Radius    Mag      Completeness
#  159 1484.8096  -13.285274 1.000000
# Verr
  -3.55634689E-02
  -2.94733047E-02
  -1.52225494E-02
  -1.48010254E-02
  -1.11951828E-02
  -1.06382370E-02
  -1.01890564E-02
  -1.00069046E-02
  -9.22870636E-03
  -9.21440125E-03
  -8.78715515E-03
  -8.35895538E-03
  -8.26835632E-03
  -8.23402405E-03
  -8.20159912E-03
  -7.64179230E-03
  -6.71195984E-03
  -6.26564026E-03
  -5.82695007E-03
  -5.73348999E-03
  -5.70106506E-03
  -5.39016724E-03
  -5.31768799E-03
  -5.24806976E-03
  -5.20133972E-03
  -4.75883484E-03
  -4.36973572E-03
  -4.22477722E-03
  -4.20379639E-03
  -3.71265411E-03
  -3.58390808E-03
  -3.44562531E-03
  -3.39221954E-03
  -3.33976746E-03
  -3.31592560E-03
  -3.25489044E-03
  -3.00884247E-03
  -2.65789032E-03
  -2.61402130E-03
  -2.34699249E-03
  -2.32315063E-03
  -2.30598450E-03
  -2.30503082E-03
  -2.20298767E-03
  -2.13050842E-03
  -2.11906433E-03
  -2.05707550E-03
  -1.94835663E-03
  -1.70421600E-03
  -1.52683258E-03
  -1.48582458E-03
  -1.30462646E-03
  -1.28269196E-03
  -1.25885010E-03
  -1.20544434E-03
  -1.20162964E-03
  -1.19972229E-03
  -1.18732452E-03
  -1.13010406E-03
  -1.13010406E-03
  -1.00994110E-03
  -7.42912292E-04
  -7.30514526E-04
  -6.57081604E-04
  -5.09262085E-04
  -2.12669373E-04
   1.76429749E-04
   2.76565552E-04
   2.89916992E-04
   2.90870667E-04
   6.50405884E-04
   7.96318054E-04
   8.12530518E-04
   8.77380371E-04
   1.14536285E-03
   1.29604340E-03
   1.45912170E-03
   1.50489807E-03
   1.74713135E-03
   1.79004669E-03
   1.79672241E-03
   1.93214417E-03
   2.10571289E-03
   2.28404999E-03
   2.29740143E-03
   2.71701813E-03
   2.76088715E-03
   2.90775299E-03
   2.91442871E-03
   3.28063965E-03
   3.29589844E-03
   3.55815887E-03
   3.59535217E-03
   3.66592407E-03
   3.66783142E-03
   3.76033783E-03
   3.78131866E-03
   3.79180908E-03
   4.00638580E-03
   4.05406952E-03
   4.13894653E-03
   4.47654724E-03
   4.67109680E-03
   4.70161438E-03
   4.79793549E-03
   4.94766235E-03
   5.14602661E-03
   5.15079498E-03
   5.26046753E-03
   5.55038452E-03
   5.73444366E-03
   5.87940216E-03
   6.19792938E-03
   6.48498535E-03
   6.68716431E-03
   6.84547424E-03
   7.06291199E-03
   7.11059570E-03
   7.16209412E-03
   7.26604462E-03
   7.26890564E-03
   7.27558136E-03
   7.35092163E-03
   7.85923004E-03
   8.12435150E-03
   8.29029083E-03
   8.47339630E-03
   8.62026215E-03
   8.79859924E-03
   8.88538361E-03
   8.96072388E-03
   9.03701782E-03
   9.26685333E-03
   9.30309296E-03
   9.71984863E-03
   1.00879669E-02
   1.01909637E-02
   1.02863312E-02
   1.03063583E-02
   1.03101730E-02
   1.08919144E-02
   1.11646652E-02
   1.20887756E-02
   1.27105713E-02
   1.28049850E-02
   1.31082535E-02
   1.35765076E-02
   1.35936737E-02
   1.47361755E-02
   1.54733658E-02
   1.60970688E-02
   1.64957047E-02
   1.72147751E-02
   1.81446075E-02
   1.98984146E-02
   2.03962326E-02
   2.08930969E-02
   2.42719650E-02
   3.30734253E-02
