#Npts     Radius    Mag      Completeness
#  170 1692.6829  -12.999819 1.000000
# Verr
  -3.64294052E-02
  -1.48267746E-02
  -1.28488541E-02
  -1.23538971E-02
  -1.11808777E-02
  -1.09157562E-02
  -8.95023346E-03
  -8.88919830E-03
  -8.25881958E-03
  -7.33089447E-03
  -6.45542145E-03
  -6.31809235E-03
  -5.52177429E-03
  -5.12790680E-03
  -4.92858887E-03
  -4.83131409E-03
  -4.30965424E-03
  -4.26483154E-03
  -4.12559509E-03
  -4.10842896E-03
  -3.76796722E-03
  -3.72982025E-03
  -3.56388092E-03
  -3.32832336E-03
  -3.10993195E-03
  -3.04889679E-03
  -3.02410126E-03
  -2.93254852E-03
  -2.90012360E-03
  -2.74372101E-03
  -2.55203247E-03
  -2.31647491E-03
  -2.31456757E-03
  -2.30503082E-03
  -2.26211548E-03
  -2.19535828E-03
  -2.10666656E-03
  -1.78623199E-03
  -1.74903870E-03
  -1.56593323E-03
  -1.54590607E-03
  -1.41620636E-03
  -1.36566162E-03
  -1.32846832E-03
  -1.22547150E-03
  -1.15013123E-03
  -9.95635986E-04
  -9.30786133E-04
  -7.86781311E-04
  -5.69343567E-04
  -5.05447388E-05
  -2.67028809E-05
   4.00543213E-05
   5.91278076E-05
   7.15255737E-05
   1.68800354E-04
   2.27928162E-04
   2.37464905E-04
   2.49862671E-04
   3.47137451E-04
   3.51905823E-04
   6.73294067E-04
   6.79016113E-04
   6.82830811E-04
   6.99043274E-04
   7.20024109E-04
   7.68661499E-04
   9.05036926E-04
   9.59396362E-04
   1.14345551E-03
   1.24168396E-03
   1.25122070E-03
   1.26647949E-03
   1.27887726E-03
   1.63173676E-03
   1.70421600E-03
   1.73091888E-03
   1.90544128E-03
   1.97601318E-03
   1.99699402E-03
   2.24208832E-03
   2.24590302E-03
   2.26974487E-03
   2.36701965E-03
   2.38990784E-03
   2.57873535E-03
   2.59780884E-03
   2.65598297E-03
   2.78663635E-03
   2.85720825E-03
   2.99072266E-03
   3.06320190E-03
   3.41606140E-03
   3.44753265E-03
   3.63254547E-03
   3.79657745E-03
   3.80325317E-03
   4.12082672E-03
   4.13131714E-03
   4.19235229E-03
   4.20188904E-03
   4.46128845E-03
   4.55760956E-03
   4.57763672E-03
   4.63104248E-03
   4.64057922E-03
   4.69112396E-03
   4.75502014E-03
   4.85229492E-03
   5.00392914E-03
   5.08308411E-03
   5.11264801E-03
   5.19084930E-03
   5.30529022E-03
   5.35202026E-03
   5.38444519E-03
   5.62381744E-03
   5.65338135E-03
   5.66768646E-03
   5.66959381E-03
   5.82599640E-03
   5.99765778E-03
   6.20079041E-03
   6.20841980E-03
   6.28852844E-03
   6.38294220E-03
   6.51454926E-03
   6.53553009E-03
   6.57749176E-03
   6.61087036E-03
   6.65187836E-03
   7.03239441E-03
   7.10010529E-03
   7.11059570E-03
   7.12299347E-03
   7.21073151E-03
   7.51590729E-03
   7.78388977E-03
   8.05568695E-03
   8.78810883E-03
   8.79383087E-03
   8.87107849E-03
   9.00840759E-03
   9.10663605E-03
   9.44614410E-03
   9.58251953E-03
   9.78565216E-03
   1.01251602E-02
   1.01327896E-02
   1.01594925E-02
   1.07145309E-02
   1.10063553E-02
   1.13439560E-02
   1.17692947E-02
   1.18169785E-02
   1.21097565E-02
   1.21555328E-02
   1.36690140E-02
   1.39064789E-02
   1.39617920E-02
   1.42688751E-02
   1.46789551E-02
   1.52769089E-02
   1.53188705E-02
   1.55906677E-02
   1.62096024E-02
   1.70927048E-02
   1.90219879E-02
   2.04620361E-02
   2.07509995E-02
