#Npts     Radius    Mag      Completeness
#  508 1285.9052  -13.264545 1.000000
# Verr
  -2.93874741E-02
  -2.81629562E-02
  -2.76498795E-02
  -2.45428085E-02
  -2.13260651E-02
  -2.13184357E-02
  -2.12373734E-02
  -2.09970474E-02
  -1.89476013E-02
  -1.83544159E-02
  -1.78852081E-02
  -1.73168182E-02
  -1.70984268E-02
  -1.61609650E-02
  -1.56497955E-02
  -1.54838562E-02
  -1.45301819E-02
  -1.42946243E-02
  -1.42250061E-02
  -1.35726929E-02
  -1.34267807E-02
  -1.33771896E-02
  -1.33113861E-02
  -1.32465363E-02
  -1.31740570E-02
  -1.31597519E-02
  -1.29156113E-02
  -1.25036240E-02
  -1.23949051E-02
  -1.22880936E-02
  -1.20725632E-02
  -1.19285583E-02
  -1.17025375E-02
  -1.14765167E-02
  -1.11885071E-02
  -1.10530853E-02
  -1.10082626E-02
  -1.06849670E-02
  -1.05400085E-02
  -1.04417801E-02
  -1.03216171E-02
  -1.02367401E-02
  -1.02195740E-02
  -9.90867615E-03
  -9.67216492E-03
  -9.57870483E-03
  -8.94069672E-03
  -8.82053375E-03
  -8.72707367E-03
  -8.67462158E-03
  -8.62979889E-03
  -8.54587555E-03
  -8.51345062E-03
  -8.49819183E-03
  -8.40854645E-03
  -8.29124451E-03
  -8.27503204E-03
  -8.24260712E-03
  -8.24069977E-03
  -8.21971893E-03
  -8.13388824E-03
  -8.11290741E-03
  -8.06427002E-03
  -8.03661346E-03
  -8.01467896E-03
  -7.93743134E-03
  -7.82585144E-03
  -7.82585144E-03
  -7.79056549E-03
  -7.74383545E-03
  -7.69519806E-03
  -7.57980347E-03
  -7.40432739E-03
  -7.35378265E-03
  -7.32612610E-03
  -7.01904297E-03
  -7.01618195E-03
  -6.95228577E-03
  -6.91223145E-03
  -6.88838959E-03
  -6.87599182E-03
  -6.82735443E-03
  -6.69765472E-03
  -6.68430328E-03
  -6.67572021E-03
  -6.63661957E-03
  -6.63566589E-03
  -6.41345978E-03
  -6.37626648E-03
  -6.25991821E-03
  -6.25324249E-03
  -6.24561310E-03
  -6.22463226E-03
  -6.19792938E-03
  -6.16741180E-03
  -6.09588623E-03
  -6.04724884E-03
  -5.98907471E-03
  -5.95474243E-03
  -5.93376160E-03
  -5.90419769E-03
  -5.82504272E-03
  -5.76591492E-03
  -5.69915771E-03
  -5.69915771E-03
  -5.64765930E-03
  -5.61904907E-03
  -5.61714172E-03
  -5.52845001E-03
  -5.41114807E-03
  -5.31005859E-03
  -5.26142120E-03
  -5.22899628E-03
  -5.15842438E-03
  -5.09738922E-03
  -4.98676300E-03
  -4.97436523E-03
  -4.96959686E-03
  -4.96673584E-03
  -4.93240356E-03
  -4.93049622E-03
  -4.91809845E-03
  -4.82368469E-03
  -4.80365753E-03
  -4.79030609E-03
  -4.70161438E-03
  -4.68826294E-03
  -4.68635559E-03
  -4.67967987E-03
  -4.63676453E-03
  -4.63676453E-03
  -4.53853607E-03
  -4.52899933E-03
  -4.50706482E-03
  -4.50038910E-03
  -4.48322296E-03
  -4.47845459E-03
  -4.41932678E-03
  -4.38022614E-03
  -4.38022614E-03
  -4.36401367E-03
  -4.33826447E-03
  -4.33349609E-03
  -4.32109833E-03
  -4.31346893E-03
  -4.30393219E-03
  -4.22191620E-03
  -4.15325165E-03
  -4.14180756E-03
  -4.13799286E-03
  -4.12273407E-03
  -4.06932831E-03
  -4.05788422E-03
  -3.97109985E-03
  -3.89862061E-03
  -3.87287140E-03
  -3.83853912E-03
  -3.83186340E-03
  -3.81469727E-03
  -3.74126434E-03
  -3.67069244E-03
  -3.65638733E-03
  -3.64017487E-03
  -3.57151031E-03
  -3.54099274E-03
  -3.46279144E-03
  -3.42559814E-03
  -3.39794159E-03
  -3.35979462E-03
  -3.31401825E-03
  -3.31211090E-03
  -3.30066681E-03
  -3.27110291E-03
  -3.26824188E-03
  -3.20243835E-03
  -3.07273865E-03
  -3.06224823E-03
  -3.05747986E-03
  -2.99358368E-03
  -2.99167633E-03
  -2.95257568E-03
  -2.94303894E-03
  -2.90870667E-03
  -2.89726257E-03
  -2.88200378E-03
  -2.85339355E-03
  -2.84099579E-03
  -2.79331207E-03
  -2.77328491E-03
  -2.64358521E-03
  -2.63023376E-03
  -2.58064270E-03
  -2.57682800E-03
  -2.56061554E-03
  -2.49862671E-03
  -2.48241425E-03
  -2.47478485E-03
  -2.43663788E-03
  -2.43282318E-03
  -2.42710114E-03
  -2.37560272E-03
  -2.31361389E-03
  -2.27928162E-03
  -2.27928162E-03
  -2.20680237E-03
  -2.18963623E-03
  -2.14195251E-03
  -2.12287903E-03
  -2.02846527E-03
  -1.98841095E-03
  -1.94454193E-03
  -1.94454193E-03
  -1.87015533E-03
  -1.83486938E-03
  -1.82914734E-03
  -1.73950195E-03
  -1.67083740E-03
  -1.62315369E-03
  -1.55448914E-03
  -1.51634216E-03
  -1.49726868E-03
  -1.47247314E-03
  -1.46579742E-03
  -1.40762329E-03
  -1.38473511E-03
  -1.28841400E-03
  -1.22356415E-03
  -1.19972229E-03
  -1.19400024E-03
  -1.19209290E-03
  -1.16920471E-03
  -1.16920471E-03
  -1.15108490E-03
  -1.14440918E-03
  -1.10340118E-03
  -1.10054016E-03
  -1.06620789E-03
  -1.06430054E-03
  -1.05190277E-03
  -1.04522705E-03
  -1.02806091E-03
  -1.02138519E-03
  -9.86099243E-04
  -9.67025757E-04
  -9.46998596E-04
  -9.21249390E-04
  -9.17434692E-04
  -8.57353210E-04
  -8.08715820E-04
  -8.08715820E-04
  -8.05854797E-04
  -7.67707825E-04
  -7.26699829E-04
  -7.24792480E-04
  -7.08580017E-04
  -6.99996948E-04
  -6.79969788E-04
  -6.77108765E-04
  -5.96046448E-04
  -5.76972961E-04
  -5.76972961E-04
  -5.27381897E-04
  -5.18798828E-04
  -5.15937805E-04
  -4.53948975E-04
  -4.48226929E-04
  -4.27246094E-04
  -4.13894653E-04
  -4.05311584E-04
  -3.98635864E-04
  -3.92913818E-04
  -3.07083130E-04
  -2.42233276E-04
  -2.08854675E-04
  -1.57356262E-04
  -1.29699707E-04
  -9.91821289E-05
  -6.38961792E-05
  -4.95910645E-05
  -3.71932983E-05
  -2.00271606E-05
  -8.58306885E-06
   5.91278076E-05
   9.25064087E-05
   1.23023987E-04
   1.25885010E-04
   1.25885010E-04
   1.41143799E-04
   1.67846680E-04
   2.02178955E-04
   2.08854675E-04
   3.31878662E-04
   3.49998474E-04
   3.85284424E-04
   3.99589539E-04
   4.14848328E-04
   4.38690186E-04
   4.98771667E-04
   6.00814819E-04
   6.69479370E-04
   7.12394714E-04
   7.15255737E-04
   7.21931458E-04
   7.36236572E-04
   8.57353210E-04
   8.81195068E-04
   8.81195068E-04
   8.86917114E-04
   9.00268555E-04
   9.13619995E-04
   9.32693481E-04
   1.02710724E-03
   1.03187561E-03
   1.04808807E-03
   1.05953217E-03
   1.10721588E-03
   1.14727020E-03
   1.15299225E-03
   1.15680695E-03
   1.17397308E-03
   1.17397308E-03
   1.21974945E-03
   1.30271912E-03
   1.35898590E-03
   1.38568878E-03
   1.39236450E-03
   1.41620636E-03
   1.44767761E-03
   1.47914886E-03
   1.49440765E-03
   1.51824951E-03
   1.61075592E-03
   1.67942047E-03
   1.71089172E-03
   1.89781189E-03
   1.94263458E-03
   1.94931030E-03
   2.08282471E-03
   2.08568573E-03
   2.08950043E-03
   2.11906433E-03
   2.15816498E-03
   2.16484070E-03
   2.16865540E-03
   2.17533112E-03
   2.22015381E-03
   2.26497650E-03
   2.36701965E-03
   2.39086151E-03
   2.39658356E-03
   2.41947174E-03
   2.44522095E-03
   2.44808197E-03
   2.53486633E-03
   2.54154205E-03
   2.55584717E-03
   2.60639191E-03
   2.68459320E-03
   2.73513794E-03
   2.73513794E-03
   2.76756287E-03
   2.86388397E-03
   2.87437439E-03
   2.87723541E-03
   2.87914276E-03
   2.91061401E-03
   3.08513641E-03
   3.08513641E-03
   3.11756134E-03
   3.14331055E-03
   3.18431854E-03
   3.19766998E-03
   3.29971313E-03
   3.43799591E-03
   3.45420837E-03
   3.45706940E-03
   3.47137451E-03
   3.48472595E-03
   3.49140167E-03
   3.49330902E-03
   3.54194641E-03
   3.57437134E-03
   3.62873077E-03
   3.69358063E-03
   3.79371643E-03
   3.91769409E-03
   3.92150879E-03
   4.00352478E-03
   4.07314301E-03
   4.24385071E-03
   4.26578522E-03
   4.30870056E-03
   4.67872620E-03
   4.68921661E-03
   4.73022461E-03
   4.74357605E-03
   4.79030609E-03
   4.85515594E-03
   4.89139557E-03
   4.91523743E-03
   4.98390198E-03
   5.03063202E-03
   5.06305695E-03
   5.10978699E-03
   5.16033173E-03
   5.19752502E-03
   5.24139404E-03
   5.24902344E-03
   5.26332855E-03
   5.34820557E-03
   5.44261932E-03
   5.45501709E-03
   5.53607941E-03
   5.57041168E-03
   5.60569763E-03
   5.63907623E-03
   5.67626953E-03
   5.79261780E-03
   5.87844849E-03
   5.87844849E-03
   5.99861145E-03
   6.05678558E-03
   6.08062744E-03
   6.21318817E-03
   6.23416901E-03
   6.24084473E-03
   6.38103485E-03
   6.50691986E-03
   6.55174255E-03
   6.55174255E-03
   6.65760040E-03
   6.69193268E-03
   7.10201263E-03
   7.18498230E-03
   7.44438171E-03
   7.44819641E-03
   7.47203827E-03
   7.47776031E-03
   7.52830505E-03
   7.67803192E-03
   7.89546967E-03
   7.99846649E-03
   8.04328918E-03
   8.05854797E-03
   8.25119019E-03
   8.25881958E-03
   8.28742981E-03
   8.39900970E-03
   8.46099854E-03
   8.81195068E-03
   8.85391235E-03
   9.01031494E-03
   9.11998749E-03
   9.21535492E-03
   9.32407379E-03
   9.52625275E-03
   9.58347321E-03
   9.61303711E-03
   9.73415375E-03
   1.01432800E-02
   1.03006363E-02
   1.03940964E-02
   1.04122162E-02
   1.09996796E-02
   1.11989975E-02
   1.15680695E-02
   1.16596222E-02
   1.22451782E-02
   1.24158859E-02
   1.24664307E-02
   1.24664307E-02
   1.25865936E-02
   1.34296417E-02
   1.37729645E-02
   1.39436722E-02
   1.40304565E-02
   1.40914917E-02
   1.43041611E-02
   1.43308640E-02
   1.52339935E-02
   1.53255463E-02
   1.59587860E-02
   1.66091919E-02
   1.66759491E-02
   1.69982910E-02
   1.70717239E-02
   1.71689987E-02
   1.75313950E-02
   1.87292099E-02
   1.91688538E-02
   2.03075409E-02
   2.07252502E-02
   2.22692490E-02
   2.26564407E-02
   2.29091644E-02
   2.29167938E-02
   2.39963531E-02
   2.43892670E-02
   2.50177383E-02
   2.51007080E-02
   2.55250931E-02
   2.55661011E-02
   2.59151459E-02
   2.67734528E-02
   2.81515121E-02
   3.11021805E-02
   3.18851471E-02
   3.42979431E-02
