#Npts     Radius    Mag      Completeness
#   77  861.1896  -14.141637 1.000000
# Verr
  -3.26356888E-02
  -1.61113739E-02
  -1.60341263E-02
  -1.56373978E-02
  -1.55439377E-02
  -1.51147842E-02
  -1.30090714E-02
  -1.28583908E-02
  -1.11751556E-02
  -9.43374634E-03
  -9.04083252E-03
  -8.68606567E-03
  -8.21876526E-03
  -7.99751282E-03
  -7.53593445E-03
  -6.24370575E-03
  -6.12640381E-03
  -5.62953949E-03
  -5.52654266E-03
  -4.97436523E-03
  -4.87899780E-03
  -4.49848175E-03
  -3.63540649E-03
  -3.17764282E-03
  -2.73799896E-03
  -2.61783600E-03
  -2.59208679E-03
  -2.39753723E-03
  -1.95693970E-03
  -1.40190125E-03
  -1.36089325E-03
  -1.09767914E-03
  -9.99450684E-04
  -8.83102417E-04
  -8.23020935E-04
  -5.87463379E-04
  -5.51223755E-04
  -5.51223755E-04
  -5.02586365E-04
  -3.53813171E-04
  -2.36511230E-04
   2.49862671E-04
   4.14848328E-04
   4.72068787E-04
   5.29289246E-04
   9.96589661E-04
   1.23691559E-03
   1.46675110E-03
   1.95312500E-03
   1.95407867E-03
   2.35462189E-03
   2.83432007E-03
   3.27873230E-03
   3.93676758E-03
   4.09221649E-03
   4.51850891E-03
   4.76074219E-03
   4.96387482E-03
   5.40256500E-03
   6.15596771E-03
   6.28757477E-03
   6.67762756E-03
   7.43007660E-03
   7.45868683E-03
   7.85350800E-03
   8.53061676E-03
   8.65268707E-03
   9.24015045E-03
   9.65213776E-03
   1.03778839E-02
   1.05733871E-02
   1.13620758E-02
   1.20735168E-02
   1.33953094E-02
   1.42354965E-02
   1.56440735E-02
   1.66339874E-02
