#Npts     Radius    Mag      Completeness
#  724  445.4429  -13.285274 1.000000
# Verr
  -3.91702652E-02
  -3.91311646E-02
  -3.85398865E-02
  -3.78026962E-02
  -3.74479294E-02
  -3.69224548E-02
  -3.60612869E-02
  -3.51743698E-02
  -3.47814560E-02
  -3.44591141E-02
  -3.42149734E-02
  -3.42092514E-02
  -3.35178375E-02
  -3.31869125E-02
  -3.26747894E-02
  -3.26194763E-02
  -3.26089859E-02
  -3.23152542E-02
  -3.10258865E-02
  -3.10001373E-02
  -3.03907394E-02
  -3.03268433E-02
  -3.02133560E-02
  -2.95248032E-02
  -2.91566849E-02
  -2.88305283E-02
  -2.82135010E-02
  -2.80103683E-02
  -2.79951096E-02
  -2.73094177E-02
  -2.72388458E-02
  -2.68936157E-02
  -2.66857147E-02
  -2.64720917E-02
  -2.56986618E-02
  -2.52695084E-02
  -2.52037048E-02
  -2.47745514E-02
  -2.46810913E-02
  -2.42633820E-02
  -2.42156982E-02
  -2.33545303E-02
  -2.32830048E-02
  -2.27823257E-02
  -2.26955414E-02
  -2.26831436E-02
  -2.24981308E-02
  -2.22654343E-02
  -2.19230652E-02
  -2.17876434E-02
  -2.17638016E-02
  -2.08787918E-02
  -2.06384659E-02
  -2.02484131E-02
  -2.01673508E-02
  -1.91879272E-02
  -1.91679001E-02
  -1.89628601E-02
  -1.88579559E-02
  -1.88493729E-02
  -1.87721252E-02
  -1.87692642E-02
  -1.84793472E-02
  -1.84717178E-02
  -1.84640884E-02
  -1.82456970E-02
  -1.82018280E-02
  -1.80721283E-02
  -1.78909302E-02
  -1.78031921E-02
  -1.77574158E-02
  -1.73797607E-02
  -1.72824860E-02
  -1.72519684E-02
  -1.72252655E-02
  -1.71585083E-02
  -1.70602798E-02
  -1.70145035E-02
  -1.69696808E-02
  -1.69048309E-02
  -1.68886185E-02
  -1.68848038E-02
  -1.68809891E-02
  -1.67264938E-02
  -1.66130066E-02
  -1.66006088E-02
  -1.62096024E-02
  -1.62048340E-02
  -1.61685944E-02
  -1.60932541E-02
  -1.60179138E-02
  -1.59702301E-02
  -1.59578323E-02
  -1.57709122E-02
  -1.57356262E-02
  -1.57222748E-02
  -1.56841278E-02
  -1.52025223E-02
  -1.51977539E-02
  -1.50613785E-02
  -1.48534775E-02
  -1.48410797E-02
  -1.46694183E-02
  -1.45959854E-02
  -1.45730972E-02
  -1.43775940E-02
  -1.43728256E-02
  -1.42536163E-02
  -1.42230988E-02
  -1.41983032E-02
  -1.41916275E-02
  -1.41906738E-02
  -1.41792297E-02
  -1.40542984E-02
  -1.38444901E-02
  -1.37901306E-02
  -1.37310028E-02
  -1.37176514E-02
  -1.36985779E-02
  -1.36928558E-02
  -1.35612488E-02
  -1.34935379E-02
  -1.32818222E-02
  -1.32646561E-02
  -1.31940842E-02
  -1.30758286E-02
  -1.30643845E-02
  -1.29470825E-02
  -1.28431320E-02
  -1.27944946E-02
  -1.27735138E-02
  -1.27677917E-02
  -1.27201080E-02
  -1.27010345E-02
  -1.27000809E-02
  -1.26838684E-02
  -1.26352310E-02
  -1.25608444E-02
  -1.25503540E-02
  -1.25474930E-02
  -1.24473572E-02
  -1.22509003E-02
  -1.22318268E-02
  -1.22165680E-02
  -1.22165680E-02
  -1.22165680E-02
  -1.21984482E-02
  -1.19113922E-02
  -1.18894577E-02
  -1.18551254E-02
  -1.18188858E-02
  -1.17378235E-02
  -1.17244720E-02
  -1.16653442E-02
  -1.16052628E-02
  -1.15423203E-02
  -1.14049911E-02
  -1.11036301E-02
  -1.10597610E-02
  -1.09863281E-02
  -1.09596252E-02
  -1.08604431E-02
  -1.07135773E-02
  -1.06964111E-02
  -1.04846954E-02
  -1.03549957E-02
  -1.03206635E-02
  -1.03130341E-02
  -1.02472305E-02
  -1.02319717E-02
  -1.02281570E-02
  -1.01985931E-02
  -1.01623535E-02
  -1.01165771E-02
  -1.00727081E-02
  -1.00479126E-02
  -1.00212097E-02
  -9.99355316E-03
  -9.96875763E-03
  -9.94777679E-03
  -9.88197327E-03
  -9.81044769E-03
  -9.71603394E-03
  -9.70077515E-03
  -9.70077515E-03
  -9.68551636E-03
  -9.63497162E-03
  -9.55963135E-03
  -9.50050354E-03
  -9.37461853E-03
  -9.33933258E-03
  -9.33074951E-03
  -9.30500031E-03
  -9.24968719E-03
  -9.21344757E-03
  -9.20867920E-03
  -9.05990601E-03
  -8.90731812E-03
  -8.89205933E-03
  -8.88538361E-03
  -8.87489319E-03
  -8.83960724E-03
  -8.75473022E-03
  -8.75186920E-03
  -8.72993469E-03
  -8.70609283E-03
  -8.70513916E-03
  -8.68034363E-03
  -8.41999054E-03
  -8.37993622E-03
  -8.28552246E-03
  -8.27026367E-03
  -8.25405121E-03
  -8.25309753E-03
  -8.20064545E-03
  -8.10432434E-03
  -8.02135468E-03
  -8.00323486E-03
  -7.98702240E-03
  -7.93552399E-03
  -7.90691376E-03
  -7.81059265E-03
  -7.75432587E-03
  -7.71713257E-03
  -7.57408142E-03
  -7.54451752E-03
  -7.43389130E-03
  -7.37094879E-03
  -7.28988647E-03
  -7.23171234E-03
  -7.21740723E-03
  -7.21168518E-03
  -7.20882416E-03
  -7.20691681E-03
  -7.20691681E-03
  -7.20119476E-03
  -7.15351105E-03
  -7.14969635E-03
  -7.12871552E-03
  -7.10487366E-03
  -6.93416595E-03
  -6.82640076E-03
  -6.82067871E-03
  -6.77967072E-03
  -6.71482086E-03
  -6.71005249E-03
  -6.70719147E-03
  -6.70433044E-03
  -6.52885437E-03
  -6.52408600E-03
  -6.50310516E-03
  -6.37149811E-03
  -6.34765625E-03
  -6.31046295E-03
  -6.23703003E-03
  -6.23321533E-03
  -6.10446930E-03
  -6.09016418E-03
  -5.92231750E-03
  -5.92231750E-03
  -5.91945648E-03
  -5.89752197E-03
  -5.89179993E-03
  -5.85365295E-03
  -5.84888458E-03
  -5.81932068E-03
  -5.74684143E-03
  -5.72776794E-03
  -5.71632385E-03
  -5.71632385E-03
  -5.70106506E-03
  -5.70106506E-03
  -5.63621521E-03
  -5.47695160E-03
  -5.43594360E-03
  -5.40733337E-03
  -5.39779663E-03
  -5.38158417E-03
  -5.34343719E-03
  -5.31101227E-03
  -5.23948669E-03
  -5.22518158E-03
  -5.22232056E-03
  -5.20229340E-03
  -5.19657135E-03
  -5.02204895E-03
  -4.92382050E-03
  -4.89521027E-03
  -4.86946106E-03
  -4.82273102E-03
  -4.80365753E-03
  -4.78076935E-03
  -4.73785400E-03
  -4.71115112E-03
  -4.69207764E-03
  -4.62913513E-03
  -4.57668304E-03
  -4.52327728E-03
  -4.46796417E-03
  -4.41837311E-03
  -4.37164307E-03
  -4.33158875E-03
  -4.28009033E-03
  -4.28009033E-03
  -4.26387787E-03
  -4.25529480E-03
  -4.24003601E-03
  -4.22191620E-03
  -4.21237946E-03
  -4.20093536E-03
  -4.16755676E-03
  -4.15515900E-03
  -4.05120850E-03
  -4.02164459E-03
  -3.95679474E-03
  -3.91101837E-03
  -3.89480591E-03
  -3.87287140E-03
  -3.87001038E-03
  -3.75175476E-03
  -3.74698639E-03
  -3.72695923E-03
  -3.72505188E-03
  -3.72028351E-03
  -3.71837616E-03
  -3.71074677E-03
  -3.70216370E-03
  -3.70121002E-03
  -3.60965729E-03
  -3.60298157E-03
  -3.58390808E-03
  -3.56578827E-03
  -3.55243683E-03
  -3.49998474E-03
  -3.47137451E-03
  -3.38363647E-03
  -3.38363647E-03
  -3.37409973E-03
  -3.34262848E-03
  -3.27682495E-03
  -3.26728821E-03
  -3.20911407E-03
  -3.20529938E-03
  -3.20434570E-03
  -3.20243835E-03
  -3.20148468E-03
  -3.13282013E-03
  -3.09562683E-03
  -3.03268433E-03
  -2.82764435E-03
  -2.77614594E-03
  -2.71415710E-03
  -2.70271301E-03
  -2.61974335E-03
  -2.61497498E-03
  -2.60162354E-03
  -2.48527527E-03
  -2.48432159E-03
  -2.40135193E-03
  -2.40135193E-03
  -2.36129761E-03
  -2.31647491E-03
  -2.30598450E-03
  -2.28214264E-03
  -2.25543976E-03
  -2.23255157E-03
  -2.22206116E-03
  -2.20489502E-03
  -2.20298767E-03
  -2.20012665E-03
  -2.19726562E-03
  -2.13050842E-03
  -2.11906433E-03
  -2.09331512E-03
  -2.08187103E-03
  -1.99222565E-03
  -1.92737579E-03
  -1.90925598E-03
  -1.84535980E-03
  -1.76811218E-03
  -1.75952911E-03
  -1.73854828E-03
  -1.71947479E-03
  -1.71470642E-03
  -1.70993805E-03
  -1.70707703E-03
  -1.70326233E-03
  -1.70230865E-03
  -1.53446198E-03
  -1.47628784E-03
  -1.40953064E-03
  -1.34658813E-03
  -1.21879578E-03
  -1.21593475E-03
  -1.20735168E-03
  -1.18732452E-03
  -1.17874146E-03
  -1.13010406E-03
  -9.75608826E-04
  -8.98361206E-04
  -8.51631165E-04
  -7.91549683E-04
  -7.38143921E-04
  -7.22885132E-04
  -7.09533691E-04
  -7.01904297E-04
  -6.49452209E-04
  -6.49452209E-04
  -6.38961792E-04
  -5.75065613E-04
  -4.76837158E-04
  -4.74929810E-04
  -4.58717346E-04
  -4.26292419E-04
  -4.25338745E-04
  -4.25338745E-04
  -4.02450562E-04
  -3.74794006E-04
  -2.32696533E-04
  -2.31742859E-04
  -2.23159790E-04
  -2.23159790E-04
  -2.19345093E-04
  -2.10762024E-04
  -2.08854675E-04
  -2.05039978E-04
  -2.04086304E-04
  -2.03132629E-04
  -2.03132629E-04
  -1.58309937E-04
   1.04904175E-05
   5.53131104E-05
   9.72747803E-05
   1.49726868E-04
   2.23159790E-04
   2.70843506E-04
   3.84330750E-04
   4.73022461E-04
   4.82559204E-04
   5.71250916E-04
   6.27517700E-04
   6.62803650E-04
   6.68525696E-04
   7.04765320E-04
   7.32421875E-04
   7.49588013E-04
   7.92503357E-04
   7.98225403E-04
   8.64028931E-04
   8.69750977E-04
   8.82148743E-04
   9.70840454E-04
   1.03855133E-03
   1.15013123E-03
   1.18637085E-03
   1.31034851E-03
   1.41906738E-03
   1.50680542E-03
   1.55067444E-03
   1.55544281E-03
   1.63650513E-03
   1.67369843E-03
   1.70326233E-03
   1.73950195E-03
   1.76239014E-03
   1.77574158E-03
   1.77669525E-03
   1.78623199E-03
   1.79481506E-03
   1.83963776E-03
   1.84154510E-03
   1.86729431E-03
   1.88159943E-03
   1.94168091E-03
   2.02846527E-03
   2.03609467E-03
   2.03609467E-03
   2.07614899E-03
   2.07710266E-03
   2.09903717E-03
   2.13623047E-03
   2.13623047E-03
   2.16007233E-03
   2.17151642E-03
   2.27928162E-03
   2.29454041E-03
   2.44140625E-03
   2.45380402E-03
   2.52819061E-03
   2.63595581E-03
   2.67124176E-03
   2.68077850E-03
   2.76565552E-03
   2.88486481E-03
   2.88867950E-03
   2.89535522E-03
   3.13854218E-03
   3.13949585E-03
   3.16619873E-03
   3.19671631E-03
   3.19957733E-03
   3.22532654E-03
   3.24440002E-03
   3.26061249E-03
   3.27491760E-03
   3.28254700E-03
   3.28350067E-03
   3.28826904E-03
   3.37600708E-03
   3.44181061E-03
   3.44753265E-03
   3.48854065E-03
   3.64589691E-03
   3.67069244E-03
   3.75652313E-03
   3.76033783E-03
   3.76987457E-03
   3.79848480E-03
   4.05406952E-03
   4.07409668E-03
   4.18281555E-03
   4.18376923E-03
   4.21237946E-03
   4.29248810E-03
   4.39071655E-03
   4.48799133E-03
   4.50611115E-03
   4.52995300E-03
   4.74643707E-03
   4.74929810E-03
   4.86373901E-03
   4.92095947E-03
   4.93526459E-03
   4.94194031E-03
   5.01251221E-03
   5.05352020E-03
   5.06305695E-03
   5.09738922E-03
   5.19847870E-03
   5.22041321E-03
   5.24234772E-03
   5.24520874E-03
   5.25379181E-03
   5.26237488E-03
   5.39112091E-03
   5.41687012E-03
   5.44071198E-03
   5.55706024E-03
   5.57041168E-03
   5.59997559E-03
   5.73444366E-03
   5.74970245E-03
   5.79643250E-03
   5.80120087E-03
   5.83076477E-03
   5.83362579E-03
   5.95855713E-03
   5.98526001E-03
   6.01196289E-03
   6.01673126E-03
   6.08825684E-03
   6.18553162E-03
   6.27613068E-03
   6.28566742E-03
   6.28852844E-03
   6.28948212E-03
   6.29615784E-03
   6.44016266E-03
   6.47544861E-03
   6.50691986E-03
   6.54506683E-03
   6.83307648E-03
   7.10868835E-03
   7.19165802E-03
   7.26127625E-03
   7.28797913E-03
   7.29560852E-03
   7.29656219E-03
   7.30037689E-03
   7.50350952E-03
   7.64179230E-03
   7.75337219E-03
   7.79628754E-03
   7.87925720E-03
   8.08715820E-03
   8.16249847E-03
   8.26072693E-03
   8.29219818E-03
   8.29505920E-03
   8.34369659E-03
   8.48388672E-03
   8.50296021E-03
   8.52012634E-03
   8.63742828E-03
   8.64028931E-03
   8.85772705E-03
   8.86154175E-03
   8.86344910E-03
   8.92162323E-03
   8.94451141E-03
   8.96644592E-03
   9.06467438E-03
   9.11808014E-03
   9.22775269E-03
   9.24968719E-03
   9.26017761E-03
   9.67407227E-03
   9.70077515E-03
   9.76562500E-03
   9.81426239E-03
   9.85050201E-03
   9.93728638E-03
   1.01432800E-02
   1.01461411E-02
   1.01633072E-02
   1.02510452E-02
   1.02910995E-02
   1.05638504E-02
   1.06163025E-02
   1.06687546E-02
   1.06868744E-02
   1.07126236E-02
   1.07526779E-02
   1.08013153E-02
   1.10282898E-02
   1.12218857E-02
   1.12218857E-02
   1.15194321E-02
   1.15594864E-02
   1.15861893E-02
   1.17006302E-02
   1.19056702E-02
   1.19466782E-02
   1.21631622E-02
   1.22117996E-02
   1.22976303E-02
   1.25703812E-02
   1.27792358E-02
   1.31130219E-02
   1.33028030E-02
   1.35517120E-02
   1.36651993E-02
   1.37319565E-02
   1.37319565E-02
   1.37710571E-02
   1.39150620E-02
   1.41181946E-02
   1.42612457E-02
   1.42831802E-02
   1.43842697E-02
   1.44424438E-02
   1.46636963E-02
   1.50976181E-02
   1.54724121E-02
   1.57299042E-02
   1.60360336E-02
   1.60417557E-02
   1.62267685E-02
   1.62925720E-02
   1.66950226E-02
   1.68104172E-02
   1.73578262E-02
   1.74598694E-02
   1.77650452E-02
   1.78022385E-02
   1.80845261E-02
   1.82380676E-02
   1.86510086E-02
   1.87730789E-02
   1.88102722E-02
   1.89304352E-02
   1.92432404E-02
   1.94330215E-02
   1.95970535E-02
   1.96971893E-02
   2.01139450E-02
   2.02016830E-02
   2.06127167E-02
   2.07767487E-02
   2.08454132E-02
   2.09293365E-02
   2.10971832E-02
   2.23417282E-02
   2.25038528E-02
   2.26831436E-02
   2.28910446E-02
   2.30512619E-02
   2.33678818E-02
   2.35328674E-02
   2.41661072E-02
   2.41842270E-02
   2.42881775E-02
   2.47745514E-02
   2.48146057E-02
   2.49567032E-02
   2.51798630E-02
   2.52017975E-02
   2.54697800E-02
   2.59485245E-02
   2.63204575E-02
   2.65855789E-02
   2.67734528E-02
   2.69021988E-02
   2.77051926E-02
   2.77833939E-02
   2.82773972E-02
   2.93235779E-02
   2.97794342E-02
   2.99453735E-02
   3.03249359E-02
   3.03459167E-02
   3.04489136E-02
   3.04813385E-02
   3.22227478E-02
   3.32670212E-02
   3.33299637E-02
   3.41043472E-02
   3.42597961E-02
   3.43399048E-02
   3.74898911E-02
   3.77264023E-02
   3.83472443E-02
   3.93428802E-02
   4.00705338E-02
