#Npts     Radius    Mag      Completeness
#  175 2108.4294  -12.714364 1.000000
# Verr
  -1.53198242E-02
  -1.21002197E-02
  -1.10740662E-02
  -1.04913712E-02
  -8.96930695E-03
  -8.85772705E-03
  -7.90500641E-03
  -7.73048401E-03
  -7.28130341E-03
  -7.13920593E-03
  -6.84642792E-03
  -6.84356689E-03
  -6.78157806E-03
  -6.54602051E-03
  -6.43920898E-03
  -6.30569458E-03
  -6.17885590E-03
  -6.07109070E-03
  -5.75542450E-03
  -5.58376312E-03
  -5.30910492E-03
  -5.28526306E-03
  -5.18035889E-03
  -5.11646271E-03
  -4.98867035E-03
  -4.97627258E-03
  -4.76169586E-03
  -4.55284119E-03
  -4.52041626E-03
  -4.48989868E-03
  -4.46701050E-03
  -4.40692902E-03
  -4.19521332E-03
  -3.84807587E-03
  -3.51142883E-03
  -3.42559814E-03
  -3.13186646E-03
  -3.01265717E-03
  -2.70652771E-03
  -2.59780884E-03
  -2.53868103E-03
  -2.10857391E-03
  -1.90925598E-03
  -1.90162659E-03
  -1.81579590E-03
  -1.70803070E-03
  -1.47724152E-03
  -1.45530701E-03
  -1.34658813E-03
  -1.22356415E-03
  -1.10244751E-03
  -1.09004974E-03
  -1.07765198E-03
  -9.81330872E-04
  -8.44001770E-04
  -6.47544861E-04
  -5.90324402E-04
  -5.33103943E-04
  -4.25338745E-04
  -2.88963318E-04
  -1.73568726E-04
  -1.41143799E-04
  -1.00135803E-04
  -8.86917114E-05
  -8.77380371E-05
  -2.09808350E-05
   8.01086426E-05
   1.08718872E-04
   1.09672546E-04
   1.71661377E-04
   1.97410583E-04
   2.10762024E-04
   2.50816345E-04
   2.59399414E-04
   2.97546387E-04
   4.38690186E-04
   4.52041626E-04
   5.16891479E-04
   5.54084778E-04
   6.81877136E-04
   6.81877136E-04
   8.12530518E-04
   8.51631165E-04
   8.82148743E-04
   1.04999542E-03
   1.10816956E-03
   1.36470795E-03
   1.47533417E-03
   1.51634216E-03
   1.61838531E-03
   1.73091888E-03
   1.95693970E-03
   1.98936462E-03
   2.06375122E-03
   2.12860107E-03
   2.20394135E-03
   2.27928162E-03
   2.38895416E-03
   2.40898132E-03
   2.50339508E-03
   2.64930725E-03
   2.74658203E-03
   2.74848938E-03
   2.77900696E-03
   2.95448303E-03
   2.98309326E-03
   3.01456451E-03
   3.10039520E-03
   3.25775146E-03
   3.27777863E-03
   3.27873230E-03
   3.32832336E-03
   3.33976746E-03
   3.39221954E-03
   3.48854065E-03
   3.64112854E-03
   3.67927551E-03
   3.90911102E-03
   4.22191620E-03
   4.53948975E-03
   4.57477570E-03
   4.64534760E-03
   4.67491150E-03
   4.70066071E-03
   4.72736359E-03
   4.75692749E-03
   4.82463837E-03
   4.82749939E-03
   4.90760803E-03
   4.90856171E-03
   4.93907928E-03
   4.97245789E-03
   5.08880615E-03
   5.22708893E-03
   5.30052185E-03
   5.48839569E-03
   5.49888611E-03
   5.52272797E-03
   5.54752350E-03
   5.62095642E-03
   5.69915771E-03
   5.88893890E-03
   5.97572327E-03
   6.12258911E-03
   6.22367859E-03
   6.26754761E-03
   6.33239746E-03
   6.44493103E-03
   6.56986237E-03
   7.09533691E-03
   7.46250153E-03
   7.51495361E-03
   7.55977631E-03
   7.82012939E-03
   8.07094574E-03
   8.21685791E-03
   8.53538513E-03
   8.61263275E-03
   8.76617432E-03
   8.93497467E-03
   9.19532776E-03
   9.42325592E-03
   9.52816010E-03
   9.66548920E-03
   9.90390778E-03
   1.02453232E-02
   1.04694366E-02
   1.09157562E-02
   1.13735199E-02
   1.20315552E-02
   1.29833221E-02
   1.31940842E-02
   1.43995285E-02
   1.56641006E-02
   2.79302597E-02
