#Npts     Radius    Mag      Completeness
#  292 1484.8096  -12.714364 1.000000
# Verr
  -2.50425339E-02
  -1.64127350E-02
  -1.14250183E-02
  -1.06506348E-02
  -9.98497009E-03
  -9.93061066E-03
  -9.74750519E-03
  -9.54437256E-03
  -9.50527191E-03
  -9.35649872E-03
  -9.30118561E-03
  -9.11331177E-03
  -9.07230377E-03
  -8.91590118E-03
  -8.53347778E-03
  -8.33225250E-03
  -8.01563263E-03
  -7.95078278E-03
  -7.16590881E-03
  -6.92558289E-03
  -6.82830811E-03
  -6.74057007E-03
  -6.50882721E-03
  -6.36959076E-03
  -6.35719299E-03
  -6.20937347E-03
  -6.15406036E-03
  -6.11591339E-03
  -5.78403473E-03
  -5.71727753E-03
  -5.70487976E-03
  -5.52368164E-03
  -5.51128387E-03
  -5.40256500E-03
  -5.28144836E-03
  -5.04493713E-03
  -4.96673584E-03
  -4.95243073E-03
  -4.90379333E-03
  -4.80842590E-03
  -4.73308563E-03
  -4.62436676E-03
  -4.44030762E-03
  -4.30965424E-03
  -4.28199768E-03
  -4.23431396E-03
  -3.88717651E-03
  -3.84140015E-03
  -3.72028351E-03
  -3.61251831E-03
  -3.47709656E-03
  -3.44181061E-03
  -3.33690643E-03
  -3.31401825E-03
  -3.31401825E-03
  -3.31401825E-03
  -3.20053101E-03
  -3.19194794E-03
  -3.13758850E-03
  -3.09944153E-03
  -3.08895111E-03
  -2.81524658E-03
  -2.78949738E-03
  -2.62355804E-03
  -2.58064270E-03
  -2.56347656E-03
  -2.49671936E-03
  -2.42233276E-03
  -2.36606598E-03
  -2.35080719E-03
  -2.25734711E-03
  -2.23350525E-03
  -2.23350525E-03
  -2.14862823E-03
  -2.10380554E-03
  -2.10285187E-03
  -2.09903717E-03
  -2.08950043E-03
  -2.01606750E-03
  -1.97124481E-03
  -1.96743011E-03
  -1.89876556E-03
  -1.86538696E-03
  -1.81198120E-03
  -1.78718567E-03
  -1.77955627E-03
  -1.65748596E-03
  -1.62124634E-03
  -1.60408020E-03
  -1.59072876E-03
  -1.55067444E-03
  -1.50394440E-03
  -1.44767761E-03
  -1.43241882E-03
  -1.41048431E-03
  -1.31320953E-03
  -1.29413605E-03
  -1.23119354E-03
  -1.07765198E-03
  -1.03759766E-03
  -9.46998596E-04
  -9.33647156E-04
  -7.70568848E-04
  -7.65800476E-04
  -7.09533691E-04
  -5.62667847E-04
  -4.56809998E-04
  -4.20570374E-04
  -3.83377075E-04
  -2.47955322E-04
  -2.23159790E-04
  -1.91688538E-04
  -1.88827515E-04
  -1.83105469E-04
  -1.78337097E-04
  -1.09672546E-04
   7.24792480E-05
   1.11579895E-04
   1.34468079E-04
   2.27928162E-04
   2.32696533E-04
   3.04222107E-04
   3.21388245E-04
   3.32832336E-04
   3.90052795E-04
   4.75883484E-04
   4.80651855E-04
   5.43594360E-04
   6.17980957E-04
   7.09533691E-04
   7.74383545E-04
   7.87734985E-04
   9.57489014E-04
   9.64164734E-04
   9.74655151E-04
   1.00231171E-03
   1.01852417E-03
   1.13010406E-03
   1.20258331E-03
   1.25312805E-03
   1.30367279E-03
   1.30558014E-03
   1.35612488E-03
   1.60312653E-03
   1.76429749E-03
   1.83963776E-03
   1.84535980E-03
   1.88922882E-03
   1.89495087E-03
   1.99699402E-03
   2.04086304E-03
   2.11811066E-03
   2.22873688E-03
   2.22969055E-03
   2.25830078E-03
   2.45571136E-03
   2.51007080E-03
   2.64835358E-03
   2.71606445E-03
   2.73036957E-03
   2.80761719E-03
   2.98881531E-03
   2.99453735E-03
   3.23009491E-03
   3.27873230E-03
   3.45420837E-03
   3.52287292E-03
   3.52573395E-03
   3.58390808E-03
   3.58581543E-03
   3.60488892E-03
   3.69739532E-03
   3.70216370E-03
   3.70407104E-03
   3.77082825E-03
   3.80039215E-03
   3.84426117E-03
   3.85379791E-03
   3.89575958E-03
   3.90911102E-03
   3.93009186E-03
   3.96728516E-03
   3.98731232E-03
   4.03690338E-03
   4.09793854E-03
   4.19998169E-03
   4.25243378E-03
   4.28009033E-03
   4.45270538E-03
   4.49275970E-03
   4.52423096E-03
   4.72354889E-03
   4.81605530E-03
   4.81605530E-03
   4.85229492E-03
   4.95243073E-03
   4.97245789E-03
   5.06019592E-03
   5.23471832E-03
   5.46455383E-03
   5.52463531E-03
   5.76877594E-03
   5.84220886E-03
   6.05201721E-03
   6.07299805E-03
   6.12068176E-03
   6.12640381E-03
   6.17599487E-03
   6.32190704E-03
   6.46114349E-03
   6.49929047E-03
   6.52122498E-03
   6.56986237E-03
   6.63757324E-03
   6.89983368E-03
   6.90937042E-03
   6.95610046E-03
   7.00569153E-03
   7.00569153E-03
   7.01045990E-03
   7.03430176E-03
   7.17449188E-03
   7.19642639E-03
   7.24887848E-03
   7.47680664E-03
   7.48729706E-03
   7.77053833E-03
   7.85350800E-03
   7.92789459E-03
   8.15105438E-03
   8.16154480E-03
   8.19683075E-03
   8.19873810E-03
   8.24832916E-03
   8.27312469E-03
   8.53538513E-03
   8.80432129E-03
   8.83007050E-03
   8.83579254E-03
   9.04846191E-03
   9.21249390E-03
   9.25350189E-03
   9.27162170E-03
   9.32121277E-03
   9.64450836E-03
   9.68551636E-03
   9.71126556E-03
   9.73320007E-03
   9.82093811E-03
   9.88006592E-03
   9.90200043E-03
   9.92107391E-03
   1.01041794E-02
   1.02987289E-02
   1.04827881E-02
   1.05047226E-02
   1.05209351E-02
   1.05791092E-02
   1.06954575E-02
   1.07650757E-02
   1.09643936E-02
   1.11932755E-02
   1.14364624E-02
   1.16252899E-02
   1.16643906E-02
   1.16662979E-02
   1.20306015E-02
   1.20811462E-02
   1.25532150E-02
   1.25980377E-02
   1.26924515E-02
   1.29957199E-02
   1.32875443E-02
   1.32923126E-02
   1.38387680E-02
   1.42698288E-02
   1.43585205E-02
   1.44681931E-02
   1.68790817E-02
   1.78155899E-02
   1.84555054E-02
   1.87358856E-02
   1.87501907E-02
   2.24790573E-02
   2.26211548E-02
   2.26764679E-02
   2.52704620E-02
   2.54821777E-02
   2.59065628E-02
   2.97565460E-02
   3.37820053E-02
   3.62892151E-02
