#Npts     Radius    Mag      Completeness
#  870  448.5716  -13.482728 1.000000
# Verr
  -3.79400253E-02
  -3.78980637E-02
  -3.78561020E-02
  -3.71017456E-02
  -3.69195938E-02
  -3.68366241E-02
  -3.68204117E-02
  -3.63302231E-02
  -3.62806320E-02
  -3.57952118E-02
  -3.53174210E-02
  -3.49931717E-02
  -3.44676971E-02
  -3.43189240E-02
  -3.42149734E-02
  -3.41453552E-02
  -3.39031219E-02
  -3.38478088E-02
  -3.36952209E-02
  -3.33404541E-02
  -3.31478119E-02
  -3.29751968E-02
  -3.29437256E-02
  -3.29046249E-02
  -3.26423645E-02
  -3.25984955E-02
  -3.25479507E-02
  -3.23963165E-02
  -3.23801041E-02
  -3.22771072E-02
  -3.20987701E-02
  -3.17611694E-02
  -3.16591263E-02
  -3.11441422E-02
  -3.09514999E-02
  -3.08380127E-02
  -3.06444168E-02
  -3.04727554E-02
  -2.99577713E-02
  -2.98795700E-02
  -2.96478271E-02
  -2.95543671E-02
  -2.93960571E-02
  -2.93235779E-02
  -2.92606354E-02
  -2.90346146E-02
  -2.87847519E-02
  -2.83803940E-02
  -2.82783508E-02
  -2.82573700E-02
  -2.79312134E-02
  -2.78749466E-02
  -2.73075104E-02
  -2.71711349E-02
  -2.69622803E-02
  -2.67524719E-02
  -2.67305374E-02
  -2.66561508E-02
  -2.66122818E-02
  -2.65607834E-02
  -2.63767242E-02
  -2.60820389E-02
  -2.58846283E-02
  -2.58665085E-02
  -2.57558823E-02
  -2.57310867E-02
  -2.55393982E-02
  -2.54497528E-02
  -2.52904892E-02
  -2.48279572E-02
  -2.47573853E-02
  -2.46505737E-02
  -2.42033005E-02
  -2.41842270E-02
  -2.39229202E-02
  -2.38780975E-02
  -2.38084793E-02
  -2.35948563E-02
  -2.30569839E-02
  -2.29864120E-02
  -2.29549408E-02
  -2.28376389E-02
  -2.24180222E-02
  -2.23169327E-02
  -2.20804214E-02
  -2.18601227E-02
  -2.18315125E-02
  -2.15711594E-02
  -2.14824677E-02
  -2.14147568E-02
  -2.13022232E-02
  -2.10962296E-02
  -2.10809708E-02
  -2.06184387E-02
  -2.05354691E-02
  -2.04601288E-02
  -2.03695297E-02
  -2.01396942E-02
  -1.97343826E-02
  -1.96189880E-02
  -1.94826126E-02
  -1.93700790E-02
  -1.90420151E-02
  -1.89342499E-02
  -1.87358856E-02
  -1.86767578E-02
  -1.86614990E-02
  -1.86204910E-02
  -1.86166763E-02
  -1.85813904E-02
  -1.85623169E-02
  -1.85422897E-02
  -1.85050964E-02
  -1.85041428E-02
  -1.84850693E-02
  -1.84440613E-02
  -1.82247162E-02
  -1.80435181E-02
  -1.80339813E-02
  -1.78499222E-02
  -1.77831650E-02
  -1.77421570E-02
  -1.76801682E-02
  -1.75266266E-02
  -1.74083710E-02
  -1.69668198E-02
  -1.68895721E-02
  -1.68704987E-02
  -1.67379379E-02
  -1.66349411E-02
  -1.65567398E-02
  -1.64413452E-02
  -1.62744522E-02
  -1.62267685E-02
  -1.61800385E-02
  -1.61218643E-02
  -1.60703659E-02
  -1.60493851E-02
  -1.59101486E-02
  -1.57241821E-02
  -1.56698227E-02
  -1.55372620E-02
  -1.54914856E-02
  -1.54180527E-02
  -1.53522491E-02
  -1.53226852E-02
  -1.52454376E-02
  -1.52406693E-02
  -1.50871277E-02
  -1.49774551E-02
  -1.49230957E-02
  -1.48439407E-02
  -1.47752762E-02
  -1.47495270E-02
  -1.47457123E-02
  -1.46999359E-02
  -1.46169662E-02
  -1.45177841E-02
  -1.44891739E-02
  -1.44309998E-02
  -1.42374039E-02
  -1.41324997E-02
  -1.39303207E-02
  -1.39245987E-02
  -1.39122009E-02
  -1.36108398E-02
  -1.35650635E-02
  -1.35459900E-02
  -1.34267807E-02
  -1.34124756E-02
  -1.32064819E-02
  -1.31807327E-02
  -1.29938126E-02
  -1.29528046E-02
  -1.28021240E-02
  -1.27668381E-02
  -1.26781464E-02
  -1.26628876E-02
  -1.26628876E-02
  -1.26161575E-02
  -1.25312805E-02
  -1.24959946E-02
  -1.24349594E-02
  -1.23434067E-02
  -1.23167038E-02
  -1.22976303E-02
  -1.22594833E-02
  -1.22594833E-02
  -1.22299194E-02
  -1.22232437E-02
  -1.21793747E-02
  -1.19285583E-02
  -1.18532181E-02
  -1.17158890E-02
  -1.16004944E-02
  -1.15251541E-02
  -1.14974976E-02
  -1.13611221E-02
  -1.10330582E-02
  -1.07603073E-02
  -1.07460022E-02
  -1.07097626E-02
  -1.06067657E-02
  -1.05991364E-02
  -1.05934143E-02
  -1.05409622E-02
  -1.05028152E-02
  -1.04713440E-02
  -1.04675293E-02
  -1.03054047E-02
  -1.02024078E-02
  -1.02014542E-02
  -1.01833344E-02
  -1.01451874E-02
  -1.00488663E-02
  -9.81998444E-03
  -9.81998444E-03
  -9.74369049E-03
  -9.72080231E-03
  -9.62162018E-03
  -9.54818726E-03
  -9.53102112E-03
  -9.52720642E-03
  -9.52053070E-03
  -9.48715210E-03
  -9.38034058E-03
  -9.38034058E-03
  -9.34219360E-03
  -9.27352905E-03
  -9.27352905E-03
  -9.25254822E-03
  -9.24301147E-03
  -9.24205780E-03
  -9.22393799E-03
  -9.21916962E-03
  -9.20486450E-03
  -9.18292999E-03
  -9.14859772E-03
  -9.07993317E-03
  -8.89778137E-03
  -8.87680054E-03
  -8.70418549E-03
  -8.68988037E-03
  -8.67843628E-03
  -8.57162476E-03
  -8.49151611E-03
  -8.40282440E-03
  -8.20541382E-03
  -8.19778442E-03
  -8.07285309E-03
  -8.06999207E-03
  -8.01372528E-03
  -7.99751282E-03
  -7.89737701E-03
  -7.85732269E-03
  -7.85255432E-03
  -7.68566132E-03
  -7.68566132E-03
  -7.67612457E-03
  -7.59696960E-03
  -7.55119324E-03
  -7.42626190E-03
  -7.41577148E-03
  -7.39765167E-03
  -7.35759735E-03
  -7.24506378E-03
  -7.08103180E-03
  -7.01332092E-03
  -6.99234009E-03
  -6.97135925E-03
  -6.90937042E-03
  -6.84547424E-03
  -6.74724579E-03
  -6.68621063E-03
  -6.57081604E-03
  -6.52408600E-03
  -6.49929047E-03
  -6.48880005E-03
  -6.34384155E-03
  -6.30283356E-03
  -6.28185272E-03
  -6.25705719E-03
  -6.22749329E-03
  -6.18648529E-03
  -6.08921051E-03
  -6.03771210E-03
  -5.89656830E-03
  -5.82408905E-03
  -5.80692291E-03
  -5.77735901E-03
  -5.77259064E-03
  -5.72299957E-03
  -5.70297241E-03
  -5.58280945E-03
  -5.47218323E-03
  -5.44261932E-03
  -5.43498993E-03
  -5.41687012E-03
  -5.39684296E-03
  -5.34725189E-03
  -4.92668152E-03
  -4.88185883E-03
  -4.80365753E-03
  -4.60529327E-03
  -4.60052490E-03
  -4.55570221E-03
  -4.48131561E-03
  -4.42409515E-03
  -4.41455841E-03
  -4.40692902E-03
  -4.28199768E-03
  -4.22477722E-03
  -4.17900085E-03
  -4.05693054E-03
  -3.95202637E-03
  -3.93676758E-03
  -3.88336182E-03
  -3.76605988E-03
  -3.69453430E-03
  -3.64303589E-03
  -3.62777710E-03
  -3.62014771E-03
  -3.57818604E-03
  -3.57818604E-03
  -3.43799591E-03
  -3.34262848E-03
  -3.30448151E-03
  -3.26442719E-03
  -3.26061249E-03
  -3.20720673E-03
  -3.15093994E-03
  -3.14331055E-03
  -3.11470032E-03
  -3.07273865E-03
  -3.06224823E-03
  -3.05557251E-03
  -2.89440155E-03
  -2.87914276E-03
  -2.85625458E-03
  -2.77709961E-03
  -2.74658203E-03
  -2.65312195E-03
  -2.63690948E-03
  -2.55489349E-03
  -2.45952606E-03
  -2.42614746E-03
  -2.28595734E-03
  -2.28595734E-03
  -2.22587585E-03
  -2.13718414E-03
  -2.12955475E-03
  -2.08663940E-03
  -2.07233429E-03
  -1.95884705E-03
  -1.92737579E-03
  -1.86538696E-03
  -1.86252594E-03
  -1.66797638E-03
  -1.65367126E-03
  -1.58691406E-03
  -1.58405304E-03
  -1.51729584E-03
  -1.49154663E-03
  -1.47533417E-03
  -1.46102905E-03
  -1.46007538E-03
  -1.40190125E-03
  -1.38664246E-03
  -1.32942200E-03
  -1.18923187E-03
  -1.13773346E-03
  -1.08909607E-03
  -1.06430054E-03
  -1.01852417E-03
  -9.59396362E-04
  -9.03129578E-04
  -8.83102417E-04
  -8.03947449E-04
  -7.41958618E-04
  -7.01904297E-04
  -6.75201416E-04
  -6.71386719E-04
  -6.38008118E-04
  -6.21795654E-04
  -6.15119934E-04
  -5.51223755E-04
  -4.99725342E-04
  -4.47273254E-04
  -4.47273254E-04
  -3.96728516E-04
  -3.62396240E-04
  -3.58581543E-04
  -3.44276428E-04
  -3.33786011E-04
  -3.25202942E-04
  -2.56538391E-04
  -2.48908997E-04
  -2.05993652E-04
  -1.60217285E-04
  -1.56402588E-04
  -1.33514404E-04
  -1.32560730E-04
  -9.53674316E-05
  -6.58035278E-05
  -4.19616699E-05
   1.90734863E-05
   1.76429749E-04
   1.83105469E-04
   1.89781189E-04
   2.30789185E-04
   3.01361084E-04
   3.08990479E-04
   3.46183777E-04
   3.92913818E-04
   4.05311584E-04
   4.08172607E-04
   4.41551208E-04
   4.63485718E-04
   5.21659851E-04
   5.51223755E-04
   5.72204590E-04
   7.11441040E-04
   7.27653503E-04
   7.70568848E-04
   8.09669495E-04
   8.13484192E-04
   8.45909119E-04
   9.26017761E-04
   1.03855133E-03
   1.05476379E-03
   1.07860565E-03
   1.20925903E-03
   1.29699707E-03
   1.34468079E-03
   1.36566162E-03
   1.37329102E-03
   1.40666962E-03
   1.42574310E-03
   1.45435333E-03
   1.48487091E-03
   1.59358978E-03
   1.69086456E-03
   1.71184540E-03
   1.72615051E-03
   1.73759460E-03
   1.79672241E-03
   1.81198120E-03
   1.81198120E-03
   1.82628632E-03
   1.82819366E-03
   1.90353394E-03
   1.90448761E-03
   1.94072723E-03
   1.94168091E-03
   2.05612183E-03
   2.11334229E-03
   2.13432312E-03
   2.13527679E-03
   2.15339661E-03
   2.30693817E-03
   2.33173370E-03
   2.39276886E-03
   2.42519379E-03
   2.46143341E-03
   2.46238708E-03
   2.51293182E-03
   2.63500214E-03
   2.64453888E-03
   2.65121460E-03
   2.65216827E-03
   2.66647339E-03
   2.74944305E-03
   2.76088715E-03
   2.88391113E-03
   2.88486481E-03
   2.96020508E-03
   2.98881531E-03
   2.99835205E-03
   3.00502777E-03
   3.09944153E-03
   3.14140320E-03
   3.17096710E-03
   3.20339203E-03
   3.21102142E-03
   3.23963165E-03
   3.24726105E-03
   3.26156616E-03
   3.31115723E-03
   3.32736969E-03
   3.33499908E-03
   3.38268280E-03
   3.45706940E-03
   3.48758698E-03
   3.55339050E-03
   3.57055664E-03
   3.64112854E-03
   3.73077393E-03
   3.84330750E-03
   3.87573242E-03
   3.94058228E-03
   4.00543213E-03
   4.05311584E-03
   4.06169891E-03
   4.16564941E-03
   4.38213348E-03
   4.45842743E-03
   4.46128845E-03
   4.56142426E-03
   4.62055206E-03
   4.68635559E-03
   4.80651855E-03
   4.87518311E-03
   4.88662720E-03
   4.89234924E-03
   5.00488281E-03
   5.09071350E-03
   5.17845154E-03
   5.23757935E-03
   5.30529022E-03
   5.32436371E-03
   5.36346436E-03
   5.37681580E-03
   5.40256500E-03
   5.45787811E-03
   5.45978546E-03
   5.53703308E-03
   5.55229187E-03
   5.59329987E-03
   5.62000275E-03
   5.66482544E-03
   5.72967529E-03
   5.78594208E-03
   5.80310822E-03
   5.80501556E-03
   5.98812103E-03
   6.07299805E-03
   6.09016418E-03
   6.13307953E-03
   6.16455078E-03
   6.17027283E-03
   6.20269775E-03
   6.24656677E-03
   6.28566742E-03
   6.40201569E-03
   6.45828247E-03
   6.49356842E-03
   6.53457642E-03
   6.55937195E-03
   6.59275055E-03
   6.63089752E-03
   6.68144226E-03
   6.71386719E-03
   6.74533844E-03
   6.83498383E-03
   6.83879852E-03
   6.84261322E-03
   6.84356689E-03
   6.87980652E-03
   6.89029694E-03
   6.91795349E-03
   6.92939758E-03
   6.93798065E-03
   7.08675385E-03
   7.10105896E-03
   7.13157654E-03
   7.15446472E-03
   7.16876984E-03
   7.22599030E-03
   7.24315643E-03
   7.28416443E-03
   7.28607178E-03
   7.37953186E-03
   7.53593445E-03
   7.53688812E-03
   7.58361816E-03
   7.65419006E-03
   7.66944885E-03
   7.73525238E-03
   7.77626038E-03
   7.77912140E-03
   7.98702240E-03
   8.03279877E-03
   8.03661346E-03
   8.06522369E-03
   8.07285309E-03
   8.15582275E-03
   8.19587708E-03
   8.23307037E-03
   8.26072693E-03
   8.27121735E-03
   8.36086273E-03
   8.49437714E-03
   8.50677490E-03
   8.52680206E-03
   8.55064392E-03
   8.57162476E-03
   8.59165192E-03
   8.64696503E-03
   8.70513916E-03
   8.75282288E-03
   8.76045227E-03
   8.82053375E-03
   8.85963440E-03
   8.97598267E-03
   8.99600983E-03
   9.01222229E-03
   9.05323029E-03
   9.06753540E-03
   9.11521912E-03
   9.13047791E-03
   9.14955139E-03
   9.24777985E-03
   9.35077667E-03
   9.38796997E-03
   9.38892365E-03
   9.54914093E-03
   9.55009460E-03
   9.59873199E-03
   9.61589813E-03
   9.64736938E-03
   9.65976715E-03
   9.68170166E-03
   9.78183746E-03
   9.90581512E-03
   9.93537903E-03
   9.99450684E-03
   1.00336075E-02
   1.00927353E-02
   1.01480484E-02
   1.01480484E-02
   1.01594925E-02
   1.01718903E-02
   1.02052689E-02
   1.02405548E-02
   1.02624893E-02
   1.02634430E-02
   1.04532242E-02
   1.04942322E-02
   1.05514526E-02
   1.06763840E-02
   1.07688904E-02
   1.08423233E-02
   1.08709335E-02
   1.09987259E-02
   1.10130310E-02
   1.10492706E-02
   1.10902786E-02
   1.11074448E-02
   1.11293793E-02
   1.11875534E-02
   1.11961365E-02
   1.12533569E-02
   1.12619400E-02
   1.13344193E-02
   1.14717484E-02
   1.14927292E-02
   1.15470886E-02
   1.16214752E-02
   1.16615295E-02
   1.16643906E-02
   1.16806030E-02
   1.17454529E-02
   1.18246078E-02
   1.19199753E-02
   1.20487213E-02
   1.20687485E-02
   1.20716095E-02
   1.22804642E-02
   1.23224258E-02
   1.23224258E-02
   1.23949051E-02
   1.24683380E-02
   1.25494003E-02
   1.25637054E-02
   1.25684738E-02
   1.25875473E-02
   1.26619339E-02
   1.27992630E-02
   1.28231049E-02
   1.29137039E-02
   1.29518509E-02
   1.30023956E-02
   1.30329132E-02
   1.30529404E-02
   1.30634308E-02
   1.30701065E-02
   1.31301880E-02
   1.32741928E-02
   1.33714676E-02
   1.34000778E-02
   1.34038925E-02
   1.34344101E-02
   1.36461258E-02
   1.39532089E-02
   1.39913559E-02
   1.39999390E-02
   1.40295029E-02
   1.41181946E-02
   1.42498016E-02
   1.42974854E-02
   1.46322250E-02
   1.46512985E-02
   1.46512985E-02
   1.47209167E-02
   1.47571564E-02
   1.48010254E-02
   1.48229599E-02
   1.48353577E-02
   1.49927139E-02
   1.50175095E-02
   1.50632858E-02
   1.51052475E-02
   1.51214600E-02
   1.51681900E-02
   1.53551102E-02
   1.53961182E-02
   1.54256821E-02
   1.54628754E-02
   1.55057907E-02
   1.56593323E-02
   1.57442093E-02
   1.58004761E-02
   1.58443451E-02
   1.58529282E-02
   1.58748627E-02
   1.58748627E-02
   1.59692764E-02
   1.61600113E-02
   1.61752701E-02
   1.62382126E-02
   1.62687302E-02
   1.63288116E-02
   1.63335800E-02
   1.66234970E-02
   1.66482925E-02
   1.67970657E-02
   1.69906616E-02
   1.70621872E-02
   1.71422958E-02
   1.73034668E-02
   1.73654556E-02
   1.74236298E-02
   1.75781250E-02
   1.76038742E-02
   1.76153183E-02
   1.76820755E-02
   1.78031921E-02
   1.78060532E-02
   1.79491043E-02
   1.79691315E-02
   1.80139542E-02
   1.80139542E-02
   1.81427002E-02
   1.83029175E-02
   1.85546875E-02
   1.85642242E-02
   1.86223984E-02
   1.89294815E-02
   1.91411972E-02
   1.94664001E-02
   1.95274353E-02
   1.95436478E-02
   1.96132660E-02
   1.96599960E-02
   1.96895599E-02
   1.97172165E-02
   1.97525024E-02
   1.97601318E-02
   1.98135376E-02
   1.98144913E-02
   1.98383331E-02
   1.98402405E-02
   1.98774338E-02
   2.00529099E-02
   2.01730728E-02
   2.02302933E-02
   2.03542709E-02
   2.06394196E-02
   2.07939148E-02
   2.08663940E-02
   2.09465027E-02
   2.09655762E-02
   2.10237503E-02
   2.19192505E-02
   2.19287872E-02
   2.19459534E-02
   2.20069885E-02
   2.22854614E-02
   2.22902298E-02
   2.23522186E-02
   2.23674774E-02
   2.24933624E-02
   2.25143433E-02
   2.27937698E-02
   2.28958130E-02
   2.30417252E-02
   2.35719681E-02
   2.36577988E-02
   2.36749649E-02
   2.41889954E-02
   2.42328644E-02
   2.44617462E-02
   2.45561600E-02
   2.47125626E-02
   2.47316360E-02
   2.48327255E-02
   2.50396729E-02
   2.51741409E-02
   2.52113342E-02
   2.52389908E-02
   2.55079269E-02
   2.55250931E-02
   2.55784988E-02
   2.57606506E-02
   2.58150101E-02
   2.58998871E-02
   2.59771347E-02
   2.67829895E-02
   2.68793106E-02
   2.68917084E-02
   2.69422531E-02
   2.70557404E-02
   2.73275375E-02
   2.76556015E-02
   2.79197693E-02
   2.79197693E-02
   2.81772614E-02
   2.82535553E-02
   2.83842087E-02
   2.83851624E-02
   2.86521912E-02
   2.90193558E-02
   2.90298462E-02
   2.91137695E-02
   2.91471481E-02
   2.94780731E-02
   2.94990540E-02
   2.99415588E-02
   3.00722122E-02
   3.03821564E-02
   3.10049057E-02
   3.12671661E-02
   3.14464569E-02
   3.14588547E-02
   3.19004059E-02
   3.23610306E-02
   3.24974060E-02
   3.25336456E-02
   3.27768326E-02
   3.27787399E-02
   3.30858231E-02
   3.35731506E-02
   3.38983536E-02
   3.47843170E-02
   3.49235535E-02
   3.50236893E-02
   3.50456238E-02
   3.53221893E-02
   3.55138779E-02
   3.59115601E-02
   3.61471176E-02
   3.61795425E-02
   3.70988846E-02
   3.72619629E-02
   3.73201370E-02
   3.73239517E-02
   3.74374390E-02
   3.79533768E-02
   3.82604599E-02
   3.84693146E-02
