#Npts     Radius    Mag      Completeness
#   61 1704.5719  -14.791819 1.000000
# Verr
  -3.42817307E-02
  -2.28691101E-02
  -1.10692978E-02
  -9.45663452E-03
  -6.86359406E-03
  -5.96237183E-03
  -5.66196442E-03
  -5.20515442E-03
  -4.05311584E-03
  -3.56864929E-03
  -3.56864929E-03
  -2.81620026E-03
  -2.72369385E-03
  -2.45380402E-03
  -2.30693817E-03
  -2.26688385E-03
  -2.23445892E-03
  -1.89113617E-03
  -1.43146515E-03
  -1.05285645E-03
  -5.10215759E-04
   1.09577179E-03
   1.10912323E-03
   1.35040283E-03
   1.36947632E-03
   1.46198273E-03
   1.56593323E-03
   1.59645081E-03
   1.83868408E-03
   1.89113617E-03
   2.06184387E-03
   2.30503082E-03
   2.65216827E-03
   2.90966034E-03
   3.02314758E-03
   3.61633301E-03
   4.81891632E-03
   5.16033173E-03
   5.33199310E-03
   5.59425354E-03
   5.70011139E-03
   5.72967529E-03
   5.81932068E-03
   5.87177277E-03
   6.85501099E-03
   7.22122192E-03
   7.60841370E-03
   8.48960876E-03
   9.65690613E-03
   1.10988617E-02
   1.11513138E-02
   1.24254227E-02
   1.35631561E-02
   1.56030655E-02
   1.63946152E-02
   1.65681839E-02
   1.81989670E-02
   1.90925598E-02
   2.33974457E-02
   2.41432190E-02
   2.53820419E-02
