#Npts     Radius    Mag      Completeness
#  625 1076.5718  -13.264545 1.000000
# Verr
  -3.70121002E-02
  -3.54509354E-02
  -3.50065231E-02
  -3.39097977E-02
  -3.23600769E-02
  -3.01733017E-02
  -2.94427872E-02
  -2.79989243E-02
  -2.70385742E-02
  -2.67915726E-02
  -2.61735916E-02
  -2.59771347E-02
  -2.55327225E-02
  -2.44369507E-02
  -2.38943100E-02
  -2.23464966E-02
  -2.19678879E-02
  -2.17275620E-02
  -2.13489532E-02
  -2.09732056E-02
  -2.04496384E-02
  -1.85766220E-02
  -1.76219940E-02
  -1.74751282E-02
  -1.73473358E-02
  -1.57394409E-02
  -1.50442123E-02
  -1.48696899E-02
  -1.45339966E-02
  -1.44062042E-02
  -1.43442154E-02
  -1.41963959E-02
  -1.39970779E-02
  -1.39122009E-02
  -1.39036179E-02
  -1.38225555E-02
  -1.37777328E-02
  -1.36814117E-02
  -1.36671066E-02
  -1.34124756E-02
  -1.33333206E-02
  -1.33113861E-02
  -1.32961273E-02
  -1.31330490E-02
  -1.30567551E-02
  -1.30224228E-02
  -1.29880905E-02
  -1.28097534E-02
  -1.26771927E-02
  -1.26171112E-02
  -1.25865936E-02
  -1.19476318E-02
  -1.16786957E-02
  -1.16682053E-02
  -1.12981796E-02
  -1.12857819E-02
  -1.11370087E-02
  -1.11351013E-02
  -1.09281540E-02
  -1.08146667E-02
  -1.07021332E-02
  -1.06782913E-02
  -1.06601715E-02
  -1.06372833E-02
  -1.05485916E-02
  -1.05409622E-02
  -1.02624893E-02
  -1.01852417E-02
  -9.93824005E-03
  -9.90486145E-03
  -9.73701477E-03
  -9.53102112E-03
  -9.49859619E-03
  -9.43946838E-03
  -9.40227509E-03
  -9.29450989E-03
  -9.28592682E-03
  -9.19246674E-03
  -9.18006897E-03
  -9.17625427E-03
  -9.15622711E-03
  -9.12570953E-03
  -9.01222229E-03
  -8.99982452E-03
  -8.82339478E-03
  -8.75949860E-03
  -8.75663757E-03
  -8.73947144E-03
  -8.68511200E-03
  -8.58116150E-03
  -8.52298737E-03
  -8.40854645E-03
  -8.38661194E-03
  -8.20636749E-03
  -8.13388824E-03
  -8.08334351E-03
  -7.94887543E-03
  -7.86495209E-03
  -7.83252716E-03
  -7.80582428E-03
  -7.72953033E-03
  -7.72857666E-03
  -7.65514374E-03
  -7.59315491E-03
  -7.55405426E-03
  -7.53211975E-03
  -7.52449036E-03
  -7.46440887E-03
  -7.37380981E-03
  -7.35378265E-03
  -7.34710693E-03
  -7.27939606E-03
  -7.25173950E-03
  -7.22408295E-03
  -7.19642639E-03
  -7.11441040E-03
  -6.88838959E-03
  -6.88266754E-03
  -6.87217712E-03
  -6.82926178E-03
  -6.82353973E-03
  -6.75201416E-03
  -6.71386719E-03
  -6.61563873E-03
  -6.58130646E-03
  -6.56986237E-03
  -6.36196136E-03
  -6.26659393E-03
  -6.25801086E-03
  -6.03580475E-03
  -5.90801239E-03
  -5.90801239E-03
  -5.79643250E-03
  -5.70583344E-03
  -5.69915771E-03
  -5.66673279E-03
  -5.65814972E-03
  -5.65147400E-03
  -5.62572479E-03
  -5.61809540E-03
  -5.47409058E-03
  -5.45978546E-03
  -5.29479980E-03
  -5.26237488E-03
  -5.23853302E-03
  -5.21659851E-03
  -5.20038605E-03
  -5.19275665E-03
  -5.18512726E-03
  -5.13172150E-03
  -5.03635406E-03
  -5.02395630E-03
  -4.93907928E-03
  -4.93717194E-03
  -4.91714478E-03
  -4.90951538E-03
  -4.87995148E-03
  -4.86278534E-03
  -4.84943390E-03
  -4.82940674E-03
  -4.82368469E-03
  -4.81510162E-03
  -4.79793549E-03
  -4.72831726E-03
  -4.70066071E-03
  -4.68730927E-03
  -4.66823578E-03
  -4.56333160E-03
  -4.55665588E-03
  -4.53662872E-03
  -4.50229645E-03
  -4.48799133E-03
  -4.48799133E-03
  -4.46033478E-03
  -4.42028046E-03
  -4.38022614E-03
  -4.37831879E-03
  -4.36401367E-03
  -4.35066223E-03
  -4.34207916E-03
  -4.31156158E-03
  -4.29916382E-03
  -4.29058075E-03
  -4.25338745E-03
  -4.24957275E-03
  -4.20284271E-03
  -4.18853760E-03
  -4.13322449E-03
  -4.05216217E-03
  -4.05025482E-03
  -3.97968292E-03
  -3.92436981E-03
  -3.88240814E-03
  -3.87287140E-03
  -3.84330750E-03
  -3.81851196E-03
  -3.80039215E-03
  -3.77750397E-03
  -3.74126434E-03
  -3.71837616E-03
  -3.67069244E-03
  -3.67069244E-03
  -3.66401672E-03
  -3.63445282E-03
  -3.61347198E-03
  -3.58581543E-03
  -3.52478027E-03
  -3.44944000E-03
  -3.40843201E-03
  -3.37123871E-03
  -3.33309174E-03
  -3.33118439E-03
  -3.29208374E-03
  -3.28350067E-03
  -3.25012207E-03
  -3.19004059E-03
  -3.15761566E-03
  -3.15475464E-03
  -3.07083130E-03
  -3.01551819E-03
  -2.99835205E-03
  -2.97069550E-03
  -2.96115875E-03
  -2.91442871E-03
  -2.86674500E-03
  -2.86483765E-03
  -2.79331207E-03
  -2.75802612E-03
  -2.72560120E-03
  -2.71129608E-03
  -2.65884399E-03
  -2.64358521E-03
  -2.62832642E-03
  -2.60734558E-03
  -2.60639191E-03
  -2.58731842E-03
  -2.52723694E-03
  -2.50530243E-03
  -2.48050690E-03
  -2.44426727E-03
  -2.44331360E-03
  -2.42328644E-03
  -2.42328644E-03
  -2.41661072E-03
  -2.41470337E-03
  -2.34127045E-03
  -2.31361389E-03
  -2.22492218E-03
  -2.22396851E-03
  -2.17437744E-03
  -2.12478638E-03
  -2.11620331E-03
  -2.11143494E-03
  -2.06279755E-03
  -2.04753876E-03
  -2.02846527E-03
  -1.98078156E-03
  -1.97601318E-03
  -1.89399719E-03
  -1.82151794E-03
  -1.77478790E-03
  -1.72233582E-03
  -1.69277191E-03
  -1.69181824E-03
  -1.66797638E-03
  -1.64318085E-03
  -1.58691406E-03
  -1.58691406E-03
  -1.57833099E-03
  -1.53446198E-03
  -1.51348114E-03
  -1.48868561E-03
  -1.47628784E-03
  -1.44958496E-03
  -1.36470795E-03
  -1.35612488E-03
  -1.33609772E-03
  -1.33514404E-03
  -1.26743317E-03
  -1.24645233E-03
  -1.21593475E-03
  -1.20353699E-03
  -1.19876862E-03
  -1.19876862E-03
  -1.19304657E-03
  -1.16825104E-03
  -1.14727020E-03
  -1.09004974E-03
  -1.03473663E-03
  -1.01566315E-03
  -9.50813293E-04
  -9.32693481E-04
  -9.08851624E-04
  -8.85963440E-04
  -8.27789307E-04
  -7.89642334E-04
  -7.89642334E-04
  -7.39097595E-04
  -7.26699829E-04
  -6.18934631E-04
  -5.97953796E-04
  -5.96046448E-04
  -5.79833984E-04
  -5.68389893E-04
  -5.52177429E-04
  -4.98771667E-04
  -4.94956970E-04
  -4.91142273E-04
  -4.84466553E-04
  -4.56809998E-04
  -4.53948975E-04
  -3.89099121E-04
  -3.44276428E-04
  -2.90870667E-04
  -2.46047974E-04
  -2.17437744E-04
  -1.81198120E-04
  -1.78337097E-04
  -1.70707703E-04
  -1.57356262E-04
  -1.41143799E-04
  -1.00135803E-04
  -6.86645508E-05
  -1.71661377E-05
  -1.90734863E-06
   8.58306885E-06
   2.09808350E-05
   2.09808350E-05
   4.19616699E-05
   4.57763672E-05
   5.05447388E-05
   1.34468079E-04
   1.75476074E-04
   2.53677368E-04
   3.26156616E-04
   3.29017639E-04
   3.49998474E-04
   3.70979309E-04
   4.01496887E-04
   4.61578369E-04
   4.71115112E-04
   5.03540039E-04
   5.03540039E-04
   5.30242920E-04
   5.45501709E-04
   5.79833984E-04
   6.34193420E-04
   6.56127930E-04
   6.87599182E-04
   7.01904297E-04
   7.01904297E-04
   7.12394714E-04
   7.15255737E-04
   7.29560852E-04
   7.36236572E-04
   7.56263733E-04
   7.57217407E-04
   7.57217407E-04
   8.02040100E-04
   8.24928284E-04
   9.47952271E-04
   9.59396362E-04
   9.60350037E-04
   9.70840454E-04
   9.92774963E-04
   9.95635986E-04
   1.02329254E-03
   1.04999542E-03
   1.08432770E-03
   1.12152100E-03
   1.13964081E-03
   1.15203857E-03
   1.17778778E-03
   1.23596191E-03
   1.28269196E-03
   1.29604340E-03
   1.31607056E-03
   1.31607056E-03
   1.33991241E-03
   1.41620636E-03
   1.42860413E-03
   1.43241882E-03
   1.44481659E-03
   1.44958496E-03
   1.45912170E-03
   1.45912170E-03
   1.47438049E-03
   1.50203705E-03
   1.50871277E-03
   1.51062012E-03
   1.51062012E-03
   1.64508820E-03
   1.65081024E-03
   1.65557861E-03
   1.68704987E-03
   1.70516968E-03
   1.70612335E-03
   1.72042847E-03
   1.72710419E-03
   1.79576874E-03
   1.79958344E-03
   1.90639496E-03
   1.91116333E-03
   1.99604034E-03
   2.05516815E-03
   2.07233429E-03
   2.08759308E-03
   2.09808350E-03
   2.15148926E-03
   2.17914581E-03
   2.21824646E-03
   2.21824646E-03
   2.21824646E-03
   2.22587585E-03
   2.24781036E-03
   2.24876404E-03
   2.26497650E-03
   2.28309631E-03
   2.32505798E-03
   2.34603882E-03
   2.39658356E-03
   2.41374969E-03
   2.41374969E-03
   2.41851807E-03
   2.41947174E-03
   2.46143341E-03
   2.55393982E-03
   2.57778168E-03
   2.60639191E-03
   2.63690948E-03
   2.66456604E-03
   2.66456604E-03
   2.71224976E-03
   2.73323059E-03
   2.75611877E-03
   2.83527374E-03
   2.92682648E-03
   2.96497345E-03
   3.00598145E-03
   3.02314758E-03
   3.09562683E-03
   3.15189362E-03
   3.17001343E-03
   3.17096710E-03
   3.25298309E-03
   3.26633453E-03
   3.34548950E-03
   3.38649750E-03
   3.39221954E-03
   3.40747833E-03
   3.47137451E-03
   3.47137451E-03
   3.49044800E-03
   3.51905823E-03
   3.54671478E-03
   3.59439850E-03
   3.61061096E-03
   3.61633301E-03
   3.63445282E-03
   3.66210938E-03
   3.66306305E-03
   3.69358063E-03
   3.71265411E-03
   3.71456146E-03
   3.74794006E-03
   3.87477875E-03
   3.87477875E-03
   3.90625000E-03
   3.91674042E-03
   3.92436981E-03
   3.95011902E-03
   4.05979156E-03
   4.11224365E-03
   4.11701202E-03
   4.15039062E-03
   4.19330597E-03
   4.33254242E-03
   4.36687469E-03
   4.37641144E-03
   4.38404083E-03
   4.41551208E-03
   4.47654724E-03
   4.48322296E-03
   4.49562073E-03
   4.53853607E-03
   4.66632843E-03
   4.67872620E-03
   4.74262238E-03
   4.76455688E-03
   4.81700897E-03
   4.81700897E-03
   4.88948822E-03
   4.91428375E-03
   5.07164001E-03
   5.09262085E-03
   5.16510010E-03
   5.22899628E-03
   5.33866882E-03
   5.37204742E-03
   5.37967682E-03
   5.38825989E-03
   5.40351868E-03
   5.42926788E-03
   5.43403625E-03
   5.48171997E-03
   5.54275513E-03
   5.54943085E-03
   5.69820404E-03
   5.71155548E-03
   5.84411621E-03
   5.86509705E-03
   5.96427917E-03
   5.99288940E-03
   6.06536865E-03
   6.09588623E-03
   6.09874725E-03
   6.17885590E-03
   6.27803802E-03
   6.28662109E-03
   6.58988953E-03
   6.61087036E-03
   6.72149658E-03
   6.79397583E-03
   6.80541992E-03
   6.80732727E-03
   6.84928894E-03
   6.85882568E-03
   6.93130493E-03
   6.93225861E-03
   6.93893433E-03
   6.96277618E-03
   6.99901581E-03
   6.99901581E-03
   7.03144073E-03
   7.03811646E-03
   7.12966919E-03
   7.14302063E-03
   7.21645355E-03
   7.30133057E-03
   7.30419159E-03
   7.40337372E-03
   7.48062134E-03
   7.58075714E-03
   7.71808624E-03
   7.71808624E-03
   7.73715973E-03
   7.89737701E-03
   8.14151764E-03
   8.24451447E-03
   8.25119019E-03
   8.36086273E-03
   8.68797302E-03
   8.80527496E-03
   9.03892517E-03
   9.21535492E-03
   9.33837891E-03
   9.46140289E-03
   9.55104828E-03
   9.57775116E-03
   9.76371765E-03
   1.02014542E-02
   1.05733871E-02
   1.06210709E-02
   1.08041763E-02
   1.09577179E-02
   1.10807419E-02
   1.11989975E-02
   1.12533569E-02
   1.13582611E-02
   1.15070343E-02
   1.15604401E-02
   1.15804672E-02
   1.15880966E-02
   1.20286942E-02
   1.22318268E-02
   1.24368668E-02
   1.27077103E-02
   1.29489899E-02
   1.30453110E-02
   1.33934021E-02
   1.34220123E-02
   1.34992599E-02
   1.36365891E-02
   1.39827728E-02
   1.41353607E-02
   1.42688751E-02
   1.46245956E-02
   1.46255493E-02
   1.57852173E-02
   1.58977509E-02
   1.60741806E-02
   1.62296295E-02
   1.66902542E-02
   1.88436508E-02
   1.96552277E-02
   1.98259354E-02
   2.12707520E-02
   2.13537216E-02
   2.18381882E-02
   2.25963593E-02
   2.27565765E-02
   2.29396820E-02
   2.36387253E-02
   2.40440369E-02
   2.42805481E-02
   2.43787766E-02
   2.43902206E-02
   2.50329971E-02
   2.55174637E-02
   2.55661011E-02
   2.58083344E-02
   2.59428024E-02
   2.67734528E-02
   2.78415680E-02
   2.98404694E-02
   3.04546356E-02
   3.12900543E-02
   3.23228836E-02
   3.41272354E-02
   3.41796875E-02
   3.42378616E-02
   3.45315933E-02
   3.50456238E-02
   3.56578827E-02
   3.59439850E-02
