#Npts     Radius    Mag      Completeness
#   40 1276.9363  -14.141637 1.000000
# Verr
  -9.91630554E-03
  -4.71973419E-03
  -4.08840179E-03
  -2.67887115E-03
  -1.93119049E-03
  -1.11103058E-03
  -8.14437866E-04
  -6.76155090E-04
   1.68800354E-04
   1.02043152E-03
   1.21879578E-03
   2.19440460E-03
   2.59780884E-03
   2.76374817E-03
   2.76374817E-03
   2.92778015E-03
   3.34072113E-03
   3.93676758E-03
   4.38117981E-03
   4.88567352E-03
   4.99343872E-03
   5.10215759E-03
   5.48839569E-03
   5.74302673E-03
   6.46591187E-03
   6.55937195E-03
   6.57749176E-03
   8.67843628E-03
   8.89492035E-03
   8.97121429E-03
   9.29450989E-03
   9.44614410E-03
   9.77611542E-03
   9.78374481E-03
   1.12075806E-02
   1.12352371E-02
   1.20887756E-02
   1.30453110E-02
   1.47247314E-02
   1.54943466E-02
