#Npts     Radius    Mag      Completeness
#   89 1276.9363  -13.856182 1.000000
# Verr
  -1.05342865E-02
  -1.01194382E-02
  -9.93633270E-03
  -9.32312012E-03
  -7.38239288E-03
  -7.17926025E-03
  -5.31482697E-03
  -5.08499146E-03
  -3.25202942E-03
  -2.75707245E-03
  -1.12915039E-03
   1.62124634E-05
   1.03950500E-04
   6.82830811E-04
   1.06525421E-03
   1.63459778E-03
   1.68228149E-03
   2.03418732E-03
   2.04563141E-03
   2.44426727E-03
   2.70271301E-03
   3.36837769E-03
   3.64494324E-03
   3.93581390E-03
   4.17709351E-03
   4.30011749E-03
   4.90856171E-03
   5.00297546E-03
   5.11360168E-03
   5.34057617E-03
   5.44834137E-03
   5.70678711E-03
   5.74302673E-03
   5.77926636E-03
   5.80596924E-03
   6.10160828E-03
   6.12068176E-03
   6.12449646E-03
   6.76918030E-03
   7.57598877E-03
   8.14914703E-03
   8.43429565E-03
   8.75377655E-03
   9.15908813E-03
   9.19437408E-03
   9.30595398E-03
   9.33074951E-03
   9.53292847E-03
   9.67216492E-03
   9.79804993E-03
   9.81616974E-03
   1.02128983E-02
   1.05905533E-02
   1.07192993E-02
   1.07345581E-02
   1.08280182E-02
   1.08661652E-02
   1.11083984E-02
   1.15213394E-02
   1.16949081E-02
   1.19466782E-02
   1.22041702E-02
   1.25751495E-02
   1.26638412E-02
   1.28288269E-02
   1.32637024E-02
   1.34258270E-02
   1.41506195E-02
   1.42755508E-02
   1.48477554E-02
   1.50165558E-02
   1.51042938E-02
   1.55105591E-02
   1.56831741E-02
   1.61542892E-02
   1.66225433E-02
   1.68199539E-02
   1.70478821E-02
   1.72300339E-02
   1.75809860E-02
   1.77936554E-02
   1.79586411E-02
   1.97963715E-02
   2.09007263E-02
   2.17628479E-02
   2.35853195E-02
   2.38409042E-02
   2.53782272E-02
   3.57742310E-02
