#Npts     Radius    Mag      Completeness
#   87 2123.2388  -15.010000 1.000000
# Verr
  -3.63578796E-02
  -3.14779282E-02
  -3.12309265E-02
  -3.03916931E-02
  -2.58579254E-02
  -2.49557495E-02
  -2.49557495E-02
  -2.11133957E-02
  -1.98297501E-02
  -1.91926956E-02
  -1.58157349E-02
  -1.44376755E-02
  -1.35087967E-02
  -7.91549683E-03
  -6.46400452E-03
  -6.46114349E-03
  -5.14602661E-03
  -5.07068634E-03
  -4.34494019E-03
  -3.84616852E-03
  -3.65066528E-03
  -3.44848633E-03
  -3.42845917E-03
  -3.05843353E-03
  -2.69508362E-03
  -2.43759155E-03
  -2.35366821E-03
  -1.92356110E-03
  -1.85012817E-03
  -1.55735016E-03
  -1.47628784E-03
  -1.36089325E-03
  -1.29127502E-03
  -1.26552582E-03
  -6.26564026E-04
  -5.66482544E-04
  -4.38690186E-04
  -3.44276428E-04
  -1.13487244E-04
   5.04493713E-04
   6.81877136E-04
   8.15391541E-04
   1.17874146E-03
   1.28078461E-03
   1.88922882E-03
   2.32124329E-03
   2.32219696E-03
   2.37560272E-03
   2.42805481E-03
   2.43186951E-03
   2.85530090E-03
   3.09753418E-03
   3.12995911E-03
   3.46660614E-03
   3.67164612E-03
   3.75175476E-03
   3.99780273E-03
   4.30870056E-03
   4.56905365E-03
   4.63771820E-03
   4.65106964E-03
   4.73594666E-03
   4.77218628E-03
   4.90283966E-03
   4.90283966E-03
   5.62286377E-03
   5.66673279E-03
   5.78308105E-03
   6.59370422E-03
   6.79969788E-03
   8.01277161E-03
   8.25214386E-03
   8.36563110E-03
   8.51726532E-03
   8.63361359E-03
   8.76903534E-03
   8.90827179E-03
   1.00727081E-02
   1.06935501E-02
   1.13372803E-02
   1.25484467E-02
   1.47409439E-02
   1.50070190E-02
   2.27565765E-02
   2.27565765E-02
   2.99196243E-02
   3.34730148E-02
