#Npts     Radius    Mag      Completeness
#  131 1704.5719  -14.355454 1.000000
# Verr
  -3.82480621E-02
  -2.61430740E-02
  -2.01063156E-02
  -1.36032104E-02
  -1.22852325E-02
  -1.16834641E-02
  -1.16186142E-02
  -1.13506317E-02
  -1.07040405E-02
  -1.03826523E-02
  -1.02081299E-02
  -9.63401794E-03
  -9.55200195E-03
  -8.58116150E-03
  -8.55064392E-03
  -8.29601288E-03
  -8.24642181E-03
  -8.15773010E-03
  -8.15200806E-03
  -8.01086426E-03
  -7.86972046E-03
  -7.77626038E-03
  -7.75146484E-03
  -7.73429871E-03
  -7.66277313E-03
  -7.47013092E-03
  -7.30514526E-03
  -7.23457336E-03
  -7.23171234E-03
  -6.96945190E-03
  -6.78825378E-03
  -6.73294067E-03
  -6.70337677E-03
  -6.46972656E-03
  -6.41536713E-03
  -6.28280640E-03
  -6.17694855E-03
  -6.15406036E-03
  -6.06155396E-03
  -6.02626801E-03
  -5.89179993E-03
  -5.82885742E-03
  -5.18035889E-03
  -5.02681732E-03
  -4.87995148E-03
  -4.65679169E-03
  -4.63867188E-03
  -4.54521179E-03
  -4.52423096E-03
  -4.40502167E-03
  -4.35543060E-03
  -4.18567657E-03
  -4.14466858E-03
  -4.14180756E-03
  -4.11415100E-03
  -4.03213501E-03
  -3.92341614E-03
  -3.90625000E-03
  -3.87096405E-03
  -3.26919556E-03
  -3.21292877E-03
  -3.12995911E-03
  -3.02505493E-03
  -2.88391113E-03
  -2.84767151E-03
  -2.63595581E-03
  -2.60353088E-03
  -2.55775452E-03
  -2.49099731E-03
  -2.39372253E-03
  -2.32791901E-03
  -2.29454041E-03
  -2.20680237E-03
  -2.18296051E-03
  -2.17723846E-03
  -2.13813782E-03
  -1.98936462E-03
  -1.78527832E-03
  -1.68323517E-03
  -1.49154663E-03
  -1.44863129E-03
  -1.24645233E-03
  -1.24549866E-03
  -1.09672546E-03
  -1.00040436E-03
  -8.44001770E-04
  -7.82966614E-04
  -5.19752502E-04
  -5.02586365E-04
  -4.77790833E-04
  -4.35829163E-04
  -4.15802002E-04
  -3.77655029E-04
  -3.73840332E-04
  -3.70979309E-04
  -2.66075134E-04
  -9.91821289E-05
  -8.20159912E-05
  -6.00814819E-05
   9.25064087E-05
   2.77519226E-04
   4.63485718E-04
   1.15108490E-03
   1.34563446E-03
   1.38759613E-03
   1.66130066E-03
   1.80244446E-03
   1.82819366E-03
   2.20489502E-03
   3.17859650E-03
   3.35502625E-03
   3.37219238E-03
   3.84521484E-03
   4.16374207E-03
   4.25910950E-03
   5.79929352E-03
   5.94139099E-03
   7.35378265E-03
   7.61795044E-03
   8.50868225E-03
   9.04369354E-03
   1.01919174E-02
   1.13687515E-02
   1.20277405E-02
   1.49974823E-02
   1.88217163E-02
   1.96800232E-02
   2.12192535E-02
   2.82258987E-02
   3.36351395E-02
   3.70140076E-02
