#Npts     Radius    Mag      Completeness
#  497 1704.5719  -12.828182 1.000000
# Verr
  -2.81896591E-02
  -2.64701843E-02
  -2.31246948E-02
  -2.12917328E-02
  -1.69811249E-02
  -1.55887604E-02
  -1.53770447E-02
  -1.48105621E-02
  -1.46131516E-02
  -1.44910812E-02
  -1.42774582E-02
  -1.42660141E-02
  -1.42507553E-02
  -1.40132904E-02
  -1.38254166E-02
  -1.38034821E-02
  -1.36022568E-02
  -1.30519867E-02
  -1.29938126E-02
  -1.28145218E-02
  -1.26934052E-02
  -1.24521255E-02
  -1.24130249E-02
  -1.23863220E-02
  -1.23443604E-02
  -1.23224258E-02
  -1.22413635E-02
  -1.19867325E-02
  -1.19676590E-02
  -1.19304657E-02
  -1.19295120E-02
  -1.17969513E-02
  -1.17092133E-02
  -1.16405487E-02
  -1.14078522E-02
  -1.13258362E-02
  -1.12009048E-02
  -1.10378265E-02
  -1.08060837E-02
  -1.07488632E-02
  -1.06945038E-02
  -1.06668472E-02
  -1.05047226E-02
  -1.04475021E-02
  -1.03788376E-02
  -1.03187561E-02
  -1.02548599E-02
  -1.02348328E-02
  -1.01585388E-02
  -1.00879669E-02
  -1.00803375E-02
  -1.00517273E-02
  -9.98401642E-03
  -9.76467133E-03
  -9.60540771E-03
  -9.60254669E-03
  -9.60254669E-03
  -9.58156586E-03
  -9.51576233E-03
  -9.37557220E-03
  -9.20772552E-03
  -9.15241241E-03
  -9.07039642E-03
  -9.05513763E-03
  -9.02462006E-03
  -8.99887085E-03
  -8.97407532E-03
  -8.92829895E-03
  -8.90827179E-03
  -8.90731812E-03
  -8.82530212E-03
  -8.79287720E-03
  -8.78429413E-03
  -8.75282288E-03
  -8.62979889E-03
  -8.54110718E-03
  -8.50677490E-03
  -8.50391388E-03
  -8.50009918E-03
  -8.46958160E-03
  -8.39138031E-03
  -8.29696655E-03
  -8.28361511E-03
  -8.27407837E-03
  -8.18920135E-03
  -8.14533234E-03
  -8.14247131E-03
  -8.01753998E-03
  -8.00991058E-03
  -7.99274445E-03
  -7.98606873E-03
  -7.97843933E-03
  -7.91263580E-03
  -7.81440735E-03
  -7.76195526E-03
  -7.69615173E-03
  -7.69615173E-03
  -7.66754150E-03
  -7.62081146E-03
  -7.53021240E-03
  -7.50446320E-03
  -7.41386414E-03
  -7.40623474E-03
  -7.36999512E-03
  -7.36331940E-03
  -7.36045837E-03
  -7.34806061E-03
  -7.30037689E-03
  -7.20787048E-03
  -7.14969635E-03
  -7.11441040E-03
  -7.09438324E-03
  -7.03430176E-03
  -7.03239441E-03
  -6.96659088E-03
  -6.96372986E-03
  -6.83403015E-03
  -6.76822662E-03
  -6.75296783E-03
  -6.67858124E-03
  -6.67476654E-03
  -6.66332245E-03
  -6.60514832E-03
  -6.59656525E-03
  -6.52217865E-03
  -6.47830963E-03
  -6.47068024E-03
  -6.46591187E-03
  -6.44207001E-03
  -6.36291504E-03
  -6.32095337E-03
  -6.25419617E-03
  -6.20269775E-03
  -6.13212585E-03
  -6.12068176E-03
  -6.09874725E-03
  -6.06155396E-03
  -6.03866577E-03
  -6.03866577E-03
  -5.99384308E-03
  -5.92422485E-03
  -5.90038300E-03
  -5.89752197E-03
  -5.69152832E-03
  -5.66005707E-03
  -5.64384460E-03
  -5.64002991E-03
  -5.59806824E-03
  -5.55992126E-03
  -5.54275513E-03
  -5.43022156E-03
  -5.37872314E-03
  -5.35583496E-03
  -5.34439087E-03
  -5.32150269E-03
  -5.31387329E-03
  -5.27381897E-03
  -5.24711609E-03
  -5.20706177E-03
  -5.20038605E-03
  -5.19371033E-03
  -5.17272949E-03
  -5.13553619E-03
  -5.10311127E-03
  -5.10311127E-03
  -5.05638123E-03
  -5.03158569E-03
  -5.02967834E-03
  -5.00202179E-03
  -5.00202179E-03
  -4.99820709E-03
  -4.95052338E-03
  -4.84275818E-03
  -4.76551056E-03
  -4.76551056E-03
  -4.66442108E-03
  -4.62627411E-03
  -4.56809998E-03
  -4.55856323E-03
  -4.47559357E-03
  -4.47177887E-03
  -4.46128845E-03
  -4.44602966E-03
  -4.43458557E-03
  -4.43363190E-03
  -4.35256958E-03
  -4.19712067E-03
  -4.10652161E-03
  -4.06551361E-03
  -4.06551361E-03
  -3.94344330E-03
  -3.89385223E-03
  -3.86047363E-03
  -3.80420685E-03
  -3.78227234E-03
  -3.76415253E-03
  -3.75175476E-03
  -3.67832184E-03
  -3.64303589E-03
  -3.62110138E-03
  -3.60774994E-03
  -3.56674194E-03
  -3.52859497E-03
  -3.49235535E-03
  -3.49140167E-03
  -3.39698792E-03
  -3.34835052E-03
  -3.34167480E-03
  -3.31497192E-03
  -3.30734253E-03
  -3.25393677E-03
  -3.25107574E-03
  -3.18050385E-03
  -3.17001343E-03
  -3.15666199E-03
  -3.14998627E-03
  -3.14140320E-03
  -3.14140320E-03
  -3.11946869E-03
  -3.02124023E-03
  -3.00598145E-03
  -3.00598145E-03
  -2.98309326E-03
  -2.97927856E-03
  -2.95543671E-03
  -2.93922424E-03
  -2.91347504E-03
  -2.89058685E-03
  -2.88009644E-03
  -2.82382965E-03
  -2.82192230E-03
  -2.78091431E-03
  -2.77709961E-03
  -2.72655487E-03
  -2.72274017E-03
  -2.71034241E-03
  -2.69508362E-03
  -2.65979767E-03
  -2.58350372E-03
  -2.57015228E-03
  -2.54344940E-03
  -2.53009796E-03
  -2.52342224E-03
  -2.50053406E-03
  -2.42710114E-03
  -2.41661072E-03
  -2.40707397E-03
  -2.35843658E-03
  -2.34508514E-03
  -2.31456757E-03
  -2.24399567E-03
  -2.23636627E-03
  -2.20870972E-03
  -2.13813782E-03
  -2.13813782E-03
  -2.11429596E-03
  -2.10666656E-03
  -2.07233429E-03
  -2.04181671E-03
  -2.03418732E-03
  -2.01892853E-03
  -1.95217133E-03
  -1.88350677E-03
  -1.83200836E-03
  -1.80435181E-03
  -1.74427032E-03
  -1.73091888E-03
  -1.68895721E-03
  -1.66416168E-03
  -1.65557861E-03
  -1.59835815E-03
  -1.57451630E-03
  -1.55830383E-03
  -1.52587891E-03
  -1.47628784E-03
  -1.46961212E-03
  -1.40953064E-03
  -1.36089325E-03
  -1.34372711E-03
  -1.31607056E-03
  -1.30558014E-03
  -1.27315521E-03
  -1.24835968E-03
  -1.15776062E-03
  -1.13105774E-03
  -1.09767914E-03
  -1.07574463E-03
  -1.07479095E-03
  -1.04618073E-03
  -1.02806091E-03
  -1.00231171E-03
  -9.64164734E-04
  -9.64164734E-04
  -9.57489014E-04
  -9.24110413E-04
  -8.31604004E-04
  -8.08715820E-04
  -7.88688660E-04
  -7.65800476E-04
  -6.97135925E-04
  -6.91413879E-04
  -6.17980957E-04
  -6.04629517E-04
  -5.76972961E-04
  -5.53131104E-04
  -5.34057617E-04
  -5.29289246E-04
  -4.96864319E-04
  -4.61578369E-04
  -4.55856323E-04
  -3.93867493E-04
  -3.68118286E-04
  -3.40461731E-04
  -2.94685364E-04
  -2.51770020E-04
  -2.14576721E-04
  -1.82151794E-04
  -1.46865845E-04
  -1.32560730E-04
  -7.62939453E-05
  -7.24792480E-05
  -4.95910645E-05
   8.58306885E-06
   6.00814819E-05
   7.91549683E-05
   1.39236450E-04
   1.48773193E-04
   2.05993652E-04
   2.30789185E-04
   3.06129456E-04
   3.84330750E-04
   3.90052795E-04
   4.06265259E-04
   4.06265259E-04
   4.32968140E-04
   5.05447388E-04
   5.11169434E-04
   5.21659851E-04
   5.30242920E-04
   5.34057617E-04
   5.34057617E-04
   5.45501709E-04
   5.49316406E-04
   5.80787659E-04
   6.00814819E-04
   6.11305237E-04
   6.11305237E-04
   6.22749329E-04
   6.31332397E-04
   7.43865967E-04
   7.81059265E-04
   8.18252563E-04
   8.33511353E-04
   8.49723816E-04
   8.69750977E-04
   9.98497009E-04
   1.01280212E-03
   1.09291077E-03
   1.12819672E-03
   1.16920471E-03
   1.19400024E-03
   1.22642517E-03
   1.27506256E-03
   1.31034851E-03
   1.32751465E-03
   1.34658813E-03
   1.44004822E-03
   1.48677826E-03
   1.53064728E-03
   1.55258179E-03
   1.57642365E-03
   1.60694122E-03
   1.66893005E-03
   1.80721283E-03
   1.94072723E-03
   1.94072723E-03
   1.95312500E-03
   2.02274323E-03
   2.05135345E-03
   2.05135345E-03
   2.08187103E-03
   2.20108032E-03
   2.27069855E-03
   2.32791901E-03
   2.32791901E-03
   2.32887268E-03
   2.34889984E-03
   2.37464905E-03
   2.39372253E-03
   2.39849091E-03
   2.45952606E-03
   2.51102448E-03
   2.54821777E-03
   2.55870819E-03
   2.56824493E-03
   2.76088715E-03
   2.88295746E-03
   2.92110443E-03
   3.06320190E-03
   3.17573547E-03
   3.18050385E-03
   3.30829620E-03
   3.32355499E-03
   3.32355499E-03
   3.40938568E-03
   3.44848633E-03
   3.49712372E-03
   3.53717804E-03
   3.60774994E-03
   3.61919403E-03
   3.63063812E-03
   3.67736816E-03
   3.72791290E-03
   3.75843048E-03
   3.82137299E-03
   3.94630432E-03
   3.95298004E-03
   4.00066376E-03
   4.01878357E-03
   4.01973724E-03
   4.09603119E-03
   4.15802002E-03
   4.16564941E-03
   4.19235229E-03
   4.31823730E-03
   4.32586670E-03
   4.54139709E-03
   4.56237793E-03
   4.62627411E-03
   4.75597382E-03
   4.85897064E-03
   4.86850739E-03
   5.13553619E-03
   5.16510010E-03
   5.21087646E-03
   5.24520874E-03
   5.28430939E-03
   5.34820557E-03
   5.55610657E-03
   5.56945801E-03
   5.66768646E-03
   5.66959381E-03
   5.82408905E-03
   5.89275360E-03
   6.06727600E-03
   6.11495972E-03
   6.23321533E-03
   6.49070740E-03
   6.55269623E-03
   6.56032562E-03
   6.59179688E-03
   6.73580170E-03
   6.82258606E-03
   7.00855255E-03
   7.05051422E-03
   7.10678101E-03
   7.30419159E-03
   7.38906860E-03
   7.63893127E-03
   7.79056549E-03
   7.94029236E-03
   8.01372528E-03
   8.72707367E-03
   8.76522064E-03
   8.90254974E-03
   9.05799866E-03
   9.13524628E-03
   9.25540924E-03
   9.64546204E-03
   9.71221924E-03
   9.92012024E-03
   1.01318359E-02
   1.16214752E-02
   1.18169785E-02
   1.22117996E-02
   1.30548477E-02
   1.32780075E-02
   1.34725571E-02
   1.36861801E-02
   1.46074295E-02
   1.48391724E-02
   1.48591995E-02
   1.52406693E-02
   1.65767670E-02
   1.71985626E-02
   1.72090530E-02
   1.84125900E-02
   2.04191208E-02
   2.08616257E-02
   2.14881897E-02
   2.30894089E-02
   2.72073746E-02
   2.72111893E-02
   3.09591293E-02
   3.15694809E-02
   3.21798325E-02
   3.42330933E-02
