#Npts     Radius    Mag      Completeness
#  123  445.4429  -14.712545 1.000000
# Verr
  -3.68709564E-02
  -3.58457565E-02
  -3.51266861E-02
  -3.44591141E-02
  -3.27301025E-02
  -3.16534042E-02
  -3.12013626E-02
  -3.09391022E-02
  -2.90317535E-02
  -2.79731750E-02
  -2.35671997E-02
  -2.29368210E-02
  -2.28948593E-02
  -2.10599899E-02
  -1.97038651E-02
  -1.76401138E-02
  -1.64747238E-02
  -1.62801743E-02
  -1.51824951E-02
  -1.46999359E-02
  -1.46999359E-02
  -1.38139725E-02
  -1.32808685E-02
  -1.25446320E-02
  -1.23739243E-02
  -1.20706558E-02
  -1.15575790E-02
  -1.05638504E-02
  -1.02863312E-02
  -9.70745087E-03
  -9.65785980E-03
  -9.42993164E-03
  -9.34410095E-03
  -9.31835175E-03
  -8.72612000E-03
  -8.06331635E-03
  -7.56549835E-03
  -7.56168365E-03
  -6.98661804E-03
  -6.87026978E-03
  -6.82163239E-03
  -6.46495819E-03
  -6.37245178E-03
  -6.02626801E-03
  -5.88703156E-03
  -5.64098358E-03
  -5.30052185E-03
  -5.10883331E-03
  -4.97531891E-03
  -4.68444824E-03
  -4.20379639E-03
  -4.17804718E-03
  -4.04834747E-03
  -3.82804871E-03
  -3.39412689E-03
  -2.99835205E-03
  -2.94971466E-03
  -2.88581848E-03
  -2.65979767E-03
  -2.59399414E-03
  -2.18486786E-03
  -2.04372406E-03
  -1.91116333E-03
  -1.75380707E-03
  -1.68704987E-03
  -1.32942200E-03
  -1.31416321E-03
  -1.27410889E-03
  -1.21593475E-03
  -1.11198425E-03
  -9.79423523E-04
  -9.71794128E-04
  -7.17163086E-04
   2.08854675E-04
   3.69071960E-04
   4.53948975E-04
   5.03540039E-04
   5.13076782E-04
   1.33228302E-03
   1.70326233E-03
   1.78718567E-03
   1.83200836E-03
   2.10475922E-03
   2.16197968E-03
   2.49385834E-03
   2.50625610E-03
   3.14807892E-03
   3.42559814E-03
   3.94439697E-03
   4.37545776E-03
   4.37641144E-03
   4.47463989E-03
   4.50420380E-03
   4.51660156E-03
   4.53472137E-03
   4.71305847E-03
   4.94480133E-03
   5.52368164E-03
   5.60188293E-03
   5.66959381E-03
   5.84793091E-03
   6.17694855E-03
   6.28471375E-03
   6.32381439E-03
   6.69574738E-03
   7.94410706E-03
   8.17203522E-03
   9.60063934E-03
   9.97829437E-03
   1.04656219E-02
   1.13296509E-02
   1.29261017E-02
   1.30319595E-02
   1.30863190E-02
   1.40962601E-02
   1.57804489E-02
   1.72758102E-02
   1.74818039E-02
   1.98793411E-02
   2.34355927E-02
   2.36415863E-02
   3.13148499E-02
   3.35721970E-02
