#Npts     Radius    Mag      Completeness
#  122 2990.4773  -15.010000 1.000000
# Verr
  -3.77283096E-02
  -3.68080139E-02
  -3.28845978E-02
  -3.19051743E-02
  -3.06730270E-02
  -3.01275253E-02
  -2.50844955E-02
  -2.04963684E-02
  -2.00080872E-02
  -1.95951462E-02
  -1.77698135E-02
  -1.62696838E-02
  -1.48515701E-02
  -1.33924484E-02
  -1.25360489E-02
  -1.24139786E-02
  -1.19237900E-02
  -1.11589432E-02
  -1.07545853E-02
  -1.07326508E-02
  -1.02930069E-02
  -8.99791718E-03
  -8.46099854E-03
  -8.24832916E-03
  -7.78007507E-03
  -7.74765015E-03
  -7.63130188E-03
  -7.61795044E-03
  -7.57598877E-03
  -7.56359100E-03
  -5.09834290E-03
  -5.03063202E-03
  -4.69207764E-03
  -4.68730927E-03
  -4.50515747E-03
  -4.49180603E-03
  -4.32395935E-03
  -4.18186188E-03
  -4.08363342E-03
  -3.96347046E-03
  -3.81946564E-03
  -3.80134583E-03
  -3.69167328E-03
  -3.41510773E-03
  -3.07083130E-03
  -3.00312042E-03
  -2.94303894E-03
  -2.54821777E-03
  -2.49385834E-03
  -2.45857239E-03
  -2.45189667E-03
  -2.43377686E-03
  -2.14767456E-03
  -2.02560425E-03
  -1.44195557E-03
  -1.10721588E-03
  -1.09291077E-03
  -9.52720642E-04
  -9.25064087E-04
  -7.38143921E-04
  -5.88417053E-04
  -1.35421753E-04
  -9.53674316E-05
   8.96453857E-05
   1.78337097E-04
   2.13623047E-04
   7.92503357E-04
   1.06430054E-03
   1.11675262E-03
   1.14440918E-03
   1.20067596E-03
   1.50394440E-03
   1.55830383E-03
   1.73377991E-03
   1.94072723E-03
   2.09712982E-03
   2.10952759E-03
   2.20966339E-03
   2.21920013E-03
   2.38037109E-03
   2.47192383E-03
   2.54344940E-03
   2.89344788E-03
   3.03173065E-03
   3.20529938E-03
   3.24249268E-03
   3.25298309E-03
   3.43990326E-03
   3.49044800E-03
   3.60584259E-03
   3.68022919E-03
   4.00829315E-03
   4.36210632E-03
   4.38117981E-03
   4.52518463E-03
   4.53472137E-03
   4.57668304E-03
   5.81169128E-03
   6.35147095E-03
   6.69860840E-03
   6.80828094E-03
   6.82163239E-03
   6.97135925E-03
   7.03620911E-03
   7.14778900E-03
   7.38811493E-03
   7.52925873E-03
   8.08620453E-03
   8.45718384E-03
   8.74423981E-03
   9.70554352E-03
   1.09920502E-02
   1.19180679E-02
   1.21221542E-02
   1.36890411E-02
   1.37481689E-02
   1.43442154E-02
   1.53007507E-02
   1.73473358E-02
   1.79519653E-02
   2.22377777E-02
   2.94828415E-02
