#Npts     Radius    Mag      Completeness
#  407 2990.4773  -13.046364 1.000000
# Verr
  -2.56681442E-02
  -2.35519409E-02
  -2.34737396E-02
  -2.18515396E-02
  -2.00557709E-02
  -1.97420120E-02
  -1.95341110E-02
  -1.91478729E-02
  -1.83324814E-02
  -1.81159973E-02
  -1.73149109E-02
  -1.72214508E-02
  -1.68466568E-02
  -1.64451599E-02
  -1.60026550E-02
  -1.58824921E-02
  -1.57546997E-02
  -1.55286789E-02
  -1.54905319E-02
  -1.53589249E-02
  -1.51405334E-02
  -1.49412155E-02
  -1.48143768E-02
  -1.46741867E-02
  -1.46741867E-02
  -1.45902634E-02
  -1.43299103E-02
  -1.39541626E-02
  -1.39341354E-02
  -1.33819580E-02
  -1.33514404E-02
  -1.31921768E-02
  -1.30863190E-02
  -1.27573013E-02
  -1.22289658E-02
  -1.21984482E-02
  -1.20925903E-02
  -1.20725632E-02
  -1.20429993E-02
  -1.19018555E-02
  -1.16834641E-02
  -1.16100311E-02
  -1.15776062E-02
  -1.15585327E-02
  -1.14040375E-02
  -1.12590790E-02
  -1.10626221E-02
  -1.10549927E-02
  -1.10244751E-02
  -1.08175278E-02
  -1.07965469E-02
  -1.06716156E-02
  -1.05371475E-02
  -1.05113983E-02
  -1.03826523E-02
  -1.02691650E-02
  -1.01718903E-02
  -1.01556778E-02
  -1.01060867E-02
  -1.00822449E-02
  -9.70172882E-03
  -9.69791412E-03
  -9.65309143E-03
  -9.64260101E-03
  -9.61875916E-03
  -9.59777832E-03
  -9.56344604E-03
  -9.46998596E-03
  -9.44423676E-03
  -9.30786133E-03
  -9.24205780E-03
  -9.21630859E-03
  -9.17148590E-03
  -9.13810730E-03
  -9.12189484E-03
  -9.09519196E-03
  -9.03606415E-03
  -9.03606415E-03
  -8.95786285E-03
  -8.91971588E-03
  -8.89110565E-03
  -8.89110565E-03
  -8.71753693E-03
  -8.70704651E-03
  -8.64601135E-03
  -8.57925415E-03
  -8.57543945E-03
  -8.56590271E-03
  -8.55636597E-03
  -8.54396820E-03
  -8.52298737E-03
  -8.44764709E-03
  -8.38375092E-03
  -8.37802887E-03
  -8.36372375E-03
  -8.33511353E-03
  -8.30459595E-03
  -8.15773010E-03
  -8.09860229E-03
  -8.06713104E-03
  -7.93647766E-03
  -7.91454315E-03
  -7.89070129E-03
  -7.85923004E-03
  -7.74955750E-03
  -7.74669647E-03
  -7.64274597E-03
  -7.55882263E-03
  -7.54737854E-03
  -7.53211975E-03
  -7.51209259E-03
  -7.42053986E-03
  -7.31182098E-03
  -7.31182098E-03
  -7.27462769E-03
  -7.24315643E-03
  -7.16400146E-03
  -7.11727142E-03
  -7.02095032E-03
  -6.93988800E-03
  -6.86264038E-03
  -6.84642792E-03
  -6.82353973E-03
  -6.79206848E-03
  -6.78443909E-03
  -6.69479370E-03
  -6.67476654E-03
  -6.60991669E-03
  -6.48784637E-03
  -6.42776489E-03
  -6.40964508E-03
  -6.38771057E-03
  -6.37245178E-03
  -6.20174408E-03
  -6.19983673E-03
  -6.19411469E-03
  -6.16741180E-03
  -6.12068176E-03
  -6.00814819E-03
  -5.99956512E-03
  -5.96809387E-03
  -5.95855713E-03
  -5.93852997E-03
  -5.90896606E-03
  -5.90610504E-03
  -5.88512421E-03
  -5.81932068E-03
  -5.75542450E-03
  -5.66482544E-03
  -5.63240051E-03
  -5.59520721E-03
  -5.52463531E-03
  -5.52177429E-03
  -5.48553467E-03
  -5.48458099E-03
  -5.46073914E-03
  -5.44071198E-03
  -5.42545319E-03
  -5.32817841E-03
  -5.23948669E-03
  -5.23567200E-03
  -5.20706177E-03
  -5.19847870E-03
  -5.17940521E-03
  -5.17272949E-03
  -4.96196747E-03
  -4.95624542E-03
  -4.94670868E-03
  -4.83894348E-03
  -4.83131409E-03
  -4.83131409E-03
  -4.80365753E-03
  -4.77790833E-03
  -4.72068787E-03
  -4.66728210E-03
  -4.63485718E-03
  -4.61101532E-03
  -4.57668304E-03
  -4.54425812E-03
  -4.37450409E-03
  -4.33731079E-03
  -4.32395935E-03
  -4.24671173E-03
  -4.21047211E-03
  -4.07314301E-03
  -4.07314301E-03
  -4.04453278E-03
  -4.04262543E-03
  -3.99875641E-03
  -3.96633148E-03
  -3.94439697E-03
  -3.93581390E-03
  -3.86810303E-03
  -3.83853912E-03
  -3.82137299E-03
  -3.79753113E-03
  -3.70502472E-03
  -3.67736816E-03
  -3.65257263E-03
  -3.59249115E-03
  -3.50952148E-03
  -3.50952148E-03
  -3.50761414E-03
  -3.50761414E-03
  -3.44657898E-03
  -3.44562531E-03
  -3.41033936E-03
  -3.35979462E-03
  -3.28826904E-03
  -3.13949585E-03
  -3.13186646E-03
  -3.11470032E-03
  -3.05557251E-03
  -3.00979614E-03
  -3.00216675E-03
  -2.99930573E-03
  -2.99453735E-03
  -2.99167633E-03
  -2.96783447E-03
  -2.91347504E-03
  -2.88009644E-03
  -2.78759003E-03
  -2.70462036E-03
  -2.68077850E-03
  -2.67028809E-03
  -2.57778168E-03
  -2.55203247E-03
  -2.46238708E-03
  -2.37560272E-03
  -2.36320496E-03
  -2.30979919E-03
  -2.29930878E-03
  -2.29167938E-03
  -2.25162506E-03
  -2.15721130E-03
  -2.13527679E-03
  -2.07996368E-03
  -1.94931030E-03
  -1.93786621E-03
  -1.93500519E-03
  -1.91020966E-03
  -1.90258026E-03
  -1.87683105E-03
  -1.80721283E-03
  -1.79672241E-03
  -1.79100037E-03
  -1.72328949E-03
  -1.68800354E-03
  -1.65939331E-03
  -1.64508820E-03
  -1.63841248E-03
  -1.59740448E-03
  -1.59263611E-03
  -1.55544281E-03
  -1.54876709E-03
  -1.51538849E-03
  -1.46484375E-03
  -1.43146515E-03
  -1.41620636E-03
  -1.41525269E-03
  -1.38664246E-03
  -1.38092041E-03
  -1.35517120E-03
  -1.33705139E-03
  -1.28841400E-03
  -1.25122070E-03
  -1.23596191E-03
  -1.22451782E-03
  -1.18064880E-03
  -9.21249390E-04
  -9.20295715E-04
  -9.00268555E-04
  -8.63075256E-04
  -8.19206238E-04
  -7.84873962E-04
  -6.83784485E-04
  -6.58988953E-04
  -6.48498535E-04
  -6.38961792E-04
  -5.65528870E-04
  -5.45501709E-04
  -4.22477722E-04
  -4.22477722E-04
  -3.85284424E-04
  -3.69071960E-04
  -3.64303589E-04
  -2.91824341E-04
  -2.86102295E-04
  -8.77380371E-05
  -8.67843628E-05
  -2.09808350E-05
   1.04904175E-05
   7.62939453E-05
   1.00135803E-04
   1.70707703E-04
   2.39372253E-04
   2.60353088E-04
   2.63214111E-04
   2.88009644E-04
   3.54766846E-04
   3.74794006E-04
   4.11033630E-04
   4.36782837E-04
   5.91278076E-04
   5.97953796E-04
   6.07490540E-04
   6.27517700E-04
   8.20159912E-04
   9.01222229E-04
   9.42230225E-04
   9.59396362E-04
   9.70840454E-04
   1.05667114E-03
   1.06525421E-03
   1.08718872E-03
   1.10435486E-03
   1.11103058E-03
   1.11865997E-03
   1.22833252E-03
   1.22833252E-03
   1.27315521E-03
   1.29413605E-03
   1.35135651E-03
   1.35898590E-03
   1.37710571E-03
   1.38759613E-03
   1.42860413E-03
   1.44195557E-03
   1.47819519E-03
   1.49345398E-03
   1.57642365E-03
   1.59168243E-03
   1.69372559E-03
   1.80816650E-03
   1.89781189E-03
   1.93595886E-03
   1.94549561E-03
   2.05993652E-03
   2.06947327E-03
   2.07042694E-03
   2.07424164E-03
   2.10952759E-03
   2.12192535E-03
   2.22396851E-03
   2.24971771E-03
   2.38132477E-03
   2.38132477E-03
   2.40325928E-03
   2.41756439E-03
   2.43473053E-03
   2.50434875E-03
   2.52437592E-03
   2.53582001E-03
   2.53963470E-03
   2.54917145E-03
   2.55870819E-03
   2.84481049E-03
   2.86769867E-03
   2.94208527E-03
   3.51905823E-03
   3.67450714E-03
   3.67450714E-03
   3.68022919E-03
   4.00924683E-03
   4.08554077E-03
   4.10175323E-03
   4.19998169E-03
   4.30679321E-03
   4.36687469E-03
   4.54902649E-03
   4.70352173E-03
   4.72164154E-03
   4.79698181E-03
   4.82654572E-03
   4.88281250E-03
   4.88662720E-03
   4.89425659E-03
   5.01346588E-03
   5.06687164E-03
   5.12313843E-03
   5.41400909E-03
   5.87081909E-03
   6.74533844E-03
   6.83879852E-03
   7.35378265E-03
   7.52162933E-03
   7.58934021E-03
   7.68184662E-03
   7.72571564E-03
   8.40473175E-03
   9.03701782E-03
   9.37461853E-03
   1.03607178E-02
   1.10082626E-02
   1.14574432E-02
   1.14927292E-02
   1.19104385E-02
   1.32589340E-02
   1.37968063E-02
   1.56087875E-02
   1.66950226E-02
   1.75991058E-02
   2.05469131E-02
   2.09712982E-02
   2.33116150E-02
   2.89134979E-02
   3.57112885E-02
