#Npts     Radius    Mag      Completeness
#  373  867.2384  -14.137273 1.000000
# Verr
  -3.74889374E-02
  -2.25477219E-02
  -2.24504471E-02
  -1.94988251E-02
  -1.87196732E-02
  -1.84364319E-02
  -1.82685852E-02
  -1.55096054E-02
  -1.33275986E-02
  -1.28879547E-02
  -1.26247406E-02
  -1.25732422E-02
  -1.24139786E-02
  -1.22776031E-02
  -1.20840073E-02
  -1.19438171E-02
  -1.18951797E-02
  -1.16939545E-02
  -1.15423203E-02
  -1.14498138E-02
  -1.12886429E-02
  -1.07126236E-02
  -1.05485916E-02
  -1.02949142E-02
  -1.00297928E-02
  -9.84764099E-03
  -9.75704193E-03
  -9.64736938E-03
  -9.23061371E-03
  -9.16481018E-03
  -8.98170471E-03
  -8.93878937E-03
  -8.88824463E-03
  -8.78906250E-03
  -8.75949860E-03
  -8.70609283E-03
  -8.30841064E-03
  -8.03565979E-03
  -7.95078278E-03
  -7.93933868E-03
  -7.90596008E-03
  -7.90500641E-03
  -7.73239136E-03
  -7.69329071E-03
  -7.66372681E-03
  -7.63034821E-03
  -7.53402710E-03
  -7.53307343E-03
  -7.48729706E-03
  -7.42530823E-03
  -7.33757019E-03
  -7.25936890E-03
  -6.99996948E-03
  -6.97231293E-03
  -6.94370270E-03
  -6.85691833E-03
  -6.84165955E-03
  -6.74724579E-03
  -6.58702850E-03
  -6.50501251E-03
  -6.35719299E-03
  -6.18267059E-03
  -6.14547729E-03
  -6.12545013E-03
  -6.11782074E-03
  -6.09779358E-03
  -6.06822968E-03
  -6.05297089E-03
  -6.00147247E-03
  -5.96427917E-03
  -5.73253632E-03
  -5.68008423E-03
  -5.65814972E-03
  -5.61809540E-03
  -5.38444519E-03
  -5.34057617E-03
  -5.31387329E-03
  -5.29670715E-03
  -5.24806976E-03
  -5.04875183E-03
  -4.95624542E-03
  -4.89616394E-03
  -4.89139557E-03
  -4.88567352E-03
  -4.86660004E-03
  -4.79125977E-03
  -4.63676453E-03
  -4.56047058E-03
  -4.55474854E-03
  -4.39929962E-03
  -4.28104401E-03
  -4.15134430E-03
  -4.11987305E-03
  -4.03213501E-03
  -4.02164459E-03
  -4.00352478E-03
  -3.98254395E-03
  -3.94058228E-03
  -3.84807587E-03
  -3.78417969E-03
  -3.77845764E-03
  -3.71265411E-03
  -3.65638733E-03
  -3.64685059E-03
  -3.57055664E-03
  -3.42559814E-03
  -3.37600708E-03
  -3.34835052E-03
  -3.32927704E-03
  -3.28254700E-03
  -3.19576263E-03
  -3.17668915E-03
  -3.13568115E-03
  -3.11946869E-03
  -3.08895111E-03
  -3.06892395E-03
  -3.02124023E-03
  -2.89630890E-03
  -2.86388397E-03
  -2.82764435E-03
  -2.81715393E-03
  -2.76565552E-03
  -2.73895264E-03
  -2.68173218E-03
  -2.65693665E-03
  -2.63595581E-03
  -2.61974335E-03
  -2.60353088E-03
  -2.60353088E-03
  -2.57110596E-03
  -2.56729126E-03
  -2.55584717E-03
  -2.38132477E-03
  -2.37751007E-03
  -2.31075287E-03
  -2.29263306E-03
  -2.22015381E-03
  -2.13623047E-03
  -2.09808350E-03
  -1.92165375E-03
  -1.92165375E-03
  -1.84059143E-03
  -1.75285339E-03
  -1.67655945E-03
  -1.67465210E-03
  -1.65653229E-03
  -1.64794922E-03
  -1.61743164E-03
  -1.58309937E-03
  -1.54972076E-03
  -1.54495239E-03
  -1.50108337E-03
  -1.48677826E-03
  -1.47342682E-03
  -1.18541718E-03
  -1.18541718E-03
  -1.16252899E-03
  -1.14345551E-03
  -1.13677979E-03
  -1.08432770E-03
  -1.05953217E-03
  -9.76562500E-04
  -9.58442688E-04
  -9.09805298E-04
  -8.77380371E-04
  -8.58306885E-04
  -8.41140747E-04
  -8.39233398E-04
  -8.31604004E-04
  -8.20159912E-04
  -8.00132751E-04
  -7.96318054E-04
  -7.04765320E-04
  -6.70433044E-04
  -6.50405884E-04
  -6.30378723E-04
  -6.00814819E-04
  -5.89370728E-04
  -5.29289246E-04
  -5.12123108E-04
  -4.87327576E-04
  -4.83512878E-04
  -2.36511230E-04
  -1.64985657E-04
  -9.34600830E-05
  -8.86917114E-05
  -7.24792480E-05
  -6.00814819E-05
  -2.38418579E-05
   6.48498535E-05
   9.34600830E-05
   1.00135803E-04
   1.25885010E-04
   1.61170959E-04
   2.30789185E-04
   2.56538391E-04
   2.75611877E-04
   3.33786011E-04
   3.72886658E-04
   4.11987305E-04
   4.13894653E-04
   4.78744507E-04
   5.06401062E-04
   5.21659851E-04
   5.36918640E-04
   6.12258911E-04
   6.41822815E-04
   6.54220581E-04
   7.22885132E-04
   8.23020935E-04
   8.33511353E-04
   9.11712646E-04
   9.68933105E-04
   1.06430054E-03
   1.07669830E-03
   1.07669830E-03
   1.09386444E-03
   1.15108490E-03
   1.16062164E-03
   1.23500824E-03
   1.35231018E-03
   1.36470795E-03
   1.41143799E-03
   1.42002106E-03
   1.48582458E-03
   1.55830383E-03
   1.58691406E-03
   1.68991089E-03
   1.72328949E-03
   1.77097321E-03
   1.93023682E-03
   1.97792053E-03
   2.02369690E-03
   2.02655792E-03
   2.08663940E-03
   2.11238861E-03
   2.17056274E-03
   2.18868256E-03
   2.25448608E-03
   2.25543976E-03
   2.33554840E-03
   2.34222412E-03
   2.36606598E-03
   2.38323212E-03
   2.41088867E-03
   2.44808197E-03
   2.49099731E-03
   2.60257721E-03
   2.63690948E-03
   2.64167786E-03
   2.66456604E-03
   2.75516510E-03
   2.95829773E-03
   2.97546387E-03
   3.03554535E-03
   3.03936005E-03
   3.16905975E-03
   3.20816040E-03
   3.21769714E-03
   3.31020355E-03
   3.31878662E-03
   3.35121155E-03
   3.40270996E-03
   3.41415405E-03
   3.49044800E-03
   3.59725952E-03
   3.62110138E-03
   3.65352631E-03
   3.71742249E-03
   3.73458862E-03
   3.84521484E-03
   3.88145447E-03
   3.88813019E-03
   3.93772125E-03
   3.96633148E-03
   4.04262543E-03
   4.24957275E-03
   4.43363190E-03
   4.50515747E-03
   4.66537476E-03
   4.77695465E-03
   4.83417511E-03
   4.97436523E-03
   5.10883331E-03
   5.13553619E-03
   5.17940521E-03
   5.20801544E-03
   5.25474548E-03
   5.42926788E-03
   5.45787811E-03
   5.58471680E-03
   5.72681427E-03
   5.72681427E-03
   5.85937500E-03
   5.92803955E-03
   6.00910187E-03
   6.04152679E-03
   6.08730316E-03
   6.09302521E-03
   6.20555878E-03
   6.21986389E-03
   6.50882721E-03
   6.59179688E-03
   6.65950775E-03
   6.71672821E-03
   6.73580170E-03
   6.81304932E-03
   6.84070587E-03
   6.91890717E-03
   6.94847107E-03
   7.02476501E-03
   7.12013245E-03
   7.26795197E-03
   7.34996796E-03
   7.40337372E-03
   7.50732422E-03
   7.72666931E-03
   7.88307190E-03
   7.90882111E-03
   8.36467743E-03
   8.38947296E-03
   8.42666626E-03
   8.66031647E-03
   8.79192352E-03
   8.95786285E-03
   9.06372070E-03
   9.13047791E-03
   9.23442841E-03
   9.34696198E-03
   9.36031342E-03
   9.51004028E-03
   1.00851059E-02
   1.04475021E-02
   1.05381012E-02
   1.06105804E-02
   1.08928680E-02
   1.10511780E-02
   1.11846924E-02
   1.14955902E-02
   1.17950439E-02
   1.18150711E-02
   1.20277405E-02
   1.21107101E-02
   1.25322342E-02
   1.26008987E-02
   1.29575729E-02
   1.31311417E-02
   1.32942200E-02
   1.43833160E-02
   1.43976212E-02
   1.48200989E-02
   1.54657364E-02
   1.56002045E-02
   1.70412064E-02
   1.74703598E-02
   1.80902481E-02
   1.82723999E-02
   1.83572769E-02
   1.87911987E-02
   1.96218491E-02
   1.96428299E-02
   2.16178894E-02
   2.19612122E-02
   2.28214264E-02
   2.37112045E-02
   2.39744186E-02
   2.40383148E-02
   2.48289108E-02
   2.59170532E-02
   2.59199142E-02
   2.92510986E-02
   3.28397751E-02
   3.42702866E-02
