#Npts     Radius    Mag      Completeness
#   69  861.1896  -14.998000 1.000000
# Verr
  -2.40449905E-02
  -2.01740265E-02
  -1.74140930E-02
  -1.46913528E-02
  -1.30643845E-02
  -1.26304626E-02
  -1.23920441E-02
  -1.20410919E-02
  -1.10673904E-02
  -9.34982300E-03
  -9.24587250E-03
  -8.83579254E-03
  -8.33797455E-03
  -7.57026672E-03
  -7.12299347E-03
  -7.03430176E-03
  -6.61754608E-03
  -6.40010834E-03
  -6.22844696E-03
  -6.11591339E-03
  -6.08158112E-03
  -6.03294373E-03
  -6.00719452E-03
  -5.97000122E-03
  -5.35774231E-03
  -4.74643707E-03
  -4.71591949E-03
  -4.65488434E-03
  -3.97014618E-03
  -3.83281708E-03
  -3.71170044E-03
  -3.66783142E-03
  -2.62928009E-03
  -2.29167938E-03
  -1.41048431E-03
  -1.37424469E-03
  -8.50677490E-04
  -5.05447388E-04
  -4.19616699E-04
  -2.95639038E-05
   1.61170959E-04
   4.55856323E-04
   4.72068787E-04
   9.95635986E-04
   1.07955933E-03
   1.29508972E-03
   1.33323669E-03
   1.60408020E-03
   1.61647797E-03
   1.81484222E-03
   1.89590454E-03
   2.06947327E-03
   2.34889984E-03
   2.56824493E-03
   3.34835052E-03
   3.36837769E-03
   3.47900391E-03
   4.16183472E-03
   4.28009033E-03
   4.69017029E-03
   6.22940063E-03
   6.29997253E-03
   6.43157959E-03
   7.18307495E-03
   7.68184662E-03
   9.51862335E-03
   1.41258240E-02
   1.50785446E-02
   1.90076828E-02
