#Npts     Radius    Mag      Completeness
#   79 2990.4773  -14.573637 1.000000
# Verr
  -2.58655548E-02
  -2.00738907E-02
  -1.87559128E-02
  -1.44557953E-02
  -1.32741928E-02
  -1.23491287E-02
  -1.15966797E-02
  -1.15776062E-02
  -1.15308762E-02
  -1.05028152E-02
  -1.00917816E-02
  -9.89913940E-03
  -9.23061371E-03
  -8.05854797E-03
  -7.55405426E-03
  -7.50446320E-03
  -7.03716278E-03
  -6.91604614E-03
  -6.66809082E-03
  -6.29997253E-03
  -6.09779358E-03
  -5.80024719E-03
  -5.71441650E-03
  -5.31864166E-03
  -5.28430939E-03
  -4.78935242E-03
  -4.40692902E-03
  -4.26387787E-03
  -4.24575806E-03
  -4.19044495E-03
  -3.95965576E-03
  -3.80992889E-03
  -3.28540802E-03
  -3.18241119E-03
  -3.15189362E-03
  -3.11565399E-03
  -3.10707092E-03
  -2.51483917E-03
  -2.30026245E-03
  -2.11334229E-03
  -2.09712982E-03
  -1.97982788E-03
  -1.95026398E-03
  -1.94740295E-03
  -1.83582306E-03
  -1.14345551E-03
  -1.08528137E-03
  -5.92231750E-04
  -4.15802002E-04
  -3.73840332E-04
  -3.17573547E-04
  -2.37464905E-04
  -8.67843628E-05
   4.90188599E-04
   6.76155090E-04
   7.16209412E-04
   9.11712646E-04
   2.01702118E-03
   2.15625763E-03
   2.17247009E-03
   2.28977203E-03
   2.46524811E-03
   2.60734558E-03
   2.81524658E-03
   4.01878357E-03
   4.82177734E-03
   6.09016418E-03
   6.17885590E-03
   7.20405579E-03
   7.59792328E-03
   1.34229660E-02
   1.38511658E-02
   1.40333176E-02
   1.42040253E-02
   1.50804520E-02
   1.82485580E-02
   1.93376541E-02
   2.17714310E-02
   2.75354385E-02
