#Npts     Radius    Mag      Completeness
#   75 1285.9052  -14.791819 1.000000
# Verr
  -3.31010818E-02
  -2.16569901E-02
  -2.04439163E-02
  -1.98936462E-02
  -1.65271759E-02
  -1.41067505E-02
  -1.34859085E-02
  -1.23081207E-02
  -1.00231171E-02
  -9.54532623E-03
  -8.88156891E-03
  -8.87584686E-03
  -8.16345215E-03
  -7.91358948E-03
  -7.07340240E-03
  -6.84928894E-03
  -6.80541992E-03
  -6.68430328E-03
  -6.10065460E-03
  -4.40216064E-03
  -3.60488892E-03
  -3.41224670E-03
  -2.77042389E-03
  -1.89971924E-03
  -1.80435181E-03
  -1.43337250E-03
  -1.35993958E-03
  -1.11865997E-03
  -1.00803375E-03
  -4.65393066E-04
  -4.06265259E-04
   3.49044800E-04
   6.77108765E-04
   1.14727020E-03
   1.46770477E-03
   1.55258179E-03
   2.40802765E-03
   2.52532959E-03
   2.58064270E-03
   3.21865082E-03
   3.23486328E-03
   3.23772430E-03
   3.27968597E-03
   4.22382355E-03
   4.43935394E-03
   4.46319580E-03
   4.60910797E-03
   4.69970703E-03
   5.65242767E-03
   5.74779510E-03
   5.96714020E-03
   6.18362427E-03
   6.22272491E-03
   6.47163391E-03
   7.52735138E-03
   7.93552399E-03
   8.12530518E-03
   8.38947296E-03
   9.31549072E-03
   9.44137573E-03
   9.52529907E-03
   9.66262817E-03
   9.79328156E-03
   9.93347168E-03
   1.01804733E-02
   1.14850998E-02
   1.14936829E-02
   1.29327774E-02
   1.30462646E-02
   1.30815506E-02
   1.42402649E-02
   1.77478790E-02
   1.95941925E-02
   2.27460861E-02
   3.77502441E-02
