#Npts     Radius    Mag      Completeness
#  542 1076.5718  -13.482728 1.000000
# Verr
  -3.76253128E-02
  -3.42502594E-02
  -2.78081894E-02
  -2.57558823E-02
  -2.43453979E-02
  -2.37312317E-02
  -2.22053528E-02
  -2.05221176E-02
  -1.97601318E-02
  -1.92842484E-02
  -1.90582275E-02
  -1.62439346E-02
  -1.62191391E-02
  -1.53436661E-02
  -1.52387619E-02
  -1.50823593E-02
  -1.45845413E-02
  -1.44109726E-02
  -1.43718719E-02
  -1.41382217E-02
  -1.38654709E-02
  -1.33390427E-02
  -1.29661560E-02
  -1.27515793E-02
  -1.27429962E-02
  -1.25102997E-02
  -1.23548508E-02
  -1.23472214E-02
  -1.23434067E-02
  -1.21250153E-02
  -1.21002197E-02
  -1.19476318E-02
  -1.14927292E-02
  -1.10521317E-02
  -1.10177994E-02
  -1.05772018E-02
  -1.04732513E-02
  -1.04131699E-02
  -1.04084015E-02
  -1.03960037E-02
  -1.01966858E-02
  -1.01470947E-02
  -1.00736618E-02
  -9.70363617E-03
  -9.62638855E-03
  -9.62543488E-03
  -9.60826874E-03
  -8.97312164E-03
  -8.90731812E-03
  -8.90254974E-03
  -8.87775421E-03
  -8.79287720E-03
  -8.76045227E-03
  -8.69464874E-03
  -8.54969025E-03
  -8.53538513E-03
  -8.50582123E-03
  -8.47244263E-03
  -8.45623016E-03
  -8.34369659E-03
  -8.30173492E-03
  -8.30078125E-03
  -8.24832916E-03
  -8.12721252E-03
  -8.12339783E-03
  -7.91931152E-03
  -7.85827637E-03
  -7.76290894E-03
  -7.74192810E-03
  -7.55786896E-03
  -7.45773315E-03
  -7.45582581E-03
  -7.38239288E-03
  -7.33757019E-03
  -7.22408295E-03
  -7.10296631E-03
  -7.06958771E-03
  -6.90460205E-03
  -6.90364838E-03
  -6.89125061E-03
  -6.89029694E-03
  -6.87599182E-03
  -6.81972504E-03
  -6.66904449E-03
  -6.62803650E-03
  -6.60705566E-03
  -6.54888153E-03
  -6.43634796E-03
  -6.43348694E-03
  -6.38008118E-03
  -6.30092621E-03
  -6.27994537E-03
  -6.20174408E-03
  -6.19983673E-03
  -6.16645813E-03
  -6.06727600E-03
  -6.05201721E-03
  -6.02912903E-03
  -5.97286224E-03
  -5.95664978E-03
  -5.95569611E-03
  -5.90515137E-03
  -5.86891174E-03
  -5.84697723E-03
  -5.78212738E-03
  -5.62858582E-03
  -5.55992126E-03
  -5.47599792E-03
  -5.45787811E-03
  -5.42640686E-03
  -5.40924072E-03
  -5.36155701E-03
  -5.36060333E-03
  -5.36060333E-03
  -5.32054901E-03
  -5.30242920E-03
  -5.28812408E-03
  -5.28430939E-03
  -5.28049469E-03
  -5.27381897E-03
  -5.18321991E-03
  -5.17940521E-03
  -5.11074066E-03
  -4.89234924E-03
  -4.87709045E-03
  -4.82177734E-03
  -4.77886200E-03
  -4.66823578E-03
  -4.66442108E-03
  -4.65679169E-03
  -4.65011597E-03
  -4.60338593E-03
  -4.60052490E-03
  -4.55570221E-03
  -4.53376770E-03
  -4.52423096E-03
  -4.52423096E-03
  -4.47750092E-03
  -4.35352325E-03
  -4.34112549E-03
  -4.32872772E-03
  -4.32872772E-03
  -4.28962708E-03
  -4.18853760E-03
  -4.16851044E-03
  -4.12940979E-03
  -4.09793854E-03
  -4.03976440E-03
  -4.03404236E-03
  -3.99589539E-03
  -3.99017334E-03
  -3.97396088E-03
  -3.95774841E-03
  -3.91769409E-03
  -3.89289856E-03
  -3.87096405E-03
  -3.84521484E-03
  -3.82614136E-03
  -3.78990173E-03
  -3.71646881E-03
  -3.71646881E-03
  -3.65257263E-03
  -3.64971161E-03
  -3.54766846E-03
  -3.48854065E-03
  -3.47709656E-03
  -3.43799591E-03
  -3.42464447E-03
  -3.40461731E-03
  -3.35502625E-03
  -3.34930420E-03
  -3.33499908E-03
  -3.28540802E-03
  -3.26824188E-03
  -3.26156616E-03
  -3.20911407E-03
  -3.17001343E-03
  -3.16905975E-03
  -3.15093994E-03
  -3.15093994E-03
  -3.11279297E-03
  -3.10420990E-03
  -3.07846069E-03
  -3.00884247E-03
  -2.97927856E-03
  -2.97546387E-03
  -2.95734406E-03
  -2.93064117E-03
  -2.91061401E-03
  -2.90012360E-03
  -2.85530090E-03
  -2.83050537E-03
  -2.76947021E-03
  -2.75230408E-03
  -2.67314911E-03
  -2.66933441E-03
  -2.61497498E-03
  -2.58827209E-03
  -2.58541107E-03
  -2.40039825E-03
  -2.39467621E-03
  -2.38132477E-03
  -2.37178802E-03
  -2.33554840E-03
  -2.33554840E-03
  -2.30598450E-03
  -2.27737427E-03
  -2.27737427E-03
  -2.26688385E-03
  -2.26688385E-03
  -2.26593018E-03
  -2.19631195E-03
  -2.18105316E-03
  -2.10762024E-03
  -2.07233429E-03
  -2.01416016E-03
  -1.99031830E-03
  -1.97696686E-03
  -1.87301636E-03
  -1.86157227E-03
  -1.86061859E-03
  -1.76811218E-03
  -1.74808502E-03
  -1.74140930E-03
  -1.69658661E-03
  -1.68895721E-03
  -1.66797638E-03
  -1.65462494E-03
  -1.62982941E-03
  -1.57451630E-03
  -1.55448914E-03
  -1.54018402E-03
  -1.50775909E-03
  -1.47819519E-03
  -1.42002106E-03
  -1.40094757E-03
  -1.39427185E-03
  -1.34468079E-03
  -1.32274628E-03
  -1.31511688E-03
  -1.24835968E-03
  -1.22642517E-03
  -1.18255615E-03
  -1.17969513E-03
  -1.17492676E-03
  -1.11293793E-03
  -1.05476379E-03
  -1.01852417E-03
  -9.07897949E-04
  -8.82148743E-04
  -8.82148743E-04
  -7.87734985E-04
  -7.86781311E-04
  -7.10487366E-04
  -7.05718994E-04
  -6.82830811E-04
  -6.75201416E-04
  -6.01768494E-04
  -5.51223755E-04
  -5.37872314E-04
  -4.77790833E-04
  -3.84330750E-04
  -3.46183777E-04
  -3.08990479E-04
  -2.88963318E-04
  -2.51770020E-04
  -2.35557556E-04
  -2.29835510E-04
  -2.05993652E-04
  -1.89781189E-04
  -1.54495239E-04
  -1.33514404E-04
  -1.24931335E-04
  -1.13487244E-04
  -9.15527344E-05
  -8.96453857E-05
  -5.72204590E-05
  -5.53131104E-05
  -1.90734863E-05
   1.02996826E-04
   1.37329102E-04
   1.89781189E-04
   1.94549561E-04
   2.30789185E-04
   2.64167786E-04
   2.93731689E-04
   2.93731689E-04
   3.09944153E-04
   3.68118286E-04
   3.82423401E-04
   3.88145447E-04
   4.04357910E-04
   4.05311584E-04
   4.92095947E-04
   5.07354736E-04
   5.28335571E-04
   5.38825989E-04
   5.57899475E-04
   5.87463379E-04
   5.88417053E-04
   6.34193420E-04
   6.34193420E-04
   6.37054443E-04
   6.91413879E-04
   8.37326050E-04
   8.73565674E-04
   8.86917114E-04
   1.09004974E-03
   1.10912323E-03
   1.29222870E-03
   1.32274628E-03
   1.33705139E-03
   1.33800507E-03
   1.34563446E-03
   1.36566162E-03
   1.39331818E-03
   1.44195557E-03
   1.49059296E-03
   1.49917603E-03
   1.53541565E-03
   1.55925751E-03
   1.60884857E-03
   1.60980225E-03
   1.65939331E-03
   1.65939331E-03
   1.69181824E-03
   1.73091888E-03
   1.85871124E-03
   1.86157227E-03
   1.88827515E-03
   1.89113617E-03
   1.90448761E-03
   1.92451477E-03
   1.98078156E-03
   2.03514099E-03
   2.06375122E-03
   2.13813782E-03
   2.31647491E-03
   2.34508514E-03
   2.35843658E-03
   2.44140625E-03
   2.44140625E-03
   2.47383118E-03
   2.56347656E-03
   2.59208679E-03
   2.67314911E-03
   2.68650055E-03
   2.68650055E-03
   2.68840790E-03
   2.71797180E-03
   2.72560120E-03
   2.78759003E-03
   2.79617310E-03
   2.80570984E-03
   2.80666351E-03
   2.82764435E-03
   2.87246704E-03
   2.87628174E-03
   2.90489197E-03
   2.92205811E-03
   2.97546387E-03
   2.98881531E-03
   3.01265717E-03
   3.07559967E-03
   3.08609009E-03
   3.14426422E-03
   3.15093994E-03
   3.15093994E-03
   3.15284729E-03
   3.18050385E-03
   3.19194794E-03
   3.24821472E-03
   3.25679779E-03
   3.28540802E-03
   3.29589844E-03
   3.32736969E-03
   3.35979462E-03
   3.35979462E-03
   3.38363647E-03
   3.43799591E-03
   3.45897675E-03
   3.51715088E-03
   3.55720520E-03
   3.65066528E-03
   3.75366211E-03
   3.77559662E-03
   3.79753113E-03
   3.81278992E-03
   3.92436981E-03
   3.97491455E-03
   3.98731232E-03
   4.05502319E-03
   4.07600403E-03
   4.11415100E-03
   4.15039062E-03
   4.23431396E-03
   4.23431396E-03
   4.33349609E-03
   4.37831879E-03
   4.38213348E-03
   4.45842743E-03
   4.45938110E-03
   4.46033478E-03
   4.51660156E-03
   4.52423096E-03
   4.59003448E-03
   4.67967987E-03
   4.74739075E-03
   4.76646423E-03
   4.96578217E-03
   5.09357452E-03
   5.16319275E-03
   5.27477264E-03
   5.27763367E-03
   5.35202026E-03
   5.48553467E-03
   5.55419922E-03
   5.65147400E-03
   5.78594208E-03
   5.86318970E-03
   5.90038300E-03
   5.97763062E-03
   6.01482391E-03
   6.05297089E-03
   6.17694855E-03
   6.18267059E-03
   6.19220734E-03
   6.22749329E-03
   6.25038147E-03
   6.33525848E-03
   6.44016266E-03
   6.45923615E-03
   6.47163391E-03
   6.48593903E-03
   6.53648376E-03
   6.69956207E-03
   6.70814514E-03
   6.89792633E-03
   6.95896149E-03
   6.97135925E-03
   7.12585449E-03
   7.19642639E-03
   7.43865967E-03
   7.44819641E-03
   7.53116608E-03
   7.54451752E-03
   7.56072998E-03
   7.80868530E-03
   7.84111023E-03
   7.90023804E-03
   7.97462463E-03
   8.02707672E-03
   8.02898407E-03
   8.05091858E-03
   8.16345215E-03
   8.32462311E-03
   8.57639313E-03
   8.64887238E-03
   8.67462158E-03
   8.74900818E-03
   8.80718231E-03
   8.87680054E-03
   8.89873505E-03
   9.00173187E-03
   9.13047791E-03
   9.14669037E-03
   9.30213928E-03
   9.30690765E-03
   9.37366486E-03
   9.75227356E-03
   9.76276398E-03
   9.81426239E-03
   9.95349884E-03
   1.00669861E-02
   1.04246140E-02
   1.05113983E-02
   1.05705261E-02
   1.09529495E-02
   1.10559464E-02
   1.11017227E-02
   1.11360550E-02
   1.14812851E-02
   1.14984512E-02
   1.15804672E-02
   1.16662979E-02
   1.17044449E-02
   1.18780136E-02
   1.19295120E-02
   1.20697021E-02
   1.20716095E-02
   1.21250153E-02
   1.22747421E-02
   1.25799179E-02
   1.32799149E-02
   1.33762360E-02
   1.35746002E-02
   1.39646530E-02
   1.41439438E-02
   1.42259598E-02
   1.42459869E-02
   1.45969391E-02
   1.46026611E-02
   1.49526596E-02
   1.50470734E-02
   1.51004791E-02
   1.52587891E-02
   1.56431198E-02
   1.57079697E-02
   1.57775879E-02
   1.59473419E-02
   1.59692764E-02
   1.61590576E-02
   1.63469315E-02
   1.67074203E-02
   1.69172287E-02
   1.73940659E-02
   1.77412033E-02
   1.77412033E-02
   1.77459717E-02
   1.79195404E-02
   1.80339813E-02
   1.82371140E-02
   1.84230804E-02
   1.86138153E-02
   1.93719864E-02
   2.09083557E-02
   2.10666656E-02
   2.21567154E-02
   2.24075317E-02
   2.28586197E-02
   2.29845047E-02
   2.38494873E-02
   2.40354538E-02
   2.44169235E-02
   2.51874924E-02
   2.75087357E-02
   3.04212570E-02
   3.09581757E-02
   3.10363770E-02
   3.17964554E-02
   3.30209732E-02
   3.62625122E-02
