#Npts     Radius    Mag      Completeness
#  509 1069.0630  -12.428909 1.000000
# Verr
  -3.65753174E-02
  -3.05032730E-02
  -2.95906067E-02
  -2.87723541E-02
  -2.37503052E-02
  -2.28185654E-02
  -2.24227905E-02
  -2.07443237E-02
  -1.89495087E-02
  -1.86271667E-02
  -1.71718597E-02
  -1.71384811E-02
  -1.68581009E-02
  -1.62811279E-02
  -1.57680511E-02
  -1.53131485E-02
  -1.52149200E-02
  -1.48286819E-02
  -1.46303177E-02
  -1.43013000E-02
  -1.42421722E-02
  -1.41382217E-02
  -1.39465332E-02
  -1.39179230E-02
  -1.36651993E-02
  -1.33523941E-02
  -1.28879547E-02
  -1.27315521E-02
  -1.21746063E-02
  -1.19857788E-02
  -1.17473602E-02
  -1.16930008E-02
  -1.15165710E-02
  -1.14297867E-02
  -1.12638474E-02
  -1.12476349E-02
  -1.10778809E-02
  -1.10502243E-02
  -1.07250214E-02
  -1.06773376E-02
  -1.03874207E-02
  -1.00212097E-02
  -1.00078583E-02
  -9.97924805E-03
  -9.96208191E-03
  -9.81235504E-03
  -9.69791412E-03
  -9.68074799E-03
  -9.43374634E-03
  -9.40704346E-03
  -9.40513611E-03
  -9.39655304E-03
  -9.33742523E-03
  -9.29641724E-03
  -9.20772552E-03
  -9.19818878E-03
  -9.09900665E-03
  -9.08565521E-03
  -9.05990601E-03
  -8.94355774E-03
  -8.92639160E-03
  -8.71467590E-03
  -8.69369507E-03
  -8.69178772E-03
  -8.68320465E-03
  -8.66317749E-03
  -8.64219666E-03
  -8.55255127E-03
  -8.46290588E-03
  -8.43715668E-03
  -8.29219818E-03
  -8.22544098E-03
  -7.93647766E-03
  -7.93075562E-03
  -7.66181946E-03
  -7.53116608E-03
  -7.49778748E-03
  -7.47108459E-03
  -7.46726990E-03
  -7.46250153E-03
  -7.43198395E-03
  -7.38048553E-03
  -7.35759735E-03
  -7.21073151E-03
  -7.11727142E-03
  -7.09724426E-03
  -7.07244873E-03
  -6.91890717E-03
  -6.89315796E-03
  -6.89315796E-03
  -6.87694550E-03
  -6.86454773E-03
  -6.77394867E-03
  -6.71577454E-03
  -6.58798218E-03
  -6.57272339E-03
  -6.56604767E-03
  -6.54602051E-03
  -6.53457642E-03
  -6.51645660E-03
  -6.46686554E-03
  -6.44493103E-03
  -6.29997253E-03
  -6.23703003E-03
  -6.23607635E-03
  -6.23321533E-03
  -6.18839264E-03
  -6.16550446E-03
  -6.06822968E-03
  -6.02817535E-03
  -5.93566895E-03
  -5.91850281E-03
  -5.87463379E-03
  -5.83362579E-03
  -5.81741333E-03
  -5.79452515E-03
  -5.78117371E-03
  -5.69915771E-03
  -5.67626953E-03
  -5.65052032E-03
  -5.55515289E-03
  -5.53607941E-03
  -5.53321838E-03
  -5.50651550E-03
  -5.50270081E-03
  -5.44548035E-03
  -5.41305542E-03
  -5.39398193E-03
  -5.39016724E-03
  -5.35392761E-03
  -5.26428223E-03
  -5.22232056E-03
  -5.19084930E-03
  -5.14888763E-03
  -5.12218475E-03
  -5.08022308E-03
  -5.03730774E-03
  -5.03444672E-03
  -5.03444672E-03
  -5.00965118E-03
  -4.97913361E-03
  -4.93431091E-03
  -4.91714478E-03
  -4.85324860E-03
  -4.82749939E-03
  -4.81605530E-03
  -4.76646423E-03
  -4.76264954E-03
  -4.76264954E-03
  -4.61959839E-03
  -4.58717346E-03
  -4.50420380E-03
  -4.42790985E-03
  -4.34398651E-03
  -4.32968140E-03
  -4.30297852E-03
  -4.30297852E-03
  -4.24194336E-03
  -4.03213501E-03
  -3.99112701E-03
  -3.94916534E-03
  -3.94439697E-03
  -3.94153595E-03
  -3.90625000E-03
  -3.82041931E-03
  -3.73744965E-03
  -3.70502472E-03
  -3.67259979E-03
  -3.65066528E-03
  -3.59916687E-03
  -3.59153748E-03
  -3.56292725E-03
  -3.53431702E-03
  -3.51524353E-03
  -3.45134735E-03
  -3.40747833E-03
  -3.35788727E-03
  -3.35407257E-03
  -3.29017639E-03
  -3.22055817E-03
  -3.07655334E-03
  -3.04031372E-03
  -2.92491913E-03
  -2.91919708E-03
  -2.87723541E-03
  -2.81906128E-03
  -2.78854370E-03
  -2.70652771E-03
  -2.69508362E-03
  -2.69508362E-03
  -2.63786316E-03
  -2.42710114E-03
  -2.37560272E-03
  -2.34794617E-03
  -2.31266022E-03
  -2.27069855E-03
  -2.21347809E-03
  -2.08377838E-03
  -1.98173523E-03
  -1.91020966E-03
  -1.87015533E-03
  -1.80149078E-03
  -1.76906586E-03
  -1.75285339E-03
  -1.72615051E-03
  -1.72615051E-03
  -1.65367126E-03
  -1.64318085E-03
  -1.62601471E-03
  -1.59645081E-03
  -1.47914886E-03
  -1.47724152E-03
  -1.44863129E-03
  -1.32465363E-03
  -1.25026703E-03
  -1.21784210E-03
  -1.21212006E-03
  -1.21212006E-03
  -1.10626221E-03
  -1.07765198E-03
  -1.07097626E-03
  -1.06906891E-03
  -1.00994110E-03
  -1.00994110E-03
  -9.14573669E-04
  -9.11712646E-04
  -8.82148743E-04
  -8.53538513E-04
  -7.98225403E-04
  -7.95364380E-04
  -7.70568848E-04
  -7.14302063E-04
  -7.13348389E-04
  -6.96182251E-04
  -6.56127930E-04
  -6.56127930E-04
  -6.48498535E-04
  -6.32286072E-04
  -6.14166260E-04
  -5.78880310E-04
  -5.45501709E-04
  -5.35011292E-04
  -5.22613525E-04
  -5.14984131E-04
  -5.14984131E-04
  -4.81605530E-04
  -4.37736511E-04
  -3.87191772E-04
  -3.19480896E-04
  -3.02314758E-04
  -1.81198120E-04
  -1.80244446E-04
  -1.56402588E-04
   2.86102295E-05
   3.14712524E-05
   1.06811523E-04
   1.24931335E-04
   1.56402588E-04
   2.04086304E-04
   2.04086304E-04
   2.40325928E-04
   2.88009644E-04
   5.20706177E-04
   5.46455383E-04
   6.56127930E-04
   7.41958618E-04
   7.56263733E-04
   7.82966614E-04
   8.33511353E-04
   8.49723816E-04
   8.78334045E-04
   8.99314880E-04
   9.89913940E-04
   1.05953217E-03
   1.08146667E-03
   1.15966797E-03
   1.21116638E-03
   1.21974945E-03
   1.22547150E-03
   1.24931335E-03
   1.29890442E-03
   1.29890442E-03
   1.31130219E-03
   1.31607056E-03
   1.31607056E-03
   1.36375427E-03
   1.36947632E-03
   1.51634216E-03
   1.55544281E-03
   1.56784058E-03
   1.64794922E-03
   1.64794922E-03
   1.69086456E-03
   1.69372559E-03
   1.70707703E-03
   1.74045563E-03
   1.79386139E-03
   1.80053711E-03
   1.80625916E-03
   1.87587738E-03
   1.89399719E-03
   1.91402435E-03
   1.93691254E-03
   1.94072723E-03
   1.98841095E-03
   2.08759308E-03
   2.11429596E-03
   2.17723846E-03
   2.20489502E-03
   2.32505798E-03
   2.36701965E-03
   2.37369537E-03
   2.38037109E-03
   2.38037109E-03
   2.38895416E-03
   2.43568420E-03
   2.60543823E-03
   2.61402130E-03
   2.71987915E-03
   2.72941589E-03
   2.82382965E-03
   2.85339355E-03
   2.90966034E-03
   2.93922424E-03
   3.03840637E-03
   3.04889679E-03
   3.07750702E-03
   3.08609009E-03
   3.15093994E-03
   3.17096710E-03
   3.17096710E-03
   3.18336487E-03
   3.20243835E-03
   3.23581696E-03
   3.24535370E-03
   3.33499908E-03
   3.44944000E-03
   3.44944000E-03
   3.47137451E-03
   3.50666046E-03
   3.55434418E-03
   3.57055664E-03
   3.58104706E-03
   3.64112854E-03
   3.64685059E-03
   3.73172760E-03
   3.77178192E-03
   3.79180908E-03
   3.80611420E-03
   3.84235382E-03
   3.87573242E-03
   3.91578674E-03
   3.93295288E-03
   3.98826599E-03
   4.01115417E-03
   4.05311584E-03
   4.13703918E-03
   4.17137146E-03
   4.25720215E-03
   4.33540344E-03
   4.41455841E-03
   4.42028046E-03
   4.58335876E-03
   4.59671021E-03
   4.59766388E-03
   4.67395782E-03
   4.73117828E-03
   4.88376617E-03
   4.91142273E-03
   5.04016876E-03
   5.08213043E-03
   5.11932373E-03
   5.13362885E-03
   5.14793396E-03
   5.23471832E-03
   5.23471832E-03
   5.23567200E-03
   5.27381897E-03
   5.28430939E-03
   5.29193878E-03
   5.33103943E-03
   5.33580780E-03
   5.35392761E-03
   5.38253784E-03
   5.43594360E-03
   5.49030304E-03
   5.53226471E-03
   5.57327271E-03
   5.60665131E-03
   5.61332703E-03
   5.61618805E-03
   5.66577911E-03
   5.77068329E-03
   6.03771210E-03
   6.03961945E-03
   6.17122650E-03
   6.17122650E-03
   6.22463226E-03
   6.26087189E-03
   6.26659393E-03
   6.27422333E-03
   6.29043579E-03
   6.30092621E-03
   6.30378723E-03
   6.33335114E-03
   6.41727448E-03
   6.50501251E-03
   6.65378571E-03
   6.75868988E-03
   6.78157806E-03
   6.87026978E-03
   6.88552856E-03
   6.96849823E-03
   7.00092316E-03
   7.09438324E-03
   7.17067719E-03
   7.31468201E-03
   7.45677948E-03
   7.61795044E-03
   7.66181946E-03
   7.71617889E-03
   7.71903992E-03
   8.04615021E-03
   8.08811188E-03
   8.13102722E-03
   8.19492340E-03
   8.25595856E-03
   8.30078125E-03
   8.46767426E-03
   8.79573822E-03
   8.80050659E-03
   8.88156891E-03
   8.98361206E-03
   8.99314880E-03
   9.09614563E-03
   9.13238525E-03
   9.26399231E-03
   9.29450989E-03
   9.42325592E-03
   9.52243805E-03
   9.55486298E-03
   9.62066650E-03
   9.72747803E-03
   1.02252960E-02
   1.02930069E-02
   1.03626251E-02
   1.04274750E-02
   1.04827881E-02
   1.07841492E-02
   1.07917786E-02
   1.09415054E-02
   1.09634399E-02
   1.11160278E-02
   1.11160278E-02
   1.12676620E-02
   1.16662979E-02
   1.17149353E-02
   1.18379593E-02
   1.19943619E-02
   1.22213364E-02
   1.22528076E-02
   1.23062134E-02
   1.23882294E-02
   1.24359131E-02
   1.25494003E-02
   1.26523972E-02
   1.26867294E-02
   1.28097534E-02
   1.30376816E-02
   1.32179260E-02
   1.33056641E-02
   1.35555267E-02
   1.43032074E-02
   1.44052505E-02
   1.46026611E-02
   1.46179199E-02
   1.48878098E-02
   1.49736404E-02
   1.50527954E-02
   1.51395798E-02
   1.51395798E-02
   1.52807236E-02
   1.54886246E-02
   1.64918900E-02
   1.68638229E-02
   1.69754028E-02
   1.73196793E-02
   1.83725357E-02
   1.85413361E-02
   1.85976028E-02
   1.86128616E-02
   1.94406509E-02
   1.95026398E-02
   2.09550858E-02
   2.25629807E-02
   2.29997635E-02
   2.30455399E-02
   2.35977173E-02
   2.45952606E-02
   2.62012482E-02
   2.64291763E-02
   2.75077820E-02
   2.85396576E-02
   2.94589996E-02
   3.10926437E-02
   3.14702988E-02
   3.22542191E-02
   3.27196121E-02
   3.55463028E-02
