#Npts     Radius    Mag      Completeness
#  121 2108.4294  -12.999819 1.000000
# Verr
  -8.82244110E-03
  -8.76235962E-03
  -8.54778290E-03
  -8.52870941E-03
  -8.10432434E-03
  -7.74192810E-03
  -7.38334656E-03
  -7.30228424E-03
  -7.26509094E-03
  -7.17544556E-03
  -7.10868835E-03
  -6.98089600E-03
  -6.86550140E-03
  -6.51264191E-03
  -5.54466248E-03
  -5.52845001E-03
  -5.20420074E-03
  -5.14507294E-03
  -4.79412079E-03
  -4.02164459E-03
  -4.00161743E-03
  -3.79657745E-03
  -3.71170044E-03
  -3.50379944E-03
  -3.16524506E-03
  -3.07941437E-03
  -2.57110596E-03
  -2.24971771E-03
  -2.08473206E-03
  -2.08091736E-03
  -1.88732147E-03
  -1.83773041E-03
  -1.82056427E-03
  -1.53160095E-03
  -1.50489807E-03
  -1.40285492E-03
  -1.36947632E-03
  -1.28078461E-03
  -1.02519989E-03
  -9.16481018E-04
  -8.13484192E-04
  -4.39643860E-04
  -2.86102295E-04
  -2.81333923E-04
   2.47955322E-05
   4.76837158E-05
   1.02043152E-04
   1.23977661E-04
   2.14576721E-04
   2.49862671E-04
   2.51770020E-04
   5.82695007E-04
   7.37190247E-04
   8.62121582E-04
   9.11712646E-04
   9.23156738E-04
   9.80377197E-04
   1.00326538E-03
   1.10626221E-03
   1.21784210E-03
   1.25026703E-03
   1.34754181E-03
   1.40571594E-03
   1.45912170E-03
   1.51348114E-03
   1.76906586E-03
   1.85203552E-03
   1.87492371E-03
   1.88350677E-03
   2.14195251E-03
   2.20489502E-03
   2.21061707E-03
   2.24971771E-03
   2.26116180E-03
   2.26593018E-03
   2.27737427E-03
   2.44712830E-03
   2.46524811E-03
   2.50339508E-03
   2.62165070E-03
   2.70366669E-03
   2.72083282E-03
   3.04603577E-03
   3.05747986E-03
   3.20529938E-03
   3.62110138E-03
   3.66306305E-03
   3.78417969E-03
   3.93199921E-03
   4.07981873E-03
   4.19807434E-03
   4.43267822E-03
   4.46987152E-03
   4.51087952E-03
   4.68254089E-03
   4.69207764E-03
   4.72354889E-03
   4.79602814E-03
   4.81319427E-03
   4.94575500E-03
   4.96292114E-03
   5.49888611E-03
   5.53607941E-03
   6.21128082E-03
   6.24942780E-03
   6.36386871E-03
   6.75868988E-03
   6.96372986E-03
   7.18688965E-03
   7.62367249E-03
   8.15200806E-03
   8.21781158E-03
   8.22925568E-03
   8.40282440E-03
   9.02748108E-03
   9.05799866E-03
   9.09519196E-03
   9.15622711E-03
   9.60922241E-03
   1.27277374E-02
   1.44271851E-02
