#Npts     Radius    Mag      Completeness
#   59 2123.2388  -14.573637 1.000000
# Verr
  -1.96990967E-02
  -1.80015564E-02
  -1.67112350E-02
  -1.48077011E-02
  -1.41763687E-02
  -1.27077103E-02
  -1.26218796E-02
  -8.50391388E-03
  -8.33225250E-03
  -7.24697113E-03
  -6.96659088E-03
  -6.67095184E-03
  -6.65092468E-03
  -5.69725037E-03
  -5.41496277E-03
  -5.32627106E-03
  -5.25856018E-03
  -5.17177582E-03
  -4.14657593E-03
  -3.88717651E-03
  -3.87573242E-03
  -3.62682343E-03
  -3.46946716E-03
  -3.23295593E-03
  -3.14044952E-03
  -2.96020508E-03
  -2.95829773E-03
  -2.70175934E-03
  -2.66933441E-03
  -2.46524811E-03
  -2.42996216E-03
  -2.12287903E-03
  -1.63745880E-03
  -1.34658813E-03
  -6.84738159E-04
  -4.76837158E-04
  -3.32832336E-04
  -1.34468079E-04
   4.90188599E-04
   5.14984131E-04
   8.81195068E-04
   9.92774963E-04
   1.80435181E-03
   2.33650208E-03
   2.87151337E-03
   2.97832489E-03
   4.09126282E-03
   4.23812866E-03
   4.59957123E-03
   5.45406342E-03
   5.53894043E-03
   6.25705719E-03
   6.84833527E-03
   9.59300995E-03
   9.84764099E-03
   1.04780197E-02
   1.07612610E-02
   1.45282745E-02
   2.46076584E-02
