#Npts     Radius    Mag      Completeness
#  757  867.2384  -13.046364 1.000000
# Verr
  -3.36599350E-02
  -3.32345963E-02
  -2.94885635E-02
  -2.81286240E-02
  -2.79512405E-02
  -2.70404816E-02
  -2.56681442E-02
  -2.47936249E-02
  -2.41718292E-02
  -2.36463547E-02
  -2.32858658E-02
  -2.28214264E-02
  -2.25372314E-02
  -2.18763351E-02
  -2.00634003E-02
  -1.93195343E-02
  -1.91135406E-02
  -1.87406540E-02
  -1.87206268E-02
  -1.81159973E-02
  -1.79395676E-02
  -1.75237656E-02
  -1.69801712E-02
  -1.68838501E-02
  -1.66454315E-02
  -1.64794922E-02
  -1.61905289E-02
  -1.57546997E-02
  -1.53446198E-02
  -1.51958466E-02
  -1.41029358E-02
  -1.39188766E-02
  -1.38292313E-02
  -1.36766434E-02
  -1.36232376E-02
  -1.33352280E-02
  -1.31244659E-02
  -1.30081177E-02
  -1.28355026E-02
  -1.25331879E-02
  -1.25226974E-02
  -1.23777390E-02
  -1.23682022E-02
  -1.23224258E-02
  -1.22766495E-02
  -1.22003555E-02
  -1.21421814E-02
  -1.21068954E-02
  -1.19695663E-02
  -1.19247437E-02
  -1.18799210E-02
  -1.17988586E-02
  -1.16758347E-02
  -1.16443634E-02
  -1.16128922E-02
  -1.15938187E-02
  -1.15861893E-02
  -1.15613937E-02
  -1.15270615E-02
  -1.15165710E-02
  -1.14231110E-02
  -1.13649368E-02
  -1.13573074E-02
  -1.13153458E-02
  -1.11360550E-02
  -1.10750198E-02
  -1.10673904E-02
  -1.09949112E-02
  -1.08585358E-02
  -1.07316971E-02
  -1.06935501E-02
  -1.06792450E-02
  -1.06010437E-02
  -1.06010437E-02
  -1.06000900E-02
  -1.05895996E-02
  -1.05800629E-02
  -1.04665756E-02
  -1.04064941E-02
  -1.03111267E-02
  -1.02624893E-02
  -1.01137161E-02
  -1.01032257E-02
  -9.80663300E-03
  -9.69696045E-03
  -9.67025757E-03
  -9.45663452E-03
  -9.37461853E-03
  -9.33265686E-03
  -9.31739807E-03
  -9.23728943E-03
  -9.15336609E-03
  -9.08470154E-03
  -9.06848907E-03
  -9.06467438E-03
  -9.05418396E-03
  -9.02175903E-03
  -9.00745392E-03
  -8.86535645E-03
  -8.80241394E-03
  -8.60786438E-03
  -8.60404968E-03
  -8.57925415E-03
  -8.44192505E-03
  -8.35227966E-03
  -8.31127167E-03
  -8.10623169E-03
  -8.08048248E-03
  -8.07094574E-03
  -8.05091858E-03
  -7.76672363E-03
  -7.74669647E-03
  -7.74574280E-03
  -7.68852234E-03
  -7.67135620E-03
  -7.66468048E-03
  -7.66277313E-03
  -7.62653351E-03
  -7.47013092E-03
  -7.39288330E-03
  -7.29084015E-03
  -7.28702545E-03
  -7.27081299E-03
  -7.26890564E-03
  -7.25460052E-03
  -7.24315643E-03
  -7.16686249E-03
  -7.02095032E-03
  -6.93607330E-03
  -6.87980652E-03
  -6.84738159E-03
  -6.82544708E-03
  -6.78825378E-03
  -6.77013397E-03
  -6.76345825E-03
  -6.74915314E-03
  -6.66046143E-03
  -6.63089752E-03
  -6.49833679E-03
  -6.40773773E-03
  -6.29043579E-03
  -6.27803802E-03
  -6.26182556E-03
  -6.21032715E-03
  -6.14452362E-03
  -6.12735748E-03
  -6.09207153E-03
  -6.08444214E-03
  -6.07776642E-03
  -6.04915619E-03
  -6.03294373E-03
  -6.02817535E-03
  -5.99384308E-03
  -5.99098206E-03
  -5.90610504E-03
  -5.82790375E-03
  -5.82027435E-03
  -5.80501556E-03
  -5.77545166E-03
  -5.75256348E-03
  -5.74588776E-03
  -5.68771362E-03
  -5.63240051E-03
  -5.60760498E-03
  -5.57041168E-03
  -5.56755066E-03
  -5.53417206E-03
  -5.52177429E-03
  -5.50746918E-03
  -5.49316406E-03
  -5.46073914E-03
  -5.45978546E-03
  -5.42068481E-03
  -5.24330139E-03
  -5.21945953E-03
  -5.19752502E-03
  -5.16510010E-03
  -5.12599945E-03
  -5.08022308E-03
  -5.05542755E-03
  -5.04112244E-03
  -5.00297546E-03
  -4.89330292E-03
  -4.87518311E-03
  -4.83894348E-03
  -4.78363037E-03
  -4.75883484E-03
  -4.74071503E-03
  -4.62055206E-03
  -4.62055206E-03
  -4.62055206E-03
  -4.61864471E-03
  -4.59766388E-03
  -4.57096100E-03
  -4.55093384E-03
  -4.53662872E-03
  -4.53281403E-03
  -4.50706482E-03
  -4.48799133E-03
  -4.48799133E-03
  -4.47940826E-03
  -4.47177887E-03
  -4.47177887E-03
  -4.46796417E-03
  -4.36687469E-03
  -4.31728363E-03
  -4.30393219E-03
  -4.29630280E-03
  -4.23622131E-03
  -4.22191620E-03
  -4.20284271E-03
  -4.12845612E-03
  -4.11701202E-03
  -4.05883789E-03
  -4.03976440E-03
  -4.03881073E-03
  -4.00638580E-03
  -3.94439697E-03
  -3.91674042E-03
  -3.91197205E-03
  -3.91101837E-03
  -3.88336182E-03
  -3.85570526E-03
  -3.84044647E-03
  -3.83472443E-03
  -3.79753113E-03
  -3.77178192E-03
  -3.76892090E-03
  -3.72791290E-03
  -3.71646881E-03
  -3.68785858E-03
  -3.67164612E-03
  -3.60298157E-03
  -3.55339050E-03
  -3.54194641E-03
  -3.52382660E-03
  -3.51905823E-03
  -3.50761414E-03
  -3.48281860E-03
  -3.42559814E-03
  -3.39698792E-03
  -3.38077545E-03
  -3.37409973E-03
  -3.28731537E-03
  -3.27396393E-03
  -3.27014923E-03
  -3.21388245E-03
  -3.18908691E-03
  -3.11565399E-03
  -3.08513641E-03
  -3.06606293E-03
  -3.04985046E-03
  -3.03649902E-03
  -2.91061401E-03
  -2.90012360E-03
  -2.85816193E-03
  -2.83813477E-03
  -2.82382965E-03
  -2.77614594E-03
  -2.75707245E-03
  -2.74467468E-03
  -2.72655487E-03
  -2.70557404E-03
  -2.67410278E-03
  -2.64072418E-03
  -2.53200531E-03
  -2.49385834E-03
  -2.45475769E-03
  -2.45285034E-03
  -2.44045258E-03
  -2.42328644E-03
  -2.41470337E-03
  -2.38323212E-03
  -2.31361389E-03
  -2.25353241E-03
  -2.19535828E-03
  -2.19535828E-03
  -2.15721130E-03
  -2.14290619E-03
  -2.12955475E-03
  -2.09712982E-03
  -2.08282471E-03
  -2.04467773E-03
  -2.03895569E-03
  -2.02846527E-03
  -2.00748444E-03
  -1.99890137E-03
  -1.96933746E-03
  -1.95884705E-03
  -1.93023682E-03
  -1.92165375E-03
  -1.90162659E-03
  -1.89590454E-03
  -1.84440613E-03
  -1.83296204E-03
  -1.82342529E-03
  -1.80721283E-03
  -1.74617767E-03
  -1.72233582E-03
  -1.58977509E-03
  -1.58214569E-03
  -1.56211853E-03
  -1.54590607E-03
  -1.51348114E-03
  -1.49631500E-03
  -1.47533417E-03
  -1.45053864E-03
  -1.40285492E-03
  -1.39808655E-03
  -1.32942200E-03
  -1.27696991E-03
  -1.25789642E-03
  -1.21021271E-03
  -1.19304657E-03
  -1.19304657E-03
  -1.14631653E-03
  -1.13964081E-03
  -1.07574463E-03
  -1.06334686E-03
  -1.05762482E-03
  -1.03092194E-03
  -1.02615356E-03
  -9.62257385E-04
  -8.64028931E-04
  -8.30650330E-04
  -8.30650330E-04
  -7.93457031E-04
  -7.79151917E-04
  -7.64846802E-04
  -7.32421875E-04
  -6.90460205E-04
  -6.41822815E-04
  -5.77926636E-04
  -5.73158264E-04
  -5.32150269E-04
  -4.82559204E-04
  -4.73976135E-04
  -4.04357910E-04
  -3.97682190E-04
  -3.51905823E-04
  -3.49998474E-04
  -3.40461731E-04
  -3.37600708E-04
  -3.10897827E-04
  -2.99453735E-04
  -2.86102295E-04
  -2.80380249E-04
  -2.66075134E-04
  -2.58445740E-04
  -2.35557556E-04
  -2.35557556E-04
  -2.12669373E-04
  -2.10762024E-04
  -1.81198120E-04
  -1.77383423E-04
  -1.43051147E-04
  -9.53674316E-07
   2.76565552E-05
   8.10623169E-05
   1.46865845E-04
   2.00271606E-04
   2.06947327E-04
   2.31742859E-04
   2.63214111E-04
   2.76565552E-04
   3.13758850E-04
   3.21388245E-04
   3.23295593E-04
   3.72886658E-04
   3.74794006E-04
   4.36782837E-04
   4.78744507E-04
   5.09262085E-04
   5.23567200E-04
   5.33103943E-04
   5.67436218E-04
   6.13212585E-04
   6.55174255E-04
   6.69479370E-04
   7.31468201E-04
   7.46726990E-04
   7.51495361E-04
   8.32557678E-04
   8.35418701E-04
   8.56399536E-04
   8.56399536E-04
   8.69750977E-04
   8.93592834E-04
   9.42230225E-04
   9.67979431E-04
   9.92774963E-04
   9.94682312E-04
   1.00898743E-03
   1.01661682E-03
   1.04045868E-03
   1.07002258E-03
   1.07002258E-03
   1.10435486E-03
   1.12533569E-03
   1.13487244E-03
   1.19686127E-03
   1.25980377E-03
   1.27887726E-03
   1.28269196E-03
   1.31416321E-03
   1.31893158E-03
   1.33037567E-03
   1.33800507E-03
   1.33800507E-03
   1.38378143E-03
   1.45816803E-03
   1.48677826E-03
   1.52683258E-03
   1.59168243E-03
   1.60408020E-03
   1.60503387E-03
   1.61075592E-03
   1.69563293E-03
   1.71279907E-03
   1.75571442E-03
   1.75571442E-03
   1.77669525E-03
   1.82914734E-03
   1.84917450E-03
   1.89018250E-03
   1.90258026E-03
   1.90734863E-03
   1.91688538E-03
   1.94358826E-03
   1.94549561E-03
   1.99031830E-03
   1.99031830E-03
   2.01320648E-03
   2.01988220E-03
   2.08377838E-03
   2.09426880E-03
   2.12192535E-03
   2.12764740E-03
   2.14004517E-03
   2.17914581E-03
   2.21824646E-03
   2.21824646E-03
   2.23827362E-03
   2.23922729E-03
   2.27928162E-03
   2.27928162E-03
   2.30598450E-03
   2.33268738E-03
   2.34222412E-03
   2.35557556E-03
   2.41565704E-03
   2.42996216E-03
   2.44903564E-03
   2.46334076E-03
   2.47573853E-03
   2.47573853E-03
   2.64167786E-03
   2.69222260E-03
   2.71606445E-03
   2.72083282E-03
   2.73227692E-03
   2.76851654E-03
   2.81047821E-03
   2.84957886E-03
   2.86102295E-03
   2.86769867E-03
   2.91442871E-03
   2.97451019E-03
   3.07178497E-03
   3.20339203E-03
   3.25584412E-03
   3.27014923E-03
   3.43418121E-03
   3.43418121E-03
   3.55625153E-03
   3.58867645E-03
   3.59058380E-03
   3.60298157E-03
   3.64494324E-03
   3.65638733E-03
   3.65638733E-03
   3.67450714E-03
   3.80802155E-03
   3.85093689E-03
   3.86238098E-03
   3.86238098E-03
   3.89003754E-03
   3.89671326E-03
   3.89671326E-03
   3.93867493E-03
   3.99494171E-03
   3.99971008E-03
   4.01496887E-03
   4.01592255E-03
   4.05597687E-03
   4.06932831E-03
   4.09507751E-03
   4.13322449E-03
   4.14276123E-03
   4.24194336E-03
   4.30583954E-03
   4.39548492E-03
   4.43744659E-03
   4.46605682E-03
   4.48894501E-03
   4.52804565E-03
   4.55379486E-03
   4.63294983E-03
   4.64153290E-03
   4.66346741E-03
   4.67205048E-03
   4.69207764E-03
   4.78744507E-03
   4.85420227E-03
   4.88281250E-03
   4.90379333E-03
   4.90856171E-03
   4.93431091E-03
   4.93526459E-03
   4.93621826E-03
   5.09071350E-03
   5.10215759E-03
   5.13935089E-03
   5.17272949E-03
   5.26046753E-03
   5.26142120E-03
   5.26618958E-03
   5.30338287E-03
   5.30719757E-03
   5.34439087E-03
   5.39588928E-03
   5.41210175E-03
   5.42736053E-03
   5.47313690E-03
   5.54370880E-03
   5.59520721E-03
   5.59711456E-03
   5.63812256E-03
   5.65433502E-03
   5.71918488E-03
   5.82313538E-03
   5.83744049E-03
   5.88321686E-03
   5.90801239E-03
   5.95474243E-03
   5.97286224E-03
   6.08348846E-03
   6.08348846E-03
   6.14070892E-03
   6.19697571E-03
   6.20555878E-03
   6.20937347E-03
   6.41345978E-03
   6.47449493E-03
   6.50882721E-03
   6.50882721E-03
   6.61468506E-03
   6.69288635E-03
   6.70909882E-03
   6.72149658E-03
   6.81972504E-03
   6.93702698E-03
   6.96086884E-03
   6.98280334E-03
   7.00283051E-03
   7.08103180E-03
   7.17067719E-03
   7.18688965E-03
   7.28034973E-03
   7.34329224E-03
   7.34424591E-03
   7.35092163E-03
   7.36808777E-03
   7.38143921E-03
   7.38716125E-03
   7.39574432E-03
   7.48825073E-03
   7.56549835E-03
   7.64465332E-03
   7.70664215E-03
   7.72857666E-03
   7.73811340E-03
   7.76386261E-03
   7.77912140E-03
   7.78293610E-03
   7.79151917E-03
   7.80963898E-03
   7.88974762E-03
   7.90119171E-03
   7.99560547E-03
   8.00418854E-03
   8.03565979E-03
   8.05759430E-03
   8.21208954E-03
   8.27407837E-03
   8.40854645E-03
   8.46385956E-03
   8.54873657E-03
   8.70323181E-03
   8.90350342E-03
   9.07421112E-03
   9.14573669E-03
   9.24396515E-03
   9.35363770E-03
   9.35363770E-03
   9.46712494E-03
   9.51576233E-03
   9.62638855E-03
   9.68647003E-03
   9.73224640E-03
   9.76276398E-03
   9.76943970E-03
   9.87625122E-03
   1.00145340E-02
   1.00269318E-02
   1.00307465E-02
   1.01213455E-02
   1.01423264E-02
   1.02519989E-02
   1.02615356E-02
   1.02710724E-02
   1.02758408E-02
   1.03120804E-02
   1.03292465E-02
   1.03502274E-02
   1.04560852E-02
   1.05705261E-02
   1.06239319E-02
   1.06582642E-02
   1.06859207E-02
   1.09052658E-02
   1.09081268E-02
   1.09462738E-02
   1.10235214E-02
   1.11179352E-02
   1.13630295E-02
   1.14126205E-02
   1.14374161E-02
   1.14459991E-02
   1.15060806E-02
   1.15175247E-02
   1.15699768E-02
   1.15766525E-02
   1.19886398E-02
   1.20429993E-02
   1.20687485E-02
   1.21326447E-02
   1.21784210E-02
   1.22337341E-02
   1.27992630E-02
   1.28183365E-02
   1.28793716E-02
   1.29442215E-02
   1.30462646E-02
   1.32064819E-02
   1.32198334E-02
   1.32789612E-02
   1.33037567E-02
   1.34468079E-02
   1.38015747E-02
   1.38721466E-02
   1.38816833E-02
   1.40094757E-02
   1.40237808E-02
   1.40256882E-02
   1.41496658E-02
   1.41544342E-02
   1.42030716E-02
   1.42602921E-02
   1.42946243E-02
   1.47104263E-02
   1.48181915E-02
   1.49631500E-02
   1.51844025E-02
   1.52044296E-02
   1.53274536E-02
   1.53961182E-02
   1.54008865E-02
   1.55200958E-02
   1.55811310E-02
   1.56726837E-02
   1.57976151E-02
   1.60884857E-02
   1.61972046E-02
   1.64337158E-02
   1.65357590E-02
   1.67741776E-02
   1.69210434E-02
   1.69811249E-02
   1.70125961E-02
   1.70450211E-02
   1.74312592E-02
   1.79014206E-02
   1.81732178E-02
   1.82495117E-02
   1.85327530E-02
   1.85899734E-02
   1.87873840E-02
   1.89228058E-02
   1.90858841E-02
   1.92480087E-02
   1.94826126E-02
   1.95274353E-02
   2.01730728E-02
   2.02112198E-02
   2.04029083E-02
   2.04696655E-02
   2.05936432E-02
   2.14281082E-02
   2.16999054E-02
   2.22053528E-02
   2.22797394E-02
   2.27146149E-02
   2.31189728E-02
   2.32906342E-02
   2.35948563E-02
   2.37016678E-02
   2.40354538E-02
   2.42156982E-02
   2.42404938E-02
   2.43186951E-02
   2.49385834E-02
   2.54545212E-02
   2.56471634E-02
   2.60086060E-02
   2.61259079E-02
   2.62050629E-02
   2.67639160E-02
   2.70509720E-02
   2.72789001E-02
   2.78844833E-02
   2.81066895E-02
   2.83708572E-02
   2.88887024E-02
   2.89602280E-02
   2.90126801E-02
   2.95686722E-02
   2.97765732E-02
   2.98862457E-02
   3.02877426E-02
   3.03058624E-02
   3.04813385E-02
   3.06386948E-02
   3.07874680E-02
   3.08837891E-02
   3.22694778E-02
   3.23839188E-02
   3.24373245E-02
   3.30982208E-02
   3.34825516E-02
   3.38792801E-02
   3.41405869E-02
   3.55472565E-02
   3.57875824E-02
   3.63321304E-02
   3.66783142E-02
   3.70635986E-02
