#Npts     Radius    Mag      Completeness
#  949  653.3163  -11.858001 1.000000
# Verr
  -3.59067917E-02
  -3.56168747E-02
  -3.35750580E-02
  -3.30953598E-02
  -3.24344635E-02
  -3.19480896E-02
  -3.17392349E-02
  -3.08074951E-02
  -3.02352905E-02
  -2.93807983E-02
  -2.91748047E-02
  -2.90136337E-02
  -2.83412933E-02
  -2.81572342E-02
  -2.78978348E-02
  -2.77252197E-02
  -2.68535614E-02
  -2.68115997E-02
  -2.67763138E-02
  -2.63557434E-02
  -2.62632370E-02
  -2.54001617E-02
  -2.51312256E-02
  -2.46706009E-02
  -2.39372253E-02
  -2.33345032E-02
  -2.32906342E-02
  -2.26049423E-02
  -2.24723816E-02
  -2.24599838E-02
  -2.21738815E-02
  -2.19287872E-02
  -2.15625763E-02
  -2.15034485E-02
  -2.06966400E-02
  -2.02255249E-02
  -2.01168060E-02
  -1.99775696E-02
  -1.97553635E-02
  -1.96361542E-02
  -1.95875168E-02
  -1.94454193E-02
  -1.94358826E-02
  -1.93872452E-02
  -1.93452835E-02
  -1.92871094E-02
  -1.90858841E-02
  -1.90515518E-02
  -1.90448761E-02
  -1.89819336E-02
  -1.88894272E-02
  -1.88503265E-02
  -1.88274384E-02
  -1.86853409E-02
  -1.84984207E-02
  -1.84459686E-02
  -1.84392929E-02
  -1.83725357E-02
  -1.83496475E-02
  -1.81884766E-02
  -1.81770325E-02
  -1.81140900E-02
  -1.80702209E-02
  -1.78546906E-02
  -1.77888870E-02
  -1.77631378E-02
  -1.76048279E-02
  -1.75170898E-02
  -1.72891617E-02
  -1.71833038E-02
  -1.70974731E-02
  -1.70145035E-02
  -1.69048309E-02
  -1.68170929E-02
  -1.66492462E-02
  -1.66368484E-02
  -1.64880753E-02
  -1.64756775E-02
  -1.63450241E-02
  -1.62448883E-02
  -1.61981583E-02
  -1.60255432E-02
  -1.56536102E-02
  -1.56364441E-02
  -1.55897141E-02
  -1.55010223E-02
  -1.54972076E-02
  -1.54552460E-02
  -1.51948929E-02
  -1.51882172E-02
  -1.50184631E-02
  -1.49135590E-02
  -1.48973465E-02
  -1.48687363E-02
  -1.48258209E-02
  -1.47819519E-02
  -1.47809982E-02
  -1.47409439E-02
  -1.47228241E-02
  -1.47228241E-02
  -1.46903992E-02
  -1.46770477E-02
  -1.46503448E-02
  -1.45673752E-02
  -1.45349503E-02
  -1.44748688E-02
  -1.44500732E-02
  -1.44433975E-02
  -1.43327713E-02
  -1.42421722E-02
  -1.38463974E-02
  -1.37853622E-02
  -1.37405396E-02
  -1.36194229E-02
  -1.35698318E-02
  -1.34553909E-02
  -1.34449005E-02
  -1.33743286E-02
  -1.32036209E-02
  -1.28679276E-02
  -1.27315521E-02
  -1.26686096E-02
  -1.25741959E-02
  -1.25589371E-02
  -1.25093460E-02
  -1.25026703E-02
  -1.23882294E-02
  -1.23395920E-02
  -1.23367310E-02
  -1.22928619E-02
  -1.22928619E-02
  -1.22690201E-02
  -1.22451782E-02
  -1.21564865E-02
  -1.21498108E-02
  -1.21269226E-02
  -1.20239258E-02
  -1.20048523E-02
  -1.19609833E-02
  -1.19400024E-02
  -1.19209290E-02
  -1.18150711E-02
  -1.17492676E-02
  -1.17473602E-02
  -1.17244720E-02
  -1.17006302E-02
  -1.16643906E-02
  -1.16004944E-02
  -1.15661621E-02
  -1.15127563E-02
  -1.12981796E-02
  -1.12771988E-02
  -1.12180710E-02
  -1.12113953E-02
  -1.12066269E-02
  -1.11732483E-02
  -1.10797882E-02
  -1.10740662E-02
  -1.10702515E-02
  -1.10483170E-02
  -1.09586716E-02
  -1.08804703E-02
  -1.08404160E-02
  -1.08184814E-02
  -1.08146667E-02
  -1.08051300E-02
  -1.07765198E-02
  -1.07049942E-02
  -1.06744766E-02
  -1.06487274E-02
  -1.05876923E-02
  -1.05504990E-02
  -1.05381012E-02
  -1.05257034E-02
  -1.05075836E-02
  -1.03750229E-02
  -1.03359222E-02
  -1.03054047E-02
  -1.03025436E-02
  -1.02348328E-02
  -1.01747513E-02
  -1.01308823E-02
  -1.00927353E-02
  -1.00784302E-02
  -1.00784302E-02
  -1.00421906E-02
  -9.90295410E-03
  -9.89151001E-03
  -9.87720490E-03
  -9.80854034E-03
  -9.80472565E-03
  -9.77039337E-03
  -9.68742371E-03
  -9.68742371E-03
  -9.64069366E-03
  -9.48715210E-03
  -9.47952271E-03
  -9.46807861E-03
  -9.34123993E-03
  -9.32407379E-03
  -9.26399231E-03
  -9.18960571E-03
  -9.18769836E-03
  -9.13524628E-03
  -9.07707214E-03
  -9.06562805E-03
  -9.05609131E-03
  -9.04941559E-03
  -9.02938843E-03
  -9.00173187E-03
  -8.91208649E-03
  -8.80813599E-03
  -8.80622864E-03
  -8.76140594E-03
  -8.68797302E-03
  -8.64601135E-03
  -8.64410400E-03
  -8.54873657E-03
  -8.54301453E-03
  -8.53157043E-03
  -8.52966309E-03
  -8.49151611E-03
  -8.47148895E-03
  -8.39996338E-03
  -8.35609436E-03
  -8.31508636E-03
  -8.29601288E-03
  -8.17584991E-03
  -8.15582275E-03
  -8.13007355E-03
  -8.07189941E-03
  -8.06808472E-03
  -8.06331635E-03
  -8.05473328E-03
  -8.04233551E-03
  -7.99655914E-03
  -7.94124603E-03
  -7.92026520E-03
  -7.86590576E-03
  -7.86018372E-03
  -7.84111023E-03
  -7.84015656E-03
  -7.82680511E-03
  -7.82012939E-03
  -7.81631470E-03
  -7.81250000E-03
  -7.74478912E-03
  -7.74192810E-03
  -7.68661499E-03
  -7.66658783E-03
  -7.66277313E-03
  -7.60746002E-03
  -7.58457184E-03
  -7.54261017E-03
  -7.53879547E-03
  -7.52258301E-03
  -7.48825073E-03
  -7.44533539E-03
  -7.41100311E-03
  -7.39765167E-03
  -7.37857819E-03
  -7.36427307E-03
  -7.31754303E-03
  -7.30419159E-03
  -7.26795197E-03
  -7.25173950E-03
  -7.24506378E-03
  -7.24411011E-03
  -7.23361969E-03
  -7.17163086E-03
  -7.15637207E-03
  -7.14874268E-03
  -7.02285767E-03
  -6.98089600E-03
  -6.97326660E-03
  -6.95323944E-03
  -6.92367554E-03
  -6.91318512E-03
  -6.86454773E-03
  -6.86264038E-03
  -6.81781769E-03
  -6.79683685E-03
  -6.70051575E-03
  -6.68907166E-03
  -6.65378571E-03
  -6.63852692E-03
  -6.63661957E-03
  -6.54411316E-03
  -6.52503967E-03
  -6.49642944E-03
  -6.44969940E-03
  -6.40010834E-03
  -6.38484955E-03
  -6.31999969E-03
  -6.28089905E-03
  -6.24847412E-03
  -6.18553162E-03
  -6.17027283E-03
  -6.06918335E-03
  -6.00337982E-03
  -5.99956512E-03
  -5.99861145E-03
  -5.97763062E-03
  -5.95855713E-03
  -5.95474243E-03
  -5.91850281E-03
  -5.85460663E-03
  -5.71250916E-03
  -5.66291809E-03
  -5.65433502E-03
  -5.58185577E-03
  -5.55038452E-03
  -5.52749634E-03
  -5.46073914E-03
  -5.40447235E-03
  -5.36251068E-03
  -5.28812408E-03
  -5.22232056E-03
  -5.15556335E-03
  -5.13362885E-03
  -5.12027740E-03
  -4.98962402E-03
  -4.98962402E-03
  -4.98962402E-03
  -4.90283966E-03
  -4.87804413E-03
  -4.87327576E-03
  -4.86660004E-03
  -4.83131409E-03
  -4.78076935E-03
  -4.69970703E-03
  -4.69779968E-03
  -4.69398499E-03
  -4.69017029E-03
  -4.62245941E-03
  -4.61864471E-03
  -4.54235077E-03
  -4.48322296E-03
  -4.43172455E-03
  -4.43172455E-03
  -4.39929962E-03
  -4.33540344E-03
  -4.29058075E-03
  -4.27341461E-03
  -4.24957275E-03
  -4.20093536E-03
  -4.19712067E-03
  -4.13322449E-03
  -4.12940979E-03
  -4.09030914E-03
  -4.07695770E-03
  -4.06551361E-03
  -4.03594971E-03
  -4.02832031E-03
  -3.99875641E-03
  -3.97300720E-03
  -3.96633148E-03
  -3.96251678E-03
  -3.94725800E-03
  -3.93390656E-03
  -3.90815735E-03
  -3.86810303E-03
  -3.84330750E-03
  -3.83281708E-03
  -3.83281708E-03
  -3.82900238E-03
  -3.78704071E-03
  -3.78608704E-03
  -3.75270844E-03
  -3.72791290E-03
  -3.70502472E-03
  -3.70502472E-03
  -3.70311737E-03
  -3.69930267E-03
  -3.64112854E-03
  -3.64112854E-03
  -3.62968445E-03
  -3.62968445E-03
  -3.54862213E-03
  -3.52764130E-03
  -3.51524353E-03
  -3.46469879E-03
  -3.43894958E-03
  -3.43704224E-03
  -3.43036652E-03
  -3.38840485E-03
  -3.36837769E-03
  -3.35025787E-03
  -3.34453583E-03
  -3.33499908E-03
  -3.33023071E-03
  -3.29589844E-03
  -3.29303741E-03
  -3.29017639E-03
  -3.28922272E-03
  -3.28922272E-03
  -3.28922272E-03
  -3.22341919E-03
  -3.20720673E-03
  -3.18813324E-03
  -3.16619873E-03
  -3.15856934E-03
  -3.11183929E-03
  -3.07464600E-03
  -3.01456451E-03
  -3.00693512E-03
  -2.94208527E-03
  -2.94113159E-03
  -2.93922424E-03
  -2.92682648E-03
  -2.83718109E-03
  -2.79903412E-03
  -2.78949738E-03
  -2.74944305E-03
  -2.74944305E-03
  -2.70462036E-03
  -2.62069702E-03
  -2.61020660E-03
  -2.56443024E-03
  -2.54058838E-03
  -2.53582001E-03
  -2.50339508E-03
  -2.47001648E-03
  -2.44808197E-03
  -2.37655640E-03
  -2.35652924E-03
  -2.29358673E-03
  -2.27069855E-03
  -2.22301483E-03
  -2.18200684E-03
  -2.16388702E-03
  -2.15530396E-03
  -2.15530396E-03
  -2.13718414E-03
  -2.12860107E-03
  -2.11143494E-03
  -2.09617615E-03
  -2.09522247E-03
  -2.05421448E-03
  -2.03895569E-03
  -2.02369690E-03
  -2.00080872E-03
  -1.91879272E-03
  -1.91783905E-03
  -1.89113617E-03
  -1.85394287E-03
  -1.85108185E-03
  -1.82533264E-03
  -1.80912018E-03
  -1.80912018E-03
  -1.80339813E-03
  -1.79481506E-03
  -1.77288055E-03
  -1.70898438E-03
  -1.69277191E-03
  -1.69277191E-03
  -1.67942047E-03
  -1.63078308E-03
  -1.62792206E-03
  -1.61361694E-03
  -1.58882141E-03
  -1.58596039E-03
  -1.56879425E-03
  -1.55258179E-03
  -1.54399872E-03
  -1.54399872E-03
  -1.49345398E-03
  -1.48010254E-03
  -1.41906738E-03
  -1.40571594E-03
  -1.40285492E-03
  -1.36089325E-03
  -1.34468079E-03
  -1.18446350E-03
  -1.17206573E-03
  -1.16539001E-03
  -1.12628937E-03
  -1.11961365E-03
  -1.09195709E-03
  -1.07955933E-03
  -1.04236603E-03
  -1.04045868E-03
  -9.96589661E-04
  -9.87052917E-04
  -9.86099243E-04
  -9.77516174E-04
  -9.71794128E-04
  -9.07897949E-04
  -8.91685486E-04
  -8.88824463E-04
  -8.88824463E-04
  -7.54356384E-04
  -7.54356384E-04
  -7.35282898E-04
  -7.35282898E-04
  -7.20024109E-04
  -7.14302063E-04
  -6.63757324E-04
  -6.31332397E-04
  -6.23703003E-04
  -5.90324402E-04
  -5.85556030E-04
  -5.11169434E-04
  -5.06401062E-04
  -3.82423401E-04
  -3.82423401E-04
  -3.47137451E-04
  -3.47137451E-04
  -3.31878662E-04
  -3.18527222E-04
  -2.25067139E-04
  -1.92642212E-04
  -1.89781189E-04
  -1.87873840E-04
  -7.91549683E-05
  -4.86373901E-05
  -9.53674316E-07
   1.71661377E-05
   2.86102295E-05
   8.86917114E-05
   9.34600830E-05
   1.40190125E-04
   1.62124634E-04
   1.75476074E-04
   1.92642212E-04
   1.94549561E-04
   2.38418579E-04
   2.75611877E-04
   2.82287598E-04
   3.66210938E-04
   3.72886658E-04
   4.26292419E-04
   4.73976135E-04
   5.72204590E-04
   6.46591187E-04
   6.48498535E-04
   6.69479370E-04
   6.77108765E-04
   7.30514526E-04
   8.26835632E-04
   9.00268555E-04
   9.18388367E-04
   9.35554504E-04
   9.46998596E-04
   9.56535339E-04
   1.07479095E-03
   1.15203857E-03
   1.17492676E-03
   1.23405457E-03
   1.23500824E-03
   1.26361847E-03
   1.27887726E-03
   1.33228302E-03
   1.36566162E-03
   1.57833099E-03
   1.59168243E-03
   1.59740448E-03
   1.66988373E-03
   1.69181824E-03
   1.72901154E-03
   1.81484222E-03
   1.86157227E-03
   1.86347961E-03
   1.86729431E-03
   1.89685822E-03
   1.90353394E-03
   2.00748444E-03
   2.07042694E-03
   2.08187103E-03
   2.08377838E-03
   2.12001801E-03
   2.28881836E-03
   2.31361389E-03
   2.31742859E-03
   2.36892700E-03
   2.37846375E-03
   2.37846375E-03
   2.41184235E-03
   2.49767303E-03
   2.53391266E-03
   2.55584717E-03
   2.56538391E-03
   2.60066986E-03
   2.64263153E-03
   2.67982483E-03
   2.68459320E-03
   2.68840790E-03
   2.69699097E-03
   2.70080566E-03
   2.72941589E-03
   2.76660919E-03
   2.77042389E-03
   2.77137756E-03
   2.85339355E-03
   2.89154053E-03
   2.95925140E-03
   2.99453735E-03
   2.99549103E-03
   3.02219391E-03
   3.03077698E-03
   3.13091278E-03
   3.18241119E-03
   3.19862366E-03
   3.23009491E-03
   3.25012207E-03
   3.26442719E-03
   3.27396393E-03
   3.29875946E-03
   3.33023071E-03
   3.36265564E-03
   3.50475311E-03
   3.52001190E-03
   3.52764130E-03
   3.69834900E-03
   3.75461578E-03
   3.78131866E-03
   3.79657745E-03
   3.87191772E-03
   3.90434265E-03
   3.93199921E-03
   3.95011902E-03
   3.97396088E-03
   4.01878357E-03
   4.04167175E-03
   4.05216217E-03
   4.09317017E-03
   4.12750244E-03
   4.13513184E-03
   4.15420532E-03
   4.16946411E-03
   4.17232513E-03
   4.17709351E-03
   4.24575806E-03
   4.47463989E-03
   4.52709198E-03
   4.60338593E-03
   4.79221344E-03
   4.80270386E-03
   4.81128693E-03
   4.85038757E-03
   4.87041473E-03
   4.88090515E-03
   4.90379333E-03
   4.90856171E-03
   4.93812561E-03
   5.01346588E-03
   5.09738922E-03
   5.10692596E-03
   5.12695312E-03
   5.14888763E-03
   5.19561768E-03
   5.23376465E-03
   5.30624390E-03
   5.30910492E-03
   5.34152985E-03
   5.36632538E-03
   5.45787811E-03
   5.50174713E-03
   5.53607941E-03
   5.54943085E-03
   5.60951233E-03
   5.70964813E-03
   5.73348999E-03
   5.83171844E-03
   5.86605072E-03
   5.87749481E-03
   5.94806671E-03
   5.95760345E-03
   5.97000122E-03
   5.97381592E-03
   6.05201721E-03
   6.12926483E-03
   6.13117218E-03
   6.32286072E-03
   6.32286072E-03
   6.39343262E-03
   6.44493103E-03
   6.47735596E-03
   6.51454926E-03
   6.53743744E-03
   6.57081604E-03
   6.59275055E-03
   6.59561157E-03
   6.59751892E-03
   6.84452057E-03
   6.88266754E-03
   6.93607330E-03
   6.96468353E-03
   6.98089600E-03
   6.98089600E-03
   7.01236725E-03
   7.13157654E-03
   7.13825226E-03
   7.15923309E-03
   7.25650787E-03
   7.34233856E-03
   7.42721558E-03
   7.43579865E-03
   7.50160217E-03
   7.51972198E-03
   7.52258301E-03
   7.58361816E-03
   7.60459900E-03
   7.61127472E-03
   7.66658783E-03
   7.69615173E-03
   7.69996643E-03
   7.78675079E-03
   7.79247284E-03
   7.81822205E-03
   7.83443451E-03
   7.85636902E-03
   8.02040100E-03
   8.02040100E-03
   8.02707672E-03
   8.07094574E-03
   8.20064545E-03
   8.20159912E-03
   8.20732117E-03
   8.21113586E-03
   8.24356079E-03
   8.24642181E-03
   8.42952728E-03
   8.47721100E-03
   8.55159760E-03
   8.56113434E-03
   8.60691071E-03
   8.81385803E-03
   8.83388519E-03
   8.88252258E-03
   8.88442993E-03
   8.91494751E-03
   8.92066956E-03
   8.98933411E-03
   9.02175903E-03
   9.10663605E-03
   9.11617279E-03
   9.19055939E-03
   9.33361053E-03
   9.37271118E-03
   9.37461853E-03
   9.46235657E-03
   9.47761536E-03
   9.51862335E-03
   9.61208344E-03
   9.65690613E-03
   9.70554352E-03
   9.71984863E-03
   9.81521606E-03
   9.84859467E-03
   9.87434387E-03
   9.88769531E-03
   9.97924805E-03
   1.00297928E-02
   1.00383759E-02
   1.00765228E-02
   1.00994110E-02
   1.01118088E-02
   1.01833344E-02
   1.01985931E-02
   1.02205276E-02
   1.02663040E-02
   1.03693008E-02
   1.03702545E-02
   1.03902817E-02
   1.04579926E-02
   1.04904175E-02
   1.05648041E-02
   1.06039047E-02
   1.07021332E-02
   1.07822418E-02
   1.08251572E-02
   1.08671188E-02
   1.09558105E-02
   1.09672546E-02
   1.10111237E-02
   1.11351013E-02
   1.13687515E-02
   1.15098953E-02
   1.15127563E-02
   1.15728378E-02
   1.16920471E-02
   1.18274689E-02
   1.18665695E-02
   1.19094849E-02
   1.20315552E-02
   1.20620728E-02
   1.21498108E-02
   1.21545792E-02
   1.22308731E-02
   1.23224258E-02
   1.23615265E-02
   1.25379562E-02
   1.25703812E-02
   1.25713348E-02
   1.26428604E-02
   1.26981735E-02
   1.27267838E-02
   1.27611160E-02
   1.28345490E-02
   1.29346848E-02
   1.30100250E-02
   1.32293701E-02
   1.32303238E-02
   1.32980347E-02
   1.33037567E-02
   1.34239197E-02
   1.35192871E-02
   1.35488510E-02
   1.36718750E-02
   1.36756897E-02
   1.38092041E-02
   1.38673782E-02
   1.38826370E-02
   1.39341354E-02
   1.42498016E-02
   1.42641068E-02
   1.43480301E-02
   1.44786835E-02
   1.46074295E-02
   1.46751404E-02
   1.48143768E-02
   1.48429871E-02
   1.48468018E-02
   1.49316788E-02
   1.50089264E-02
   1.50232315E-02
   1.51815414E-02
   1.53474808E-02
   1.54466629E-02
   1.55687332E-02
   1.56164169E-02
   1.57194138E-02
   1.58920288E-02
   1.60942078E-02
   1.61399841E-02
   1.61790848E-02
   1.62649155E-02
   1.63774490E-02
   1.64451599E-02
   1.66311264E-02
   1.69229507E-02
   1.69429779E-02
   1.71909332E-02
   1.72948837E-02
   1.73063278E-02
   1.74875259E-02
   1.75228119E-02
   1.76715851E-02
   1.77555084E-02
   1.78022385E-02
   1.78480148E-02
   1.80530548E-02
   1.82180405E-02
   1.85260773E-02
   1.85308456E-02
   1.85499191E-02
   1.87187195E-02
   1.87387466E-02
   1.87435150E-02
   1.87921524E-02
   1.88426971E-02
   1.88884735E-02
   1.90267563E-02
   1.92413330E-02
   1.93624496E-02
   1.96542740E-02
   1.98211670E-02
   1.98364258E-02
   1.99403763E-02
   2.00967789E-02
   2.01730728E-02
   2.02751160E-02
   2.04696655E-02
   2.05678940E-02
   2.06432343E-02
   2.06890106E-02
   2.08358765E-02
   2.08654404E-02
   2.08663940E-02
   2.12841034E-02
   2.14567184E-02
   2.14624405E-02
   2.16579437E-02
   2.17428207E-02
   2.19001770E-02
   2.19964981E-02
   2.20422745E-02
   2.21462250E-02
   2.25267410E-02
   2.28786469E-02
   2.36940384E-02
   2.38380432E-02
   2.39524841E-02
   2.40430832E-02
   2.43701935E-02
   2.44064331E-02
   2.44550705E-02
   2.45380402E-02
   2.46391296E-02
   2.46706009E-02
   2.50225067E-02
   2.50940323E-02
   2.51665115E-02
   2.54440308E-02
   2.59552002E-02
   2.62346268E-02
   2.62622833E-02
   2.64406204E-02
   2.69603729E-02
   2.70643234E-02
   2.70690918E-02
   2.71482468E-02
   2.73323059E-02
   2.73523331E-02
   2.75411606E-02
   2.79464722E-02
   2.81419754E-02
   2.82936096E-02
   2.83117294E-02
   2.85148621E-02
   2.86302567E-02
   2.88982391E-02
   2.90708542E-02
   2.93512344E-02
   2.98471451E-02
   2.98480988E-02
   3.01246643E-02
   3.02600861E-02
   3.03449631E-02
   3.04059982E-02
   3.04794312E-02
   3.06062698E-02
   3.06396484E-02
   3.12633514E-02
   3.14331055E-02
   3.14903259E-02
   3.15074921E-02
   3.17554474E-02
   3.20854187E-02
   3.28817368E-02
   3.31268311E-02
   3.34692001E-02
   3.44247818E-02
   3.46136093E-02
   3.46250534E-02
   3.48701477E-02
   3.53622437E-02
   3.65858078E-02
