#Npts     Radius    Mag      Completeness
#  567 1704.5719  -12.610001 1.000000
# Verr
  -3.30791473E-02
  -2.84776688E-02
  -2.75211334E-02
  -2.57253647E-02
  -2.34308243E-02
  -2.27756500E-02
  -2.25486755E-02
  -2.07815170E-02
  -1.99346542E-02
  -1.96914673E-02
  -1.94196701E-02
  -1.93786621E-02
  -1.87492371E-02
  -1.83696747E-02
  -1.81741714E-02
  -1.78775787E-02
  -1.73311234E-02
  -1.69439316E-02
  -1.63936615E-02
  -1.63831711E-02
  -1.59187317E-02
  -1.57690048E-02
  -1.56002045E-02
  -1.51834488E-02
  -1.50146484E-02
  -1.46865845E-02
  -1.45053864E-02
  -1.44386292E-02
  -1.42488480E-02
  -1.41477585E-02
  -1.40562057E-02
  -1.36613846E-02
  -1.35774612E-02
  -1.35660172E-02
  -1.35507584E-02
  -1.35240555E-02
  -1.34935379E-02
  -1.34382248E-02
  -1.33972168E-02
  -1.32570267E-02
  -1.32303238E-02
  -1.32112503E-02
  -1.29413605E-02
  -1.28917694E-02
  -1.27649307E-02
  -1.27601624E-02
  -1.25637054E-02
  -1.24979019E-02
  -1.24549866E-02
  -1.24158859E-02
  -1.24053955E-02
  -1.23481750E-02
  -1.21850967E-02
  -1.21107101E-02
  -1.18999481E-02
  -1.18341446E-02
  -1.17664337E-02
  -1.17073059E-02
  -1.16758347E-02
  -1.13754272E-02
  -1.12571716E-02
  -1.11856461E-02
  -1.11627579E-02
  -1.11513138E-02
  -1.10263824E-02
  -1.09567642E-02
  -1.09186172E-02
  -1.08995438E-02
  -1.08566284E-02
  -1.07793808E-02
  -1.07212067E-02
  -1.05981827E-02
  -1.05791092E-02
  -1.04732513E-02
  -1.04360580E-02
  -1.04131699E-02
  -1.04017258E-02
  -1.03111267E-02
  -1.02930069E-02
  -1.02634430E-02
  -1.01852417E-02
  -1.01499557E-02
  -1.01175308E-02
  -1.00231171E-02
  -1.00164413E-02
  -9.97447968E-03
  -9.96494293E-03
  -9.95349884E-03
  -9.92202759E-03
  -9.87529755E-03
  -9.85717773E-03
  -9.82856750E-03
  -9.71126556E-03
  -9.69886780E-03
  -9.66453552E-03
  -9.63020325E-03
  -9.58156586E-03
  -9.53769684E-03
  -9.42420959E-03
  -9.39369202E-03
  -9.36412811E-03
  -9.34314728E-03
  -9.31644440E-03
  -9.29164886E-03
  -9.22966003E-03
  -9.08851624E-03
  -9.07707214E-03
  -9.07230377E-03
  -9.02175903E-03
  -8.71658325E-03
  -8.67938995E-03
  -8.66889954E-03
  -8.63361359E-03
  -8.62693787E-03
  -8.58020782E-03
  -8.52584839E-03
  -8.50105286E-03
  -8.47053528E-03
  -8.44669342E-03
  -8.43811035E-03
  -8.31890106E-03
  -8.22448730E-03
  -8.21208954E-03
  -8.17966461E-03
  -8.14151764E-03
  -8.13865662E-03
  -8.10623169E-03
  -8.05664062E-03
  -8.00704956E-03
  -7.97939301E-03
  -7.96127319E-03
  -7.94696808E-03
  -7.83920288E-03
  -7.77816772E-03
  -7.77816772E-03
  -7.74288177E-03
  -7.73906708E-03
  -7.72857666E-03
  -7.62557983E-03
  -7.61890411E-03
  -7.55977631E-03
  -7.54547119E-03
  -7.53116608E-03
  -7.52925873E-03
  -7.50255585E-03
  -7.44438171E-03
  -7.42816925E-03
  -7.33852386E-03
  -7.29465485E-03
  -7.27272034E-03
  -7.14683533E-03
  -7.12108612E-03
  -7.09247589E-03
  -7.08389282E-03
  -7.06863403E-03
  -7.03239441E-03
  -6.91890717E-03
  -6.88838959E-03
  -6.88266754E-03
  -6.84070587E-03
  -6.83689117E-03
  -6.83403015E-03
  -6.83307648E-03
  -6.81114197E-03
  -6.77490234E-03
  -6.74533844E-03
  -6.72626495E-03
  -6.65283203E-03
  -6.63089752E-03
  -6.55269623E-03
  -6.55269623E-03
  -6.40296936E-03
  -6.39438629E-03
  -6.37245178E-03
  -6.35528564E-03
  -6.33716583E-03
  -6.32476807E-03
  -6.28185272E-03
  -6.24847412E-03
  -6.14070892E-03
  -6.09111786E-03
  -6.05583191E-03
  -6.03961945E-03
  -6.01959229E-03
  -6.00433350E-03
  -5.89370728E-03
  -5.87558746E-03
  -5.84602356E-03
  -5.81264496E-03
  -5.80310822E-03
  -5.80024719E-03
  -5.78975677E-03
  -5.78594208E-03
  -5.75447083E-03
  -5.75160980E-03
  -5.70392609E-03
  -5.69915771E-03
  -5.69820404E-03
  -5.58185577E-03
  -5.56945801E-03
  -5.53417206E-03
  -5.52845001E-03
  -5.52845001E-03
  -5.46264648E-03
  -5.38444519E-03
  -5.36727905E-03
  -5.35774231E-03
  -5.34152985E-03
  -5.29956818E-03
  -5.26428223E-03
  -5.24616241E-03
  -5.24139404E-03
  -5.23376465E-03
  -5.13839722E-03
  -4.98771667E-03
  -4.95433807E-03
  -4.95433807E-03
  -4.94670868E-03
  -4.93144989E-03
  -4.89902496E-03
  -4.88281250E-03
  -4.86946106E-03
  -4.85515594E-03
  -4.83512878E-03
  -4.83322144E-03
  -4.80651855E-03
  -4.80651855E-03
  -4.80651855E-03
  -4.79125977E-03
  -4.78935242E-03
  -4.75692749E-03
  -4.72545624E-03
  -4.71878052E-03
  -4.71687317E-03
  -4.66060638E-03
  -4.59098816E-03
  -4.56333160E-03
  -4.55856323E-03
  -4.55665588E-03
  -4.54998016E-03
  -4.54521179E-03
  -4.53948975E-03
  -4.50897217E-03
  -4.50134277E-03
  -4.44602966E-03
  -4.44602966E-03
  -4.43840027E-03
  -4.39453125E-03
  -4.38880920E-03
  -4.38499451E-03
  -4.35543060E-03
  -4.26959991E-03
  -4.15229797E-03
  -4.11796570E-03
  -4.10079956E-03
  -4.06455994E-03
  -4.05597687E-03
  -4.05120850E-03
  -4.01115417E-03
  -3.99971008E-03
  -3.96347046E-03
  -3.94916534E-03
  -3.89194489E-03
  -3.85856628E-03
  -3.85761261E-03
  -3.84998322E-03
  -3.82423401E-03
  -3.81374359E-03
  -3.66401672E-03
  -3.52764130E-03
  -3.50093842E-03
  -3.47423553E-03
  -3.45516205E-03
  -3.30352783E-03
  -3.28636169E-03
  -3.26442719E-03
  -3.26251984E-03
  -3.21578979E-03
  -3.19004059E-03
  -3.17859650E-03
  -3.17001343E-03
  -3.16715240E-03
  -3.11279297E-03
  -3.10802460E-03
  -3.05843353E-03
  -3.05843353E-03
  -3.05271149E-03
  -3.00598145E-03
  -2.98213959E-03
  -2.97164917E-03
  -2.93254852E-03
  -2.90203094E-03
  -2.89726257E-03
  -2.86388397E-03
  -2.85530090E-03
  -2.81333923E-03
  -2.80666351E-03
  -2.80284882E-03
  -2.79903412E-03
  -2.78854370E-03
  -2.75135040E-03
  -2.71511078E-03
  -2.71224976E-03
  -2.70462036E-03
  -2.68840790E-03
  -2.68745422E-03
  -2.65502930E-03
  -2.64930725E-03
  -2.62165070E-03
  -2.57110596E-03
  -2.53295898E-03
  -2.50244141E-03
  -2.49671936E-03
  -2.47097015E-03
  -2.44808197E-03
  -2.44808197E-03
  -2.41661072E-03
  -2.40707397E-03
  -2.39467621E-03
  -2.37274170E-03
  -2.20298767E-03
  -2.17151642E-03
  -2.09045410E-03
  -2.06089020E-03
  -2.00462341E-03
  -1.96838379E-03
  -1.96838379E-03
  -1.92546844E-03
  -1.92451477E-03
  -1.91593170E-03
  -1.91307068E-03
  -1.90925598E-03
  -1.90830231E-03
  -1.86061859E-03
  -1.83105469E-03
  -1.80816650E-03
  -1.77288055E-03
  -1.75189972E-03
  -1.72233582E-03
  -1.72042847E-03
  -1.68609619E-03
  -1.66225433E-03
  -1.51443481E-03
  -1.41239166E-03
  -1.38092041E-03
  -1.37805939E-03
  -1.36280060E-03
  -1.32083893E-03
  -1.29699707E-03
  -1.27887726E-03
  -1.24835968E-03
  -1.24263763E-03
  -1.23691559E-03
  -1.16825104E-03
  -1.16348267E-03
  -1.13010406E-03
  -1.02329254E-03
  -1.00517273E-03
  -9.69886780E-04
  -9.18388367E-04
  -9.04083252E-04
  -8.86917114E-04
  -8.75473022E-04
  -8.36372375E-04
  -8.23020935E-04
  -6.68525696E-04
  -6.60896301E-04
  -6.37054443E-04
  -5.88417053E-04
  -5.72204590E-04
  -5.65528870E-04
  -5.59806824E-04
  -5.47409058E-04
  -5.40733337E-04
  -3.69071960E-04
  -3.66210938E-04
  -3.55720520E-04
  -2.93731689E-04
  -2.78472900E-04
  -2.64167786E-04
  -2.37464905E-04
  -2.24113464E-04
  -1.75476074E-04
  -1.40190125E-04
  -1.27792358E-04
  -8.29696655E-05
  -7.43865967E-05
  -3.43322754E-05
  -2.00271606E-05
  -1.14440918E-05
   1.62124634E-05
   4.76837158E-05
   8.29696655E-05
   1.29699707E-04
   1.41143799E-04
   1.68800354E-04
   3.09944153E-04
   3.33786011E-04
   3.33786011E-04
   3.84330750E-04
   5.29289246E-04
   5.76019287E-04
   7.46726990E-04
   7.71522522E-04
   8.14437866E-04
   8.25881958E-04
   8.64982605E-04
   9.04083252E-04
   9.19342041E-04
   1.17111206E-03
   1.31511688E-03
   1.37042999E-03
   1.44100189E-03
   1.45339966E-03
   1.55830383E-03
   1.60598755E-03
   1.66416168E-03
   1.66797638E-03
   1.69944763E-03
   1.75762177E-03
   1.78527832E-03
   1.81484222E-03
   1.81961060E-03
   1.85012817E-03
   1.89208984E-03
   1.91116333E-03
   1.91688538E-03
   1.96647644E-03
   1.99413300E-03
   2.01034546E-03
   2.06565857E-03
   2.08473206E-03
   2.10094452E-03
   2.11334229E-03
   2.16197968E-03
   2.16674805E-03
   2.18105316E-03
   2.19249725E-03
   2.25925446E-03
   2.26020813E-03
   2.31170654E-03
   2.38895416E-03
   2.39562988E-03
   2.45475769E-03
   2.48527527E-03
   2.50244141E-03
   2.51293182E-03
   2.64358521E-03
   2.68268585E-03
   2.71701813E-03
   2.74372101E-03
   2.75421143E-03
   2.82096863E-03
   2.98786163E-03
   3.03649902E-03
   3.07846069E-03
   3.10039520E-03
   3.15856934E-03
   3.22914124E-03
   3.24249268E-03
   3.29971313E-03
   3.50952148E-03
   3.56578827E-03
   3.60298157E-03
   3.60965729E-03
   3.79753113E-03
   3.88717651E-03
   3.93772125E-03
   4.13322449E-03
   4.16755676E-03
   4.25338745E-03
   4.28295135E-03
   4.40025330E-03
   4.40883636E-03
   4.41455841E-03
   4.45747375E-03
   4.48703766E-03
   4.55474854E-03
   4.59575653E-03
   4.79888916E-03
   4.81033325E-03
   4.83036041E-03
   4.90283966E-03
   4.93907928E-03
   5.02681732E-03
   5.21183014E-03
   5.29003143E-03
   5.48839569E-03
   5.53989410E-03
   5.59234619E-03
   5.62000275E-03
   5.62000275E-03
   5.67626953E-03
   5.68866730E-03
   5.78689575E-03
   5.82981110E-03
   5.84030151E-03
   5.94234467E-03
   5.96714020E-03
   5.98526001E-03
   6.12258911E-03
   6.13594055E-03
   6.14070892E-03
   6.17694855E-03
   6.23703003E-03
   6.28185272E-03
   6.28566742E-03
   6.36577606E-03
   6.38675690E-03
   6.44493103E-03
   6.48880005E-03
   6.67858124E-03
   6.69002533E-03
   6.77967072E-03
   6.84261322E-03
   7.32898712E-03
   7.42340088E-03
   7.63416290E-03
   7.71045685E-03
   7.76576996E-03
   7.86781311E-03
   8.79669189E-03
   9.04941559E-03
   9.07230377E-03
   9.13143158E-03
   9.32979584E-03
   9.47856903E-03
   9.86480713E-03
   9.95445251E-03
   1.00269318E-02
   1.06086731E-02
   1.08747482E-02
   1.15404129E-02
   1.16605759E-02
   1.20029449E-02
   1.28660202E-02
   1.31292343E-02
   1.32055283E-02
   1.36642456E-02
   1.38483047E-02
   1.41363144E-02
   1.46923065E-02
   1.49183273E-02
   1.54495239E-02
   1.57823563E-02
   1.59893036E-02
   1.68619156E-02
   1.73139572E-02
   1.83086395E-02
   1.89666748E-02
   1.90696716E-02
   1.94902420E-02
   2.03695297E-02
   2.09579468E-02
   2.21824646E-02
   2.34069824E-02
   2.34546661E-02
   2.49166489E-02
   2.53105164E-02
   2.53686905E-02
   2.94647217E-02
   3.24382782E-02
   3.37505341E-02
   3.39097977E-02
   3.39508057E-02
   3.50656509E-02
   3.50790024E-02
