#Npts     Radius    Mag      Completeness
#  247 1495.2385  -13.919091 1.000000
# Verr
  -3.61204147E-02
  -2.88362503E-02
  -1.41544342E-02
  -1.22966766E-02
  -1.20954514E-02
  -1.18904114E-02
  -1.16558075E-02
  -1.15795135E-02
  -1.08861923E-02
  -1.08804703E-02
  -1.08556747E-02
  -1.06801987E-02
  -1.06716156E-02
  -1.02663040E-02
  -1.01823807E-02
  -1.01652145E-02
  -1.01289749E-02
  -9.86480713E-03
  -9.79423523E-03
  -9.69409943E-03
  -9.67884064E-03
  -9.62924957E-03
  -9.42230225E-03
  -9.41276550E-03
  -9.30023193E-03
  -9.25064087E-03
  -9.16481018E-03
  -9.13810730E-03
  -9.13333893E-03
  -9.12380219E-03
  -8.76998901E-03
  -8.74519348E-03
  -8.69083405E-03
  -8.67938995E-03
  -8.66031647E-03
  -8.65840912E-03
  -8.65077972E-03
  -8.64887238E-03
  -8.59737396E-03
  -8.30268860E-03
  -8.25691223E-03
  -8.19873810E-03
  -8.18443298E-03
  -8.16440582E-03
  -8.14342499E-03
  -8.12911987E-03
  -8.12149048E-03
  -7.75051117E-03
  -7.73525238E-03
  -7.67898560E-03
  -7.67517090E-03
  -7.64560699E-03
  -7.36045837E-03
  -7.30037689E-03
  -7.28225708E-03
  -7.18784332E-03
  -7.13825226E-03
  -7.12299347E-03
  -6.94942474E-03
  -6.85977936E-03
  -6.73484802E-03
  -6.69193268E-03
  -6.66141510E-03
  -6.64043427E-03
  -6.60800934E-03
  -6.60324097E-03
  -6.51168823E-03
  -6.46400452E-03
  -6.45351410E-03
  -6.33430481E-03
  -6.21509552E-03
  -6.13117218E-03
  -6.12163544E-03
  -6.11877441E-03
  -6.11591339E-03
  -5.93852997E-03
  -5.88035583E-03
  -5.79452515E-03
  -5.75256348E-03
  -5.69915771E-03
  -5.66482544E-03
  -5.64384460E-03
  -5.63716888E-03
  -5.63144684E-03
  -5.33771515E-03
  -5.31959534E-03
  -5.18894196E-03
  -5.15937805E-03
  -5.09357452E-03
  -4.83226776E-03
  -4.74739075E-03
  -4.68158722E-03
  -4.67205048E-03
  -4.62818146E-03
  -4.60052490E-03
  -4.45938110E-03
  -4.35066223E-03
  -4.33921814E-03
  -4.31346893E-03
  -4.25052643E-03
  -4.22477722E-03
  -4.18949127E-03
  -4.17423248E-03
  -4.14371490E-03
  -4.11128998E-03
  -3.75556946E-03
  -3.73458862E-03
  -3.68785858E-03
  -3.67927551E-03
  -3.65924835E-03
  -3.64780426E-03
  -3.64303589E-03
  -3.62586975E-03
  -3.62110138E-03
  -3.52191925E-03
  -3.46946716E-03
  -3.43322754E-03
  -3.25202942E-03
  -3.20434570E-03
  -3.17382812E-03
  -3.17192078E-03
  -3.11565399E-03
  -3.10802460E-03
  -3.09562683E-03
  -2.78759003E-03
  -2.78186798E-03
  -2.76660919E-03
  -2.76279449E-03
  -2.68936157E-03
  -2.67124176E-03
  -2.65884399E-03
  -2.61497498E-03
  -2.46429443E-03
  -2.40707397E-03
  -2.38132477E-03
  -2.37464905E-03
  -2.34985352E-03
  -2.31838226E-03
  -2.26688385E-03
  -2.25830078E-03
  -2.18772888E-03
  -2.18486786E-03
  -2.16007233E-03
  -2.14958191E-03
  -2.14290619E-03
  -1.88636780E-03
  -1.74045563E-03
  -1.70421600E-03
  -1.68704987E-03
  -1.68132782E-03
  -1.66416168E-03
  -1.60598755E-03
  -1.49631500E-03
  -1.48582458E-03
  -1.38092041E-03
  -1.35707855E-03
  -1.23500824E-03
  -1.19495392E-03
  -1.12724304E-03
  -1.11865997E-03
  -9.86099243E-04
  -8.82148743E-04
  -7.32421875E-04
  -7.24792480E-04
  -7.03811646E-04
  -6.97135925E-04
  -6.89506531E-04
  -2.14576721E-04
  -2.04086304E-04
   1.24931335E-04
   2.10762024E-04
   2.59399414E-04
   2.62260437E-04
   3.01361084E-04
   3.14712524E-04
   3.19480896E-04
   3.24249268E-04
   3.61442566E-04
   3.68118286E-04
   3.68118286E-04
   3.80516052E-04
   3.83377075E-04
   3.93867493E-04
   6.36100769E-04
   7.85827637E-04
   8.26835632E-04
   8.54492188E-04
   8.66889954E-04
   8.78334045E-04
   1.10816956E-03
   1.13010406E-03
   1.19209290E-03
   1.31034851E-03
   1.31607056E-03
   1.33037567E-03
   1.39808655E-03
   1.52969360E-03
   1.62887573E-03
   1.82056427E-03
   1.87206268E-03
   1.87206268E-03
   1.99890137E-03
   2.17151642E-03
   2.19249725E-03
   2.19631195E-03
   2.29072571E-03
   2.33078003E-03
   2.88105011E-03
   2.98786163E-03
   2.99549103E-03
   3.22914124E-03
   3.29208374E-03
   3.31783295E-03
   3.34739685E-03
   3.36647034E-03
   3.36647034E-03
   3.36837769E-03
   3.49330902E-03
   3.55052948E-03
   3.65543365E-03
   3.98540497E-03
   4.19139862E-03
   4.31346893E-03
   4.33063507E-03
   4.38976288E-03
   4.72640991E-03
   4.82273102E-03
   4.86850739E-03
   5.37776947E-03
   5.79261780E-03
   5.84220886E-03
   6.16073608E-03
   6.36291504E-03
   6.38961792E-03
   8.21876526E-03
   8.38661194E-03
   8.83007050E-03
   9.23156738E-03
   1.01356506E-02
   1.03130341E-02
   1.07803345E-02
   1.08718872E-02
   1.23271942E-02
   1.23548508E-02
   1.36356354E-02
   1.43461227E-02
   1.46646500E-02
