#Npts     Radius    Mag      Completeness
#   34 2123.2388  -14.791819 1.000000
# Verr
  -1.18398666E-02
  -1.15327835E-02
  -8.51249695E-03
  -8.42380524E-03
  -7.27462769E-03
  -4.84085083E-03
  -4.33731079E-03
  -4.17995453E-03
  -3.92055511E-03
  -3.52764130E-03
  -2.99072266E-03
  -1.80053711E-03
  -1.67560577E-03
  -5.22613525E-04
  -7.15255737E-05
   3.60488892E-04
   4.77790833E-04
   1.44386292E-03
   3.07464600E-03
   3.29875946E-03
   3.84044647E-03
   3.91292572E-03
   5.27477264E-03
   5.84316254E-03
   5.95378876E-03
   5.96714020E-03
   6.29329681E-03
   9.73796844E-03
   9.84668732E-03
   9.89818573E-03
   1.16291046E-02
   1.18837357E-02
   1.44042969E-02
   1.52320862E-02
