#Npts     Radius    Mag      Completeness
#  115 1913.9053  -15.010000 1.000000
# Verr
  -3.26242447E-02
  -2.51169205E-02
  -1.43804550E-02
  -1.31378174E-02
  -1.27878189E-02
  -1.19371414E-02
  -1.03740692E-02
  -1.01203918E-02
  -9.87243652E-03
  -9.61494446E-03
  -9.35363770E-03
  -8.92448425E-03
  -8.86726379E-03
  -7.40051270E-03
  -6.73007965E-03
  -6.05010986E-03
  -5.59329987E-03
  -5.54752350E-03
  -5.00869751E-03
  -4.95433807E-03
  -4.63676453E-03
  -4.50611115E-03
  -4.42790985E-03
  -4.24194336E-03
  -4.22096252E-03
  -3.83853912E-03
  -3.70216370E-03
  -3.09562683E-03
  -3.07464600E-03
  -2.90584564E-03
  -1.90353394E-03
  -1.60408020E-03
  -1.60312653E-03
  -1.55544281E-03
  -1.54304504E-03
  -1.42574310E-03
  -1.31607056E-03
  -1.10149384E-03
  -1.00135803E-03
  -9.25064087E-04
  -8.34465027E-04
  -7.46726990E-04
  -6.64710999E-04
  -5.66482544E-04
  -4.58717346E-04
  -3.70025635E-04
  -3.54766846E-04
  -1.33514404E-04
  -3.14712524E-05
  -2.28881836E-05
   7.43865967E-05
   8.77380371E-05
   2.70843506E-04
   4.70161438E-04
   5.21659851E-04
   6.05583191E-04
   6.82830811E-04
   7.39097595E-04
   8.95500183E-04
   1.12247467E-03
   1.13391876E-03
   1.15585327E-03
   1.66988373E-03
   1.70135498E-03
   1.80053711E-03
   1.84249878E-03
   1.94072723E-03
   2.16484070E-03
   2.35843658E-03
   2.88295746E-03
   2.89249420E-03
   2.96115875E-03
   2.97832489E-03
   3.04412842E-03
   3.07941437E-03
   3.10993195E-03
   3.11374664E-03
   3.25775146E-03
   3.27110291E-03
   3.52096558E-03
   3.53813171E-03
   3.65257263E-03
   3.88145447E-03
   4.40979004E-03
   4.42409515E-03
   4.42695618E-03
   4.55951691E-03
   4.85515594E-03
   5.11741638E-03
   5.14888763E-03
   5.61428070E-03
   5.81836700E-03
   6.14738464E-03
   6.23416901E-03
   6.74724579E-03
   6.81972504E-03
   7.07530975E-03
   7.35855103E-03
   7.39002228E-03
   7.49492645E-03
   7.61222839E-03
   7.93266296E-03
   8.10050964E-03
   8.43715668E-03
   8.48960876E-03
   8.49151611E-03
   8.61644745E-03
   8.62693787E-03
   9.25827026E-03
   9.59873199E-03
   9.69123840E-03
   1.02663040E-02
   1.07316971E-02
   1.08833313E-02
   1.09796524E-02
