#Npts     Radius    Mag      Completeness
#  187 1495.2385  -14.355454 1.000000
# Verr
  -1.56393051E-02
  -1.36013031E-02
  -1.21164322E-02
  -1.18780136E-02
  -1.11303329E-02
  -1.08470917E-02
  -1.08432770E-02
  -1.07984543E-02
  -1.05562210E-02
  -1.03492737E-02
  -1.03282928E-02
  -1.02081299E-02
  -1.00326538E-02
  -9.42230225E-03
  -9.38224792E-03
  -9.27448273E-03
  -9.14192200E-03
  -8.87966156E-03
  -8.80241394E-03
  -8.78143311E-03
  -8.74328613E-03
  -8.72039795E-03
  -8.35609436E-03
  -8.15010071E-03
  -7.89642334E-03
  -7.76672363E-03
  -7.22789764E-03
  -7.08198547E-03
  -6.95037842E-03
  -6.93988800E-03
  -6.77013397E-03
  -6.69956207E-03
  -6.53648376E-03
  -6.52313232E-03
  -6.46018982E-03
  -6.41536713E-03
  -6.38008118E-03
  -6.32286072E-03
  -6.24561310E-03
  -6.23607635E-03
  -6.13880157E-03
  -6.08158112E-03
  -6.02340698E-03
  -5.97763062E-03
  -5.81169128E-03
  -5.76591492E-03
  -5.66768646E-03
  -5.65052032E-03
  -5.56755066E-03
  -5.55706024E-03
  -5.51319122E-03
  -5.31768799E-03
  -5.21945953E-03
  -5.18035889E-03
  -5.11455536E-03
  -4.90283966E-03
  -4.89330292E-03
  -4.82559204E-03
  -4.72927094E-03
  -4.59289551E-03
  -4.46987152E-03
  -4.27913666E-03
  -4.05502319E-03
  -3.98159027E-03
  -3.97682190E-03
  -3.88622284E-03
  -3.76319885E-03
  -3.71170044E-03
  -3.69167328E-03
  -3.48091125E-03
  -3.41510773E-03
  -3.39412689E-03
  -3.37696075E-03
  -3.33309174E-03
  -3.30543518E-03
  -3.11756134E-03
  -3.10897827E-03
  -3.06034088E-03
  -3.03173065E-03
  -2.98690796E-03
  -2.92301178E-03
  -2.91442871E-03
  -2.87055969E-03
  -2.81906128E-03
  -2.77614594E-03
  -2.71034241E-03
  -2.64358521E-03
  -2.57110596E-03
  -2.55393982E-03
  -2.49767303E-03
  -2.48813629E-03
  -2.44331360E-03
  -2.36701965E-03
  -2.30407715E-03
  -2.16960907E-03
  -2.11524963E-03
  -1.97696686E-03
  -1.71279907E-03
  -1.65081024E-03
  -1.63936615E-03
  -1.30271912E-03
  -1.28555298E-03
  -9.86099243E-04
  -9.86099243E-04
  -9.20295715E-04
  -9.14573669E-04
  -7.85827637E-04
  -7.79151917E-04
  -7.32421875E-04
  -7.27653503E-04
  -7.16209412E-04
  -6.42776489E-04
  -6.39915466E-04
  -4.48226929E-04
  -4.10079956E-04
  -2.95639038E-04
  -2.88009644E-04
  -2.78472900E-04
  -2.19345093E-04
  -1.86920166E-04
   5.05447388E-05
   1.33514404E-04
   1.47819519E-04
   1.65939331E-04
   1.98364258E-04
   1.99317932E-04
   2.70843506E-04
   4.12940979E-04
   4.25338745E-04
   5.15937805E-04
   6.23703003E-04
   6.93321228E-04
   7.70568848E-04
   8.85963440E-04
   1.05285645E-03
   1.26361847E-03
   1.50108337E-03
   1.54876709E-03
   1.55162811E-03
   1.60026550E-03
   1.64985657E-03
   1.68800354E-03
   1.76048279E-03
   1.76525116E-03
   1.82914734E-03
   1.92165375E-03
   1.97219849E-03
   1.97315216E-03
   2.18772888E-03
   2.28977203E-03
   2.68268585E-03
   2.78282166E-03
   2.80284882E-03
   2.81810760E-03
   2.90775299E-03
   3.18527222E-03
   3.20816040E-03
   3.39317322E-03
   3.42369080E-03
   3.42941284E-03
   3.59535217E-03
   3.62873077E-03
   3.70502472E-03
   3.90720367E-03
   4.00638580E-03
   4.14276123E-03
   4.19902802E-03
   4.53090668E-03
   4.73117828E-03
   4.84180450E-03
   5.00011444E-03
   5.23471832E-03
   5.36060333E-03
   5.79452515E-03
   6.75296783E-03
   6.79492950E-03
   1.05953217E-02
   1.12190247E-02
   1.13439560E-02
   1.35908127E-02
   1.42850876E-02
   1.44977570E-02
   1.47495270E-02
   1.72643661E-02
   2.22034454E-02
   3.18489075E-02
   3.95870209E-02
