#Npts     Radius    Mag      Completeness
#   61 1495.2385  -14.791819 1.000000
# Verr
  -3.43322754E-02
  -2.56376266E-02
  -2.46133804E-02
  -2.24514008E-02
  -1.50203705E-02
  -1.25970840E-02
  -1.17578506E-02
  -9.56630707E-03
  -8.38279724E-03
  -7.82394409E-03
  -6.66999817E-03
  -5.57136536E-03
  -3.85379791E-03
  -3.25775146E-03
  -3.13377380E-03
  -3.05557251E-03
  -2.17056274E-03
  -2.11715698E-03
  -2.03895569E-03
  -1.68609619E-03
  -1.45721436E-03
  -9.15527344E-04
  -7.45773315E-04
  -7.40051270E-04
  -7.15255737E-04
  -6.11305237E-04
  -5.41687012E-04
  -2.47001648E-04
  -1.84059143E-04
  -1.57356262E-04
  -1.15394592E-04
   3.14712524E-05
   1.85966492E-04
   1.12819672E-03
   1.16062164E-03
   1.43909454E-03
   1.87873840E-03
   2.19249725E-03
   2.20584869E-03
   2.36225128E-03
   2.46810913E-03
   2.51388550E-03
   2.77233124E-03
   3.10707092E-03
   3.14331055E-03
   3.33213806E-03
   3.50570679E-03
   3.58295441E-03
   3.59630585E-03
   4.28581238E-03
   4.49371338E-03
   4.71973419E-03
   4.76551056E-03
   5.64956665E-03
   5.67436218E-03
   6.11591339E-03
   6.21414185E-03
   6.44302368E-03
   1.26142502E-02
   1.28364563E-02
   1.40380859E-02
