#Npts     Radius    Mag      Completeness
#  106  867.2384  -14.791819 1.000000
# Verr
  -2.99081802E-02
  -2.67572403E-02
  -2.29196548E-02
  -2.25620270E-02
  -1.88379288E-02
  -1.81608200E-02
  -1.81512833E-02
  -1.65119171E-02
  -1.56908035E-02
  -1.51538849E-02
  -1.47981644E-02
  -1.34353638E-02
  -1.11551285E-02
  -9.31262970E-03
  -8.90827179E-03
  -7.77149200E-03
  -7.10201263E-03
  -6.38294220E-03
  -5.97858429E-03
  -5.89752197E-03
  -5.83934784E-03
  -5.71537018E-03
  -5.16700745E-03
  -4.02069092E-03
  -3.66973877E-03
  -3.27301025E-03
  -2.03895569E-03
  -2.02846527E-03
  -1.96075439E-03
  -1.65367126E-03
  -1.64699554E-03
  -1.00517273E-03
  -6.11305237E-04
  -2.55584717E-04
  -2.53677368E-04
  -1.38282776E-04
   8.27789307E-04
   1.21498108E-03
   1.42002106E-03
   1.53350830E-03
   1.98364258E-03
   2.47955322E-03
   2.66647339E-03
   2.75421143E-03
   2.76374817E-03
   2.82669067E-03
   3.03554535E-03
   3.12328339E-03
   3.36170197E-03
   3.70788574E-03
   4.21428680E-03
   4.43935394E-03
   4.59861755E-03
   4.62245941E-03
   5.03158569E-03
   5.04589081E-03
   5.11550903E-03
   5.19657135E-03
   5.28144836E-03
   5.72681427E-03
   5.83457947E-03
   5.94615936E-03
   6.07109070E-03
   6.14166260E-03
   6.22272491E-03
   6.27326965E-03
   7.05718994E-03
   7.43007660E-03
   7.70950317E-03
   7.88688660E-03
   8.17489624E-03
   8.47053528E-03
   8.57925415E-03
   8.93783569E-03
   9.46044922E-03
   9.66930389E-03
   1.01785660E-02
   1.02834702E-02
   1.07212067E-02
   1.19094849E-02
   1.29995346E-02
   1.32961273E-02
   1.33256912E-02
   1.42145157E-02
   1.45015717E-02
   1.48811340E-02
   1.49860382E-02
   1.67903900E-02
   1.68313980E-02
   1.71461105E-02
   1.71842575E-02
   1.75819397E-02
   1.78050995E-02
   1.84650421E-02
   1.86586380E-02
   2.00767517E-02
   2.08034515E-02
   2.09732056E-02
   2.11915970E-02
   2.18343735E-02
   2.80838013E-02
   3.10754776E-02
   3.35235596E-02
   3.51619720E-02
   3.55768204E-02
   3.60994339E-02
