#Npts     Radius    Mag      Completeness
#  302 1076.5718  -14.137273 1.000000
# Verr
  -1.82247162E-02
  -1.82209015E-02
  -1.66130066E-02
  -1.59130096E-02
  -1.49230957E-02
  -1.29137039E-02
  -1.10731125E-02
  -1.07755661E-02
  -1.05247498E-02
  -1.04818344E-02
  -9.61685181E-03
  -9.45091248E-03
  -9.23252106E-03
  -9.18292999E-03
  -9.15527344E-03
  -9.11331177E-03
  -9.02366638E-03
  -8.54969025E-03
  -8.54396820E-03
  -8.38565826E-03
  -8.02516937E-03
  -7.91549683E-03
  -7.67326355E-03
  -7.62748718E-03
  -7.61795044E-03
  -7.42530823E-03
  -7.33757019E-03
  -7.31849670E-03
  -7.22789764E-03
  -7.08675385E-03
  -7.06291199E-03
  -7.04956055E-03
  -7.00473785E-03
  -6.91032410E-03
  -6.84165955E-03
  -6.66332245E-03
  -6.61659241E-03
  -6.61659241E-03
  -6.39629364E-03
  -6.28089905E-03
  -6.27136230E-03
  -6.26087189E-03
  -6.21509552E-03
  -6.15215302E-03
  -6.03675842E-03
  -5.87463379E-03
  -5.87081909E-03
  -5.85556030E-03
  -5.81932068E-03
  -5.80978394E-03
  -5.70964813E-03
  -5.59997559E-03
  -5.34057617E-03
  -5.33866882E-03
  -5.30624390E-03
  -5.29670715E-03
  -5.26714325E-03
  -5.21373749E-03
  -5.19466400E-03
  -5.18321991E-03
  -5.11932373E-03
  -5.11264801E-03
  -5.11264801E-03
  -5.08022308E-03
  -5.00202179E-03
  -5.00106812E-03
  -4.86755371E-03
  -4.84275818E-03
  -4.71591949E-03
  -4.62722778E-03
  -4.61673737E-03
  -4.60243225E-03
  -4.54998016E-03
  -4.44126129E-03
  -4.32777405E-03
  -4.20665741E-03
  -4.19712067E-03
  -4.16660309E-03
  -4.15515900E-03
  -4.09889221E-03
  -4.04930115E-03
  -4.02069092E-03
  -3.99303436E-03
  -3.97396088E-03
  -3.95298004E-03
  -3.89385223E-03
  -3.88813019E-03
  -3.80039215E-03
  -3.66878510E-03
  -3.62682343E-03
  -3.61728668E-03
  -3.53813171E-03
  -3.49235535E-03
  -3.45325470E-03
  -3.43418121E-03
  -3.42559814E-03
  -3.36265564E-03
  -3.24916840E-03
  -3.19576263E-03
  -3.18717957E-03
  -3.10707092E-03
  -2.97355652E-03
  -2.94494629E-03
  -2.93350220E-03
  -2.82955170E-03
  -2.78568268E-03
  -2.77519226E-03
  -2.76279449E-03
  -2.75897980E-03
  -2.66456604E-03
  -2.57110596E-03
  -2.55203247E-03
  -2.53295898E-03
  -2.48050690E-03
  -2.45761871E-03
  -2.43854523E-03
  -2.40898132E-03
  -2.39276886E-03
  -2.34031677E-03
  -2.27165222E-03
  -2.24304199E-03
  -2.23064423E-03
  -2.11620331E-03
  -2.04277039E-03
  -1.97410583E-03
  -1.93881989E-03
  -1.89304352E-03
  -1.88159943E-03
  -1.87778473E-03
  -1.81674957E-03
  -1.78146362E-03
  -1.65653229E-03
  -1.63650513E-03
  -1.62696838E-03
  -1.60026550E-03
  -1.59835815E-03
  -1.53541565E-03
  -1.51252747E-03
  -1.50394440E-03
  -1.36566162E-03
  -1.24073029E-03
  -1.19876862E-03
  -1.18541718E-03
  -1.03950500E-03
  -9.05990601E-04
  -8.00132751E-04
  -7.50541687E-04
  -7.18116760E-04
  -7.14302063E-04
  -7.12394714E-04
  -6.85691833E-04
  -6.84738159E-04
  -6.06536865E-04
  -6.00814819E-04
  -5.86509705E-04
  -5.52177429E-04
  -5.21659851E-04
  -4.91142273E-04
  -4.04357910E-04
  -3.90052795E-04
  -3.12805176E-04
  -2.74658203E-04
  -2.44140625E-04
  -2.36511230E-04
  -2.22206116E-04
  -1.19209290E-04
  -1.08718872E-04
  -9.34600830E-05
  -5.14984131E-05
  -2.95639038E-05
  -7.62939453E-06
  -3.81469727E-06
   8.96453857E-05
   1.09672546E-04
   1.77383423E-04
   2.04086304E-04
   2.65121460E-04
   2.85148621E-04
   2.94685364E-04
   3.29017639E-04
   3.39508057E-04
   3.46183777E-04
   3.66210938E-04
   4.11033630E-04
   4.29153442E-04
   4.78744507E-04
   4.87327576E-04
   5.89370728E-04
   6.76155090E-04
   7.76290894E-04
   7.93457031E-04
   8.27789307E-04
   9.30786133E-04
   9.42230225E-04
   9.63211060E-04
   1.02043152E-03
   1.07955933E-03
   1.22356415E-03
   1.24454498E-03
   1.29127502E-03
   1.33895874E-03
   1.45721436E-03
   1.58309937E-03
   1.65748596E-03
   1.70230865E-03
   1.73854828E-03
   2.04658508E-03
   2.10475922E-03
   2.14385986E-03
   2.16960907E-03
   2.17628479E-03
   2.21824646E-03
   2.25448608E-03
   2.30598450E-03
   2.34889984E-03
   2.46715546E-03
   2.49385834E-03
   2.86483765E-03
   2.92873383E-03
   2.92968750E-03
   2.94208527E-03
   2.95543671E-03
   2.95925140E-03
   2.98213959E-03
   2.99739838E-03
   3.02028656E-03
   3.08322906E-03
   3.18908691E-03
   3.20720673E-03
   3.28445435E-03
   3.36170197E-03
   3.38077545E-03
   3.40080261E-03
   3.45802307E-03
   3.55434418E-03
   3.57055664E-03
   3.57151031E-03
   3.62205505E-03
   3.65352631E-03
   3.91864777E-03
   3.93009186E-03
   4.16660309E-03
   4.18853760E-03
   4.23717499E-03
   4.39929962E-03
   4.40979004E-03
   4.40979004E-03
   4.41074371E-03
   4.41169739E-03
   4.48513031E-03
   4.62150574E-03
   5.32245636E-03
   5.52558899E-03
   5.55419922E-03
   5.58757782E-03
   5.69152832E-03
   5.84793091E-03
   5.92803955E-03
   6.24561310E-03
   6.56986237E-03
   6.81400299E-03
   6.91127777E-03
   6.96182251E-03
   7.18402863E-03
   7.35092163E-03
   7.71903992E-03
   7.87067413E-03
   8.14056396E-03
   8.23974609E-03
   8.45813751E-03
   8.52012634E-03
   8.69750977E-03
   8.76712799E-03
   8.79383087E-03
   8.86917114E-03
   9.15336609E-03
   9.57393646E-03
   1.04541779E-02
   1.10349655E-02
   1.14908218E-02
   1.24082565E-02
   1.24492645E-02
   1.28040314E-02
   1.29241943E-02
   1.35059357E-02
   1.37176514E-02
   1.39675140E-02
   1.40209198E-02
   1.44615173E-02
   1.66254044E-02
   1.68018341E-02
   1.86958313E-02
   1.89094543E-02
   1.96475983E-02
   1.97315216E-02
   1.97849274E-02
   2.00634003E-02
   2.01787949E-02
   2.06089020E-02
   2.91748047E-02
   3.53803635E-02
   3.68490219E-02
