#Npts     Radius    Mag      Completeness
#   43 2969.6194  -13.856182 1.000000
# Verr
  -2.95162201E-03
  -2.31170654E-03
   5.40733337E-04
   1.89876556E-03
   2.68077850E-03
   3.83567810E-03
   4.76264954E-03
   4.87995148E-03
   5.26809692E-03
   5.67626953E-03
   5.98430634E-03
   6.06822968E-03
   6.13021851E-03
   8.20159912E-03
   8.20827484E-03
   8.64315033E-03
   8.64791870E-03
   8.98456573E-03
   9.32788849E-03
   9.95445251E-03
   1.01041794E-02
   1.02300644E-02
   1.03435516E-02
   1.04427338E-02
   1.14002228E-02
   1.21431351E-02
   1.35307312E-02
   1.44720078E-02
   1.45711899E-02
   1.47418976E-02
   1.55420303E-02
   1.58004761E-02
   1.63984299E-02
   1.71575546E-02
   1.78432465E-02
   1.81627274E-02
   1.92346573E-02
   1.96733475E-02
   2.01120377E-02
   2.14853287E-02
   2.18725204E-02
   2.41107941E-02
   2.82096863E-02
