#Npts     Radius    Mag      Completeness
#   52 1692.6829  -13.856182 1.000000
# Verr
  -7.47966766E-03
  -5.99098206E-03
  -5.99098206E-03
  -5.16510010E-03
  -3.79371643E-03
  -2.37369537E-03
  -1.31893158E-03
   1.34372711E-03
   1.54209137E-03
   1.66320801E-03
   2.57778168E-03
   3.40938568E-03
   3.90338898E-03
   4.10842896E-03
   5.88798523E-03
   6.33621216E-03
   6.76918030E-03
   8.14628601E-03
   8.30364227E-03
   8.72898102E-03
   8.85200500E-03
   9.47761536E-03
   9.68742371E-03
   1.09739304E-02
   1.10635757E-02
   1.10826492E-02
   1.11484528E-02
   1.12037659E-02
   1.13000870E-02
   1.14669800E-02
   1.16643906E-02
   1.23958588E-02
   1.28927231E-02
   1.32894516E-02
   1.35536194E-02
   1.43642426E-02
   1.46274567E-02
   1.52263641E-02
   1.53408051E-02
   1.69219971E-02
   1.73072815E-02
   1.75323486E-02
   1.80568695E-02
   1.83916092E-02
   1.92956924E-02
   1.93052292E-02
   1.98383331E-02
   2.23922729E-02
   2.31428146E-02
   2.41622925E-02
   2.47735977E-02
   2.96316147E-02
