#Npts     Radius    Mag      Completeness
#  449 1276.9363  -12.428909 1.000000
# Verr
  -3.22618484E-02
  -2.84204483E-02
  -2.04467773E-02
  -2.00929642E-02
  -1.88188553E-02
  -1.87616348E-02
  -1.59273148E-02
  -1.55420303E-02
  -1.48420334E-02
  -1.45816803E-02
  -1.37338638E-02
  -1.25331879E-02
  -1.23958588E-02
  -1.22308731E-02
  -1.21040344E-02
  -1.20134354E-02
  -1.16844177E-02
  -1.12342834E-02
  -1.07660294E-02
  -1.07145309E-02
  -1.05257034E-02
  -1.03302002E-02
  -1.00831985E-02
  -9.60826874E-03
  -9.46521759E-03
  -9.11140442E-03
  -9.08470154E-03
  -9.05132294E-03
  -8.98170471E-03
  -8.61358643E-03
  -8.36849213E-03
  -8.36372375E-03
  -8.35132599E-03
  -8.28456879E-03
  -8.24451447E-03
  -8.09288025E-03
  -7.71617889E-03
  -7.61508942E-03
  -7.50255585E-03
  -7.44056702E-03
  -7.32040405E-03
  -7.23457336E-03
  -7.21073151E-03
  -7.11822510E-03
  -6.99710846E-03
  -6.94084167E-03
  -6.80255890E-03
  -6.76441193E-03
  -6.61754608E-03
  -6.37245178E-03
  -6.36005402E-03
  -6.34574890E-03
  -6.25133514E-03
  -6.24465942E-03
  -6.23226166E-03
  -6.21509552E-03
  -6.17694855E-03
  -6.13307953E-03
  -5.92613220E-03
  -5.88893890E-03
  -5.84506989E-03
  -5.78498840E-03
  -5.67626953E-03
  -5.62572479E-03
  -5.62191010E-03
  -5.61714172E-03
  -5.59997559E-03
  -5.45692444E-03
  -5.44452667E-03
  -5.40256500E-03
  -5.39398193E-03
  -5.25379181E-03
  -5.25283813E-03
  -5.14125824E-03
  -5.12790680E-03
  -5.12218475E-03
  -4.93431091E-03
  -4.70733643E-03
  -4.70256805E-03
  -4.56428528E-03
  -4.52995300E-03
  -4.41551208E-03
  -4.41551208E-03
  -4.26292419E-03
  -4.24957275E-03
  -4.22000885E-03
  -4.19330597E-03
  -4.11987305E-03
  -4.06551361E-03
  -3.99112701E-03
  -3.91578674E-03
  -3.79753113E-03
  -3.79371643E-03
  -3.59249115E-03
  -3.59153748E-03
  -3.58867645E-03
  -3.57246399E-03
  -3.48186493E-03
  -3.48186493E-03
  -3.32164764E-03
  -3.21292877E-03
  -3.20529938E-03
  -3.07464600E-03
  -3.04126740E-03
  -3.01647186E-03
  -2.99644470E-03
  -2.97927856E-03
  -2.95257568E-03
  -2.94017792E-03
  -2.91919708E-03
  -2.78377533E-03
  -2.76660919E-03
  -2.67791748E-03
  -2.62451172E-03
  -2.62451172E-03
  -2.59780884E-03
  -2.55012512E-03
  -2.51770020E-03
  -2.50720978E-03
  -2.45094299E-03
  -2.42233276E-03
  -2.42042542E-03
  -2.39276886E-03
  -2.37560272E-03
  -2.37369537E-03
  -2.34889984E-03
  -2.31742859E-03
  -2.31456757E-03
  -2.30503082E-03
  -2.24399567E-03
  -2.24018097E-03
  -2.12574005E-03
  -2.04563141E-03
  -2.04181671E-03
  -2.00748444E-03
  -1.97792053E-03
  -1.95598602E-03
  -1.91211700E-03
  -1.88064575E-03
  -1.81102753E-03
  -1.79386139E-03
  -1.77383423E-03
  -1.69277191E-03
  -1.65653229E-03
  -1.63555145E-03
  -1.61743164E-03
  -1.61361694E-03
  -1.59645081E-03
  -1.57737732E-03
  -1.56688690E-03
  -1.50489807E-03
  -1.48773193E-03
  -1.45435333E-03
  -1.35993958E-03
  -1.28746033E-03
  -1.27792358E-03
  -1.27220154E-03
  -1.18637085E-03
  -1.13105774E-03
  -1.05762482E-03
  -1.05285645E-03
  -1.04427338E-03
  -1.03855133E-03
  -1.01375580E-03
  -9.84191895E-04
  -9.46044922E-04
  -9.23156738E-04
  -9.14573669E-04
  -8.90731812E-04
  -8.76426697E-04
  -7.87734985E-04
  -7.86781311E-04
  -7.63893127E-04
  -7.57217407E-04
  -7.55310059E-04
  -7.46726990E-04
  -6.63757324E-04
  -6.28471375E-04
  -5.76019287E-04
  -5.10215759E-04
  -4.51087952E-04
  -3.53813171E-04
  -3.52859497E-04
  -3.36647034E-04
  -3.04222107E-04
  -2.96592712E-04
  -2.80380249E-04
  -2.47955322E-04
  -2.41279602E-04
  -2.15530396E-04
  -6.86645508E-05
  -4.48226929E-05
   4.19616699E-05
   7.82012939E-05
   1.14440918E-04
   1.31607056E-04
   1.35421753E-04
   1.37329102E-04
   1.45912170E-04
   1.66893005E-04
   1.77383423E-04
   1.89781189E-04
   2.50816345E-04
   2.50816345E-04
   2.84194946E-04
   2.85148621E-04
   3.13758850E-04
   3.29017639E-04
   3.50952148E-04
   3.76701355E-04
   3.85284424E-04
   3.86238098E-04
   4.13894653E-04
   4.29153442E-04
   4.62532043E-04
   5.41687012E-04
   5.47409058E-04
   5.84602356E-04
   5.91278076E-04
   5.91278076E-04
   6.47544861E-04
   6.90460205E-04
   7.27653503E-04
   7.40051270E-04
   7.80105591E-04
   8.39233398E-04
   9.12666321E-04
   9.28878784E-04
   1.02806091E-03
   1.03950500E-03
   1.09481812E-03
   1.11198425E-03
   1.17874146E-03
   1.20353699E-03
   1.34849548E-03
   1.35803223E-03
   1.49726868E-03
   1.54590607E-03
   1.58882141E-03
   1.60312653E-03
   1.62124634E-03
   1.64985657E-03
   1.64985657E-03
   1.67846680E-03
   1.67846680E-03
   1.73664093E-03
   1.75094604E-03
   1.80721283E-03
   1.89399719E-03
   1.91497803E-03
   1.92451477E-03
   1.95598602E-03
   1.98078156E-03
   1.98650360E-03
   2.07138062E-03
   2.11048126E-03
   2.17723846E-03
   2.21824646E-03
   2.23541260E-03
   2.30598450E-03
   2.31361389E-03
   2.39467621E-03
   2.40516663E-03
   2.41947174E-03
   2.63977051E-03
   2.68459320E-03
   2.69031525E-03
   2.76279449E-03
   2.76660919E-03
   2.79712677E-03
   2.88200378E-03
   2.92301178E-03
   3.07559967E-03
   3.18622589E-03
   3.26251984E-03
   3.32832336E-03
   3.34262848E-03
   3.34453583E-03
   3.37314606E-03
   3.38649750E-03
   3.46946716E-03
   3.47805023E-03
   3.50570679E-03
   3.51619720E-03
   3.53527069E-03
   3.54194641E-03
   3.54290009E-03
   3.56674194E-03
   3.67069244E-03
   3.67546082E-03
   3.68213654E-03
   3.70502472E-03
   3.73554230E-03
   3.75080109E-03
   3.83663177E-03
   3.84235382E-03
   3.92150879E-03
   3.93772125E-03
   4.19807434E-03
   4.21333313E-03
   4.29534912E-03
   4.29534912E-03
   4.30965424E-03
   4.30965424E-03
   4.44793701E-03
   4.45270538E-03
   4.47559357E-03
   4.52232361E-03
   4.63676453E-03
   4.70161438E-03
   4.72640991E-03
   4.74929810E-03
   4.77695465E-03
   4.80270386E-03
   4.84943390E-03
   4.93144989E-03
   4.94575500E-03
   5.00106812E-03
   5.04493713E-03
   5.06305695E-03
   5.06591797E-03
   5.12313843E-03
   5.18512726E-03
   5.21087646E-03
   5.21755219E-03
   5.28430939E-03
   5.32054901E-03
   5.35106659E-03
   5.38825989E-03
   5.53798676E-03
   5.61618805E-03
   5.71537018E-03
   5.75637817E-03
   5.77831268E-03
   5.86032867E-03
   5.91754913E-03
   6.00814819E-03
   6.03103638E-03
   6.06250763E-03
   6.09207153E-03
   6.22940063E-03
   6.28471375E-03
   6.32953644E-03
   6.33811951E-03
   6.36768341E-03
   6.36959076E-03
   6.40487671E-03
   6.41822815E-03
   6.42871857E-03
   6.44016266E-03
   6.46972656E-03
   6.52790070E-03
   6.64043427E-03
   6.66427612E-03
   6.67190552E-03
   6.69288635E-03
   6.75964355E-03
   6.78920746E-03
   6.80446625E-03
   6.89601898E-03
   6.97612762E-03
   6.97803497E-03
   7.05718994E-03
   7.13348389E-03
   7.19547272E-03
   7.20310211E-03
   7.20882416E-03
   7.34615326E-03
   7.36713409E-03
   7.39860535E-03
   7.40337372E-03
   7.53211975E-03
   7.59315491E-03
   7.59887695E-03
   7.60173798E-03
   7.67326355E-03
   7.76863098E-03
   7.84492493E-03
   8.01277161E-03
   8.04615021E-03
   8.10718536E-03
   8.15010071E-03
   8.22544098E-03
   8.24451447E-03
   8.34941864E-03
   8.53538513E-03
   8.66222382E-03
   8.66699219E-03
   8.80241394E-03
   8.81290436E-03
   8.86344910E-03
   8.89205933E-03
   9.03034210E-03
   9.03224945E-03
   9.05513763E-03
   9.12952423E-03
   9.16099548E-03
   9.26017761E-03
   9.48905945E-03
   9.62829590E-03
   9.75894928E-03
   9.83047485E-03
   1.00517273E-02
   1.01280212E-02
   1.02386475E-02
   1.04255676E-02
   1.04608536E-02
   1.06277466E-02
   1.06935501E-02
   1.08718872E-02
   1.10378265E-02
   1.10826492E-02
   1.11675262E-02
   1.12428665E-02
   1.12686157E-02
   1.15842819E-02
   1.17282867E-02
   1.21135712E-02
   1.23796463E-02
   1.25608444E-02
   1.25827789E-02
   1.25856400E-02
   1.28679276E-02
   1.37462616E-02
   1.40790939E-02
   1.41439438E-02
   1.42030716E-02
   1.43852234E-02
   1.51805878E-02
   1.52473450E-02
   1.53474808E-02
   1.54886246E-02
   1.55439377E-02
   1.61800385E-02
   1.69181824E-02
   1.92956924E-02
   1.94530487E-02
   2.06775665E-02
   2.06995010E-02
   2.14653015E-02
   2.15053558E-02
   2.22454071E-02
   2.39486694E-02
   2.62012482E-02
   2.81963348E-02
   2.82545090E-02
   2.94713974E-02
   2.98471451E-02
   3.46107483E-02
