#Npts     Radius    Mag      Completeness
#  326  657.9050  -15.010000 1.000000
# Verr
  -3.92961502E-02
  -3.91273499E-02
  -3.68728638E-02
  -3.57856750E-02
  -3.57036591E-02
  -3.05910110E-02
  -3.00636292E-02
  -2.96630859E-02
  -2.93922424E-02
  -2.79855728E-02
  -2.70071030E-02
  -2.67047882E-02
  -2.60095596E-02
  -2.51502991E-02
  -2.46152878E-02
  -2.30293274E-02
  -2.27594376E-02
  -2.03647614E-02
  -1.89380646E-02
  -1.85346603E-02
  -1.83753967E-02
  -1.81341171E-02
  -1.80263519E-02
  -1.76773071E-02
  -1.76115036E-02
  -1.75619125E-02
  -1.75342560E-02
  -1.67369843E-02
  -1.64947510E-02
  -1.63249969E-02
  -1.53236389E-02
  -1.36947632E-02
  -1.35917664E-02
  -1.33543015E-02
  -1.33180618E-02
  -1.31015778E-02
  -1.29079819E-02
  -1.26991272E-02
  -1.21459961E-02
  -1.21049881E-02
  -1.19609833E-02
  -1.18598938E-02
  -1.09777451E-02
  -1.09653473E-02
  -1.06725693E-02
  -1.05123520E-02
  -1.03034973E-02
  -1.02748871E-02
  -1.02453232E-02
  -9.94586945E-03
  -9.94491577E-03
  -9.82189178E-03
  -9.39750671E-03
  -9.38701630E-03
  -9.37938690E-03
  -9.28306580E-03
  -9.18769836E-03
  -8.54301453E-03
  -8.25881958E-03
  -8.17012787E-03
  -8.12721252E-03
  -7.92694092E-03
  -6.93321228E-03
  -6.85024261E-03
  -6.60896301E-03
  -6.42585754E-03
  -6.29711151E-03
  -5.97381592E-03
  -5.77354431E-03
  -5.76114655E-03
  -5.75923920E-03
  -5.56755066E-03
  -5.55610657E-03
  -5.51795959E-03
  -5.11646271E-03
  -4.88090515E-03
  -4.82749939E-03
  -4.72545624E-03
  -4.72354889E-03
  -4.65488434E-03
  -4.63390350E-03
  -4.61578369E-03
  -4.58526611E-03
  -4.53662872E-03
  -4.50515747E-03
  -4.36878204E-03
  -4.35161591E-03
  -4.22286987E-03
  -4.20188904E-03
  -4.17232513E-03
  -4.12845612E-03
  -4.04262543E-03
  -4.02736664E-03
  -3.94248962E-03
  -3.93009186E-03
  -3.56197357E-03
  -3.49044800E-03
  -3.33976746E-03
  -3.31401825E-03
  -3.15666199E-03
  -3.12042236E-03
  -2.89726257E-03
  -2.89058685E-03
  -2.86197662E-03
  -2.49576569E-03
  -2.14576721E-03
  -2.11143494E-03
  -1.98078156E-03
  -1.91688538E-03
  -1.84822083E-03
  -1.84154510E-03
  -1.79767609E-03
  -1.68323517E-03
  -1.61552429E-03
  -1.61075592E-03
  -1.52969360E-03
  -1.48582458E-03
  -1.48296356E-03
  -1.44863129E-03
  -1.39236450E-03
  -1.39236450E-03
  -1.38568878E-03
  -1.27983093E-03
  -1.26934052E-03
  -1.26266479E-03
  -1.10912323E-03
  -1.07479095E-03
  -1.06906891E-03
  -8.88824463E-04
  -8.54492188E-04
  -8.17298889E-04
  -7.14302063E-04
  -5.87463379E-04
  -5.32150269E-04
  -5.04493713E-04
  -4.95910645E-04
  -4.86373901E-04
  -4.47273254E-04
  -3.64303589E-04
  -1.14440918E-05
  -3.81469727E-06
   1.24931335E-04
   1.44004822E-04
   2.32696533E-04
   2.33650208E-04
   2.61306763E-04
   3.70979309E-04
   3.77655029E-04
   4.68254089E-04
   4.70161438E-04
   5.90324402E-04
   5.93185425E-04
   6.71386719E-04
   6.74247742E-04
   6.96182251E-04
   7.30514526E-04
   7.53402710E-04
   8.64028931E-04
   8.83102417E-04
   8.94546509E-04
   1.02996826E-03
   1.08718872E-03
   1.10816956E-03
   1.37329102E-03
   1.37901306E-03
   1.44767761E-03
   1.46579742E-03
   1.51729584E-03
   1.59358978E-03
   1.67751312E-03
   1.69658661E-03
   1.77288055E-03
   1.80053711E-03
   1.87683105E-03
   1.88732147E-03
   1.91593170E-03
   2.02655792E-03
   2.05516815E-03
   2.11906433E-03
   2.15244293E-03
   2.15816498E-03
   2.26974487E-03
   2.28786469E-03
   2.29072571E-03
   2.55298615E-03
   2.57110596E-03
   2.81143188E-03
   2.85434723E-03
   2.96115875E-03
   2.97451019E-03
   3.07655334E-03
   3.27682495E-03
   3.40080261E-03
   3.42464447E-03
   3.43227386E-03
   3.49235535E-03
   3.50856781E-03
   3.58200073E-03
   3.66592407E-03
   3.80897522E-03
   3.81278992E-03
   3.82041931E-03
   3.94153595E-03
   4.17327881E-03
   4.23240662E-03
   4.58335876E-03
   4.69303131E-03
   4.80842590E-03
   4.85706329E-03
   4.95243073E-03
   4.97341156E-03
   5.06496429E-03
   5.07545471E-03
   5.19943237E-03
   5.28812408E-03
   5.28907776E-03
   5.28907776E-03
   5.39684296E-03
   5.39779663E-03
   5.51509857E-03
   5.54370880E-03
   5.62572479E-03
   5.65433502E-03
   5.73539734E-03
   5.81932068E-03
   5.90991974E-03
   5.94043732E-03
   6.01100922E-03
   6.05487823E-03
   6.19220734E-03
   6.20841980E-03
   6.40201569E-03
   6.42013550E-03
   6.52408600E-03
   6.53648376E-03
   6.66713715E-03
   6.79969788E-03
   6.89125061E-03
   6.91604614E-03
   6.92176819E-03
   6.99138641E-03
   7.02762604E-03
   7.28988647E-03
   7.34233856E-03
   7.40242004E-03
   7.60650635E-03
   7.66468048E-03
   7.73715973E-03
   7.99751282E-03
   8.06713104E-03
   8.10527802E-03
   8.16059113E-03
   8.16440582E-03
   8.23307037E-03
   8.24546814E-03
   8.29029083E-03
   8.38375092E-03
   8.41045380E-03
   8.44097137E-03
   8.74614716E-03
   8.88919830E-03
   8.94069672E-03
   9.10282135E-03
   9.20104980E-03
   9.20963287E-03
   9.27066803E-03
   9.30118561E-03
   9.30595398E-03
   9.34123993E-03
   9.46617126E-03
   9.79614258E-03
   9.89723206E-03
   1.02329254E-02
   1.02348328E-02
   1.03855133E-02
   1.03960037E-02
   1.06525421E-02
   1.09100342E-02
   1.10301971E-02
   1.10788345E-02
   1.11474991E-02
   1.12676620E-02
   1.14336014E-02
   1.14564896E-02
   1.17654800E-02
   1.20935440E-02
   1.21936798E-02
   1.22985840E-02
   1.24683380E-02
   1.30081177E-02
   1.30691528E-02
   1.32465363E-02
   1.37710571E-02
   1.39379501E-02
   1.40819550E-02
   1.43604279E-02
   1.48353577E-02
   1.57051086E-02
   1.58309937E-02
   1.61056519E-02
   1.61485672E-02
   1.66749954E-02
   1.69553757E-02
   1.69553757E-02
   1.70383453E-02
   1.70774460E-02
   1.72672272E-02
   1.81522369E-02
   1.84974670E-02
   1.86023712E-02
   1.88074112E-02
   1.93634033E-02
   1.94997787E-02
   1.95360184E-02
   2.05402374E-02
   2.17981339E-02
   2.20966339E-02
   2.31523514E-02
   2.32210159E-02
   2.47936249E-02
   2.53171921E-02
   2.54659653E-02
   2.94275284E-02
   3.02639008E-02
   3.11059952E-02
   3.31640244E-02
