#Npts     Radius    Mag      Completeness
# 1098  445.4429  -12.428909 1.000000
# Verr
  -3.65514755E-02
  -3.62062454E-02
  -3.60755920E-02
  -3.59792709E-02
  -3.59401703E-02
  -3.58991623E-02
  -3.55310440E-02
  -3.54461670E-02
  -3.50551605E-02
  -3.49922180E-02
  -3.48577499E-02
  -3.46698761E-02
  -3.44810486E-02
  -3.44190598E-02
  -3.33862305E-02
  -3.32880020E-02
  -3.31735611E-02
  -3.26185226E-02
  -3.25584412E-02
  -3.21483612E-02
  -3.20119858E-02
  -3.17411423E-02
  -3.16495895E-02
  -3.10363770E-02
  -3.07178497E-02
  -3.06453705E-02
  -3.06272507E-02
  -3.02782059E-02
  -2.99320221E-02
  -2.99062729E-02
  -2.98013687E-02
  -2.97088623E-02
  -2.94504166E-02
  -2.92501450E-02
  -2.90641785E-02
  -2.87513733E-02
  -2.86769867E-02
  -2.86750793E-02
  -2.85348892E-02
  -2.83737183E-02
  -2.77538300E-02
  -2.74267197E-02
  -2.74114609E-02
  -2.72397995E-02
  -2.66799927E-02
  -2.64739990E-02
  -2.63309479E-02
  -2.61611938E-02
  -2.61068344E-02
  -2.60314941E-02
  -2.60133743E-02
  -2.58913040E-02
  -2.58741379E-02
  -2.58445740E-02
  -2.58436203E-02
  -2.57654190E-02
  -2.54259109E-02
  -2.52466202E-02
  -2.49252319E-02
  -2.45828629E-02
  -2.43215561E-02
  -2.38285065E-02
  -2.35519409E-02
  -2.34031677E-02
  -2.33449936E-02
  -2.33364105E-02
  -2.32582092E-02
  -2.32553482E-02
  -2.32391357E-02
  -2.31380463E-02
  -2.31332779E-02
  -2.30846405E-02
  -2.29597092E-02
  -2.23417282E-02
  -2.21004486E-02
  -2.20127106E-02
  -2.19545364E-02
  -2.19192505E-02
  -2.18496323E-02
  -2.16760635E-02
  -2.16169357E-02
  -2.11305618E-02
  -2.10218430E-02
  -2.09903717E-02
  -2.09579468E-02
  -2.09007263E-02
  -2.08606720E-02
  -2.07614899E-02
  -2.07147598E-02
  -2.05841064E-02
  -2.04839706E-02
  -2.03361511E-02
  -2.02531815E-02
  -2.02341080E-02
  -2.01206207E-02
  -2.00872421E-02
  -1.98535919E-02
  -1.97820663E-02
  -1.96332932E-02
  -1.94721222E-02
  -1.94158554E-02
  -1.93548203E-02
  -1.92785263E-02
  -1.92174911E-02
  -1.91335678E-02
  -1.91059113E-02
  -1.90639496E-02
  -1.90048218E-02
  -1.90010071E-02
  -1.88255310E-02
  -1.87158585E-02
  -1.84297562E-02
  -1.84116364E-02
  -1.84040070E-02
  -1.82952881E-02
  -1.82065964E-02
  -1.80196762E-02
  -1.79910660E-02
  -1.79796219E-02
  -1.77202225E-02
  -1.77021027E-02
  -1.75609589E-02
  -1.75361633E-02
  -1.73397064E-02
  -1.71813965E-02
  -1.71804428E-02
  -1.71470642E-02
  -1.71213150E-02
  -1.70993805E-02
  -1.70974731E-02
  -1.70450211E-02
  -1.70335770E-02
  -1.69811249E-02
  -1.68104172E-02
  -1.67741776E-02
  -1.66883469E-02
  -1.65786743E-02
  -1.65052414E-02
  -1.64270401E-02
  -1.62448883E-02
  -1.61294937E-02
  -1.61066055E-02
  -1.60808563E-02
  -1.59492493E-02
  -1.57136917E-02
  -1.56545639E-02
  -1.55076981E-02
  -1.54819489E-02
  -1.54819489E-02
  -1.54123306E-02
  -1.52988434E-02
  -1.52730942E-02
  -1.51557922E-02
  -1.51014328E-02
  -1.49507523E-02
  -1.49011612E-02
  -1.48534775E-02
  -1.48458481E-02
  -1.48191452E-02
  -1.48191452E-02
  -1.47438049E-02
  -1.47247314E-02
  -1.47161484E-02
  -1.46999359E-02
  -1.46627426E-02
  -1.46389008E-02
  -1.46188736E-02
  -1.45816803E-02
  -1.45416260E-02
  -1.44472122E-02
  -1.44243240E-02
  -1.44052505E-02
  -1.43833160E-02
  -1.42602921E-02
  -1.38692856E-02
  -1.38063431E-02
  -1.37767792E-02
  -1.36585236E-02
  -1.35879517E-02
  -1.35879517E-02
  -1.35202408E-02
  -1.33781433E-02
  -1.32503510E-02
  -1.32303238E-02
  -1.31702423E-02
  -1.31616592E-02
  -1.31092072E-02
  -1.31072998E-02
  -1.28812790E-02
  -1.28612518E-02
  -1.27906799E-02
  -1.27782822E-02
  -1.27534866E-02
  -1.26943588E-02
  -1.26514435E-02
  -1.25770569E-02
  -1.25036240E-02
  -1.24502182E-02
  -1.24092102E-02
  -1.23758316E-02
  -1.23205185E-02
  -1.22776031E-02
  -1.21688843E-02
  -1.20334625E-02
  -1.19600296E-02
  -1.18541718E-02
  -1.18532181E-02
  -1.18398666E-02
  -1.18331909E-02
  -1.18217468E-02
  -1.17168427E-02
  -1.16205215E-02
  -1.16014481E-02
  -1.14774704E-02
  -1.14440918E-02
  -1.14297867E-02
  -1.14154816E-02
  -1.13983154E-02
  -1.13916397E-02
  -1.13897324E-02
  -1.13849640E-02
  -1.13220215E-02
  -1.12991333E-02
  -1.11551285E-02
  -1.11312866E-02
  -1.11141205E-02
  -1.11055374E-02
  -1.09872818E-02
  -1.09367371E-02
  -1.08423233E-02
  -1.08118057E-02
  -1.07984543E-02
  -1.07803345E-02
  -1.07717514E-02
  -1.06287003E-02
  -1.06105804E-02
  -1.06096268E-02
  -1.05781555E-02
  -1.05762482E-02
  -1.05514526E-02
  -1.04875565E-02
  -1.04789734E-02
  -1.04103088E-02
  -1.03731155E-02
  -1.02882385E-02
  -1.02405548E-02
  -1.02214813E-02
  -1.01890564E-02
  -1.01518631E-02
  -1.01232529E-02
  -1.00879669E-02
  -1.00622177E-02
  -9.98973846E-03
  -9.98878479E-03
  -9.98592377E-03
  -9.96398926E-03
  -9.95922089E-03
  -9.95159149E-03
  -9.92584229E-03
  -9.88674164E-03
  -9.86576080E-03
  -9.83142853E-03
  -9.75608826E-03
  -9.62734222E-03
  -9.59491730E-03
  -9.51004028E-03
  -9.42420959E-03
  -9.40704346E-03
  -9.37175751E-03
  -9.36412811E-03
  -9.33074951E-03
  -9.31835175E-03
  -9.26208496E-03
  -9.25445557E-03
  -9.24015045E-03
  -9.21154022E-03
  -9.12857056E-03
  -9.12475586E-03
  -9.11331177E-03
  -9.07802582E-03
  -9.06658173E-03
  -9.04655457E-03
  -8.99028778E-03
  -8.99028778E-03
  -8.93497467E-03
  -8.90445709E-03
  -8.89682770E-03
  -8.84532928E-03
  -8.79096985E-03
  -8.64601135E-03
  -8.63552094E-03
  -8.61358643E-03
  -8.60023499E-03
  -8.58497620E-03
  -8.58306885E-03
  -8.54206085E-03
  -8.52870941E-03
  -8.49533081E-03
  -8.42666626E-03
  -8.38756561E-03
  -8.37039948E-03
  -8.33225250E-03
  -8.30364227E-03
  -8.13674927E-03
  -7.83824921E-03
  -7.77244568E-03
  -7.76576996E-03
  -7.71141052E-03
  -7.65228271E-03
  -7.59410858E-03
  -7.55977631E-03
  -7.55023956E-03
  -7.49778748E-03
  -7.49778748E-03
  -7.47108459E-03
  -7.40909576E-03
  -7.40909576E-03
  -7.40051270E-03
  -7.39479065E-03
  -7.37857819E-03
  -7.28702545E-03
  -7.26318359E-03
  -7.26318359E-03
  -7.17353821E-03
  -7.16590881E-03
  -7.14492798E-03
  -7.09724426E-03
  -7.08770752E-03
  -7.05623627E-03
  -7.03144073E-03
  -6.94370270E-03
  -6.94370270E-03
  -6.94084167E-03
  -6.87217712E-03
  -6.81304932E-03
  -6.78730011E-03
  -6.75010681E-03
  -6.73580170E-03
  -6.68239594E-03
  -6.64615631E-03
  -6.56509399E-03
  -6.55651093E-03
  -6.47449493E-03
  -6.36386871E-03
  -6.35051727E-03
  -6.34670258E-03
  -6.34574890E-03
  -6.33621216E-03
  -6.29520416E-03
  -6.24847412E-03
  -6.22940063E-03
  -6.21891022E-03
  -6.17408752E-03
  -6.17122650E-03
  -6.13117218E-03
  -6.11686707E-03
  -6.00147247E-03
  -5.99861145E-03
  -5.97000122E-03
  -5.96332550E-03
  -5.80406189E-03
  -5.79166412E-03
  -5.76686859E-03
  -5.68580627E-03
  -5.63621521E-03
  -5.59425354E-03
  -5.56278229E-03
  -5.51033020E-03
  -5.51033020E-03
  -5.50556183E-03
  -5.50270081E-03
  -5.41305542E-03
  -5.39398193E-03
  -5.29003143E-03
  -5.26809692E-03
  -5.23948669E-03
  -5.23376465E-03
  -5.21755219E-03
  -5.20038605E-03
  -5.16986847E-03
  -5.15079498E-03
  -5.13744354E-03
  -5.12218475E-03
  -5.10120392E-03
  -5.06877899E-03
  -5.06401062E-03
  -5.06401062E-03
  -5.04398346E-03
  -5.04207611E-03
  -4.83798981E-03
  -4.83608246E-03
  -4.76837158E-03
  -4.71973419E-03
  -4.71687317E-03
  -4.70161438E-03
  -4.68730927E-03
  -4.53090668E-03
  -4.50897217E-03
  -4.48131561E-03
  -4.46891785E-03
  -4.46128845E-03
  -4.45175171E-03
  -4.44889069E-03
  -4.42123413E-03
  -4.37736511E-03
  -4.36973572E-03
  -4.28485870E-03
  -4.26769257E-03
  -4.24861908E-03
  -4.17137146E-03
  -4.16278839E-03
  -4.15897369E-03
  -4.15325165E-03
  -4.14943695E-03
  -4.07218933E-03
  -4.06646729E-03
  -4.04071808E-03
  -4.00829315E-03
  -4.00543213E-03
  -4.00257111E-03
  -3.99112701E-03
  -3.94725800E-03
  -3.94725800E-03
  -3.91674042E-03
  -3.82518768E-03
  -3.81183624E-03
  -3.76892090E-03
  -3.73458862E-03
  -3.72028351E-03
  -3.70979309E-03
  -3.65638733E-03
  -3.59535217E-03
  -3.59153748E-03
  -3.57246399E-03
  -3.56769562E-03
  -3.54003906E-03
  -3.54003906E-03
  -3.53336334E-03
  -3.50761414E-03
  -3.48091125E-03
  -3.47423553E-03
  -3.44944000E-03
  -3.43990326E-03
  -3.43799591E-03
  -3.30829620E-03
  -3.25012207E-03
  -3.23963165E-03
  -3.22151184E-03
  -3.17287445E-03
  -3.12614441E-03
  -3.07464600E-03
  -3.07464600E-03
  -3.00502777E-03
  -2.91633606E-03
  -2.90775299E-03
  -2.81143188E-03
  -2.80380249E-03
  -2.79712677E-03
  -2.75325775E-03
  -2.73799896E-03
  -2.72083282E-03
  -2.68363953E-03
  -2.67410278E-03
  -2.50530243E-03
  -2.47383118E-03
  -2.47383118E-03
  -2.43377686E-03
  -2.38990784E-03
  -2.37846375E-03
  -2.33173370E-03
  -2.30789185E-03
  -2.30407715E-03
  -2.28118896E-03
  -2.21347809E-03
  -2.18200684E-03
  -2.17533112E-03
  -2.14290619E-03
  -2.14290619E-03
  -2.12860107E-03
  -2.11906433E-03
  -2.09522247E-03
  -2.07042694E-03
  -2.06756592E-03
  -2.04277039E-03
  -1.97410583E-03
  -1.92260742E-03
  -1.84440613E-03
  -1.83391571E-03
  -1.77097321E-03
  -1.69372559E-03
  -1.68323517E-03
  -1.68323517E-03
  -1.64413452E-03
  -1.62982941E-03
  -1.62601471E-03
  -1.60312653E-03
  -1.59931183E-03
  -1.54972076E-03
  -1.53732300E-03
  -1.51348114E-03
  -1.51348114E-03
  -1.50012970E-03
  -1.45339966E-03
  -1.44481659E-03
  -1.43527985E-03
  -1.39808655E-03
  -1.36184692E-03
  -1.36184692E-03
  -1.26934052E-03
  -1.22451782E-03
  -1.19495392E-03
  -1.17683411E-03
  -1.16825104E-03
  -1.13487244E-03
  -1.04522705E-03
  -1.04045868E-03
  -1.01375580E-03
  -9.80377197E-04
  -9.46044922E-04
  -8.83102417E-04
  -8.51631165E-04
  -8.51631165E-04
  -7.93457031E-04
  -7.79151917E-04
  -7.61032104E-04
  -7.32421875E-04
  -6.37054443E-04
  -5.83648682E-04
  -5.83648682E-04
  -4.46319580E-04
  -4.31060791E-04
  -4.11987305E-04
  -3.83377075E-04
  -3.36647034E-04
  -3.19480896E-04
  -3.13758850E-04
  -2.96592712E-04
  -2.85148621E-04
  -2.26020813E-04
  -2.13623047E-04
  -1.97410583E-04
  -1.85966492E-04
  -1.54495239E-04
  -1.01089478E-04
  -8.48770142E-05
  -7.05718994E-05
   1.90734863E-05
   1.02043152E-04
   1.06811523E-04
   2.05993652E-04
   2.14576721E-04
   2.41279602E-04
   2.85148621E-04
   3.34739685E-04
   3.49998474E-04
   3.66210938E-04
   3.77655029E-04
   3.83377075E-04
   3.85284424E-04
   3.95774841E-04
   3.97682190E-04
   4.20570374E-04
   4.27246094E-04
   4.77790833E-04
   5.18798828E-04
   5.76972961E-04
   5.85556030E-04
   6.05583191E-04
   6.30378723E-04
   6.60896301E-04
   7.10487366E-04
   8.08715820E-04
   8.46862793E-04
   8.47816467E-04
   8.59260559E-04
   8.95500183E-04
   9.12666321E-04
   9.42230225E-04
   9.46998596E-04
   9.54627991E-04
   9.57489014E-04
   9.99450684E-04
   1.05285645E-03
   1.14250183E-03
   1.23405457E-03
   1.24454498E-03
   1.26934052E-03
   1.27887726E-03
   1.29890442E-03
   1.34086609E-03
   1.55830383E-03
   1.55830383E-03
   1.62124634E-03
   1.62887573E-03
   1.63459778E-03
   1.63555145E-03
   1.64508820E-03
   1.70326233E-03
   1.74331665E-03
   1.75094604E-03
   1.77764893E-03
   1.82628632E-03
   1.89685822E-03
   1.89781189E-03
   1.91497803E-03
   2.04753876E-03
   2.05707550E-03
   2.10952759E-03
   2.14004517E-03
   2.14195251E-03
   2.14385986E-03
   2.23827362E-03
   2.28214264E-03
   2.34031677E-03
   2.37369537E-03
   2.37751007E-03
   2.42233276E-03
   2.49576569E-03
   2.53772736E-03
   2.54631042E-03
   2.56824493E-03
   2.61020660E-03
   2.61688232E-03
   2.62069702E-03
   2.65789032E-03
   2.68936157E-03
   2.78091431E-03
   2.81238556E-03
   2.92491913E-03
   3.01742554E-03
   3.03554535E-03
   3.06701660E-03
   3.07941437E-03
   3.10420990E-03
   3.10897827E-03
   3.14140320E-03
   3.14712524E-03
   3.15189362E-03
   3.18908691E-03
   3.19099426E-03
   3.19480896E-03
   3.20625305E-03
   3.21102142E-03
   3.21102142E-03
   3.32832336E-03
   3.43990326E-03
   3.44562531E-03
   3.45420837E-03
   3.48567963E-03
   3.55434418E-03
   3.59344482E-03
   3.61156464E-03
   3.62873077E-03
   3.67546082E-03
   3.68213654E-03
   3.77750397E-03
   3.82804871E-03
   3.86428833E-03
   3.93867493E-03
   3.95202637E-03
   3.99494171E-03
   3.99971008E-03
   4.00829315E-03
   4.06169891E-03
   4.07028198E-03
   4.13990021E-03
   4.14943695E-03
   4.26483154E-03
   4.30583954E-03
   4.32682037E-03
   4.34017181E-03
   4.38499451E-03
   4.47654724E-03
   4.48226929E-03
   4.50706482E-03
   4.51087952E-03
   4.60529327E-03
   4.63867188E-03
   4.71496582E-03
   4.73117828E-03
   4.73690033E-03
   4.77504730E-03
   4.77600098E-03
   4.77790833E-03
   4.81987000E-03
   4.97722626E-03
   5.07259369E-03
   5.13744354E-03
   5.22327423E-03
   5.22994995E-03
   5.29289246E-03
   5.37014008E-03
   5.38825989E-03
   5.50746918E-03
   5.51700592E-03
   5.53703308E-03
   5.58185577E-03
   5.59711456E-03
   5.72395325E-03
   5.74207306E-03
   5.75637817E-03
   5.82981110E-03
   5.93566895E-03
   5.96237183E-03
   5.98335266E-03
   6.03199005E-03
   6.06060028E-03
   6.07299805E-03
   6.15501404E-03
   6.17694855E-03
   6.33716583E-03
   6.34860992E-03
   6.43634796E-03
   6.47354126E-03
   6.47830963E-03
   6.53648376E-03
   6.63375854E-03
   6.66141510E-03
   6.79779053E-03
   6.85119629E-03
   6.85977936E-03
   6.86836243E-03
   6.88362122E-03
   7.04574585E-03
   7.08770752E-03
   7.13729858E-03
   7.15446472E-03
   7.20882416E-03
   7.23934174E-03
   7.24506378E-03
   7.29846954E-03
   7.33089447E-03
   7.41291046E-03
   7.43293762E-03
   7.43389130E-03
   7.46059418E-03
   7.49969482E-03
   7.56645203E-03
   7.57122040E-03
   7.72571564E-03
   7.81440735E-03
   7.82585144E-03
   7.88211823E-03
   7.89737701E-03
   7.91358948E-03
   8.06999207E-03
   8.10050964E-03
   8.13102722E-03
   8.15200806E-03
   8.16154480E-03
   8.16726685E-03
   8.23402405E-03
   8.26931000E-03
   8.28075409E-03
   8.32939148E-03
   8.34846497E-03
   8.35514069E-03
   8.40091705E-03
   8.40854645E-03
   8.43048096E-03
   8.50391388E-03
   8.56494904E-03
   8.56971741E-03
   8.59069824E-03
   8.62979889E-03
   8.64315033E-03
   8.67652893E-03
   8.71562958E-03
   8.75663757E-03
   8.76617432E-03
   8.78334045E-03
   8.87298584E-03
   8.89682770E-03
   9.06372070E-03
   9.16481018E-03
   9.22489166E-03
   9.23061371E-03
   9.23824310E-03
   9.29737091E-03
   9.44519043E-03
   9.46426392E-03
   9.54246521E-03
   9.71508026E-03
   9.73033905E-03
   9.73415375E-03
   9.73415375E-03
   9.73987579E-03
   9.75227356E-03
   9.75799561E-03
   9.85050201E-03
   9.88292694E-03
   9.90390778E-03
   1.00011826E-02
   1.00555420E-02
   1.00841522E-02
   1.01032257E-02
   1.01099014E-02
   1.01556778E-02
   1.01633072E-02
   1.02071762E-02
   1.02539062E-02
   1.02672577E-02
   1.03254318E-02
   1.03807449E-02
   1.04084015E-02
   1.04217529E-02
   1.07183456E-02
   1.07278824E-02
   1.07402802E-02
   1.07669830E-02
   1.08451843E-02
   1.09319687E-02
   1.10225677E-02
   1.10530853E-02
   1.11570358E-02
   1.11818314E-02
   1.11827850E-02
   1.11913681E-02
   1.12524033E-02
   1.13124847E-02
   1.13735199E-02
   1.14068985E-02
   1.14231110E-02
   1.14393234E-02
   1.14574432E-02
   1.14879608E-02
   1.15251541E-02
   1.15575790E-02
   1.15680695E-02
   1.15871429E-02
   1.16090775E-02
   1.16262436E-02
   1.16662979E-02
   1.16872787E-02
   1.17301941E-02
   1.17502213E-02
   1.17950439E-02
   1.18780136E-02
   1.19323730E-02
   1.19600296E-02
   1.19981766E-02
   1.20534897E-02
   1.20677948E-02
   1.22365952E-02
   1.22537613E-02
   1.23424530E-02
   1.24969482E-02
   1.25503540E-02
   1.25904083E-02
   1.25989914E-02
   1.26256943E-02
   1.26523972E-02
   1.26581192E-02
   1.27592087E-02
   1.27725601E-02
   1.28250122E-02
   1.28250122E-02
   1.29480362E-02
   1.30491257E-02
   1.30672455E-02
   1.30815506E-02
   1.31072998E-02
   1.31130219E-02
   1.31301880E-02
   1.31511688E-02
   1.31511688E-02
   1.31778717E-02
   1.32589340E-02
   1.34038925E-02
   1.34067535E-02
   1.34172440E-02
   1.34363174E-02
   1.35984421E-02
   1.36384964E-02
   1.36852264E-02
   1.38225555E-02
   1.39617920E-02
   1.39617920E-02
   1.39665604E-02
   1.40581131E-02
   1.41553879E-02
   1.42631531E-02
   1.43365860E-02
   1.43651962E-02
   1.44348145E-02
   1.45330429E-02
   1.45816803E-02
   1.46093369E-02
   1.46284103E-02
   1.46369934E-02
   1.46541595E-02
   1.47876740E-02
   1.47895813E-02
   1.48210526E-02
   1.49450302E-02
   1.49621964E-02
   1.50222778E-02
   1.50766373E-02
   1.50814056E-02
   1.51128769E-02
   1.51395798E-02
   1.52292252E-02
   1.53379440E-02
   1.53427124E-02
   1.53913498E-02
   1.53951645E-02
   1.54008865E-02
   1.54628754E-02
   1.54771805E-02
   1.55429840E-02
   1.55448914E-02
   1.55725479E-02
   1.56097412E-02
   1.56927109E-02
   1.57871246E-02
   1.57899857E-02
   1.58185959E-02
   1.58319473E-02
   1.59111023E-02
   1.59578323E-02
   1.59587860E-02
   1.61247253E-02
   1.62658691E-02
   1.64813995E-02
   1.66139603E-02
   1.66835785E-02
   1.68123245E-02
   1.68828964E-02
   1.70097351E-02
   1.71098709E-02
   1.71222687E-02
   1.71680450E-02
   1.72424316E-02
   1.72901154E-02
   1.75771713E-02
   1.75838470E-02
   1.76439285E-02
   1.78337097E-02
   1.79882050E-02
   1.80606842E-02
   1.80778503E-02
   1.81055069E-02
   1.82104111E-02
   1.82962418E-02
   1.83296204E-02
   1.83868408E-02
   1.83925629E-02
   1.84278488E-02
   1.85184479E-02
   1.85422897E-02
   1.86452866E-02
   1.86967850E-02
   1.88312531E-02
   1.88398361E-02
   1.91116333E-02
   1.91526413E-02
   1.92699432E-02
   1.94730759E-02
   1.94768906E-02
   1.95093155E-02
   1.96008682E-02
   1.96304321E-02
   1.96342468E-02
   1.99089050E-02
   1.99470520E-02
   2.00748444E-02
   2.01940536E-02
   2.03189850E-02
   2.04877853E-02
   2.04992294E-02
   2.06308365E-02
   2.07433701E-02
   2.07843781E-02
   2.09178925E-02
   2.09236145E-02
   2.09350586E-02
   2.10981369E-02
   2.12039948E-02
   2.12984085E-02
   2.13117599E-02
   2.16474533E-02
   2.16474533E-02
   2.18362808E-02
   2.18744278E-02
   2.20146179E-02
   2.20451355E-02
   2.21090317E-02
   2.21147537E-02
   2.21281052E-02
   2.21738815E-02
   2.22005844E-02
   2.24246979E-02
   2.25038528E-02
   2.25152969E-02
   2.25505829E-02
   2.26306915E-02
   2.27193832E-02
   2.27327347E-02
   2.29997635E-02
   2.30607986E-02
   2.32744217E-02
   2.33354568E-02
   2.33535767E-02
   2.34346390E-02
   2.34451294E-02
   2.35376358E-02
   2.36511230E-02
   2.36644745E-02
   2.36787796E-02
   2.37054825E-02
   2.37302780E-02
   2.39191055E-02
   2.39219666E-02
   2.39419937E-02
   2.40154266E-02
   2.43854523E-02
   2.44827271E-02
   2.45952606E-02
   2.47507095E-02
   2.47669220E-02
   2.49433517E-02
   2.50692368E-02
   2.54726410E-02
   2.59275436E-02
   2.59475708E-02
   2.59933472E-02
   2.60095596E-02
   2.65054703E-02
   2.65903473E-02
   2.66571045E-02
   2.66609192E-02
   2.67505646E-02
   2.68926620E-02
   2.70299911E-02
   2.70681381E-02
   2.70681381E-02
   2.71492004E-02
   2.71787643E-02
   2.75316238E-02
   2.75659561E-02
   2.76031494E-02
   2.77585983E-02
   2.80876160E-02
   2.81829834E-02
   2.82039642E-02
   2.82945633E-02
   2.84185410E-02
   2.84614563E-02
   2.85692215E-02
   2.85978317E-02
   2.87609100E-02
   2.89926529E-02
   2.90307999E-02
   2.91318893E-02
   2.93798447E-02
   3.00197601E-02
   3.00655365E-02
   3.03287506E-02
   3.06253433E-02
   3.09581757E-02
   3.11136246E-02
   3.11326981E-02
   3.11679840E-02
   3.14207077E-02
   3.17544937E-02
   3.18584442E-02
   3.23905945E-02
   3.24449539E-02
   3.26032639E-02
   3.26213837E-02
   3.26576233E-02
   3.26681137E-02
   3.28292847E-02
   3.30810547E-02
   3.33261490E-02
   3.34882736E-02
   3.36189270E-02
   3.36503983E-02
   3.37076187E-02
   3.39670181E-02
   3.41119766E-02
   3.41415405E-02
   3.42111588E-02
   3.47862244E-02
   3.51200104E-02
   3.53059769E-02
   3.53422165E-02
   3.54328156E-02
   3.56445312E-02
   3.57189178E-02
   3.58619690E-02
   3.60002518E-02
   3.60307693E-02
   3.61852646E-02
   3.68118286E-02
   3.68175507E-02
   3.70407104E-02
   3.71150970E-02
