#Npts     Radius    Mag      Completeness
#  220 2123.2388  -13.700910 1.000000
# Verr
  -1.48048401E-02
  -1.44920349E-02
  -1.41191483E-02
  -1.37224197E-02
  -1.24645233E-02
  -1.24349594E-02
  -1.21307373E-02
  -1.19256973E-02
  -1.15518570E-02
  -1.13582611E-02
  -1.08203888E-02
  -1.02710724E-02
  -1.02281570E-02
  -1.00603104E-02
  -9.82093811E-03
  -9.59777832E-03
  -9.38892365E-03
  -9.34886932E-03
  -9.21821594E-03
  -9.01699066E-03
  -8.74423981E-03
  -8.58116150E-03
  -8.57257843E-03
  -8.43906403E-03
  -8.34369659E-03
  -8.31699371E-03
  -8.27121735E-03
  -8.27121735E-03
  -8.26263428E-03
  -8.25881958E-03
  -8.16917419E-03
  -8.13293457E-03
  -8.02993774E-03
  -8.00418854E-03
  -7.84397125E-03
  -7.68756866E-03
  -7.55500793E-03
  -7.44724274E-03
  -7.38811493E-03
  -7.14969635E-03
  -7.11536407E-03
  -6.93988800E-03
  -6.77680969E-03
  -6.74533844E-03
  -6.64043427E-03
  -6.33049011E-03
  -6.31141663E-03
  -6.27136230E-03
  -6.24561310E-03
  -6.22653961E-03
  -6.10160828E-03
  -6.09111786E-03
  -6.06250763E-03
  -6.01100922E-03
  -6.00051880E-03
  -5.82599640E-03
  -5.80501556E-03
  -5.79166412E-03
  -5.64098358E-03
  -5.59711456E-03
  -5.56278229E-03
  -5.53131104E-03
  -5.48076630E-03
  -5.44834137E-03
  -5.41782379E-03
  -5.27191162E-03
  -5.13648987E-03
  -5.13458252E-03
  -5.09834290E-03
  -5.07926941E-03
  -4.99343872E-03
  -4.97150421E-03
  -4.93049622E-03
  -4.83989716E-03
  -4.79221344E-03
  -4.70542908E-03
  -4.69875336E-03
  -4.64916229E-03
  -4.57286835E-03
  -4.54521179E-03
  -4.43744659E-03
  -4.43553925E-03
  -4.37545776E-03
  -4.31060791E-03
  -4.28485870E-03
  -4.22763824E-03
  -4.21524048E-03
  -4.19521332E-03
  -4.14180756E-03
  -4.13703918E-03
  -4.09793854E-03
  -4.05216217E-03
  -4.01115417E-03
  -3.97491455E-03
  -3.87954712E-03
  -3.81088257E-03
  -3.78513336E-03
  -3.77941132E-03
  -3.75366211E-03
  -3.70597839E-03
  -3.67641449E-03
  -3.63540649E-03
  -3.56578827E-03
  -3.54194641E-03
  -3.53527069E-03
  -3.53431702E-03
  -3.47614288E-03
  -3.47232819E-03
  -3.39603424E-03
  -3.31115723E-03
  -3.19576263E-03
  -3.09181213E-03
  -3.08609009E-03
  -3.05271149E-03
  -3.04794312E-03
  -2.99358368E-03
  -2.93827057E-03
  -2.93731689E-03
  -2.81906128E-03
  -2.81143188E-03
  -2.71797180E-03
  -2.71415710E-03
  -2.68268585E-03
  -2.64358521E-03
  -2.52246857E-03
  -2.51483917E-03
  -2.50148773E-03
  -2.48622894E-03
  -2.46810913E-03
  -2.36034393E-03
  -2.26688385E-03
  -2.24399567E-03
  -2.16388702E-03
  -2.14195251E-03
  -2.09236145E-03
  -2.07328796E-03
  -2.01988220E-03
  -2.00557709E-03
  -1.97601318E-03
  -1.97315216E-03
  -1.96170807E-03
  -1.95598602E-03
  -1.92832947E-03
  -1.71661377E-03
  -1.55448914E-03
  -1.48677826E-03
  -1.42288208E-03
  -1.33228302E-03
  -1.13677979E-03
  -1.13201141E-03
  -9.90867615E-04
  -9.08851624E-04
  -7.80105591E-04
  -7.63893127E-04
  -6.96182251E-04
  -5.35964966E-04
  -4.41551208E-04
  -3.65257263E-04
  -3.65257263E-04
  -3.06129456E-04
  -2.47001648E-04
  -1.04904175E-04
   9.53674316E-07
   4.38690186E-05
   4.16755676E-04
   4.27246094E-04
   6.38008118E-04
   7.83920288E-04
   7.90596008E-04
   8.14437866E-04
   9.60350037E-04
   1.03664398E-03
   1.26552582E-03
   1.28364563E-03
   1.36470795E-03
   1.55639648E-03
   1.74427032E-03
   1.79004669E-03
   1.87873840E-03
   1.97505951E-03
   2.23445892E-03
   2.28118896E-03
   2.39372253E-03
   2.60162354E-03
   2.60829926E-03
   2.91061401E-03
   3.03936005E-03
   3.41606140E-03
   3.52382660E-03
   3.76987457E-03
   4.07981873E-03
   4.32205200E-03
   4.40502167E-03
   4.63962555E-03
   4.83989716E-03
   4.88662720E-03
   5.06877899E-03
   5.16510010E-03
   5.32150269E-03
   5.45787811E-03
   5.50365448E-03
   5.58662415E-03
   5.90896606E-03
   6.35814667E-03
   7.36522675E-03
   7.55977631E-03
   8.66603851E-03
   9.02175903E-03
   9.07897949E-03
   9.09614563E-03
   9.32598114E-03
   9.36508179E-03
   9.80949402E-03
   9.84191895E-03
   1.01528168E-02
   1.08642578E-02
   1.11274719E-02
   1.51357651E-02
   1.83572769E-02
   3.36952209E-02
