#Npts     Radius    Mag      Completeness
#   60 1069.0630  -14.141637 1.000000
# Verr
  -3.80792618E-02
  -3.79209518E-02
  -3.44018936E-02
  -2.81181335E-02
  -2.03046799E-02
  -1.41181946E-02
  -1.18017197E-02
  -1.04179382E-02
  -9.42516327E-03
  -6.96563721E-03
  -6.91127777E-03
  -5.77163696E-03
  -4.73403931E-03
  -4.52899933E-03
  -4.20188904E-03
  -4.04071808E-03
  -3.82137299E-03
  -3.25298309E-03
  -3.22246552E-03
  -3.15380096E-03
  -2.73799896E-03
  -2.67887115E-03
  -2.39086151E-03
  -1.74808502E-03
  -1.74045563E-03
  -1.46961212E-03
  -1.18637085E-03
  -1.07192993E-03
  -8.82148743E-04
  -8.58306885E-04
  -5.21659851E-04
  -8.96453857E-05
   4.00543213E-05
   1.54972076E-03
   1.75666809E-03
   2.18009949E-03
   3.19099426E-03
   3.26728821E-03
   3.26919556E-03
   3.28540802E-03
   4.12845612E-03
   4.18376923E-03
   4.35066223E-03
   4.42790985E-03
   4.72164154E-03
   4.73499298E-03
   4.83322144E-03
   5.16033173E-03
   5.16414642E-03
   5.47599792E-03
   6.53743744E-03
   7.11917877E-03
   7.33661652E-03
   7.75337219E-03
   8.02612305E-03
   9.01317596E-03
   1.26733780E-02
   1.27058029E-02
   1.29232407E-02
   1.55334473E-02
