#Npts     Radius    Mag      Completeness
#  225 2108.4294  -12.428909 1.000000
# Verr
  -2.18200684E-02
  -1.70097351E-02
  -1.55725479E-02
  -1.50871277E-02
  -1.46465302E-02
  -1.28707886E-02
  -1.09529495E-02
  -1.04465485E-02
  -1.04007721E-02
  -9.81807709E-03
  -9.66072083E-03
  -9.09900665E-03
  -8.87107849E-03
  -8.72421265E-03
  -8.42666626E-03
  -7.66181946E-03
  -7.55023956E-03
  -7.11631775E-03
  -7.09724426E-03
  -7.06005096E-03
  -6.69574738E-03
  -6.67476654E-03
  -6.67476654E-03
  -6.63471222E-03
  -6.49833679E-03
  -6.46877289E-03
  -6.30378723E-03
  -6.08730316E-03
  -6.04152679E-03
  -5.95760345E-03
  -5.86700439E-03
  -5.68962097E-03
  -5.62191010E-03
  -5.37490845E-03
  -5.27858734E-03
  -5.14221191E-03
  -5.09738922E-03
  -4.96864319E-03
  -4.70733643E-03
  -4.65393066E-03
  -4.59384918E-03
  -4.41551208E-03
  -4.40502167E-03
  -4.34017181E-03
  -4.30583954E-03
  -4.18853760E-03
  -4.09793854E-03
  -4.07600403E-03
  -4.06646729E-03
  -3.88717651E-03
  -3.76701355E-03
  -3.67164612E-03
  -3.65352631E-03
  -3.64208221E-03
  -3.43227386E-03
  -3.40652466E-03
  -3.27968597E-03
  -2.98118591E-03
  -2.97927856E-03
  -2.97641754E-03
  -2.91728973E-03
  -2.90679932E-03
  -2.84385681E-03
  -2.69222260E-03
  -2.60257721E-03
  -2.60257721E-03
  -2.50720978E-03
  -2.50625610E-03
  -2.24113464E-03
  -1.94072723E-03
  -1.91879272E-03
  -1.88922882E-03
  -1.84345245E-03
  -1.81674957E-03
  -1.78527832E-03
  -1.78241730E-03
  -1.55258179E-03
  -1.45435333E-03
  -1.42192841E-03
  -1.38092041E-03
  -1.37710571E-03
  -1.25598907E-03
  -1.08814240E-03
  -1.06525421E-03
  -9.46044922E-04
  -9.29832458E-04
  -8.01086426E-04
  -7.05718994E-04
  -4.80651855E-04
  -3.52859497E-04
  -2.80380249E-04
  -2.06947327E-04
  -1.85966492E-04
  -1.69754028E-04
  -1.66893005E-04
  -7.82012939E-05
  -4.67300415E-05
   1.81198120E-05
   5.24520874E-05
   1.64031982E-04
   5.17845154E-04
   5.18798828E-04
   5.72204590E-04
   6.47544861E-04
   6.84738159E-04
   7.40051270E-04
   7.56263733E-04
   9.16481018E-04
   9.26971436E-04
   9.42230225E-04
   9.46998596E-04
   9.58442688E-04
   1.01470947E-03
   1.21593475E-03
   1.25503540E-03
   1.39522552E-03
   1.44195557E-03
   1.48487091E-03
   1.54590607E-03
   1.58023834E-03
   1.62887573E-03
   1.63269043E-03
   1.78146362E-03
   1.78337097E-03
   1.95598602E-03
   2.01034546E-03
   2.08187103E-03
   2.13146210E-03
   2.17151642E-03
   2.23350525E-03
   2.26497650E-03
   2.27451324E-03
   2.32982635E-03
   2.36129761E-03
   2.36701965E-03
   2.48336792E-03
   2.50625610E-03
   2.51102448E-03
   2.69603729E-03
   2.75993347E-03
   2.81715393E-03
   2.91824341E-03
   2.92491913E-03
   3.05461884E-03
   3.13282013E-03
   3.21578979E-03
   3.22151184E-03
   3.23963165E-03
   3.32355499E-03
   3.33690643E-03
   3.37505341E-03
   3.39031219E-03
   3.54194641E-03
   3.57818604E-03
   3.62873077E-03
   3.65924835E-03
   3.66306305E-03
   3.69453430E-03
   3.71551514E-03
   3.97682190E-03
   3.97968292E-03
   4.30583954E-03
   4.34207916E-03
   4.43935394E-03
   4.57286835E-03
   4.60529327E-03
   4.71210480E-03
   4.80079651E-03
   4.85420227E-03
   4.88376617E-03
   4.88758087E-03
   4.91905212E-03
   4.93717194E-03
   5.09643555E-03
   5.14030457E-03
   5.19561768E-03
   5.81169128E-03
   5.82981110E-03
   5.97381592E-03
   5.98907471E-03
   6.12545013E-03
   6.51931763E-03
   6.60324097E-03
   6.86645508E-03
   6.90937042E-03
   7.01808929E-03
   7.19738007E-03
   7.20310211E-03
   7.70187378E-03
   8.02803040E-03
   8.23402405E-03
   8.29601288E-03
   8.38184357E-03
   8.71181488E-03
   8.71753693E-03
   8.72421265E-03
   9.09996033E-03
   9.11140442E-03
   9.37557220E-03
   9.41181183E-03
   1.00431442E-02
   1.02529526E-02
   1.02634430E-02
   1.03883743E-02
   1.10340118E-02
   1.11923218E-02
   1.14393234E-02
   1.16949081E-02
   1.21850967E-02
   1.24359131E-02
   1.25150681E-02
   1.26142502E-02
   1.27658844E-02
   1.28507614E-02
   1.35555267E-02
   1.47380829E-02
   1.48696899E-02
   1.54857635E-02
   1.61485672E-02
   1.76773071E-02
   1.97992325E-02
   2.27193832E-02
   2.67267227E-02
   2.84299850E-02
   3.13901901E-02
