#Npts     Radius    Mag      Completeness
#  795  448.5716  -13.264545 1.000000
# Verr
  -3.75661850E-02
  -3.74584198E-02
  -3.74498367E-02
  -3.71809006E-02
  -3.71770859E-02
  -3.71217728E-02
  -3.70998383E-02
  -3.70149612E-02
  -3.69300842E-02
  -3.68614197E-02
  -3.66611481E-02
  -3.62958908E-02
  -3.62730026E-02
  -3.61480713E-02
  -3.56445312E-02
  -3.55968475E-02
  -3.55968475E-02
  -3.55262756E-02
  -3.54537964E-02
  -3.54509354E-02
  -3.54022980E-02
  -3.51953506E-02
  -3.49760056E-02
  -3.47280502E-02
  -3.44858170E-02
  -3.42769623E-02
  -3.40557098E-02
  -3.40108871E-02
  -3.38659286E-02
  -3.37352753E-02
  -3.36198807E-02
  -3.34577560E-02
  -3.32851410E-02
  -3.27825546E-02
  -3.26604843E-02
  -3.25031281E-02
  -3.24783325E-02
  -3.19604874E-02
  -3.19461823E-02
  -3.17182541E-02
  -3.17134857E-02
  -3.15065384E-02
  -3.14741135E-02
  -3.03821564E-02
  -3.02619934E-02
  -3.01113129E-02
  -3.00798416E-02
  -3.00626755E-02
  -2.98957825E-02
  -2.94322968E-02
  -2.93369293E-02
  -2.92644501E-02
  -2.92005539E-02
  -2.91824341E-02
  -2.89592743E-02
  -2.89573669E-02
  -2.89030075E-02
  -2.86388397E-02
  -2.84843445E-02
  -2.83651352E-02
  -2.83021927E-02
  -2.82964706E-02
  -2.81391144E-02
  -2.79617310E-02
  -2.74734497E-02
  -2.71310806E-02
  -2.69880295E-02
  -2.68230438E-02
  -2.67953873E-02
  -2.67143250E-02
  -2.66962051E-02
  -2.66590118E-02
  -2.66590118E-02
  -2.64329910E-02
  -2.63271332E-02
  -2.61802673E-02
  -2.56900787E-02
  -2.56090164E-02
  -2.55413055E-02
  -2.54487991E-02
  -2.53982544E-02
  -2.50205994E-02
  -2.49595642E-02
  -2.49147415E-02
  -2.48947144E-02
  -2.48718262E-02
  -2.45428085E-02
  -2.39505768E-02
  -2.39372253E-02
  -2.37884521E-02
  -2.37560272E-02
  -2.37369537E-02
  -2.35834122E-02
  -2.34651566E-02
  -2.34184265E-02
  -2.31990814E-02
  -2.30455399E-02
  -2.23922729E-02
  -2.22434998E-02
  -2.19402313E-02
  -2.19373703E-02
  -2.18305588E-02
  -2.18305588E-02
  -2.18172073E-02
  -2.17142105E-02
  -2.15616226E-02
  -2.13041306E-02
  -2.11610794E-02
  -2.10580826E-02
  -2.10523605E-02
  -2.07128525E-02
  -2.06661224E-02
  -2.06336975E-02
  -2.04544067E-02
  -2.03418732E-02
  -2.00595856E-02
  -2.00052261E-02
  -1.97792053E-02
  -1.97467804E-02
  -1.97458267E-02
  -1.96018219E-02
  -1.95322037E-02
  -1.94740295E-02
  -1.93109512E-02
  -1.91230774E-02
  -1.89723969E-02
  -1.88751221E-02
  -1.88236237E-02
  -1.88016891E-02
  -1.87320709E-02
  -1.85899734E-02
  -1.85766220E-02
  -1.84412003E-02
  -1.84259415E-02
  -1.84097290E-02
  -1.83448792E-02
  -1.81207657E-02
  -1.80940628E-02
  -1.78165436E-02
  -1.76839828E-02
  -1.76544189E-02
  -1.76525116E-02
  -1.74617767E-02
  -1.74293518E-02
  -1.74283981E-02
  -1.73473358E-02
  -1.73177719E-02
  -1.72996521E-02
  -1.71232224E-02
  -1.69448853E-02
  -1.68113708E-02
  -1.65128708E-02
  -1.64632797E-02
  -1.64489746E-02
  -1.62696838E-02
  -1.62572861E-02
  -1.60942078E-02
  -1.59988403E-02
  -1.59635544E-02
  -1.58720016E-02
  -1.58472061E-02
  -1.58395767E-02
  -1.58376694E-02
  -1.57480240E-02
  -1.56793594E-02
  -1.52921677E-02
  -1.51767731E-02
  -1.50699615E-02
  -1.49259567E-02
  -1.48305893E-02
  -1.48096085E-02
  -1.46579742E-02
  -1.46303177E-02
  -1.44643784E-02
  -1.43737793E-02
  -1.43089294E-02
  -1.40972137E-02
  -1.36156082E-02
  -1.33638382E-02
  -1.32122040E-02
  -1.30825043E-02
  -1.29623413E-02
  -1.28345490E-02
  -1.27134323E-02
  -1.26810074E-02
  -1.25989914E-02
  -1.25789642E-02
  -1.25370026E-02
  -1.24244690E-02
  -1.23271942E-02
  -1.22671127E-02
  -1.22146606E-02
  -1.22089386E-02
  -1.20239258E-02
  -1.19752884E-02
  -1.19085312E-02
  -1.18198395E-02
  -1.17998123E-02
  -1.17893219E-02
  -1.16109848E-02
  -1.15385056E-02
  -1.13162994E-02
  -1.11904144E-02
  -1.10597610E-02
  -1.09109879E-02
  -1.09062195E-02
  -1.09014511E-02
  -1.06229782E-02
  -1.05953217E-02
  -1.05743408E-02
  -1.02500916E-02
  -1.02109909E-02
  -1.01737976E-02
  -1.01642609E-02
  -1.00917816E-02
  -1.00345612E-02
  -9.93824005E-03
  -9.77516174E-03
  -9.74273682E-03
  -9.74082947E-03
  -9.60826874E-03
  -9.56249237E-03
  -9.40895081E-03
  -9.38224792E-03
  -9.37843323E-03
  -9.35745239E-03
  -9.35554504E-03
  -9.20486450E-03
  -9.19342041E-03
  -9.19342041E-03
  -9.15908813E-03
  -9.15241241E-03
  -9.08184052E-03
  -8.99982452E-03
  -8.98170471E-03
  -8.96739960E-03
  -8.92353058E-03
  -8.86344910E-03
  -8.85868073E-03
  -8.83865356E-03
  -8.82530212E-03
  -8.82530212E-03
  -8.79764557E-03
  -8.64124298E-03
  -8.58497620E-03
  -8.54396820E-03
  -8.49246979E-03
  -8.48102570E-03
  -8.46672058E-03
  -8.46290588E-03
  -8.44192505E-03
  -8.41903687E-03
  -8.40282440E-03
  -8.26072693E-03
  -8.22544098E-03
  -8.16345215E-03
  -8.16059113E-03
  -8.11958313E-03
  -7.99369812E-03
  -7.98416138E-03
  -7.91263580E-03
  -7.82299042E-03
  -7.79247284E-03
  -7.78865814E-03
  -7.67517090E-03
  -7.60746002E-03
  -7.48634338E-03
  -7.47680664E-03
  -7.44342804E-03
  -7.41291046E-03
  -7.38811493E-03
  -7.35473633E-03
  -7.32421875E-03
  -7.27653503E-03
  -7.18784332E-03
  -7.01236725E-03
  -6.98471069E-03
  -6.88457489E-03
  -6.85405731E-03
  -6.56700134E-03
  -6.45542145E-03
  -6.40678406E-03
  -6.25991821E-03
  -6.24561310E-03
  -6.18457794E-03
  -6.15882874E-03
  -5.93376160E-03
  -5.91087341E-03
  -5.83553314E-03
  -5.80215454E-03
  -5.76114655E-03
  -5.76019287E-03
  -5.75065613E-03
  -5.74684143E-03
  -5.72586060E-03
  -5.69915771E-03
  -5.68580627E-03
  -5.61904907E-03
  -5.60951233E-03
  -5.55801392E-03
  -5.53512573E-03
  -5.45597076E-03
  -5.22708893E-03
  -5.20229340E-03
  -5.19943237E-03
  -5.16796112E-03
  -5.16510010E-03
  -4.99057770E-03
  -4.97436523E-03
  -4.78076935E-03
  -4.76360321E-03
  -4.71687317E-03
  -4.70161438E-03
  -4.67967987E-03
  -4.59003448E-03
  -4.49180603E-03
  -4.42886353E-03
  -4.42314148E-03
  -4.34207916E-03
  -4.32968140E-03
  -4.26959991E-03
  -4.20475006E-03
  -4.14180756E-03
  -4.01115417E-03
  -4.00066376E-03
  -3.95393372E-03
  -3.80516052E-03
  -3.74984741E-03
  -3.63445282E-03
  -3.60488892E-03
  -3.58295441E-03
  -3.44085693E-03
  -3.41510773E-03
  -3.26824188E-03
  -3.26442719E-03
  -3.15475464E-03
  -3.13091278E-03
  -3.12137604E-03
  -3.05938721E-03
  -2.84099579E-03
  -2.82669067E-03
  -2.79903412E-03
  -2.79331207E-03
  -2.72560120E-03
  -2.68840790E-03
  -2.64263153E-03
  -2.59399414E-03
  -2.57873535E-03
  -2.55870819E-03
  -2.55489349E-03
  -2.55489349E-03
  -2.50053406E-03
  -2.46620178E-03
  -2.44903564E-03
  -2.44331360E-03
  -2.40612030E-03
  -2.37560272E-03
  -2.34794617E-03
  -2.30312347E-03
  -2.27069855E-03
  -2.21347809E-03
  -2.14576721E-03
  -2.09331512E-03
  -2.07519531E-03
  -2.04753876E-03
  -2.02560425E-03
  -2.00653076E-03
  -1.98364258E-03
  -1.93691254E-03
  -1.89399719E-03
  -1.87492371E-03
  -1.83486938E-03
  -1.82914734E-03
  -1.78718567E-03
  -1.65748596E-03
  -1.59645081E-03
  -1.54876709E-03
  -1.53160095E-03
  -1.53160095E-03
  -1.52969360E-03
  -1.46484375E-03
  -1.40190125E-03
  -1.38664246E-03
  -1.36470795E-03
  -1.35612488E-03
  -1.35612488E-03
  -1.34277344E-03
  -1.33514404E-03
  -1.23405457E-03
  -1.16825104E-03
  -1.13010406E-03
  -1.12628937E-03
  -1.00803375E-03
  -1.00612640E-03
  -9.46998596E-04
  -9.18388367E-04
  -9.05990601E-04
  -9.04083252E-04
  -6.79016113E-04
  -5.18798828E-04
  -4.52041626E-04
  -3.54766846E-04
  -2.89916992E-04
  -1.14440918E-04
  -1.11579895E-04
  -8.96453857E-05
  -1.90734863E-06
   3.81469727E-05
   4.48226929E-05
   1.55448914E-04
   2.20298767E-04
   2.23159790E-04
   2.38418579E-04
   2.92778015E-04
   3.05175781E-04
   3.41415405E-04
   3.87191772E-04
   4.60624695E-04
   5.12123108E-04
   5.40733337E-04
   6.10351562E-04
   6.22749329E-04
   6.78062439E-04
   7.07626343E-04
   8.02040100E-04
   8.81195068E-04
   9.13619995E-04
   9.38415527E-04
   9.41276550E-04
   1.15203857E-03
   1.21498108E-03
   1.23691559E-03
   1.24168396E-03
   1.25122070E-03
   1.25312805E-03
   1.26266479E-03
   1.28269196E-03
   1.30271912E-03
   1.33514404E-03
   1.42860413E-03
   1.43337250E-03
   1.47724152E-03
   1.49154663E-03
   1.49154663E-03
   1.57737732E-03
   1.59072876E-03
   1.65939331E-03
   1.76906586E-03
   1.78146362E-03
   1.79958344E-03
   1.83010101E-03
   1.84917450E-03
   1.89399719E-03
   1.91211700E-03
   1.96933746E-03
   2.03800201E-03
   2.10475922E-03
   2.17533112E-03
   2.26879120E-03
   2.28691101E-03
   2.30884552E-03
   2.34985352E-03
   2.42710114E-03
   2.44331360E-03
   2.62737274E-03
   2.71224976E-03
   2.71892548E-03
   2.76756287E-03
   2.82192230E-03
   2.82382965E-03
   2.85339355E-03
   2.86197662E-03
   2.88391113E-03
   2.92682648E-03
   3.08132172E-03
   3.10802460E-03
   3.10802460E-03
   3.19957733E-03
   3.21674347E-03
   3.21865082E-03
   3.22437286E-03
   3.27587128E-03
   3.37314606E-03
   3.41796875E-03
   3.42464447E-03
   3.46374512E-03
   3.46469879E-03
   3.52001190E-03
   3.64685059E-03
   3.66306305E-03
   3.69739532E-03
   3.71551514E-03
   3.79180908E-03
   3.79276276E-03
   3.86142731E-03
   3.88526917E-03
   3.88908386E-03
   3.91769409E-03
   3.94153595E-03
   3.97014618E-03
   3.97777557E-03
   4.20093536E-03
   4.23145294E-03
   4.31156158E-03
   4.32586670E-03
   4.38117981E-03
   4.40216064E-03
   4.44126129E-03
   4.44889069E-03
   4.48799133E-03
   4.50420380E-03
   4.51755524E-03
   4.61387634E-03
   4.91428375E-03
   4.91523743E-03
   4.96101379E-03
   5.03730774E-03
   5.19943237E-03
   5.24330139E-03
   5.25951385E-03
   5.37109375E-03
   5.38825989E-03
   5.39970398E-03
   5.55706024E-03
   5.59997559E-03
   5.62953949E-03
   5.68199158E-03
   5.82027435E-03
   5.82408905E-03
   5.85269928E-03
   5.88130951E-03
   5.89179993E-03
   5.97190857E-03
   6.01005554E-03
   6.08253479E-03
   6.10446930E-03
   6.11305237E-03
   6.15978241E-03
   6.22272491E-03
   6.24179840E-03
   6.24179840E-03
   6.44874573E-03
   6.47926331E-03
   6.54506683E-03
   6.57558441E-03
   6.57749176E-03
   6.59465790E-03
   6.60324097E-03
   6.62422180E-03
   6.70623779E-03
   6.73007965E-03
   6.85691833E-03
   6.91032410E-03
   6.96277618E-03
   6.98184967E-03
   7.00664520E-03
   7.02857971E-03
   7.03811646E-03
   7.04669952E-03
   7.05432892E-03
   7.14111328E-03
   7.18688965E-03
   7.19547272E-03
   7.20882416E-03
   7.21454620E-03
   7.28893280E-03
   7.35759735E-03
   7.38334656E-03
   7.55977631E-03
   7.67230988E-03
   7.77244568E-03
   7.80963898E-03
   7.82680511E-03
   7.84873962E-03
   8.02993774E-03
   8.07666779E-03
   8.13865662E-03
   8.14914703E-03
   8.15296173E-03
   8.29982758E-03
   8.34941864E-03
   8.38756561E-03
   8.40759277E-03
   8.51345062E-03
   8.54396820E-03
   8.63265991E-03
   8.70990753E-03
   8.75186920E-03
   8.94260406E-03
   8.97407532E-03
   8.98265839E-03
   9.02748108E-03
   9.03892517E-03
   9.12380219E-03
   9.21535492E-03
   9.24873352E-03
   9.55104828E-03
   9.71984863E-03
   9.76276398E-03
   9.78279114E-03
   9.81140137E-03
   9.83619690E-03
   9.84477997E-03
   9.89341736E-03
   9.89532471E-03
   9.91344452E-03
   9.94014740E-03
   1.00297928E-02
   1.01013184E-02
   1.04570389E-02
   1.05037689E-02
   1.05314255E-02
   1.07641220E-02
   1.08413696E-02
   1.08909607E-02
   1.10521317E-02
   1.10855103E-02
   1.11351013E-02
   1.11579895E-02
   1.13582611E-02
   1.16615295E-02
   1.17044449E-02
   1.17187500E-02
   1.18618011E-02
   1.19304657E-02
   1.19600296E-02
   1.20067596E-02
   1.20668411E-02
   1.21221542E-02
   1.21488571E-02
   1.22175217E-02
   1.24349594E-02
   1.25055313E-02
   1.25961304E-02
   1.26562119E-02
   1.27592087E-02
   1.28307343E-02
   1.29289627E-02
   1.30949020E-02
   1.31807327E-02
   1.31826401E-02
   1.31883621E-02
   1.32064819E-02
   1.32694244E-02
   1.32913589E-02
   1.32980347E-02
   1.33247375E-02
   1.33676529E-02
   1.33857727E-02
   1.34057999E-02
   1.34172440E-02
   1.34649277E-02
   1.35469437E-02
   1.37052536E-02
   1.37624741E-02
   1.37701035E-02
   1.38664246E-02
   1.40571594E-02
   1.44853592E-02
   1.45740509E-02
   1.47199631E-02
   1.48506165E-02
   1.48944855E-02
   1.50623322E-02
   1.50861740E-02
   1.51166916E-02
   1.53503418E-02
   1.54771805E-02
   1.56402588E-02
   1.56927109E-02
   1.57804489E-02
   1.57852173E-02
   1.61914825E-02
   1.62429810E-02
   1.63545609E-02
   1.63784027E-02
   1.63917542E-02
   1.64518356E-02
   1.66673660E-02
   1.67503357E-02
   1.72157288E-02
   1.73740387E-02
   1.74484253E-02
   1.75085068E-02
   1.75237656E-02
   1.75313950E-02
   1.75390244E-02
   1.76677704E-02
   1.78461075E-02
   1.79576874E-02
   1.80368423E-02
   1.80521011E-02
   1.81407928E-02
   1.86119080E-02
   1.86386108E-02
   1.86395645E-02
   1.88264847E-02
   1.90010071E-02
   1.91345215E-02
   1.95417404E-02
   1.97572708E-02
   2.00948715E-02
   2.02054977E-02
   2.02255249E-02
   2.02941895E-02
   2.03161240E-02
   2.06899643E-02
   2.07223892E-02
   2.08683014E-02
   2.08845139E-02
   2.08864212E-02
   2.08959579E-02
   2.09159851E-02
   2.12717056E-02
   2.13060379E-02
   2.13308334E-02
   2.14500427E-02
   2.19917297E-02
   2.20603943E-02
   2.21567154E-02
   2.25238800E-02
   2.26459503E-02
   2.26526260E-02
   2.27842331E-02
   2.28624344E-02
   2.29759216E-02
   2.29921341E-02
   2.31523514E-02
   2.31609344E-02
   2.32191086E-02
   2.32410431E-02
   2.36186981E-02
   2.37007141E-02
   2.37131119E-02
   2.37951279E-02
   2.41699219E-02
   2.42176056E-02
   2.42967606E-02
   2.44874954E-02
   2.44903564E-02
   2.50673294E-02
   2.50759125E-02
   2.50835419E-02
   2.50835419E-02
   2.52256393E-02
   2.55842209E-02
   2.56347656E-02
   2.56967545E-02
   2.57101059E-02
   2.57329941E-02
   2.57673264E-02
   2.58064270E-02
   2.62365341E-02
   2.62393951E-02
   2.62613297E-02
   2.64358521E-02
   2.65350342E-02
   2.66942978E-02
   2.68659592E-02
   2.69374847E-02
   2.71530151E-02
   2.73027420E-02
   2.75087357E-02
   2.75955200E-02
   2.76403427E-02
   2.82125473E-02
   2.84795761E-02
   2.88381577E-02
   2.90813446E-02
   2.91795731E-02
   2.92406082E-02
   3.02782059E-02
   3.02991867E-02
   3.03401947E-02
   3.04079056E-02
   3.05891037E-02
   3.08637619E-02
   3.09410095E-02
   3.17640305E-02
   3.18031311E-02
   3.20768356E-02
   3.23276520E-02
   3.24716568E-02
   3.25107574E-02
   3.34787369E-02
   3.37791443E-02
   3.39508057E-02
   3.41863632E-02
   3.42578888E-02
   3.45582962E-02
   3.50141525E-02
   3.51972580E-02
   3.67889404E-02
   3.71093750E-02
   3.73210907E-02
