#Npts     Radius    Mag      Completeness
#  222 1076.5718  -15.010000 1.000000
# Verr
  -3.98111343E-02
  -3.94363403E-02
  -3.61146927E-02
  -3.38153839E-02
  -3.22494507E-02
  -3.06015015E-02
  -2.81896591E-02
  -2.75878906E-02
  -2.73933411E-02
  -2.67076492E-02
  -2.63957977E-02
  -2.63843536E-02
  -2.51865387E-02
  -2.50492096E-02
  -1.96962357E-02
  -1.84164047E-02
  -1.71003342E-02
  -1.40609741E-02
  -1.33285522E-02
  -1.25236511E-02
  -1.21936798E-02
  -1.17645264E-02
  -1.07402802E-02
  -1.05705261E-02
  -1.03292465E-02
  -1.02787018E-02
  -1.01613998E-02
  -9.92488861E-03
  -9.29641724E-03
  -9.08374786E-03
  -8.75854492E-03
  -8.72325897E-03
  -8.69846344E-03
  -8.68988037E-03
  -8.67938995E-03
  -8.55064392E-03
  -8.23211670E-03
  -7.98702240E-03
  -7.83538818E-03
  -7.70854950E-03
  -7.64751434E-03
  -7.48729706E-03
  -7.19833374E-03
  -7.06768036E-03
  -6.80732727E-03
  -6.63852692E-03
  -6.63661957E-03
  -6.55174255E-03
  -6.04057312E-03
  -6.02531433E-03
  -5.98144531E-03
  -5.72967529E-03
  -5.69534302E-03
  -5.67054749E-03
  -5.61714172E-03
  -5.37490845E-03
  -5.29956818E-03
  -5.21373749E-03
  -4.85420227E-03
  -4.75883484E-03
  -4.75788116E-03
  -4.68635559E-03
  -4.67586517E-03
  -4.63771820E-03
  -4.50611115E-03
  -4.49180603E-03
  -4.39834595E-03
  -4.34398651E-03
  -4.31442261E-03
  -4.21237946E-03
  -4.18472290E-03
  -4.07981873E-03
  -3.92818451E-03
  -3.65257263E-03
  -3.63922119E-03
  -3.60870361E-03
  -3.56197357E-03
  -3.30829620E-03
  -3.18813324E-03
  -3.07273865E-03
  -2.85911560E-03
  -2.84004211E-03
  -2.77805328E-03
  -2.58731842E-03
  -2.52628326E-03
  -2.34794617E-03
  -2.32410431E-03
  -2.06279755E-03
  -1.90639496E-03
  -1.88827515E-03
  -1.79290771E-03
  -1.78909302E-03
  -1.76334381E-03
  -1.61075592E-03
  -1.58119202E-03
  -1.49726868E-03
  -1.44195557E-03
  -1.34086609E-03
  -1.12342834E-03
  -9.86099243E-04
  -9.12666321E-04
  -8.42094421E-04
  -7.70568848E-04
  -7.66754150E-04
  -7.62939453E-04
  -7.43865967E-04
  -5.68389893E-04
  -5.27381897E-04
  -4.29153442E-04
  -2.57492065E-04
  -1.28746033E-04
  -1.23977661E-04
  -1.06811523E-04
   1.21116638E-04
   1.99317932E-04
   2.13623047E-04
   2.28881836E-04
   2.52723694E-04
   2.91824341E-04
   2.92778015E-04
   3.15666199E-04
   3.47137451E-04
   5.31196594E-04
   5.71250916E-04
   5.77926636E-04
   6.75201416E-04
   7.34329224E-04
   8.32557678E-04
   8.70704651E-04
   9.19342041E-04
   9.19342041E-04
   9.88006592E-04
   1.00898743E-03
   1.03950500E-03
   1.16348267E-03
   1.23596191E-03
   1.32179260E-03
   1.34277344E-03
   1.46389008E-03
   1.58500671E-03
   1.63650513E-03
   1.67560577E-03
   2.00843811E-03
   2.19249725E-03
   2.30789185E-03
   2.34317780E-03
   2.46524811E-03
   2.48813629E-03
   2.51293182E-03
   2.54535675E-03
   2.58731842E-03
   2.59590149E-03
   2.67505646E-03
   2.77423859E-03
   2.80094147E-03
   2.86293030E-03
   2.88105011E-03
   2.98690796E-03
   3.01361084E-03
   3.13949585E-03
   3.51428986E-03
   3.57627869E-03
   3.58772278E-03
   3.66687775E-03
   3.68022919E-03
   3.76415253E-03
   3.84998322E-03
   4.01020050E-03
   4.19521332E-03
   4.53472137E-03
   4.78458405E-03
   4.84085083E-03
   4.87422943E-03
   5.08594513E-03
   5.10787964E-03
   5.32722473E-03
   5.41400909E-03
   5.63812256E-03
   5.65624237E-03
   5.71250916E-03
   5.71727753E-03
   5.76305389E-03
   6.27136230E-03
   6.37817383E-03
   6.40773773E-03
   6.68525696E-03
   7.45105743E-03
   7.48538971E-03
   7.49397278E-03
   7.73239136E-03
   7.92407990E-03
   7.93647766E-03
   8.00514221E-03
   8.03852081E-03
   8.13484192E-03
   8.40663910E-03
   8.46290588E-03
   8.76140594E-03
   8.89682770E-03
   9.00936127E-03
   9.33551788E-03
   9.43756104E-03
   9.86766815E-03
   9.90200043E-03
   9.99736786E-03
   1.03092194E-02
   1.10969543E-02
   1.11417770E-02
   1.14202499E-02
   1.17511749E-02
   1.19419098E-02
   1.28726959E-02
   1.43032074E-02
   1.50022507E-02
   1.55887604E-02
   1.61333084E-02
   1.68743134E-02
   1.69973373E-02
   1.82342529E-02
   2.07433701E-02
   2.13947296E-02
   2.64739990E-02
