#Npts     Radius    Mag      Completeness
#  350 1900.5562  -11.858001 1.000000
# Verr
  -3.55215073E-02
  -1.62487030E-02
  -1.61561966E-02
  -1.57251358E-02
  -1.52730942E-02
  -1.47542953E-02
  -1.47542953E-02
  -1.43775940E-02
  -1.39846802E-02
  -1.39589310E-02
  -1.30262375E-02
  -1.22804642E-02
  -1.21765137E-02
  -1.21450424E-02
  -1.19276047E-02
  -1.03025436E-02
  -1.00154877E-02
  -9.64069366E-03
  -9.63211060E-03
  -9.36222076E-03
  -9.21821594E-03
  -8.67080688E-03
  -8.51917267E-03
  -8.48865509E-03
  -8.20732117E-03
  -8.13102722E-03
  -8.10050964E-03
  -7.98892975E-03
  -7.84015656E-03
  -7.82775879E-03
  -7.43198395E-03
  -7.34329224E-03
  -7.27653503E-03
  -7.22694397E-03
  -7.10868835E-03
  -7.07340240E-03
  -7.05814362E-03
  -7.04956055E-03
  -6.99329376E-03
  -6.90555573E-03
  -6.87408447E-03
  -6.69574738E-03
  -6.65664673E-03
  -6.52790070E-03
  -6.50691986E-03
  -6.39152527E-03
  -6.23607635E-03
  -6.17599487E-03
  -6.17027283E-03
  -6.14643097E-03
  -6.07109070E-03
  -5.99861145E-03
  -5.95092773E-03
  -5.82408905E-03
  -5.82218170E-03
  -5.77926636E-03
  -5.77831268E-03
  -5.74111938E-03
  -5.70487976E-03
  -5.66291809E-03
  -5.64384460E-03
  -5.60665131E-03
  -5.52940369E-03
  -5.42068481E-03
  -5.30147552E-03
  -5.03540039E-03
  -5.03158569E-03
  -4.96864319E-03
  -4.78076935E-03
  -4.56523895E-03
  -4.47845459E-03
  -4.40788269E-03
  -4.22000885E-03
  -4.13894653E-03
  -4.12940979E-03
  -4.05597687E-03
  -4.04548645E-03
  -4.00924683E-03
  -3.97300720E-03
  -3.96919250E-03
  -3.91578674E-03
  -3.87477875E-03
  -3.82328033E-03
  -3.75270844E-03
  -3.70502472E-03
  -3.63540649E-03
  -3.59249115E-03
  -3.59153748E-03
  -3.56960297E-03
  -3.29589844E-03
  -3.25107574E-03
  -3.13377380E-03
  -3.12805176E-03
  -3.08418274E-03
  -3.03173065E-03
  -2.93254852E-03
  -2.90584564E-03
  -2.89916992E-03
  -2.88867950E-03
  -2.88009644E-03
  -2.81810760E-03
  -2.79045105E-03
  -2.70557404E-03
  -2.64644623E-03
  -2.59399414E-03
  -2.47478485E-03
  -2.46715546E-03
  -2.43473053E-03
  -2.41756439E-03
  -2.40802765E-03
  -2.39086151E-03
  -2.37464905E-03
  -2.30407715E-03
  -2.28309631E-03
  -2.25830078E-03
  -2.15721130E-03
  -2.03800201E-03
  -1.99127197E-03
  -1.96456909E-03
  -1.94644928E-03
  -1.93214417E-03
  -1.91783905E-03
  -1.89590454E-03
  -1.89113617E-03
  -1.79481506E-03
  -1.75762177E-03
  -1.75189972E-03
  -1.58977509E-03
  -1.58977509E-03
  -1.56688690E-03
  -1.54018402E-03
  -1.52778625E-03
  -1.42860413E-03
  -1.39522552E-03
  -1.27887726E-03
  -1.19495392E-03
  -1.17015839E-03
  -1.16062164E-03
  -1.05857849E-03
  -1.05762482E-03
  -1.01566315E-03
  -9.71794128E-04
  -9.61303711E-04
  -9.28878784E-04
  -8.85963440E-04
  -8.04901123E-04
  -8.02040100E-04
  -8.00132751E-04
  -7.99179077E-04
  -7.82012939E-04
  -7.61032104E-04
  -7.54356384E-04
  -6.63757324E-04
  -6.23703003E-04
  -5.93185425E-04
  -5.27381897E-04
  -4.65393066E-04
  -3.84330750E-04
  -3.49044800E-04
  -1.05857849E-04
  -1.02043152E-04
  -9.53674316E-07
   3.43322754E-05
   4.57763672E-05
   2.38418579E-04
   2.60353088E-04
   3.55720520E-04
   4.02450562E-04
   4.19616699E-04
   4.33921814E-04
   4.36782837E-04
   4.48226929E-04
   5.21659851E-04
   5.86509705E-04
   6.20841980E-04
   6.93321228E-04
   7.22885132E-04
   7.22885132E-04
   7.75337219E-04
   9.11712646E-04
   9.51766968E-04
   1.14631653E-03
   1.19113922E-03
   1.20830536E-03
   1.27792358E-03
   1.27792358E-03
   1.32656097E-03
   1.34944916E-03
   1.38759613E-03
   1.41525269E-03
   1.59931183E-03
   1.71661377E-03
   1.76143646E-03
   1.80053711E-03
   1.81198120E-03
   1.81484222E-03
   1.82056427E-03
   1.83486938E-03
   1.83677673E-03
   1.85966492E-03
   1.91497803E-03
   1.91974640E-03
   1.94358826E-03
   2.06470490E-03
   2.18486786E-03
   2.35748291E-03
   2.47001648E-03
   2.47001648E-03
   2.49767303E-03
   2.60066986E-03
   2.73036957E-03
   2.77137756E-03
   2.77137756E-03
   2.88105011E-03
   2.97927856E-03
   2.98023224E-03
   3.04126740E-03
   3.07559967E-03
   3.14712524E-03
   3.16619873E-03
   3.26633453E-03
   3.29303741E-03
   3.54862213E-03
   3.72123718E-03
   3.83853912E-03
   3.84330750E-03
   3.90434265E-03
   3.98921967E-03
   4.00447845E-03
   4.21524048E-03
   4.34780121E-03
   4.39739227E-03
   4.40502167E-03
   4.59003448E-03
   4.64153290E-03
   4.66537476E-03
   4.69875336E-03
   4.76551056E-03
   4.80270386E-03
   4.80556488E-03
   4.80747223E-03
   4.80747223E-03
   4.80937958E-03
   4.90856171E-03
   4.95147705E-03
   4.96196747E-03
   5.01060486E-03
   5.03063202E-03
   5.12695312E-03
   5.35011292E-03
   5.43594360E-03
   5.56278229E-03
   5.56564331E-03
   5.62858582E-03
   5.64861298E-03
   5.65338135E-03
   5.67245483E-03
   5.70392609E-03
   5.75637817E-03
   5.79547882E-03
   5.87940216E-03
   6.00814819E-03
   6.06441498E-03
   6.07299805E-03
   6.10923767E-03
   6.32953644E-03
   6.34670258E-03
   6.48498535E-03
   6.54029846E-03
   6.54125214E-03
   6.67762756E-03
   6.84833527E-03
   6.92939758E-03
   7.12299347E-03
   7.29751587E-03
   7.41291046E-03
   7.45964050E-03
   7.66372681E-03
   7.67040253E-03
   7.92980194E-03
   7.95078278E-03
   8.11481476E-03
   8.12244415E-03
   8.20159912E-03
   8.27217102E-03
   8.37230682E-03
   8.47434998E-03
   8.64124298E-03
   8.80813599E-03
   8.82911682E-03
   8.90827179E-03
   9.04273987E-03
   9.36222076E-03
   9.44519043E-03
   9.47475433E-03
   9.52053070E-03
   9.52529907E-03
   9.64927673E-03
   9.69219208E-03
   1.00793839E-02
   1.02272034E-02
   1.02386475E-02
   1.03292465E-02
   1.04484558E-02
   1.05857849E-02
   1.06573105E-02
   1.07049942E-02
   1.08785629E-02
   1.09357834E-02
   1.09529495E-02
   1.12352371E-02
   1.12953186E-02
   1.12981796E-02
   1.13983154E-02
   1.15261078E-02
   1.16395950E-02
   1.17778778E-02
   1.23605728E-02
   1.23682022E-02
   1.25532150E-02
   1.26428604E-02
   1.30481720E-02
   1.31731033E-02
   1.32713318E-02
   1.33132935E-02
   1.33619308E-02
   1.34620667E-02
   1.36823654E-02
   1.43146515E-02
   1.43566132E-02
   1.43804550E-02
   1.44939423E-02
   1.50346756E-02
   1.53322220E-02
   1.55582428E-02
   1.55773163E-02
   1.59378052E-02
   1.59473419E-02
   1.59626007E-02
   1.74369812E-02
   1.95808411E-02
   2.06432343E-02
   2.06766129E-02
   2.09741592E-02
   2.21214294E-02
   2.23817825E-02
   2.65941620E-02
   2.77547836E-02
   3.06682587E-02
   3.61776352E-02
