#Npts     Radius    Mag      Completeness
#  382  653.3163  -13.285274 1.000000
# Verr
  -3.66764069E-02
  -3.29866409E-02
  -3.29484940E-02
  -2.92654037E-02
  -2.83098221E-02
  -2.66695023E-02
  -2.61955261E-02
  -2.56786346E-02
  -2.55880356E-02
  -2.51646042E-02
  -2.36968994E-02
  -2.33459473E-02
  -2.33221054E-02
  -2.21443176E-02
  -2.18362808E-02
  -1.91230774E-02
  -1.82275772E-02
  -1.58920288E-02
  -1.58700943E-02
  -1.52988434E-02
  -1.48811340E-02
  -1.47104263E-02
  -1.42250061E-02
  -1.41992569E-02
  -1.39350891E-02
  -1.37825012E-02
  -1.37710571E-02
  -1.37214661E-02
  -1.33295059E-02
  -1.31301880E-02
  -1.27143860E-02
  -1.26123428E-02
  -1.22671127E-02
  -1.20763779E-02
  -1.18894577E-02
  -1.17425919E-02
  -1.17216110E-02
  -1.15785599E-02
  -1.15785599E-02
  -1.15060806E-02
  -1.10960007E-02
  -1.09739304E-02
  -1.09472275E-02
  -1.07669830E-02
  -1.07612610E-02
  -1.07030869E-02
  -1.04303360E-02
  -1.03807449E-02
  -1.03454590E-02
  -1.02748871E-02
  -1.01337433E-02
  -9.52816010E-03
  -9.31835175E-03
  -8.93878937E-03
  -8.86535645E-03
  -8.75568390E-03
  -8.75186920E-03
  -8.73661041E-03
  -8.73279572E-03
  -8.52203369E-03
  -8.50391388E-03
  -8.46099854E-03
  -8.41236115E-03
  -8.39519501E-03
  -8.38947296E-03
  -8.35990906E-03
  -8.35895538E-03
  -8.31127167E-03
  -8.17966461E-03
  -7.88497925E-03
  -7.86209106E-03
  -7.84873962E-03
  -7.77053833E-03
  -7.76958466E-03
  -7.76958466E-03
  -7.76672363E-03
  -7.73429871E-03
  -7.71331787E-03
  -7.70664215E-03
  -7.69710541E-03
  -7.64465332E-03
  -7.61890411E-03
  -7.52258301E-03
  -7.52162933E-03
  -7.47394562E-03
  -7.47013092E-03
  -7.37094879E-03
  -7.26890564E-03
  -7.21740723E-03
  -7.21263885E-03
  -7.20882416E-03
  -7.20691681E-03
  -7.02381134E-03
  -7.02190399E-03
  -6.98661804E-03
  -6.71005249E-03
  -6.70433044E-03
  -6.69956207E-03
  -6.60419464E-03
  -6.30569458E-03
  -6.22272491E-03
  -6.21128082E-03
  -6.04820251E-03
  -5.98049164E-03
  -5.91278076E-03
  -5.90133667E-03
  -5.72299957E-03
  -5.71060181E-03
  -5.70487976E-03
  -5.70011139E-03
  -5.67626953E-03
  -5.64765930E-03
  -5.57422638E-03
  -5.50746918E-03
  -5.43308258E-03
  -5.27572632E-03
  -5.23853302E-03
  -5.23757935E-03
  -5.13172150E-03
  -5.06496429E-03
  -5.02109528E-03
  -5.01060486E-03
  -4.92286682E-03
  -4.82749939E-03
  -4.79412079E-03
  -4.77981567E-03
  -4.75788116E-03
  -4.72259521E-03
  -4.72068787E-03
  -4.59194183E-03
  -4.48513031E-03
  -4.46319580E-03
  -4.43935394E-03
  -4.37164307E-03
  -4.36973572E-03
  -4.34970856E-03
  -4.30583954E-03
  -4.29344177E-03
  -4.21714783E-03
  -4.20665741E-03
  -4.20475006E-03
  -4.20093536E-03
  -4.19712067E-03
  -4.09984589E-03
  -3.94344330E-03
  -3.82328033E-03
  -3.76415253E-03
  -3.70502472E-03
  -3.69739532E-03
  -3.53813171E-03
  -3.38935852E-03
  -3.32641602E-03
  -3.30543518E-03
  -3.26728821E-03
  -3.20529938E-03
  -3.10611725E-03
  -2.91061401E-03
  -2.84481049E-03
  -2.79426575E-03
  -2.71606445E-03
  -2.64930725E-03
  -2.55203247E-03
  -2.53963470E-03
  -2.53200531E-03
  -2.43377686E-03
  -2.42233276E-03
  -2.28691101E-03
  -2.28595734E-03
  -2.26688385E-03
  -2.22873688E-03
  -2.22110748E-03
  -2.20298767E-03
  -2.18391418E-03
  -1.82342529E-03
  -1.81770325E-03
  -1.74999237E-03
  -1.74236298E-03
  -1.70898438E-03
  -1.66511536E-03
  -1.52683258E-03
  -1.50012970E-03
  -1.47247314E-03
  -1.34944916E-03
  -1.32751465E-03
  -1.24359131E-03
  -1.22928619E-03
  -1.22737885E-03
  -1.21784210E-03
  -1.20353699E-03
  -1.13010406E-03
  -1.12152100E-03
  -1.11961365E-03
  -1.09291077E-03
  -1.07955933E-03
  -1.07383728E-03
  -1.05285645E-03
  -1.05285645E-03
  -9.66072083E-04
  -8.74519348E-04
  -7.30514526E-04
  -7.22885132E-04
  -7.05718994E-04
  -7.03811646E-04
  -6.87599182E-04
  -6.79016113E-04
  -6.15119934E-04
  -6.10351562E-04
  -5.79833984E-04
  -4.10079956E-04
  -3.86238098E-04
  -3.51905823E-04
  -3.36647034E-04
  -3.33786011E-04
  -3.09944153E-04
  -2.76565552E-04
  -2.39372253E-04
  -2.34603882E-04
  -2.03132629E-04
  -2.03132629E-04
  -2.03132629E-04
  -2.02178955E-04
  -7.24792480E-05
  -1.04904175E-05
   6.48498535E-05
   1.01089478E-04
   1.71661377E-04
   2.30789185E-04
   2.41279602E-04
   2.80380249E-04
   2.88009644E-04
   2.94685364E-04
   4.73022461E-04
   6.99043274E-04
   7.30514526E-04
   7.39097595E-04
   7.41958618E-04
   7.94410706E-04
   7.97271729E-04
   8.68797302E-04
   8.69750977E-04
   9.37461853E-04
   1.07669830E-03
   1.07669830E-03
   1.26361847E-03
   1.26552582E-03
   1.51348114E-03
   1.61266327E-03
   1.62124634E-03
   1.67655945E-03
   1.69467926E-03
   1.71279907E-03
   1.72328949E-03
   1.76429749E-03
   1.77097321E-03
   1.77288055E-03
   1.78337097E-03
   1.78623199E-03
   1.94168091E-03
   2.11429596E-03
   2.26020813E-03
   2.27260590E-03
   2.29644775E-03
   2.49004364E-03
   2.70366669E-03
   2.71606445E-03
   2.73513794E-03
   2.83050537E-03
   3.07559967E-03
   3.11088562E-03
   3.12137604E-03
   3.27396393E-03
   3.36456299E-03
   3.87859344E-03
   3.87954712E-03
   3.91674042E-03
   3.96728516E-03
   4.07981873E-03
   4.17041779E-03
   4.19998169E-03
   4.20379639E-03
   4.30011749E-03
   4.41646576E-03
   4.44221497E-03
   4.47654724E-03
   4.52613831E-03
   4.64534760E-03
   4.77409363E-03
   4.79507446E-03
   4.94098663E-03
   4.94766235E-03
   4.98771667E-03
   5.05256653E-03
   5.12313843E-03
   5.14411926E-03
   5.14411926E-03
   5.15079498E-03
   5.28907776E-03
   5.29003143E-03
   5.31101227E-03
   5.31578064E-03
   5.41687012E-03
   5.77735901E-03
   5.78975677E-03
   5.79071045E-03
   5.83362579E-03
   5.96237183E-03
   6.17027283E-03
   6.25991821E-03
   6.26277924E-03
   6.27136230E-03
   6.28852844E-03
   6.30092621E-03
   6.39438629E-03
   6.42585754E-03
   6.62326813E-03
   6.64234161E-03
   6.78920746E-03
   6.79397583E-03
   6.79779053E-03
   6.81495667E-03
   6.90746307E-03
   7.18688965E-03
   7.28607178E-03
   7.53784180E-03
   7.61699677E-03
   7.64179230E-03
   7.72476196E-03
   7.75337219E-03
   7.77339935E-03
   7.81440735E-03
   7.90119171E-03
   8.11958313E-03
   8.21781158E-03
   8.27312469E-03
   8.29601288E-03
   8.59642029E-03
   8.61549377E-03
   8.62312317E-03
   9.01317596E-03
   9.08660889E-03
   9.13715363E-03
   9.28592682E-03
   9.44328308E-03
   9.79804993E-03
   1.00641251E-02
   1.03015900E-02
   1.06678009E-02
   1.07126236E-02
   1.10940933E-02
   1.11980438E-02
   1.12094879E-02
   1.13029480E-02
   1.17683411E-02
   1.18818283E-02
   1.22375488E-02
   1.37758255E-02
   1.37777328E-02
   1.39808655E-02
   1.44214630E-02
   1.46293640E-02
   1.50041580E-02
   1.51224136E-02
   1.51224136E-02
   1.52769089E-02
   1.57060623E-02
   1.57270432E-02
   1.63030624E-02
   1.70898438E-02
   1.72233582E-02
   2.01416016E-02
   2.02026367E-02
   2.05736160E-02
   2.10094452E-02
   2.18162537E-02
   2.38246918E-02
   2.42605209E-02
   2.67057419E-02
   2.73199081E-02
   2.73799896E-02
   3.40929031E-02
   3.98302078E-02
   3.98778915E-02
