#Npts     Radius    Mag      Completeness
#  120 1276.9363  -13.570727 1.000000
# Verr
  -2.92301178E-02
  -1.99937820E-02
  -1.07564926E-02
  -7.49588013E-03
  -7.10582733E-03
  -6.61754608E-03
  -6.40296936E-03
  -6.12258911E-03
  -5.85746765E-03
  -5.52463531E-03
  -4.55379486E-03
  -4.44602966E-03
  -3.52478027E-03
  -3.39698792E-03
  -2.99739838E-03
  -2.98690796E-03
  -2.84576416E-03
  -2.80666351E-03
  -2.57110596E-03
  -2.18105316E-03
  -2.08377838E-03
  -1.92165375E-03
  -1.74140930E-03
  -1.53064728E-03
  -8.21113586E-04
  -8.13484192E-04
  -3.99589539E-04
  -2.54631042E-04
  -6.19888306E-05
   3.71932983E-05
   2.24113464E-04
   3.45230103E-04
   4.24385071E-04
   5.72204590E-04
   7.84873962E-04
   1.12342834E-03
   1.37519836E-03
   1.73091888E-03
   1.94072723E-03
   2.10380554E-03
   2.38990784E-03
   2.53868103E-03
   2.97164917E-03
   3.09371948E-03
   3.13091278E-03
   3.18527222E-03
   3.20816040E-03
   3.23677063E-03
   3.33499908E-03
   3.41033936E-03
   3.43799591E-03
   3.55243683E-03
   3.58200073E-03
   3.62873077E-03
   3.96442413E-03
   4.10747528E-03
   4.13417816E-03
   4.19902802E-03
   4.32682037E-03
   4.35543060E-03
   4.35543060E-03
   4.46414948E-03
   4.47368622E-03
   4.67586517E-03
   5.01632690E-03
   5.24425507E-03
   5.70297241E-03
   5.89942932E-03
   6.10065460E-03
   6.28757477E-03
   6.50310516E-03
   6.77108765E-03
   6.95800781E-03
   7.02381134E-03
   7.29084015E-03
   7.32040405E-03
   7.61795044E-03
   7.64846802E-03
   7.81726837E-03
   7.84301758E-03
   8.08715820E-03
   8.32271576E-03
   8.54301453E-03
   8.74328613E-03
   9.40036774E-03
   9.67121124E-03
   9.77897644E-03
   9.95254517E-03
   1.00584030E-02
   1.01318359E-02
   1.11532211E-02
   1.15470886E-02
   1.17712021E-02
   1.18188858E-02
   1.22222900E-02
   1.26857758E-02
   1.27906799E-02
   1.30319595E-02
   1.34983063E-02
   1.36575699E-02
   1.38463974E-02
   1.38673782E-02
   1.39055252E-02
   1.40962601E-02
   1.41563416E-02
   1.46389008E-02
   1.63888931E-02
   1.83544159E-02
   1.86605453E-02
   1.89781189E-02
   1.92804337E-02
   1.96237564E-02
   2.12421417E-02
   2.13298798E-02
   2.15921402E-02
   2.19783783E-02
   2.41670609E-02
   2.87437439E-02
   2.97260284E-02
   3.64856720E-02
