#Npts     Radius    Mag      Completeness
#   38 1484.8096  -14.998000 1.000000
# Verr
  -1.44224167E-02
  -1.22737885E-02
  -1.01089478E-02
  -8.61454010E-03
  -8.45623016E-03
  -7.78961182E-03
  -7.42626190E-03
  -6.94847107E-03
  -4.36115265E-03
  -4.21237946E-03
  -1.70707703E-03
  -1.54399872E-03
  -1.18827820E-03
  -5.00679016E-04
  -2.09808350E-04
  -1.84059143E-04
  -9.53674316E-07
   1.25885010E-03
   1.50489807E-03
   1.52492523E-03
   1.76048279E-03
   1.89971924E-03
   2.16484070E-03
   3.33595276E-03
   3.36742401E-03
   4.24957275E-03
   4.44698334E-03
   4.74166870E-03
   5.54180145E-03
   5.68389893E-03
   6.48784637E-03
   7.20214844E-03
   9.53674316E-03
   9.79423523E-03
   1.03664398E-02
   1.15222931E-02
   1.28231049E-02
   1.36518478E-02
