#Npts     Radius    Mag      Completeness
#  534  448.5716  -15.010000 1.000000
# Verr
  -3.96471024E-02
  -3.92541885E-02
  -3.89347076E-02
  -3.83348465E-02
  -3.80907059E-02
  -3.78942490E-02
  -3.71656418E-02
  -3.66477966E-02
  -3.58791351E-02
  -3.58285904E-02
  -3.51943970E-02
  -3.48033905E-02
  -3.32069397E-02
  -3.24459076E-02
  -3.22189331E-02
  -3.22151184E-02
  -3.18698883E-02
  -3.14702988E-02
  -3.12356949E-02
  -2.95696259E-02
  -2.92558670E-02
  -2.87418365E-02
  -2.82278061E-02
  -2.79245377E-02
  -2.76441574E-02
  -2.76288986E-02
  -2.75421143E-02
  -2.75230408E-02
  -2.70490646E-02
  -2.68211365E-02
  -2.66666412E-02
  -2.65064240E-02
  -2.60753632E-02
  -2.55956650E-02
  -2.54049301E-02
  -2.49586105E-02
  -2.45046616E-02
  -2.44731903E-02
  -2.40716934E-02
  -2.40440369E-02
  -2.38695145E-02
  -2.34050751E-02
  -2.33812332E-02
  -2.28681564E-02
  -2.25439072E-02
  -2.24914551E-02
  -2.23045349E-02
  -2.22826004E-02
  -2.21624374E-02
  -2.19516754E-02
  -2.18820572E-02
  -2.13031769E-02
  -2.10371017E-02
  -2.10256577E-02
  -2.09999084E-02
  -2.05583572E-02
  -2.04858780E-02
  -2.04229355E-02
  -2.00147629E-02
  -1.99174881E-02
  -1.97658539E-02
  -1.95150375E-02
  -1.92956924E-02
  -1.81875229E-02
  -1.80082321E-02
  -1.77659988E-02
  -1.77230835E-02
  -1.73463821E-02
  -1.68991089E-02
  -1.66444778E-02
  -1.65481567E-02
  -1.64337158E-02
  -1.60818100E-02
  -1.59111023E-02
  -1.58348083E-02
  -1.53684616E-02
  -1.50012970E-02
  -1.49173737E-02
  -1.47247314E-02
  -1.47056580E-02
  -1.44720078E-02
  -1.44052505E-02
  -1.38978958E-02
  -1.37510300E-02
  -1.36890411E-02
  -1.36327744E-02
  -1.34181976E-02
  -1.27182007E-02
  -1.26543045E-02
  -1.26018524E-02
  -1.25751495E-02
  -1.24492645E-02
  -1.23586655E-02
  -1.22833252E-02
  -1.22146606E-02
  -1.21040344E-02
  -1.19552612E-02
  -1.18541718E-02
  -1.18503571E-02
  -1.18150711E-02
  -1.16748810E-02
  -1.16205215E-02
  -1.15194321E-02
  -1.14555359E-02
  -1.12380981E-02
  -1.11055374E-02
  -1.06630325E-02
  -1.05371475E-02
  -1.04646683E-02
  -1.03635788E-02
  -1.02682114E-02
  -1.02186203E-02
  -1.01947784E-02
  -1.00364685E-02
  -1.00259781E-02
  -9.92488861E-03
  -9.90867615E-03
  -9.65976715E-03
  -9.60540771E-03
  -9.52053070E-03
  -9.44709778E-03
  -9.42993164E-03
  -9.15527344E-03
  -8.98361206E-03
  -8.66699219E-03
  -8.64601135E-03
  -8.62789154E-03
  -8.58688354E-03
  -8.51058960E-03
  -8.35037231E-03
  -8.06331635E-03
  -7.95650482E-03
  -7.55405426E-03
  -7.45010376E-03
  -7.34996796E-03
  -7.33661652E-03
  -7.32231140E-03
  -7.24029541E-03
  -7.03620911E-03
  -6.98566437E-03
  -6.52122498E-03
  -6.50978088E-03
  -6.48403168E-03
  -6.40869141E-03
  -6.34384155E-03
  -6.33716583E-03
  -6.29234314E-03
  -6.23798370E-03
  -6.22940063E-03
  -6.09397888E-03
  -5.99479675E-03
  -5.78308105E-03
  -5.52368164E-03
  -5.46073914E-03
  -5.27286530E-03
  -5.25856018E-03
  -5.24139404E-03
  -5.17272949E-03
  -5.16414642E-03
  -5.08308411E-03
  -4.96673584E-03
  -4.87804413E-03
  -4.83989716E-03
  -4.74929810E-03
  -4.73594666E-03
  -4.35066223E-03
  -4.20475006E-03
  -4.04262543E-03
  -4.04071808E-03
  -3.89289856E-03
  -3.88622284E-03
  -3.83758545E-03
  -3.83090973E-03
  -3.78227234E-03
  -3.74317169E-03
  -3.71837616E-03
  -3.66878510E-03
  -3.51905823E-03
  -3.46660614E-03
  -3.42845917E-03
  -3.40175629E-03
  -3.36456299E-03
  -3.30543518E-03
  -3.28731537E-03
  -3.24344635E-03
  -3.22055817E-03
  -3.08609009E-03
  -3.06224823E-03
  -3.00312042E-03
  -2.77900696E-03
  -2.76184082E-03
  -2.75802612E-03
  -2.73799896E-03
  -2.64644623E-03
  -2.64072418E-03
  -2.54058838E-03
  -2.53582001E-03
  -2.46143341E-03
  -2.39562988E-03
  -2.39562988E-03
  -2.37083435E-03
  -2.31361389E-03
  -2.30598450E-03
  -2.28309631E-03
  -2.26497650E-03
  -2.24304199E-03
  -2.22396851E-03
  -2.20394135E-03
  -2.19154358E-03
  -2.15911865E-03
  -2.02655792E-03
  -1.97505951E-03
  -1.91974640E-03
  -1.90925598E-03
  -1.77764893E-03
  -1.66320801E-03
  -1.65462494E-03
  -1.58691406E-03
  -1.38187408E-03
  -1.37424469E-03
  -1.35040283E-03
  -1.30653381E-03
  -1.30462646E-03
  -1.26361847E-03
  -1.24454498E-03
  -1.14822388E-03
  -1.11103058E-03
  -1.04141235E-03
  -1.02996826E-03
  -1.02519989E-03
  -9.57489014E-04
  -9.31739807E-04
  -8.67843628E-04
  -8.51631165E-04
  -8.42094421E-04
  -8.07762146E-04
  -7.57217407E-04
  -6.62803650E-04
  -6.58988953E-04
  -6.29425049E-04
  -6.02722168E-04
  -6.01768494E-04
  -5.40733337E-04
  -5.21659851E-04
  -4.93049622E-04
  -4.68254089E-04
  -4.40597534E-04
  -3.66210938E-04
  -2.18391418E-04
  -1.14440918E-04
  -7.24792480E-05
   1.33514404E-05
   5.24520874E-05
   1.04904175E-04
   2.26020813E-04
   3.31878662E-04
   3.51905823E-04
   4.25338745E-04
   4.70161438E-04
   5.43594360E-04
   5.46455383E-04
   6.18934631E-04
   6.27517700E-04
   6.77108765E-04
   7.26699829E-04
   9.76562500E-04
   1.01470947E-03
   1.03282928E-03
   1.07192993E-03
   1.07669830E-03
   1.13582611E-03
   1.19781494E-03
   1.26647949E-03
   1.30367279E-03
   1.31893158E-03
   1.33037567E-03
   1.33800507E-03
   1.38664246E-03
   1.42097473E-03
   1.48487091E-03
   1.53636932E-03
   1.54590607E-03
   1.56879425E-03
   1.63364410E-03
   1.76811218E-03
   1.83200836E-03
   1.83582306E-03
   1.85012817E-03
   1.89018250E-03
   1.89399719E-03
   1.93977356E-03
   2.11143494E-03
   2.15911865E-03
   2.21824646E-03
   2.23159790E-03
   2.25925446E-03
   2.38704681E-03
   2.45761871E-03
   2.48622894E-03
   2.48813629E-03
   2.51960754E-03
   2.58445740E-03
   2.61306763E-03
   2.69222260E-03
   2.72178650E-03
   2.81143188E-03
   2.83145905E-03
   2.83432007E-03
   2.99739838E-03
   3.01742554E-03
   3.04794312E-03
   3.05747986E-03
   3.22055817E-03
   3.27682495E-03
   3.37791443E-03
   3.38840485E-03
   3.44181061E-03
   3.47518921E-03
   3.50666046E-03
   3.51715088E-03
   3.54957581E-03
   3.56674194E-03
   3.70121002E-03
   3.71074677E-03
   3.77845764E-03
   3.83567810E-03
   3.97968292E-03
   3.99303436E-03
   4.16755676E-03
   4.19425964E-03
   4.25434113E-03
   4.32586670E-03
   4.35543060E-03
   4.38117981E-03
   4.44698334E-03
   4.45556641E-03
   4.53853607E-03
   4.70733643E-03
   4.71305847E-03
   4.74834442E-03
   4.83608246E-03
   4.95529175E-03
   5.12981415E-03
   5.25569916E-03
   5.31959534E-03
   5.39779663E-03
   5.39779663E-03
   5.42449951E-03
   5.42640686E-03
   5.47313690E-03
   5.52463531E-03
   5.53131104E-03
   5.53226471E-03
   5.57231903E-03
   5.66101074E-03
   5.73253632E-03
   5.79738617E-03
   5.80501556E-03
   5.82790375E-03
   5.88321686E-03
   5.94615936E-03
   6.01673126E-03
   6.06918335E-03
   6.08825684E-03
   6.09683990E-03
   6.13784790E-03
   6.17408752E-03
   6.31904602E-03
   6.40296936E-03
   6.40392303E-03
   6.40487671E-03
   6.48975372E-03
   6.55746460E-03
   6.56414032E-03
   6.59751892E-03
   6.69002533E-03
   6.69193268E-03
   6.94084167E-03
   7.03430176E-03
   7.09342957E-03
   7.14874268E-03
   7.30037689E-03
   7.33280182E-03
   7.37953186E-03
   7.48252869E-03
   7.62081146E-03
   7.65514374E-03
   7.67803192E-03
   7.69042969E-03
   7.69615173E-03
   7.71427155E-03
   7.78770447E-03
   7.81345367E-03
   8.10241699E-03
   8.17012787E-03
   8.24546814E-03
   8.28742981E-03
   8.50200653E-03
   8.55922699E-03
   8.58211517E-03
   8.79764557E-03
   8.86726379E-03
   8.99505615E-03
   9.05513763E-03
   9.06467438E-03
   9.15050507E-03
   9.15241241E-03
   9.16862488E-03
   9.24110413E-03
   9.26780701E-03
   9.37747955E-03
   9.43565369E-03
   9.50336456E-03
   9.50622559E-03
   9.51957703E-03
   9.60063934E-03
   9.62734222E-03
   9.66644287E-03
   9.90390778E-03
   9.95159149E-03
   9.99736786E-03
   1.00517273E-02
   1.00727081E-02
   1.01051331E-02
   1.01957321E-02
   1.01976395E-02
   1.02462769E-02
   1.02958679E-02
   1.03311539E-02
   1.03397369E-02
   1.05590820E-02
   1.06887817E-02
   1.08757019E-02
   1.12123489E-02
   1.12304688E-02
   1.12390518E-02
   1.12676620E-02
   1.13086700E-02
   1.13420486E-02
   1.15823746E-02
   1.16262436E-02
   1.17235184E-02
   1.19485855E-02
   1.20649338E-02
   1.20859146E-02
   1.21107101E-02
   1.22776031E-02
   1.23395920E-02
   1.24473572E-02
   1.25083923E-02
   1.25980377E-02
   1.26457214E-02
   1.28793716E-02
   1.29766464E-02
   1.31273270E-02
   1.32560730E-02
   1.33142471E-02
   1.33275986E-02
   1.36728287E-02
   1.37872696E-02
   1.37872696E-02
   1.38111115E-02
   1.38530731E-02
   1.39770508E-02
   1.42965317E-02
   1.43766403E-02
   1.46741867E-02
   1.46827698E-02
   1.48620605E-02
   1.49946213E-02
   1.51252747E-02
   1.52120590E-02
   1.52606964E-02
   1.53045654E-02
   1.53188705E-02
   1.56173706E-02
   1.58262253E-02
   1.58452988E-02
   1.58920288E-02
   1.59187317E-02
   1.61466599E-02
   1.62487030E-02
   1.62811279E-02
   1.64613724E-02
   1.64718628E-02
   1.65061951E-02
   1.68619156E-02
   1.69620514E-02
   1.70221329E-02
   1.71833038E-02
   1.73130035E-02
   1.73740387E-02
   1.74598694E-02
   1.75409317E-02
   1.76515579E-02
   1.77459717E-02
   1.79367065E-02
   1.79986954E-02
   1.80683136E-02
   1.84240341E-02
   1.85384750E-02
   1.87330246E-02
   1.92260742E-02
   1.93500519E-02
   1.96113586E-02
   1.97830200E-02
   2.04000473E-02
   2.11496353E-02
   2.11925507E-02
   2.17800140E-02
   2.18954086E-02
   2.23083496E-02
   2.27441788E-02
   2.27851868E-02
   2.30083466E-02
   2.30255127E-02
   2.32257843E-02
   2.32906342E-02
   2.33106613E-02
   2.46858597E-02
   2.72417068E-02
   2.87475586E-02
   2.88066864E-02
   2.92177200E-02
   3.05204391E-02
   3.09715271E-02
   3.17697525E-02
   3.28025818E-02
   3.28702927E-02
   3.43112946E-02
   3.50971222E-02
   3.51266861E-02
   3.58934402E-02
   3.59754562E-02
