#Npts     Radius    Mag      Completeness
#  695  657.9050  -13.264545 1.000000
# Verr
  -3.63969803E-02
  -3.56798172E-02
  -3.52420807E-02
  -3.42636108E-02
  -3.16410065E-02
  -3.16410065E-02
  -3.02124023E-02
  -2.99568176E-02
  -2.83651352E-02
  -2.77614594E-02
  -2.75478363E-02
  -2.75363922E-02
  -2.73962021E-02
  -2.66351700E-02
  -2.64463425E-02
  -2.61831284E-02
  -2.60314941E-02
  -2.59895325E-02
  -2.58131027E-02
  -2.56090164E-02
  -2.44274139E-02
  -2.41422653E-02
  -2.39810944E-02
  -2.35614777E-02
  -2.30951309E-02
  -2.28347778E-02
  -2.20222473E-02
  -2.18191147E-02
  -2.16808319E-02
  -2.16217041E-02
  -2.05650330E-02
  -2.00042725E-02
  -1.99747086E-02
  -1.99298859E-02
  -1.97458267E-02
  -1.96352005E-02
  -1.89399719E-02
  -1.89170837E-02
  -1.85232162E-02
  -1.79061890E-02
  -1.77783966E-02
  -1.77278519E-02
  -1.76076889E-02
  -1.75371170E-02
  -1.74779892E-02
  -1.71852112E-02
  -1.69763565E-02
  -1.67331696E-02
  -1.63879395E-02
  -1.62811279E-02
  -1.60589218E-02
  -1.60045624E-02
  -1.55429840E-02
  -1.55429840E-02
  -1.51948929E-02
  -1.51023865E-02
  -1.50203705E-02
  -1.49488449E-02
  -1.46322250E-02
  -1.44519806E-02
  -1.44376755E-02
  -1.44357681E-02
  -1.43623352E-02
  -1.43499374E-02
  -1.41229630E-02
  -1.39522552E-02
  -1.39389038E-02
  -1.39312744E-02
  -1.37548447E-02
  -1.36489868E-02
  -1.36156082E-02
  -1.33752823E-02
  -1.33438110E-02
  -1.31454468E-02
  -1.31025314E-02
  -1.28116608E-02
  -1.27449036E-02
  -1.26361847E-02
  -1.25923157E-02
  -1.24626160E-02
  -1.24340057E-02
  -1.21345520E-02
  -1.20897293E-02
  -1.20849609E-02
  -1.20716095E-02
  -1.19934082E-02
  -1.17263794E-02
  -1.16548538E-02
  -1.15766525E-02
  -1.15661621E-02
  -1.14269257E-02
  -1.12934113E-02
  -1.11837387E-02
  -1.10912323E-02
  -1.09930038E-02
  -1.09710693E-02
  -1.09634399E-02
  -1.07517242E-02
  -1.06849670E-02
  -1.05915070E-02
  -1.04990005E-02
  -1.03340149E-02
  -1.01919174E-02
  -1.01108551E-02
  -1.00955963E-02
  -1.00622177E-02
  -1.00612640E-02
  -9.94491577E-03
  -9.91153717E-03
  -9.78469849E-03
  -9.72175598E-03
  -9.72080231E-03
  -9.67216492E-03
  -9.63973999E-03
  -9.51194763E-03
  -9.38034058E-03
  -9.35363770E-03
  -9.07707214E-03
  -8.99982452E-03
  -8.98170471E-03
  -8.78906250E-03
  -8.71467590E-03
  -8.66317749E-03
  -8.48388672E-03
  -8.41903687E-03
  -8.40187073E-03
  -8.38661194E-03
  -8.29219818E-03
  -8.29029083E-03
  -8.19492340E-03
  -8.10623169E-03
  -8.03184509E-03
  -7.93361664E-03
  -7.91263580E-03
  -7.80487061E-03
  -7.77626038E-03
  -7.60555267E-03
  -7.59696960E-03
  -7.58647919E-03
  -7.45391846E-03
  -7.41577148E-03
  -7.34519958E-03
  -7.33661652E-03
  -7.26318359E-03
  -7.18784332E-03
  -7.14874268E-03
  -7.06005096E-03
  -6.97803497E-03
  -6.93702698E-03
  -6.92939758E-03
  -6.79874420E-03
  -6.79492950E-03
  -6.65473938E-03
  -6.64997101E-03
  -6.55078888E-03
  -6.51264191E-03
  -6.41536713E-03
  -6.41536713E-03
  -6.36291504E-03
  -6.34193420E-03
  -6.30760193E-03
  -6.29425049E-03
  -6.19792938E-03
  -6.08634949E-03
  -6.06822968E-03
  -6.03961945E-03
  -5.98907471E-03
  -5.98430634E-03
  -5.92231750E-03
  -5.86318970E-03
  -5.85651398E-03
  -5.84793091E-03
  -5.83934784E-03
  -5.82504272E-03
  -5.80215454E-03
  -5.51509857E-03
  -5.44261932E-03
  -5.28907776E-03
  -5.26809692E-03
  -5.16796112E-03
  -5.10215759E-03
  -5.09071350E-03
  -4.87709045E-03
  -4.86469269E-03
  -4.70352173E-03
  -4.62818146E-03
  -4.39262390E-03
  -4.32491302E-03
  -4.21524048E-03
  -4.18472290E-03
  -4.16278839E-03
  -4.12654877E-03
  -4.12273407E-03
  -3.99112701E-03
  -3.86619568E-03
  -3.86238098E-03
  -3.84712219E-03
  -3.80039215E-03
  -3.72219086E-03
  -3.66115570E-03
  -3.66115570E-03
  -3.59344482E-03
  -3.57437134E-03
  -3.57151031E-03
  -3.47232819E-03
  -3.45993042E-03
  -3.44944000E-03
  -3.36074829E-03
  -3.29208374E-03
  -3.26442719E-03
  -3.17382812E-03
  -3.17382812E-03
  -3.12709808E-03
  -3.11374664E-03
  -3.07559967E-03
  -3.02505493E-03
  -3.02410126E-03
  -3.01074982E-03
  -2.84004211E-03
  -2.82382965E-03
  -2.80475616E-03
  -2.71129608E-03
  -2.69699097E-03
  -2.67314911E-03
  -2.55870819E-03
  -2.54631042E-03
  -2.51197815E-03
  -2.46429443E-03
  -2.42710114E-03
  -2.39753723E-03
  -2.36797333E-03
  -2.29358673E-03
  -2.28214264E-03
  -2.26593018E-03
  -2.17723846E-03
  -2.14195251E-03
  -2.12478638E-03
  -2.09808350E-03
  -1.99508667E-03
  -1.73950195E-03
  -1.71279907E-03
  -1.70803070E-03
  -1.63364410E-03
  -1.61266327E-03
  -1.58214569E-03
  -1.54399872E-03
  -1.51824951E-03
  -1.27315521E-03
  -1.17683411E-03
  -1.16920471E-03
  -1.14440918E-03
  -1.07955933E-03
  -9.89913940E-04
  -9.83238220E-04
  -9.73701477E-04
  -9.50813293E-04
  -9.36508179E-04
  -8.78334045E-04
  -8.08715820E-04
  -7.84873962E-04
  -7.47680664E-04
  -7.41004944E-04
  -6.93321228E-04
  -6.79969788E-04
  -6.70433044E-04
  -6.69479370E-04
  -6.62803650E-04
  -6.30378723E-04
  -5.97953796E-04
  -5.68389893E-04
  -5.20706177E-04
  -5.15937805E-04
  -4.53948975E-04
  -4.13894653E-04
  -4.10079956E-04
  -3.98635864E-04
  -3.87191772E-04
  -3.45230103E-04
  -3.45230103E-04
  -2.98500061E-04
  -2.76565552E-04
  -2.60353088E-04
  -1.87873840E-04
  -8.96453857E-05
   0.00000000    
   9.25064087E-05
   1.53541565E-04
   2.13623047E-04
   2.23159790E-04
   2.43186951E-04
   2.50816345E-04
   3.79562378E-04
   3.96728516E-04
   4.01496887E-04
   4.14848328E-04
   4.47273254E-04
   4.60624695E-04
   6.22749329E-04
   6.24656677E-04
   6.26564026E-04
   6.31332397E-04
   6.39915466E-04
   6.39915466E-04
   6.95228577E-04
   7.15255737E-04
   7.20977783E-04
   8.18252563E-04
   8.84056091E-04
   8.86917114E-04
   1.03187561E-03
   1.15108490E-03
   1.15489960E-03
   1.15966797E-03
   1.17111206E-03
   1.17111206E-03
   1.18064880E-03
   1.24168396E-03
   1.30081177E-03
   1.31607056E-03
   1.39045715E-03
   1.42765045E-03
   1.49726868E-03
   1.52015686E-03
   1.52683258E-03
   1.61552429E-03
   1.62029266E-03
   1.65271759E-03
   1.65939331E-03
   1.67942047E-03
   1.69372559E-03
   1.70612335E-03
   1.73568726E-03
   1.76620483E-03
   1.76715851E-03
   1.79958344E-03
   1.87587738E-03
   1.88159943E-03
   1.90544128E-03
   1.91974640E-03
   1.94454193E-03
   1.94454193E-03
   1.96075439E-03
   1.97792053E-03
   2.02178955E-03
   2.07710266E-03
   2.08950043E-03
   2.08950043E-03
   2.10762024E-03
   2.11429596E-03
   2.13146210E-03
   2.14481354E-03
   2.14862823E-03
   2.15435028E-03
   2.20489502E-03
   2.21347809E-03
   2.21347809E-03
   2.22015381E-03
   2.24018097E-03
   2.34508514E-03
   2.35843658E-03
   2.38037109E-03
   2.38418579E-03
   2.44808197E-03
   2.46524811E-03
   2.57587433E-03
   2.58922577E-03
   2.61688232E-03
   2.62069702E-03
   2.63595581E-03
   2.65312195E-03
   2.70462036E-03
   2.73227692E-03
   2.73323059E-03
   2.76565552E-03
   2.77996063E-03
   2.83527374E-03
   2.85530090E-03
   2.87723541E-03
   3.02314758E-03
   3.04698944E-03
   3.09658051E-03
   3.14617157E-03
   3.18336487E-03
   3.19480896E-03
   3.21388245E-03
   3.23390961E-03
   3.26347351E-03
   3.31401825E-03
   3.36837769E-03
   3.57532501E-03
   3.68309021E-03
   3.77464294E-03
   3.81278992E-03
   3.82518768E-03
   3.84235382E-03
   3.84330750E-03
   3.88526917E-03
   3.88813019E-03
   3.90911102E-03
   3.93676758E-03
   3.94153595E-03
   3.95584106E-03
   4.08363342E-03
   4.10079956E-03
   4.12464142E-03
   4.14180756E-03
   4.17995453E-03
   4.20284271E-03
   4.21047211E-03
   4.23049927E-03
   4.25148010E-03
   4.26387787E-03
   4.31728363E-03
   4.34303284E-03
   4.36687469E-03
   4.39071655E-03
   4.51755524E-03
   4.55093384E-03
   4.56523895E-03
   4.58526611E-03
   4.61387634E-03
   4.65297699E-03
   4.65488434E-03
   4.66156006E-03
   4.70066071E-03
   4.77313995E-03
   4.81700897E-03
   4.84085083E-03
   4.84085083E-03
   4.85992432E-03
   4.88662720E-03
   4.97150421E-03
   4.99057770E-03
   5.00297546E-03
   5.15270233E-03
   5.27191162E-03
   5.41400909E-03
   5.42926788E-03
   5.45024872E-03
   5.47313690E-03
   5.49411774E-03
   5.49411774E-03
   5.57041168E-03
   5.76114655E-03
   5.76210022E-03
   5.83934784E-03
   5.88512421E-03
   5.91754913E-03
   5.98430634E-03
   6.06346130E-03
   6.07872009E-03
   6.10828400E-03
   6.25514984E-03
   6.29138947E-03
   6.52885437E-03
   6.80160522E-03
   6.82926178E-03
   6.95228577E-03
   6.99901581E-03
   7.04860687E-03
   7.07912445E-03
   7.09629059E-03
   7.10964203E-03
   7.12585449E-03
   7.12776184E-03
   7.26985931E-03
   7.28511810E-03
   7.36904144E-03
   7.38716125E-03
   7.49778748E-03
   7.51113892E-03
   7.53974915E-03
   7.59601593E-03
   7.64274597E-03
   7.67803192E-03
   7.69042969E-03
   7.95078278E-03
   7.95745850E-03
   7.95841217E-03
   7.99179077E-03
   7.99751282E-03
   7.99846649E-03
   8.03565979E-03
   8.05282593E-03
   8.05759430E-03
   8.22734833E-03
   8.30459595E-03
   8.31985474E-03
   8.36181641E-03
   8.36467743E-03
   8.39519501E-03
   8.41426849E-03
   8.47721100E-03
   8.48388672E-03
   8.55636597E-03
   8.56590271E-03
   8.71372223E-03
   8.79859924E-03
   8.80813599E-03
   8.81576538E-03
   8.86631012E-03
   8.92257690E-03
   8.93592834E-03
   8.99600983E-03
   9.00936127E-03
   9.01699066E-03
   9.03797150E-03
   9.08470154E-03
   9.14764404E-03
   9.15336609E-03
   9.34505463E-03
   9.35935974E-03
   9.36222076E-03
   9.37938690E-03
   9.42039490E-03
   9.43470001E-03
   9.45281982E-03
   9.57107544E-03
   9.66167450E-03
   9.69123840E-03
   9.73415375E-03
   9.77611542E-03
   9.81426239E-03
   9.82379913E-03
   9.82856750E-03
   1.01184845E-02
   1.01518631E-02
   1.01690292E-02
   1.02272034E-02
   1.02853775E-02
   1.04093552E-02
   1.04742050E-02
   1.05361938E-02
   1.05495453E-02
   1.05857849E-02
   1.08366013E-02
   1.09081268E-02
   1.09233856E-02
   1.11284256E-02
   1.11284256E-02
   1.12133026E-02
   1.13029480E-02
   1.13706589E-02
   1.14049911E-02
   1.14908218E-02
   1.14994049E-02
   1.17979050E-02
   1.18007660E-02
   1.18408203E-02
   1.19857788E-02
   1.19924545E-02
   1.20611191E-02
   1.20677948E-02
   1.22070312E-02
   1.23071671E-02
   1.23319626E-02
   1.24292374E-02
   1.24664307E-02
   1.26085281E-02
   1.26771927E-02
   1.26829147E-02
   1.28393173E-02
   1.29966736E-02
   1.30109787E-02
   1.30453110E-02
   1.30949020E-02
   1.30996704E-02
   1.31292343E-02
   1.31301880E-02
   1.31444931E-02
   1.31473541E-02
   1.31912231E-02
   1.32417679E-02
   1.32732391E-02
   1.32980347E-02
   1.34344101E-02
   1.34992599E-02
   1.36489868E-02
   1.36756897E-02
   1.37014389E-02
   1.37557983E-02
   1.39436722E-02
   1.40781403E-02
   1.41258240E-02
   1.43651962E-02
   1.45940781E-02
   1.46179199E-02
   1.46999359E-02
   1.47542953E-02
   1.47542953E-02
   1.50909424E-02
   1.54161453E-02
   1.54590607E-02
   1.55620575E-02
   1.57127380E-02
   1.57308578E-02
   1.57508850E-02
   1.59311295E-02
   1.59549713E-02
   1.61743164E-02
   1.62458420E-02
   1.62792206E-02
   1.63545609E-02
   1.63688660E-02
   1.64299011E-02
   1.64976120E-02
   1.67322159E-02
   1.68600082E-02
   1.68781281E-02
   1.69124603E-02
   1.70011520E-02
   1.70488358E-02
   1.70860291E-02
   1.71680450E-02
   1.72777176E-02
   1.73091888E-02
   1.74274445E-02
   1.76677704E-02
   1.76677704E-02
   1.77984238E-02
   1.78165436E-02
   1.80377960E-02
   1.80521011E-02
   1.81798935E-02
   1.82390213E-02
   1.84240341E-02
   1.85298920E-02
   1.87139511E-02
   1.87759399E-02
   1.87988281E-02
   1.92127228E-02
   1.93138123E-02
   1.93843842E-02
   1.98860168E-02
   1.99356079E-02
   2.04515457E-02
   2.05955505E-02
   2.06747055E-02
   2.08215714E-02
   2.09255219E-02
   2.11887360E-02
   2.12173462E-02
   2.15826035E-02
   2.16760635E-02
   2.17208862E-02
   2.19697952E-02
   2.24618912E-02
   2.25763321E-02
   2.28242874E-02
   2.28404999E-02
   2.30903625E-02
   2.32362747E-02
   2.32820511E-02
   2.36387253E-02
   2.36606598E-02
   2.46181488E-02
   2.51579285E-02
   2.53400803E-02
   2.54430771E-02
   2.55937576E-02
   2.60677338E-02
   2.60839462E-02
   2.62918472E-02
   2.69069672E-02
   2.69956589E-02
   2.70128250E-02
   2.71053314E-02
   2.71492004E-02
   2.79645920E-02
   2.81896591E-02
   2.87599564E-02
   2.97145844E-02
   2.97517776E-02
   2.98748016E-02
   3.04613113E-02
   3.08141708E-02
   3.10850143E-02
   3.13930511E-02
   3.16324234E-02
   3.18403244E-02
   3.19194794E-02
   3.23028564E-02
   3.31783295E-02
   3.33728790E-02
   3.37181091E-02
   3.39527130E-02
   3.40671539E-02
   3.43198776E-02
   3.46622467E-02
   3.48672867E-02
   3.64303589E-02
   3.65142822E-02
   3.73649597E-02
   3.73783112E-02
   3.76501083E-02
