#Npts     Radius    Mag      Completeness
#  250 2969.6194  -12.143456 1.000000
# Verr
  -2.35128403E-02
  -2.13556290E-02
  -1.66053772E-02
  -1.53636932E-02
  -1.44691467E-02
  -1.37109756E-02
  -1.35860443E-02
  -1.35564804E-02
  -1.28993988E-02
  -1.28459930E-02
  -1.27620697E-02
  -1.25331879E-02
  -1.22137070E-02
  -1.18637085E-02
  -1.16767883E-02
  -1.13277435E-02
  -1.10635757E-02
  -1.10511780E-02
  -1.08432770E-02
  -1.05714798E-02
  -1.03960037E-02
  -1.02901459E-02
  -9.65785980E-03
  -9.05036926E-03
  -8.89778137E-03
  -8.64982605E-03
  -8.63742828E-03
  -8.58306885E-03
  -8.50868225E-03
  -8.29505920E-03
  -8.07666779E-03
  -7.73906708E-03
  -7.62653351E-03
  -7.53974915E-03
  -7.35473633E-03
  -7.28702545E-03
  -7.27176666E-03
  -7.15923309E-03
  -7.10296631E-03
  -6.82544708E-03
  -6.76918030E-03
  -6.50501251E-03
  -6.38675690E-03
  -6.35814667E-03
  -6.33716583E-03
  -6.02626801E-03
  -5.99002838E-03
  -5.82885742E-03
  -5.45978546E-03
  -5.45215607E-03
  -5.36727905E-03
  -5.30815125E-03
  -5.27095795E-03
  -5.24520874E-03
  -4.93526459E-03
  -4.89425659E-03
  -4.85706329E-03
  -4.81224060E-03
  -4.79888916E-03
  -4.71019745E-03
  -4.64057922E-03
  -4.63771820E-03
  -4.42314148E-03
  -4.40406799E-03
  -4.39262390E-03
  -4.21428680E-03
  -4.19998169E-03
  -4.13799286E-03
  -3.92150879E-03
  -3.66783142E-03
  -3.61824036E-03
  -3.61728668E-03
  -3.57818604E-03
  -3.55434418E-03
  -3.52001190E-03
  -3.34548950E-03
  -3.30257416E-03
  -3.23867798E-03
  -3.22437286E-03
  -3.14521790E-03
  -3.14331055E-03
  -3.11946869E-03
  -2.96688080E-03
  -2.89440155E-03
  -2.84290314E-03
  -2.81143188E-03
  -2.76660919E-03
  -2.75516510E-03
  -2.71606445E-03
  -2.62165070E-03
  -2.55584717E-03
  -2.12097168E-03
  -2.10094452E-03
  -1.85012817E-03
  -1.85012817E-03
  -1.77001953E-03
  -1.46579742E-03
  -1.33705139E-03
  -1.21402740E-03
  -1.19495392E-03
  -1.12152100E-03
  -1.12152100E-03
  -1.02710724E-03
  -9.82284546E-04
  -9.62257385E-04
  -9.48905945E-04
  -9.35554504E-04
  -8.64982605E-04
  -8.28742981E-04
  -6.99043274E-04
  -6.66618347E-04
  -4.61578369E-04
  -4.46319580E-04
  -4.20570374E-04
  -3.96728516E-04
  -2.47001648E-04
  -1.93595886E-04
  -5.81741333E-05
  -3.43322754E-05
   1.23977661E-05
   5.72204590E-05
   2.88963318E-04
   3.00407410E-04
   4.73022461E-04
   4.90188599E-04
   5.04493713E-04
   6.50405884E-04
   6.84738159E-04
   8.83102417E-04
   9.77516174E-04
   1.04141235E-03
   1.06334686E-03
   1.45435333E-03
   1.52683258E-03
   1.62315369E-03
   1.74713135E-03
   1.77669525E-03
   1.84440613E-03
   1.94072723E-03
   1.99317932E-03
   2.12097168E-03
   2.24018097E-03
   2.29740143E-03
   2.30693817E-03
   2.40230560E-03
   2.69603729E-03
   2.80475616E-03
   2.95734406E-03
   2.98404694E-03
   3.03840637E-03
   3.04889679E-03
   3.05843353E-03
   3.30924988E-03
   3.34739685E-03
   3.58009338E-03
   3.67641449E-03
   3.72886658E-03
   3.80706787E-03
   3.99971008E-03
   4.19139862E-03
   4.19139862E-03
   4.19712067E-03
   4.20856476E-03
   4.38022614E-03
   4.48703766E-03
   4.54425812E-03
   4.65869904E-03
   4.67300415E-03
   4.73976135E-03
   4.93431091E-03
   4.98676300E-03
   5.15365601E-03
   5.15651703E-03
   5.15651703E-03
   5.33580780E-03
   5.37776947E-03
   5.38063049E-03
   5.41591644E-03
   5.91468811E-03
   5.99002838E-03
   6.09111786E-03
   6.11782074E-03
   6.21604919E-03
   6.23512268E-03
   6.27136230E-03
   6.46686554E-03
   6.48498535E-03
   6.71100616E-03
   6.81877136E-03
   6.87599182E-03
   6.99615479E-03
   7.05242157E-03
   7.10391998E-03
   7.28130341E-03
   7.33566284E-03
   7.51686096E-03
   7.65609741E-03
   7.79724121E-03
   7.86399841E-03
   7.94029236E-03
   8.11958313E-03
   8.24165344E-03
   8.57925415E-03
   8.76045227E-03
   8.76998901E-03
   8.83102417E-03
   8.85391235E-03
   8.88252258E-03
   8.89873505E-03
   8.96167755E-03
   8.98075104E-03
   9.31358337E-03
   9.47952271E-03
   9.87911224E-03
   9.90009308E-03
   9.91821289E-03
   1.00154877E-02
   1.02519989E-02
   1.02825165E-02
   1.03273392E-02
   1.04331970E-02
   1.05199814E-02
   1.08137131E-02
   1.08966827E-02
   1.15814209E-02
   1.20820999E-02
   1.23310089E-02
   1.24511719E-02
   1.29365921E-02
   1.31912231E-02
   1.33562088E-02
   1.35183334E-02
   1.36671066E-02
   1.39074326E-02
   1.39665604E-02
   1.43556595E-02
   1.49059296E-02
   1.50108337E-02
   1.51052475E-02
   1.54418945E-02
   1.63125992E-02
   1.64136887E-02
   1.71403885E-02
   1.78651810E-02
   1.81083679E-02
   2.24084854E-02
   2.26602554E-02
   2.34174728E-02
   2.51550674E-02
   3.24506760E-02
