#Npts     Radius    Mag      Completeness
#  771 1069.0630  -11.858001 1.000000
# Verr
  -3.54852676E-02
  -3.49464417E-02
  -3.08942795E-02
  -3.06386948E-02
  -2.65932083E-02
  -2.62260437E-02
  -2.52323151E-02
  -2.33135223E-02
  -2.32048035E-02
  -2.22225189E-02
  -2.20298767E-02
  -2.17971802E-02
  -2.07090378E-02
  -2.05440521E-02
  -1.93681717E-02
  -1.93023682E-02
  -1.90401077E-02
  -1.89723969E-02
  -1.89371109E-02
  -1.88732147E-02
  -1.88131332E-02
  -1.86395645E-02
  -1.79491043E-02
  -1.79195404E-02
  -1.72748566E-02
  -1.72519684E-02
  -1.72271729E-02
  -1.71346664E-02
  -1.64051056E-02
  -1.63459778E-02
  -1.61752701E-02
  -1.61504745E-02
  -1.60932541E-02
  -1.58929825E-02
  -1.58662796E-02
  -1.57365799E-02
  -1.56459808E-02
  -1.55744553E-02
  -1.54170990E-02
  -1.50947571E-02
  -1.50852203E-02
  -1.49211884E-02
  -1.48248672E-02
  -1.47314072E-02
  -1.46903992E-02
  -1.45072937E-02
  -1.42841339E-02
  -1.40962601E-02
  -1.40895844E-02
  -1.40028000E-02
  -1.39646530E-02
  -1.38034821E-02
  -1.36575699E-02
  -1.33380890E-02
  -1.32656097E-02
  -1.32217407E-02
  -1.31235123E-02
  -1.30500793E-02
  -1.30414963E-02
  -1.30271912E-02
  -1.27992630E-02
  -1.26934052E-02
  -1.25417709E-02
  -1.25293732E-02
  -1.22919083E-02
  -1.22919083E-02
  -1.22547150E-02
  -1.22365952E-02
  -1.22003555E-02
  -1.21288300E-02
  -1.21212006E-02
  -1.19733810E-02
  -1.17273331E-02
  -1.15861893E-02
  -1.15661621E-02
  -1.15470886E-02
  -1.14955902E-02
  -1.14736557E-02
  -1.14707947E-02
  -1.14679337E-02
  -1.12247467E-02
  -1.11351013E-02
  -1.10797882E-02
  -1.10740662E-02
  -1.10702515E-02
  -1.10530853E-02
  -1.08871460E-02
  -1.07326508E-02
  -1.07288361E-02
  -1.07164383E-02
  -1.06744766E-02
  -1.05724335E-02
  -1.05257034E-02
  -1.04875565E-02
  -1.04827881E-02
  -1.04331970E-02
  -1.03836060E-02
  -1.03092194E-02
  -1.03025436E-02
  -1.02128983E-02
  -1.01957321E-02
  -1.01728439E-02
  -1.01308823E-02
  -9.96398926E-03
  -9.94968414E-03
  -9.93633270E-03
  -9.92202759E-03
  -9.85527039E-03
  -9.81426239E-03
  -9.78851318E-03
  -9.75608826E-03
  -9.68837738E-03
  -9.67216492E-03
  -9.53102112E-03
  -9.48429108E-03
  -9.45568085E-03
  -9.40322876E-03
  -9.40322876E-03
  -9.37938690E-03
  -9.29164886E-03
  -9.27257538E-03
  -9.27257538E-03
  -9.16957855E-03
  -9.11617279E-03
  -9.08756256E-03
  -9.07993317E-03
  -9.00363922E-03
  -8.98456573E-03
  -8.91971588E-03
  -8.90731812E-03
  -8.89778137E-03
  -8.85105133E-03
  -8.81862640E-03
  -8.79287720E-03
  -8.72230530E-03
  -8.70323181E-03
  -8.64410400E-03
  -8.61167908E-03
  -8.59355927E-03
  -8.55064392E-03
  -8.49437714E-03
  -8.49437714E-03
  -8.48865509E-03
  -8.46195221E-03
  -8.41522217E-03
  -8.36277008E-03
  -8.25309753E-03
  -8.22639465E-03
  -8.20732117E-03
  -8.17584991E-03
  -8.12911987E-03
  -7.97080994E-03
  -7.94124603E-03
  -7.91072845E-03
  -7.89546967E-03
  -7.81250000E-03
  -7.77626038E-03
  -7.74669647E-03
  -7.69996643E-03
  -7.65705109E-03
  -7.61413574E-03
  -7.56359100E-03
  -7.52258301E-03
  -7.37857819E-03
  -7.27462769E-03
  -7.27367401E-03
  -7.27176666E-03
  -7.26795197E-03
  -7.22694397E-03
  -7.20500946E-03
  -7.19928741E-03
  -7.08293915E-03
  -7.05909729E-03
  -7.00092316E-03
  -6.92939758E-03
  -6.86264038E-03
  -6.83879852E-03
  -6.82258606E-03
  -6.81686401E-03
  -6.75201416E-03
  -6.65378571E-03
  -6.62136078E-03
  -6.61087036E-03
  -6.56223297E-03
  -6.54602051E-03
  -6.54411316E-03
  -6.52503967E-03
  -6.51264191E-03
  -6.41727448E-03
  -6.36386871E-03
  -6.27613068E-03
  -6.25705719E-03
  -6.23989105E-03
  -6.23416901E-03
  -6.23130798E-03
  -6.21795654E-03
  -6.20269775E-03
  -6.19411469E-03
  -6.17027283E-03
  -6.09016418E-03
  -6.06918335E-03
  -6.04820251E-03
  -6.01482391E-03
  -6.01005554E-03
  -5.97286224E-03
  -5.97095490E-03
  -5.94520569E-03
  -5.94329834E-03
  -5.85842133E-03
  -5.74111938E-03
  -5.63812256E-03
  -5.61809540E-03
  -5.56278229E-03
  -5.54466248E-03
  -5.53226471E-03
  -5.51986694E-03
  -5.48458099E-03
  -5.47313690E-03
  -5.45978546E-03
  -5.41591644E-03
  -5.39588928E-03
  -5.38539886E-03
  -5.38539886E-03
  -5.37872314E-03
  -5.33008575E-03
  -5.32817841E-03
  -5.32817841E-03
  -5.23853302E-03
  -5.23376465E-03
  -5.21183014E-03
  -5.20610809E-03
  -5.17749786E-03
  -5.10025024E-03
  -5.09834290E-03
  -5.09262085E-03
  -5.08975983E-03
  -5.06687164E-03
  -5.04589081E-03
  -5.02014160E-03
  -4.99248505E-03
  -4.90760803E-03
  -4.87327576E-03
  -4.85229492E-03
  -4.83131409E-03
  -4.83131409E-03
  -4.82559204E-03
  -4.82368469E-03
  -4.82368469E-03
  -4.75406647E-03
  -4.71115112E-03
  -4.71019745E-03
  -4.70066071E-03
  -4.69398499E-03
  -4.59671021E-03
  -4.58621979E-03
  -4.53281403E-03
  -4.50897217E-03
  -4.49371338E-03
  -4.45842743E-03
  -4.44507599E-03
  -4.40979004E-03
  -4.33158875E-03
  -4.32586670E-03
  -4.30583954E-03
  -4.28581238E-03
  -4.24194336E-03
  -4.21714783E-03
  -4.11224365E-03
  -4.04262543E-03
  -4.02736664E-03
  -4.01306152E-03
  -3.99303436E-03
  -3.97300720E-03
  -3.96156311E-03
  -3.88622284E-03
  -3.88622284E-03
  -3.84807587E-03
  -3.83758545E-03
  -3.83090973E-03
  -3.80802155E-03
  -3.76224518E-03
  -3.71456146E-03
  -3.70502472E-03
  -3.70216370E-03
  -3.67164612E-03
  -3.66020203E-03
  -3.60870361E-03
  -3.59153748E-03
  -3.56101990E-03
  -3.52954865E-03
  -3.47518921E-03
  -3.43036652E-03
  -3.34644318E-03
  -3.28922272E-03
  -3.25107574E-03
  -3.24630737E-03
  -3.24535370E-03
  -3.17287445E-03
  -3.16810608E-03
  -3.15952301E-03
  -3.14331055E-03
  -3.13282013E-03
  -3.06606293E-03
  -3.00025940E-03
  -2.96688080E-03
  -2.93254852E-03
  -2.90775299E-03
  -2.89154053E-03
  -2.88867950E-03
  -2.83813477E-03
  -2.75802612E-03
  -2.70938873E-03
  -2.69889832E-03
  -2.64167786E-03
  -2.63500214E-03
  -2.58159637E-03
  -2.56443024E-03
  -2.54344940E-03
  -2.45761871E-03
  -2.45285034E-03
  -2.42996216E-03
  -2.38323212E-03
  -2.38037109E-03
  -2.37464905E-03
  -2.33840942E-03
  -2.30884552E-03
  -2.29454041E-03
  -2.29358673E-03
  -2.25543976E-03
  -2.25067139E-03
  -2.25067139E-03
  -2.22206116E-03
  -2.20775604E-03
  -2.16770172E-03
  -2.12478638E-03
  -2.09808350E-03
  -2.08854675E-03
  -2.08759308E-03
  -2.05230713E-03
  -2.00080872E-03
  -1.90639496E-03
  -1.88446045E-03
  -1.87110901E-03
  -1.84154510E-03
  -1.81674957E-03
  -1.81674957E-03
  -1.81198120E-03
  -1.80721283E-03
  -1.80339813E-03
  -1.80053711E-03
  -1.79767609E-03
  -1.77669525E-03
  -1.76143646E-03
  -1.70993805E-03
  -1.70421600E-03
  -1.68704987E-03
  -1.63745880E-03
  -1.61647797E-03
  -1.61552429E-03
  -1.54781342E-03
  -1.50394440E-03
  -1.44672394E-03
  -1.38187408E-03
  -1.33037567E-03
  -1.30271912E-03
  -1.29699707E-03
  -1.25598907E-03
  -1.21593475E-03
  -1.20830536E-03
  -1.18732452E-03
  -1.16157532E-03
  -1.13296509E-03
  -1.08909607E-03
  -1.05762482E-03
  -1.04999542E-03
  -1.01852417E-03
  -9.95635986E-04
  -9.82284546E-04
  -9.72747803E-04
  -9.62257385E-04
  -9.29832458E-04
  -9.16481018E-04
  -9.11712646E-04
  -9.04083252E-04
  -8.46862793E-04
  -8.44955444E-04
  -7.99179077E-04
  -7.85827637E-04
  -7.61032104E-04
  -7.27653503E-04
  -7.14302063E-04
  -6.74247742E-04
  -6.67572021E-04
  -6.34193420E-04
  -6.22749329E-04
  -6.03675842E-04
  -5.93185425E-04
  -5.81741333E-04
  -5.44548035E-04
  -4.42504883E-04
  -4.42504883E-04
  -3.93867493E-04
  -3.86238098E-04
  -3.63349915E-04
  -3.41415405E-04
  -3.23295593E-04
  -3.10897827E-04
  -3.00407410E-04
  -2.67982483E-04
  -2.67982483E-04
  -2.18391418E-04
  -2.16484070E-04
  -2.16484070E-04
  -1.89781189E-04
  -1.24931335E-04
  -1.23977661E-04
  -7.72476196E-05
  -7.53402710E-05
  -6.00814819E-05
  -4.67300415E-05
  -1.14440918E-05
  -9.53674316E-06
  -9.53674316E-07
   6.86645508E-05
   7.34329224E-05
   8.29696655E-05
   1.16348267E-04
   1.18255615E-04
   1.23023987E-04
   1.48773193E-04
   2.34603882E-04
   2.41279602E-04
   2.54631042E-04
   2.75611877E-04
   2.87055969E-04
   3.21388245E-04
   3.91960144E-04
   4.00543213E-04
   4.19616699E-04
   4.33921814E-04
   4.53948975E-04
   4.55856323E-04
   4.73976135E-04
   4.89234924E-04
   4.89234924E-04
   6.20841980E-04
   6.38961792E-04
   6.75201416E-04
   7.06672668E-04
   7.23838806E-04
   7.26699829E-04
   7.80105591E-04
   8.04901123E-04
   8.09669495E-04
   8.50677490E-04
   8.55445862E-04
   8.70704651E-04
   9.04083252E-04
   9.24110413E-04
   9.66072083E-04
   9.71794128E-04
   9.77516174E-04
   9.86099243E-04
   1.02901459E-03
   1.11198425E-03
   1.12152100E-03
   1.12819672E-03
   1.13201141E-03
   1.15394592E-03
   1.18350983E-03
   1.19113922E-03
   1.21879578E-03
   1.23786926E-03
   1.25789642E-03
   1.26075745E-03
   1.26934052E-03
   1.27315521E-03
   1.34944916E-03
   1.35326385E-03
   1.39522552E-03
   1.40285492E-03
   1.44958496E-03
   1.45149231E-03
   1.47819519E-03
   1.47914886E-03
   1.50871277E-03
   1.53541565E-03
   1.58214569E-03
   1.60598755E-03
   1.63459778E-03
   1.66893005E-03
   1.70135498E-03
   1.70421600E-03
   1.75571442E-03
   1.77669525E-03
   1.84726715E-03
   1.90067291E-03
   1.92737579E-03
   1.96266174E-03
   1.96266174E-03
   1.97601318E-03
   2.08187103E-03
   2.08377838E-03
   2.10571289E-03
   2.18391418E-03
   2.18677521E-03
   2.18772888E-03
   2.19535828E-03
   2.20489502E-03
   2.20966339E-03
   2.27355957E-03
   2.33459473E-03
   2.40421295E-03
   2.43568420E-03
   2.51388550E-03
   2.54917145E-03
   2.59304047E-03
   2.60639191E-03
   2.62832642E-03
   2.67982483E-03
   2.68840790E-03
   2.72846222E-03
   2.72941589E-03
   2.77137756E-03
   2.77233124E-03
   2.80570984E-03
   2.80857086E-03
   2.81238556E-03
   2.81524658E-03
   2.82478333E-03
   2.85625458E-03
   2.87437439E-03
   2.88009644E-03
   2.89630890E-03
   2.91538239E-03
   2.93540955E-03
   2.93827057E-03
   2.94589996E-03
   2.97737122E-03
   2.98404694E-03
   2.98595428E-03
   3.00216675E-03
   3.00693512E-03
   3.01837921E-03
   3.01933289E-03
   3.03077698E-03
   3.05461884E-03
   3.07750702E-03
   3.10516357E-03
   3.12614441E-03
   3.16238403E-03
   3.19385529E-03
   3.28540802E-03
   3.29017639E-03
   3.34930420E-03
   3.36456299E-03
   3.40652466E-03
   3.49330902E-03
   3.50952148E-03
   3.52001190E-03
   3.53717804E-03
   3.57532501E-03
   3.65638733E-03
   3.66115570E-03
   3.67069244E-03
   3.70883942E-03
   3.74794006E-03
   3.95202637E-03
   3.99112701E-03
   4.07314301E-03
   4.14943695E-03
   4.17709351E-03
   4.30393219E-03
   4.34780121E-03
   4.39167023E-03
   4.40502167E-03
   4.47750092E-03
   4.59766388E-03
   4.62532043E-03
   4.63294983E-03
   4.72068787E-03
   4.72068787E-03
   4.72164154E-03
   4.73403931E-03
   4.76741791E-03
   4.78649139E-03
   4.80079651E-03
   4.82368469E-03
   4.85324860E-03
   4.85324860E-03
   4.89330292E-03
   4.89330292E-03
   4.96959686E-03
   4.97055054E-03
   4.97531891E-03
   4.98104095E-03
   5.04112244E-03
   5.06782532E-03
   5.11741638E-03
   5.13362885E-03
   5.13744354E-03
   5.19561768E-03
   5.40161133E-03
   5.40637970E-03
   5.40924072E-03
   5.41400909E-03
   5.67054749E-03
   5.71250916E-03
   5.71632385E-03
   5.76019287E-03
   5.77259064E-03
   5.90705872E-03
   6.03199005E-03
   6.04724884E-03
   6.05297089E-03
   6.10923767E-03
   6.24275208E-03
   6.25801086E-03
   6.29806519E-03
   6.34002686E-03
   6.42204285E-03
   6.42299652E-03
   6.46877289E-03
   6.50691986E-03
   6.54029846E-03
   6.59179688E-03
   6.62136078E-03
   6.75201416E-03
   6.77871704E-03
   6.79874420E-03
   6.80255890E-03
   6.83975220E-03
   6.89411163E-03
   6.96182251E-03
   6.99901581E-03
   7.00378418E-03
   7.06863403E-03
   7.08103180E-03
   7.12585449E-03
   7.15732574E-03
   7.19070435E-03
   7.25460052E-03
   7.34043121E-03
   7.47776031E-03
   7.49015808E-03
   7.52639771E-03
   7.52735138E-03
   7.73906708E-03
   7.76863098E-03
   7.98034668E-03
   8.05473328E-03
   8.23974609E-03
   8.29410553E-03
   8.29410553E-03
   8.41045380E-03
   8.47339630E-03
   8.58688354E-03
   8.73374939E-03
   8.74233246E-03
   8.83388519E-03
   8.83483887E-03
   8.93306732E-03
   9.03797150E-03
   9.07993317E-03
   9.20867920E-03
   9.27543640E-03
   9.33933258E-03
   9.46903229E-03
   9.61589813E-03
   9.62257385E-03
   9.73701477E-03
   9.91630554E-03
   9.96208191E-03
   9.96685028E-03
   9.98401642E-03
   9.99736786E-03
   1.02062225E-02
   1.03273392E-02
   1.03559494E-02
   1.03664398E-02
   1.07107162E-02
   1.09071732E-02
   1.10406876E-02
   1.11885071E-02
   1.12304688E-02
   1.12552643E-02
   1.14002228E-02
   1.14507675E-02
   1.15261078E-02
   1.20401382E-02
   1.21202469E-02
   1.21326447E-02
   1.22585297E-02
   1.25150681E-02
   1.25494003E-02
   1.26533508E-02
   1.28202438E-02
   1.28345490E-02
   1.29308701E-02
   1.29823685E-02
   1.31769180E-02
   1.32751465E-02
   1.34916306E-02
   1.40285492E-02
   1.40466690E-02
   1.40752792E-02
   1.41286850E-02
   1.43165588E-02
   1.45931244E-02
   1.46036148E-02
   1.50175095E-02
   1.51052475E-02
   1.51948929E-02
   1.52273178E-02
   1.54180527E-02
   1.55849457E-02
   1.56831741E-02
   1.57976151E-02
   1.58119202E-02
   1.59845352E-02
   1.60818100E-02
   1.61352158E-02
   1.64709091E-02
   1.68771744E-02
   1.68886185E-02
   1.69219971E-02
   1.69420242E-02
   1.71098709E-02
   1.73196793E-02
   1.75161362E-02
   1.75161362E-02
   1.76095963E-02
   1.78508759E-02
   1.79338455E-02
   1.81465149E-02
   1.83391571E-02
   1.90067291E-02
   1.90782547E-02
   1.94311142E-02
   1.95207596E-02
   1.96332932E-02
   1.97954178E-02
   1.99527740E-02
   2.00138092E-02
   2.02093124E-02
   2.02646255E-02
   2.10351944E-02
   2.17494965E-02
   2.18839645E-02
   2.24370956E-02
   2.29568481E-02
   2.46067047E-02
   2.54573822E-02
   2.56385803E-02
   2.56843567E-02
   2.60686874E-02
   2.63166428E-02
   2.63614655E-02
   2.64873505E-02
   2.70681381E-02
   2.73456573E-02
   2.80418396E-02
   2.86302567E-02
   2.89421082E-02
   2.93941498E-02
   2.97260284E-02
   3.06415558E-02
   3.07922363E-02
   3.53164673E-02
   3.56979370E-02
   3.57866287E-02
