#Npts     Radius    Mag      Completeness
#  553  657.9050  -13.919091 1.000000
# Verr
  -3.91407013E-02
  -3.65362167E-02
  -3.50418091E-02
  -3.01542282E-02
  -2.67066956E-02
  -2.61926651E-02
  -2.61716843E-02
  -2.60667801E-02
  -2.57024765E-02
  -2.49376297E-02
  -2.46524811E-02
  -2.19583511E-02
  -2.16951370E-02
  -1.85670853E-02
  -1.76362991E-02
  -1.71298981E-02
  -1.70669556E-02
  -1.69630051E-02
  -1.61209106E-02
  -1.49431229E-02
  -1.46636963E-02
  -1.37910843E-02
  -1.37071609E-02
  -1.33562088E-02
  -1.32007599E-02
  -1.31912231E-02
  -1.26113892E-02
  -1.23863220E-02
  -1.21870041E-02
  -1.19800568E-02
  -1.16539001E-02
  -1.15880966E-02
  -1.11694336E-02
  -1.08375549E-02
  -1.06258392E-02
  -1.03864670E-02
  -1.02882385E-02
  -1.02663040E-02
  -1.01404190E-02
  -1.01060867E-02
  -9.65595245E-03
  -9.64546204E-03
  -9.51671600E-03
  -9.20772552E-03
  -9.17816162E-03
  -9.15431976E-03
  -9.08279419E-03
  -9.07993317E-03
  -8.72612000E-03
  -8.66127014E-03
  -8.63647461E-03
  -8.62216949E-03
  -8.33988190E-03
  -8.33797455E-03
  -8.18634033E-03
  -8.18634033E-03
  -8.18157196E-03
  -8.17966461E-03
  -8.17012787E-03
  -7.84969330E-03
  -7.80296326E-03
  -7.75527954E-03
  -7.67898560E-03
  -7.37476349E-03
  -7.22980499E-03
  -7.19070435E-03
  -7.16495514E-03
  -7.15827942E-03
  -7.13825226E-03
  -7.13825226E-03
  -7.11727142E-03
  -6.74533844E-03
  -6.74343109E-03
  -6.67858124E-03
  -6.66713715E-03
  -6.63661957E-03
  -6.48593903E-03
  -6.42299652E-03
  -6.22940063E-03
  -6.21318817E-03
  -6.11495972E-03
  -5.72776794E-03
  -5.72490692E-03
  -5.69152832E-03
  -5.68675995E-03
  -5.63907623E-03
  -5.59520721E-03
  -5.50651550E-03
  -5.42259216E-03
  -5.35678864E-03
  -5.29766083E-03
  -5.27000427E-03
  -5.20420074E-03
  -5.14888763E-03
  -5.12409210E-03
  -4.74548340E-03
  -4.74357605E-03
  -4.72450256E-03
  -4.70733643E-03
  -4.68158722E-03
  -4.67872620E-03
  -4.67205048E-03
  -4.64344025E-03
  -4.63867188E-03
  -4.63676453E-03
  -4.61864471E-03
  -4.61292267E-03
  -4.59766388E-03
  -4.51660156E-03
  -4.48989868E-03
  -4.32014465E-03
  -4.30297852E-03
  -4.24766541E-03
  -4.23812866E-03
  -4.23812866E-03
  -4.22000885E-03
  -4.13990021E-03
  -4.13894653E-03
  -4.12940979E-03
  -4.11891937E-03
  -3.86905670E-03
  -3.80802155E-03
  -3.75270844E-03
  -3.74698639E-03
  -3.71742249E-03
  -3.68976593E-03
  -3.66401672E-03
  -3.64112854E-03
  -3.60298157E-03
  -3.50093842E-03
  -3.46374512E-03
  -3.32546234E-03
  -3.31974030E-03
  -3.30734253E-03
  -3.20434570E-03
  -3.18241119E-03
  -3.16715240E-03
  -3.14140320E-03
  -2.98023224E-03
  -2.80094147E-03
  -2.77709961E-03
  -2.65407562E-03
  -2.63881683E-03
  -2.62737274E-03
  -2.62546539E-03
  -2.61688232E-03
  -2.61306763E-03
  -2.61306763E-03
  -2.50625610E-03
  -2.48622894E-03
  -2.46429443E-03
  -2.41756439E-03
  -2.34985352E-03
  -2.33936310E-03
  -2.31361389E-03
  -2.27165222E-03
  -2.19821930E-03
  -2.18486786E-03
  -2.17723846E-03
  -2.16102600E-03
  -2.15244293E-03
  -2.15148926E-03
  -2.14385986E-03
  -2.14195251E-03
  -2.14004517E-03
  -2.13718414E-03
  -2.12860107E-03
  -1.94931030E-03
  -1.89685822E-03
  -1.85489655E-03
  -1.84440613E-03
  -1.79767609E-03
  -1.78146362E-03
  -1.74331665E-03
  -1.70421600E-03
  -1.69467926E-03
  -1.67655945E-03
  -1.66702271E-03
  -1.65939331E-03
  -1.65081024E-03
  -1.64508820E-03
  -1.64318085E-03
  -1.63841248E-03
  -1.62982941E-03
  -1.61647797E-03
  -1.60789490E-03
  -1.51157379E-03
  -1.48010254E-03
  -1.47533417E-03
  -1.39141083E-03
  -1.38759613E-03
  -1.38759613E-03
  -1.28173828E-03
  -1.27124786E-03
  -1.27124786E-03
  -1.22451782E-03
  -1.20258331E-03
  -1.19209290E-03
  -1.18446350E-03
  -1.18160248E-03
  -1.15489960E-03
  -1.15203857E-03
  -1.14917755E-03
  -1.14917755E-03
  -1.14727020E-03
  -1.12628937E-03
  -1.12628937E-03
  -1.12628937E-03
  -1.12152100E-03
  -1.11961365E-03
  -1.11198425E-03
  -8.01086426E-04
  -7.47680664E-04
  -7.27653503E-04
  -6.92367554E-04
  -6.86645508E-04
  -6.72340393E-04
  -6.60896301E-04
  -6.59942627E-04
  -6.44683838E-04
  -6.23703003E-04
  -6.19888306E-04
  -6.18934631E-04
  -6.12258911E-04
  -4.53948975E-04
  -3.39508057E-04
  -2.82287598E-04
  -2.17437744E-04
  -1.94549561E-04
  -1.92642212E-04
  -1.80244446E-04
  -1.78337097E-04
  -1.76429749E-04
  -1.73568726E-04
  -1.59263611E-04
  -1.21116638E-04
   2.44140625E-04
   2.56538391E-04
   2.60353088E-04
   2.62260437E-04
   2.75611877E-04
   3.07083130E-04
   3.26156616E-04
   3.63349915E-04
   3.70025635E-04
   3.81469727E-04
   3.81469727E-04
   3.84330750E-04
   4.88281250E-04
   5.14030457E-04
   5.40733337E-04
   6.67572021E-04
   7.54356384E-04
   7.75337219E-04
   7.80105591E-04
   7.81059265E-04
   7.97271729E-04
   8.01086426E-04
   8.30650330E-04
   8.34465027E-04
   8.74519348E-04
   9.99450684E-04
   1.09863281E-03
   1.11865997E-03
   1.14536285E-03
   1.17969513E-03
   1.19209290E-03
   1.21784210E-03
   1.27506256E-03
   1.28555298E-03
   1.29795074E-03
   1.33037567E-03
   1.33132935E-03
   1.34849548E-03
   1.37519836E-03
   1.51443481E-03
   1.60884857E-03
   1.69181824E-03
   1.75666809E-03
   1.77955627E-03
   1.79004669E-03
   1.80149078E-03
   1.85108185E-03
   1.86157227E-03
   1.88541412E-03
   1.88541412E-03
   1.89208984E-03
   1.99317932E-03
   2.08187103E-03
   2.17151642E-03
   2.23159790E-03
   2.23159790E-03
   2.23922729E-03
   2.24971771E-03
   2.31170654E-03
   2.35080719E-03
   2.35652924E-03
   2.36320496E-03
   2.38704681E-03
   2.38704681E-03
   2.39849091E-03
   2.49385834E-03
   2.54535675E-03
   2.63977051E-03
   2.72274017E-03
   2.72655487E-03
   2.72846222E-03
   2.73323059E-03
   2.76470184E-03
   2.77805328E-03
   2.77996063E-03
   2.78568268E-03
   2.80666351E-03
   2.82478333E-03
   2.83336639E-03
   2.85053253E-03
   2.88009644E-03
   2.88295746E-03
   2.99930573E-03
   3.08227539E-03
   3.11756134E-03
   3.12995911E-03
   3.14521790E-03
   3.14903259E-03
   3.19194794E-03
   3.20816040E-03
   3.24440002E-03
   3.27014923E-03
   3.29589844E-03
   3.31115723E-03
   3.33309174E-03
   3.33309174E-03
   3.33309174E-03
   3.33499908E-03
   3.33595276E-03
   3.38268280E-03
   3.39126587E-03
   3.49330902E-03
   3.63636017E-03
   3.63636017E-03
   3.68595123E-03
   3.68595123E-03
   3.72409821E-03
   3.73268127E-03
   3.74412537E-03
   3.77941132E-03
   3.81565094E-03
   3.84807587E-03
   3.86142731E-03
   3.86333466E-03
   3.89289856E-03
   3.89385223E-03
   4.05025482E-03
   4.18567657E-03
   4.19139862E-03
   4.23717499E-03
   4.27436829E-03
   4.32205200E-03
   4.32682037E-03
   4.35066223E-03
   4.36687469E-03
   4.40311432E-03
   4.49562073E-03
   4.54044342E-03
   4.54044342E-03
   4.62341309E-03
   4.63008881E-03
   4.67586517E-03
   4.69207764E-03
   4.73880768E-03
   4.74739075E-03
   4.76551056E-03
   4.83036041E-03
   4.88758087E-03
   5.25951385E-03
   5.27000427E-03
   5.28240204E-03
   5.29575348E-03
   5.30529022E-03
   5.31101227E-03
   5.34915924E-03
   5.37204742E-03
   5.39016724E-03
   5.40447235E-03
   5.50460815E-03
   5.51986694E-03
   5.66101074E-03
   5.69152832E-03
   5.71727753E-03
   5.76496124E-03
   5.87940216E-03
   6.14452362E-03
   6.21700287E-03
   6.25228882E-03
   6.29520416E-03
   6.30092621E-03
   6.34193420E-03
   6.34288788E-03
   6.37626648E-03
   6.39915466E-03
   6.56604767E-03
   6.86168671E-03
   7.22217560E-03
   7.28511810E-03
   7.36331940E-03
   7.38906860E-03
   7.61127472E-03
   7.61318207E-03
   7.74192810E-03
   7.76481628E-03
   7.84969330E-03
   7.86304474E-03
   7.86876678E-03
   8.10241699E-03
   8.13007355E-03
   8.19587708E-03
   8.23307037E-03
   8.28456879E-03
   8.33797455E-03
   8.35227966E-03
   8.38661194E-03
   8.48484039E-03
   8.54587555E-03
   8.61740112E-03
   8.62407684E-03
   8.71658325E-03
   8.83197784E-03
   8.83293152E-03
   9.05132294E-03
   9.06085968E-03
   9.21916962E-03
   9.22584534E-03
   9.28497314E-03
   9.29546356E-03
   9.30976868E-03
   9.32884216E-03
   9.33361053E-03
   9.62448120E-03
   9.66548920E-03
   9.71794128E-03
   9.78279114E-03
   9.83333588E-03
   9.86766815E-03
   9.88769531E-03
   9.89151001E-03
   9.89437103E-03
   9.90104675E-03
   1.00135803E-02
   1.02167130E-02
   1.02491379E-02
   1.02519989E-02
   1.03454590E-02
   1.03483200E-02
   1.03569031E-02
   1.03664398E-02
   1.03778839E-02
   1.07173920E-02
   1.08327866E-02
   1.10454559E-02
   1.11026764E-02
   1.11703873E-02
   1.12667084E-02
   1.12800598E-02
   1.13410950E-02
   1.13487244E-02
   1.13506317E-02
   1.13868713E-02
   1.14078522E-02
   1.18007660E-02
   1.18312836E-02
   1.18360519E-02
   1.18436813E-02
   1.18684769E-02
   1.20449066E-02
   1.20496750E-02
   1.22117996E-02
   1.23405457E-02
   1.23462677E-02
   1.23615265E-02
   1.26647949E-02
   1.28278732E-02
   1.28421783E-02
   1.28631592E-02
   1.28631592E-02
   1.28793716E-02
   1.29842758E-02
   1.32570267E-02
   1.34096146E-02
   1.38959885E-02
   1.39131546E-02
   1.41181946E-02
   1.42011642E-02
   1.42545700E-02
   1.43060684E-02
   1.43537521E-02
   1.43728256E-02
   1.44119263E-02
   1.53074265E-02
   1.53989792E-02
   1.54161453E-02
   1.56650543E-02
   1.57899857E-02
   1.61933899E-02
   1.63717270E-02
   1.67083740E-02
   1.67112350E-02
   1.68685913E-02
   1.68991089E-02
   1.68991089E-02
   1.69162750E-02
   1.70497894E-02
   1.71489716E-02
   1.71804428E-02
   1.72185898E-02
   1.72872543E-02
   1.77030563E-02
   1.77297592E-02
   1.86166763E-02
   1.92775726E-02
   1.97257996E-02
   1.97849274E-02
   1.98001862E-02
   1.98106766E-02
   2.02598572E-02
   2.03523636E-02
   2.13127136E-02
   2.13222504E-02
   2.17647552E-02
   2.18811035E-02
   2.20298767E-02
   2.23808289E-02
   2.24227905E-02
   2.39000320E-02
   2.42471695E-02
   2.44102478E-02
   2.53267288E-02
   2.61983871E-02
   2.67467499E-02
   2.73256302E-02
   2.77948380E-02
   2.79512405E-02
   2.82564163E-02
   2.89268494E-02
   2.98671722E-02
   2.99463272E-02
   3.13787460E-02
   3.17115784E-02
   3.21807861E-02
   3.31945419E-02
   3.58762741E-02
   3.67059708E-02
   3.95021439E-02
   3.99131775E-02
