#Npts     Radius    Mag      Completeness
#  255 1276.9363  -12.999819 1.000000
# Verr
  -2.56004333E-02
  -1.82771683E-02
  -1.59015656E-02
  -1.51033401E-02
  -1.31549835E-02
  -1.09319687E-02
  -8.80241394E-03
  -7.89833069E-03
  -7.64751434E-03
  -7.46345520E-03
  -7.28034973E-03
  -7.10487366E-03
  -6.38294220E-03
  -6.35910034E-03
  -6.33430481E-03
  -6.02817535E-03
  -6.02149963E-03
  -6.01577759E-03
  -5.53607941E-03
  -5.50079346E-03
  -5.42640686E-03
  -5.42068481E-03
  -5.35202026E-03
  -5.29766083E-03
  -4.98580933E-03
  -4.78839874E-03
  -4.59957123E-03
  -4.42123413E-03
  -4.41837311E-03
  -4.12559509E-03
  -4.06360626E-03
  -3.90052795E-03
  -3.86428833E-03
  -3.70693207E-03
  -3.66973877E-03
  -3.60870361E-03
  -3.54480743E-03
  -3.50379944E-03
  -3.46660614E-03
  -3.39412689E-03
  -3.35884094E-03
  -3.29494476E-03
  -3.26156616E-03
  -3.11374664E-03
  -3.01456451E-03
  -3.00979614E-03
  -2.98118591E-03
  -2.86006927E-03
  -2.62260437E-03
  -2.56443024E-03
  -2.40516663E-03
  -2.32219696E-03
  -2.29549408E-03
  -2.24781036E-03
  -2.21252441E-03
  -2.10857391E-03
  -2.07996368E-03
  -1.91593170E-03
  -1.89876556E-03
  -1.70421600E-03
  -1.68895721E-03
  -1.43909454E-03
  -1.36566162E-03
  -1.30271912E-03
  -1.28078461E-03
  -1.27506256E-03
  -1.16348267E-03
  -1.04618073E-03
  -1.03092194E-03
  -1.01661682E-03
  -9.74655151E-04
  -9.41276550E-04
  -9.41276550E-04
  -9.26017761E-04
  -9.22203064E-04
  -8.85009766E-04
  -8.61167908E-04
  -8.55445862E-04
  -8.46862793E-04
  -8.09669495E-04
  -7.81059265E-04
  -6.42776489E-04
  -5.52177429E-04
  -4.59671021E-04
  -4.16755676E-04
  -3.88145447E-04
  -2.18391418E-04
  -1.95503235E-04
  -1.66893005E-04
  -1.01089478E-04
  -1.90734863E-05
   5.14984131E-05
   1.38282776E-04
   1.69754028E-04
   2.98500061E-04
   2.98500061E-04
   3.05175781E-04
   3.51905823E-04
   4.07218933E-04
   4.92095947E-04
   6.85691833E-04
   7.11441040E-04
   7.29560852E-04
   7.69615173E-04
   8.02040100E-04
   8.74519348E-04
   9.16481018E-04
   9.31739807E-04
   1.07765198E-03
   1.09481812E-03
   1.17206573E-03
   1.24359131E-03
   1.39808655E-03
   1.47247314E-03
   1.53064728E-03
   1.55830383E-03
   1.70230865E-03
   1.73759460E-03
   1.77001953E-03
   1.80816650E-03
   1.91116333E-03
   1.93405151E-03
   1.99699402E-03
   2.03037262E-03
   2.03800201E-03
   2.03800201E-03
   2.04658508E-03
   2.05802917E-03
   2.08377838E-03
   2.25353241E-03
   2.43091583E-03
   2.43282318E-03
   2.53009796E-03
   2.57110596E-03
   2.57587433E-03
   2.63786316E-03
   2.75039673E-03
   2.76088715E-03
   2.80094147E-03
   2.81715393E-03
   3.09085846E-03
   3.21102142E-03
   3.47423553E-03
   3.50284576E-03
   3.51238251E-03
   3.58486176E-03
   3.59058380E-03
   3.70311737E-03
   3.84807587E-03
   3.85856628E-03
   3.90338898E-03
   3.91578674E-03
   3.97968292E-03
   4.01020050E-03
   4.04739380E-03
   4.05693054E-03
   4.09889221E-03
   4.12368774E-03
   4.13608551E-03
   4.14085388E-03
   4.21237946E-03
   4.39834595E-03
   4.43267822E-03
   4.70066071E-03
   4.76741791E-03
   4.80556488E-03
   4.88948822E-03
   5.07164001E-03
   5.10311127E-03
   5.28335571E-03
   5.43117523E-03
   5.47981262E-03
   5.50651550E-03
   5.51128387E-03
   5.53226471E-03
   5.61904907E-03
   5.62953949E-03
   5.66291809E-03
   5.69248199E-03
   5.74111938E-03
   5.79071045E-03
   5.99288940E-03
   6.05487823E-03
   6.11972809E-03
   6.13689423E-03
   6.21700287E-03
   6.23607635E-03
   6.35051727E-03
   6.41250610E-03
   6.65283203E-03
   6.68334961E-03
   6.86550140E-03
   6.96277618E-03
   6.96372986E-03
   7.06291199E-03
   7.07721710E-03
   7.18402863E-03
   7.20787048E-03
   7.21168518E-03
   7.29656219E-03
   7.37476349E-03
   7.68184662E-03
   7.75909424E-03
   7.78388977E-03
   7.92217255E-03
   7.96031952E-03
   8.00132751E-03
   8.04233551E-03
   8.09288025E-03
   8.09764862E-03
   8.20350647E-03
   8.21590424E-03
   8.25977325E-03
   8.30554962E-03
   8.42285156E-03
   8.52775574E-03
   8.72993469E-03
   8.78620148E-03
   9.11331177E-03
   9.24682617E-03
   9.50336456E-03
   9.55772400E-03
   9.56726074E-03
   9.72080231E-03
   9.89246368E-03
   1.03254318E-02
   1.03778839E-02
   1.05009079E-02
   1.06992722E-02
   1.08442307E-02
   1.08518600E-02
   1.09863281E-02
   1.11179352E-02
   1.11961365E-02
   1.12276077E-02
   1.12648010E-02
   1.14212036E-02
   1.15871429E-02
   1.16500854E-02
   1.16510391E-02
   1.18894577E-02
   1.22165680E-02
   1.22222900E-02
   1.24197006E-02
   1.24750137E-02
   1.39894485E-02
   1.40733719E-02
   1.45759583E-02
   1.51720047E-02
   1.52378082E-02
   1.59330368E-02
   1.60751343E-02
   1.99623108E-02
   2.13356018E-02
   2.43301392E-02
