#Npts     Radius    Mag      Completeness
#   32 1692.6829  -14.998000 1.000000
# Verr
  -1.75933838E-02
  -1.38473511E-02
  -6.64901733E-03
  -5.74874878E-03
  -5.38539886E-03
  -5.07068634E-03
  -4.47082520E-03
  -4.01973724E-03
  -3.67259979E-03
  -3.16619873E-03
  -1.99604034E-03
  -1.33705139E-03
  -1.17683411E-03
   5.35011292E-04
   6.69479370E-04
   6.75201416E-04
   1.18160248E-03
   1.69181824E-03
   1.83010101E-03
   2.13336945E-03
   3.68404388E-03
   3.77750397E-03
   4.37068939E-03
   4.74452972E-03
   7.05146790E-03
   7.79819489E-03
   8.57925415E-03
   8.96644592E-03
   9.43851471E-03
   1.03187561E-02
   1.47600174E-02
   2.21471786E-02
