#Npts     Radius    Mag      Completeness
#  632  867.2384  -13.264545 1.000000
# Verr
  -3.60050201E-02
  -3.32164764E-02
  -3.32107544E-02
  -3.12948227E-02
  -2.98719406E-02
  -2.98328400E-02
  -2.94380188E-02
  -2.81896591E-02
  -2.71043777E-02
  -2.60620117E-02
  -2.58245468E-02
  -2.54144669E-02
  -2.53448486E-02
  -2.53448486E-02
  -2.48184204E-02
  -2.43663788E-02
  -2.43539810E-02
  -2.41851807E-02
  -2.39028931E-02
  -2.35834122E-02
  -2.34174728E-02
  -2.25296021E-02
  -2.22587585E-02
  -2.19364166E-02
  -2.16770172E-02
  -2.14519501E-02
  -2.13108063E-02
  -2.13108063E-02
  -2.10103989E-02
  -2.05039978E-02
  -2.00138092E-02
  -1.99375153E-02
  -1.94168091E-02
  -1.94072723E-02
  -1.89104080E-02
  -1.84268951E-02
  -1.83238983E-02
  -1.81207657E-02
  -1.79872513E-02
  -1.74627304E-02
  -1.72367096E-02
  -1.72204971E-02
  -1.63021088E-02
  -1.63021088E-02
  -1.59845352E-02
  -1.58681870E-02
  -1.55181885E-02
  -1.54495239E-02
  -1.54476166E-02
  -1.53064728E-02
  -1.53045654E-02
  -1.52921677E-02
  -1.52244568E-02
  -1.51433945E-02
  -1.50785446E-02
  -1.49650574E-02
  -1.48696899E-02
  -1.44176483E-02
  -1.41944885E-02
  -1.41849518E-02
  -1.38912201E-02
  -1.35555267E-02
  -1.35040283E-02
  -1.34534836E-02
  -1.34248734E-02
  -1.34248734E-02
  -1.30567551E-02
  -1.30233765E-02
  -1.29156113E-02
  -1.27429962E-02
  -1.26018524E-02
  -1.23186111E-02
  -1.23119354E-02
  -1.22814178E-02
  -1.22671127E-02
  -1.21374130E-02
  -1.21183395E-02
  -1.19857788E-02
  -1.18846893E-02
  -1.18141174E-02
  -1.17845535E-02
  -1.17597580E-02
  -1.17111206E-02
  -1.16214752E-02
  -1.14297867E-02
  -1.13801956E-02
  -1.11770630E-02
  -1.11494064E-02
  -1.11198425E-02
  -1.10988617E-02
  -1.08900070E-02
  -1.08022690E-02
  -1.06410980E-02
  -1.06058121E-02
  -1.05609894E-02
  -1.02682114E-02
  -1.02186203E-02
  -1.01814270E-02
  -1.01690292E-02
  -1.00021362E-02
  -9.90867615E-03
  -9.81903076E-03
  -9.47380066E-03
  -9.46044922E-03
  -9.43946838E-03
  -9.36698914E-03
  -8.89205933E-03
  -8.84437561E-03
  -8.79478455E-03
  -8.54587555E-03
  -8.51631165E-03
  -8.44192505E-03
  -8.17394257E-03
  -8.17394257E-03
  -8.08143616E-03
  -8.06427002E-03
  -7.98988342E-03
  -7.91740417E-03
  -7.87448883E-03
  -7.87448883E-03
  -7.70950317E-03
  -7.66849518E-03
  -7.63511658E-03
  -7.51495361E-03
  -7.47108459E-03
  -7.23743439E-03
  -7.11441040E-03
  -7.06768036E-03
  -7.04860687E-03
  -7.00187683E-03
  -6.98471069E-03
  -6.97135925E-03
  -6.84642792E-03
  -6.82353973E-03
  -6.73580170E-03
  -6.72340393E-03
  -6.63661957E-03
  -6.61563873E-03
  -6.50882721E-03
  -6.50501251E-03
  -6.36386871E-03
  -6.36005402E-03
  -6.29520416E-03
  -6.25896454E-03
  -6.22749329E-03
  -6.19792938E-03
  -6.05106354E-03
  -5.94615936E-03
  -5.93948364E-03
  -5.85651398E-03
  -5.83553314E-03
  -5.82695007E-03
  -5.80215454E-03
  -5.79452515E-03
  -5.78022003E-03
  -5.76591492E-03
  -5.73348999E-03
  -5.44261932E-03
  -5.41114807E-03
  -5.37014008E-03
  -5.34915924E-03
  -5.03635406E-03
  -5.02872467E-03
  -4.95910645E-03
  -4.95147705E-03
  -4.83703613E-03
  -4.83322144E-03
  -4.80365753E-03
  -4.75502014E-03
  -4.73308563E-03
  -4.62818146E-03
  -4.50801849E-03
  -4.49180603E-03
  -4.44793701E-03
  -4.21524048E-03
  -4.10556793E-03
  -4.10366058E-03
  -4.08458710E-03
  -4.08458710E-03
  -4.08172607E-03
  -3.93962860E-03
  -3.93962860E-03
  -3.92436981E-03
  -3.89480591E-03
  -3.86238098E-03
  -3.86047363E-03
  -3.71932983E-03
  -3.71551514E-03
  -3.68881226E-03
  -3.68118286E-03
  -3.67546082E-03
  -3.67259979E-03
  -3.65638733E-03
  -3.64303589E-03
  -3.60584259E-03
  -3.57913971E-03
  -3.50379944E-03
  -3.47805023E-03
  -3.44467163E-03
  -3.41320038E-03
  -3.27205658E-03
  -3.25012207E-03
  -3.15570831E-03
  -3.07750702E-03
  -2.92873383E-03
  -2.88105011E-03
  -2.85339355E-03
  -2.84099579E-03
  -2.82001495E-03
  -2.80666351E-03
  -2.77233124E-03
  -2.73990631E-03
  -2.64167786E-03
  -2.58731842E-03
  -2.54249573E-03
  -2.53391266E-03
  -2.52723694E-03
  -2.52437592E-03
  -2.45666504E-03
  -2.38895416E-03
  -2.38513947E-03
  -2.36320496E-03
  -2.33554840E-03
  -2.27928162E-03
  -2.27069855E-03
  -2.08854675E-03
  -2.07996368E-03
  -2.06279755E-03
  -2.04467773E-03
  -2.02655792E-03
  -1.96552277E-03
  -1.87110901E-03
  -1.82151794E-03
  -1.79386139E-03
  -1.78050995E-03
  -1.74522400E-03
  -1.72710419E-03
  -1.66797638E-03
  -1.63364410E-03
  -1.61647797E-03
  -1.58882141E-03
  -1.53160095E-03
  -1.52969360E-03
  -1.51824951E-03
  -1.50203705E-03
  -1.45816803E-03
  -1.42955780E-03
  -1.42478943E-03
  -1.39713287E-03
  -1.37615204E-03
  -1.24073029E-03
  -1.20353699E-03
  -1.14727020E-03
  -1.11007690E-03
  -1.09767914E-03
  -1.09672546E-03
  -1.01566315E-03
  -1.00612640E-03
  -9.81330872E-04
  -9.69886780E-04
  -9.68933105E-04
  -9.12666321E-04
  -8.15391541E-04
  -7.08580017E-04
  -6.99996948E-04
  -6.86645508E-04
  -6.62803650E-04
  -6.52313232E-04
  -6.45637512E-04
  -6.35147095E-04
  -5.37872314E-04
  -3.98635864E-04
  -3.96728516E-04
  -3.29017639E-04
  -3.19480896E-04
  -2.90870667E-04
  -2.27928162E-04
  -2.27928162E-04
  -1.96456909E-04
  -1.78337097E-04
  -1.32560730E-04
  -5.72204590E-06
   4.76837158E-06
   2.09808350E-05
   3.81469727E-05
   7.24792480E-05
   1.19209290E-04
   1.44004822E-04
   2.08854675E-04
   2.73704529E-04
   2.84194946E-04
   3.61442566E-04
   3.62396240E-04
   3.67164612E-04
   4.00543213E-04
   5.12123108E-04
   5.13076782E-04
   5.20706177E-04
   6.52313232E-04
   6.60896301E-04
   6.80923462E-04
   6.89506531E-04
   6.89506531E-04
   7.07626343E-04
   7.49588013E-04
   7.57217407E-04
   7.83920288E-04
   7.91549683E-04
   8.02040100E-04
   8.18252563E-04
   8.59260559E-04
   9.60350037E-04
   1.00326538E-03
   1.04999542E-03
   1.09100342E-03
   1.10530853E-03
   1.12533569E-03
   1.15966797E-03
   1.16825104E-03
   1.23596191E-03
   1.30081177E-03
   1.33132935E-03
   1.42955780E-03
   1.44767761E-03
   1.46389008E-03
   1.54399872E-03
   1.59072876E-03
   1.62506104E-03
   1.65939331E-03
   1.66988373E-03
   1.68514252E-03
   1.70040131E-03
   1.70326233E-03
   1.71089172E-03
   1.71375275E-03
   1.71852112E-03
   1.72042847E-03
   1.82914734E-03
   1.86157227E-03
   1.93119049E-03
   2.00080872E-03
   2.11906433E-03
   2.20394135E-03
   2.24018097E-03
   2.27737427E-03
   2.31361389E-03
   2.32982635E-03
   2.36320496E-03
   2.36511230E-03
   2.37846375E-03
   2.40516663E-03
   2.53772736E-03
   2.61497498E-03
   2.65312195E-03
   2.67791748E-03
   2.71701813E-03
   2.72655487E-03
   2.77423859E-03
   2.92682648E-03
   2.93064117E-03
   2.97927856E-03
   3.11565399E-03
   3.16429138E-03
   3.21197510E-03
   3.22532654E-03
   3.23390961E-03
   3.27587128E-03
   3.28445435E-03
   3.29685211E-03
   3.36074829E-03
   3.40938568E-03
   3.45420837E-03
   3.51428986E-03
   3.63540649E-03
   3.64685059E-03
   3.85570526E-03
   3.86428833E-03
   3.92150879E-03
   4.01687622E-03
   4.02164459E-03
   4.03213501E-03
   4.03785706E-03
   4.05216217E-03
   4.07028198E-03
   4.07409668E-03
   4.14180756E-03
   4.14752960E-03
   4.26769257E-03
   4.27818298E-03
   4.30297852E-03
   4.45270538E-03
   4.53472137E-03
   4.54330444E-03
   4.55188751E-03
   4.55856323E-03
   4.66060638E-03
   4.66156006E-03
   4.69493866E-03
   4.70924377E-03
   4.72354889E-03
   4.81891632E-03
   4.85992432E-03
   4.90474701E-03
   4.96196747E-03
   4.97150421E-03
   4.99439240E-03
   5.00297546E-03
   5.02014160E-03
   5.05828857E-03
   5.08117676E-03
   5.08308411E-03
   5.16033173E-03
   5.17654419E-03
   5.18798828E-03
   5.26618958E-03
   5.26618958E-03
   5.27191162E-03
   5.27381897E-03
   5.27667999E-03
   5.32150269E-03
   5.32245636E-03
   5.35869598E-03
   5.49602509E-03
   5.51605225E-03
   5.53226471E-03
   5.59997559E-03
   5.61237335E-03
   5.64479828E-03
   5.71155548E-03
   5.76305389E-03
   5.81836700E-03
   5.88512421E-03
   5.90229034E-03
   5.92041016E-03
   6.02245331E-03
   6.11114502E-03
   6.11305237E-03
   6.11305237E-03
   6.13021851E-03
   6.16645813E-03
   6.17218018E-03
   6.24179840E-03
   6.24752045E-03
   6.24942780E-03
   6.33811951E-03
   6.35147095E-03
   6.35719299E-03
   6.37054443E-03
   6.38580322E-03
   6.50691986E-03
   6.51741028E-03
   6.59751892E-03
   6.60705566E-03
   6.64520264E-03
   6.82926178E-03
   6.88457489E-03
   6.89697266E-03
   6.96945190E-03
   6.99138641E-03
   7.02762604E-03
   7.03144073E-03
   7.06672668E-03
   7.07626343E-03
   7.07626343E-03
   7.07626343E-03
   7.10964203E-03
   7.11059570E-03
   7.17544556E-03
   7.26032257E-03
   7.30133057E-03
   7.36236572E-03
   7.39955902E-03
   7.46536255E-03
   7.55786896E-03
   7.60746002E-03
   7.69042969E-03
   7.69424438E-03
   7.72094727E-03
   7.75909424E-03
   7.80105591E-03
   7.96222687E-03
   7.98606873E-03
   8.04138184E-03
   8.04901123E-03
   8.09192657E-03
   8.15486908E-03
   8.32653046E-03
   8.52584839E-03
   8.55636597E-03
   8.68701935E-03
   8.71944427E-03
   8.84628296E-03
   8.90827179E-03
   8.92734528E-03
   8.97026062E-03
   9.20391083E-03
   9.22107697E-03
   9.31072235E-03
   9.38320160E-03
   9.46140289E-03
   9.47380066E-03
   9.63592529E-03
   9.70268250E-03
   9.74750519E-03
   9.81044769E-03
   9.89341736E-03
   9.97257233E-03
   1.00374222E-02
   1.00765228E-02
   1.01013184E-02
   1.01804733E-02
   1.02481842E-02
   1.02481842E-02
   1.03511810E-02
   1.04036331E-02
   1.06830597E-02
   1.07002258E-02
   1.07679367E-02
   1.09109879E-02
   1.09729767E-02
   1.09872818E-02
   1.11503601E-02
   1.13582611E-02
   1.14307404E-02
   1.15013123E-02
   1.15308762E-02
   1.16395950E-02
   1.16481781E-02
   1.16577148E-02
   1.19380951E-02
   1.20058060E-02
   1.24225616E-02
   1.24235153E-02
   1.24998093E-02
   1.25188828E-02
   1.25494003E-02
   1.28059387E-02
   1.28059387E-02
   1.29795074E-02
   1.30777359E-02
   1.30949020E-02
   1.32265091E-02
   1.32570267E-02
   1.33228302E-02
   1.35288239E-02
   1.36604309E-02
   1.39160156E-02
   1.40752792E-02
   1.41534805E-02
   1.43518448E-02
   1.43566132E-02
   1.46732330E-02
   1.46942139E-02
   1.47075653E-02
   1.48992538E-02
   1.49135590E-02
   1.50136948E-02
   1.50136948E-02
   1.50556564E-02
   1.51119232E-02
   1.51414871E-02
   1.51576996E-02
   1.51987076E-02
   1.52540207E-02
   1.54113770E-02
   1.56164169E-02
   1.56383514E-02
   1.61876678E-02
   1.62277222E-02
   1.63421631E-02
   1.63784027E-02
   1.64613724E-02
   1.68542862E-02
   1.71508789E-02
   1.73263550E-02
   1.73463821E-02
   1.73530579E-02
   1.75380707E-02
   1.77297592E-02
   1.81331635E-02
   1.85670853E-02
   1.86319351E-02
   1.86624527E-02
   1.87549591E-02
   1.89037323E-02
   1.91345215E-02
   1.91345215E-02
   1.93262100E-02
   1.97124481E-02
   1.97572708E-02
   1.98631287E-02
   2.01787949E-02
   2.02112198E-02
   2.04734802E-02
   2.05955505E-02
   2.07118988E-02
   2.07185745E-02
   2.14147568E-02
   2.18839645E-02
   2.21881866E-02
   2.24342346E-02
   2.24828720E-02
   2.27279663E-02
   2.27603912E-02
   2.34165192E-02
   2.43701935E-02
   2.44188309E-02
   2.52466202E-02
   2.56137848E-02
   2.57749557E-02
   2.62269974E-02
   2.63433456E-02
   2.65645981E-02
   2.67734528E-02
   2.73103714E-02
   2.79426575E-02
   2.89335251E-02
   2.93340683E-02
   2.95286179E-02
   2.97107697E-02
   3.01351547E-02
   3.16047668E-02
   3.21741104E-02
   3.37791443E-02
   3.38115692E-02
   3.39899063E-02
   3.40805054E-02
   3.42235565E-02
   3.61576080E-02
   3.63998413E-02
   3.65533829E-02
   3.73353958E-02
