#Npts     Radius    Mag      Completeness
#  272 1692.6829  -12.428909 1.000000
# Verr
  -2.17075348E-02
  -2.01196671E-02
  -1.67703629E-02
  -1.55801773E-02
  -1.52988434E-02
  -1.44376755E-02
  -1.38940811E-02
  -1.38874054E-02
  -1.26628876E-02
  -1.24149323E-02
  -1.19934082E-02
  -1.17902756E-02
  -1.16939545E-02
  -1.14812851E-02
  -1.13344193E-02
  -1.11312866E-02
  -1.06506348E-02
  -1.02100372E-02
  -1.00917816E-02
  -9.82856750E-03
  -9.79423523E-03
  -9.46903229E-03
  -9.06085968E-03
  -9.01985168E-03
  -8.93497467E-03
  -8.83579254E-03
  -8.59165192E-03
  -8.52870941E-03
  -8.42761993E-03
  -8.41808319E-03
  -8.30268860E-03
  -8.16440582E-03
  -7.74860382E-03
  -7.53211975E-03
  -6.96563721E-03
  -6.94179535E-03
  -6.58416748E-03
  -6.50024414E-03
  -6.45542145E-03
  -6.39915466E-03
  -6.35528564E-03
  -6.23703003E-03
  -6.16931915E-03
  -5.93185425E-03
  -5.77163696E-03
  -5.58567047E-03
  -5.33962250E-03
  -5.04207611E-03
  -5.03730774E-03
  -5.00679016E-03
  -4.99153137E-03
  -4.77886200E-03
  -4.76646423E-03
  -4.71878052E-03
  -4.63771820E-03
  -4.27913666E-03
  -4.27055359E-03
  -4.20379639E-03
  -4.03404236E-03
  -4.01401520E-03
  -4.00924683E-03
  -3.98159027E-03
  -3.77559662E-03
  -3.49998474E-03
  -3.44562531E-03
  -3.41796875E-03
  -3.31306458E-03
  -3.20529938E-03
  -3.04794312E-03
  -3.01074982E-03
  -2.94685364E-03
  -2.75230408E-03
  -2.33650208E-03
  -2.31456757E-03
  -2.29263306E-03
  -2.28500366E-03
  -2.17533112E-03
  -2.12574005E-03
  -2.11620331E-03
  -2.02369690E-03
  -1.99604034E-03
  -1.95217133E-03
  -1.91020966E-03
  -1.83391571E-03
  -1.82056427E-03
  -1.80244446E-03
  -1.45721436E-03
  -1.37138367E-03
  -1.31988525E-03
  -1.21593475E-03
  -1.21593475E-03
  -1.12724304E-03
  -1.05381012E-03
  -9.88960266E-04
  -8.83102417E-04
  -8.45909119E-04
  -7.45773315E-04
  -7.41004944E-04
  -7.30514526E-04
  -5.78880310E-04
  -5.38825989E-04
  -5.14984131E-04
  -4.90188599E-04
  -4.80651855E-04
  -4.77790833E-04
  -4.55856323E-04
  -3.04222107E-04
  -2.27928162E-04
  -2.00271606E-04
  -1.60217285E-04
  -1.50680542E-04
  -1.16348267E-04
  -1.13487244E-04
  -1.02043152E-04
  -8.96453857E-05
   1.14440918E-04
   1.52587891E-04
   1.85012817E-04
   1.94549561E-04
   4.54902649E-04
   5.51223755E-04
   6.56127930E-04
   7.40051270E-04
   7.41004944E-04
   8.20159912E-04
   9.87052917E-04
   1.13487244E-03
   1.15489960E-03
   1.29699707E-03
   1.44195557E-03
   1.44958496E-03
   1.48487091E-03
   1.51348114E-03
   1.53923035E-03
   1.88064575E-03
   1.92260742E-03
   1.93977356E-03
   1.98554993E-03
   2.01225281E-03
   2.11429596E-03
   2.13432312E-03
   2.14385986E-03
   2.19154358E-03
   2.27451324E-03
   2.33936310E-03
   2.54344940E-03
   2.56919861E-03
   2.59590149E-03
   2.62737274E-03
   2.67982483E-03
   2.78091431E-03
   2.91728973E-03
   3.20243835E-03
   3.39984894E-03
   3.51238251E-03
   3.55434418E-03
   3.56674194E-03
   3.65066528E-03
   3.84330750E-03
   3.90243530E-03
   3.92150879E-03
   3.94153595E-03
   4.01020050E-03
   4.07981873E-03
   4.30583954E-03
   4.32682037E-03
   4.35733795E-03
   4.40120697E-03
   4.60529327E-03
   4.66156006E-03
   4.67967987E-03
   4.73403931E-03
   4.80937958E-03
   4.89234924E-03
   4.93144989E-03
   5.00583649E-03
   5.09834290E-03
   5.20610809E-03
   5.22041321E-03
   5.26237488E-03
   5.50746918E-03
   5.50937653E-03
   5.59520721E-03
   5.90419769E-03
   5.91945648E-03
   5.91945648E-03
   5.94234467E-03
   5.97858429E-03
   6.13307953E-03
   6.15787506E-03
   6.16836548E-03
   6.24084473E-03
   6.27708435E-03
   6.35433197E-03
   6.39533997E-03
   6.50787354E-03
   6.53648376E-03
   6.56890869E-03
   6.60037994E-03
   6.65664673E-03
   6.75487518E-03
   6.77585602E-03
   6.79874420E-03
   6.91890717E-03
   6.94847107E-03
   7.03144073E-03
   7.10010529E-03
   7.19642639E-03
   7.25364685E-03
   7.34996796E-03
   7.49969482E-03
   7.57503510E-03
   7.72571564E-03
   7.75814056E-03
   7.82585144E-03
   7.84873962E-03
   7.91740417E-03
   7.99083710E-03
   8.08334351E-03
   8.08811188E-03
   8.17298889E-03
   8.26740265E-03
   8.27026367E-03
   8.38088989E-03
   8.53919983E-03
   8.59165192E-03
   8.63933563E-03
   8.68606567E-03
   8.83579254E-03
   8.93592834E-03
   8.94165039E-03
   9.01031494E-03
   9.12952423E-03
   9.36412811E-03
   9.52625275E-03
   9.56249237E-03
   9.58633423E-03
   9.76276398E-03
   9.97066498E-03
   1.00317001E-02
   1.02138519E-02
   1.05009079E-02
   1.06325150E-02
   1.08222961E-02
   1.09262466E-02
   1.09567642E-02
   1.10054016E-02
   1.12333298E-02
   1.12466812E-02
   1.12619400E-02
   1.12819672E-02
   1.17111206E-02
   1.17225647E-02
   1.20487213E-02
   1.21574402E-02
   1.24607086E-02
   1.26209259E-02
   1.26228333E-02
   1.26695633E-02
   1.27744675E-02
   1.28774643E-02
   1.33562088E-02
   1.39465332E-02
   1.76248550E-02
   1.83296204E-02
   1.90687180E-02
   1.91774368E-02
   3.04622650E-02
   3.09715271E-02
   3.23781967E-02
   3.31192017E-02
   3.34358215E-02
