#Npts     Radius    Mag      Completeness
#  598 1495.2385  -12.610001 1.000000
# Verr
  -3.09906006E-02
  -2.68049240E-02
  -2.62851715E-02
  -2.53410339E-02
  -2.32267380E-02
  -2.17571259E-02
  -2.13613510E-02
  -2.04219818E-02
  -1.96342468E-02
  -1.89065933E-02
  -1.86281204E-02
  -1.84316635E-02
  -1.73873901E-02
  -1.68304443E-02
  -1.58977509E-02
  -1.57594681E-02
  -1.53989792E-02
  -1.53989792E-02
  -1.53331757E-02
  -1.52053833E-02
  -1.51004791E-02
  -1.50651932E-02
  -1.49555206E-02
  -1.45387650E-02
  -1.44205093E-02
  -1.43318176E-02
  -1.43251419E-02
  -1.42250061E-02
  -1.41267776E-02
  -1.40562057E-02
  -1.39856339E-02
  -1.39579773E-02
  -1.36432648E-02
  -1.35478973E-02
  -1.35278702E-02
  -1.33981705E-02
  -1.33829117E-02
  -1.33562088E-02
  -1.33419037E-02
  -1.32617950E-02
  -1.32322311E-02
  -1.31664276E-02
  -1.31158829E-02
  -1.31034851E-02
  -1.31006241E-02
  -1.26771927E-02
  -1.25799179E-02
  -1.23634338E-02
  -1.22623444E-02
  -1.22404099E-02
  -1.20706558E-02
  -1.20601654E-02
  -1.20439529E-02
  -1.19810104E-02
  -1.18665695E-02
  -1.17654800E-02
  -1.16720200E-02
  -1.16615295E-02
  -1.15509033E-02
  -1.15184784E-02
  -1.15146637E-02
  -1.14555359E-02
  -1.13153458E-02
  -1.11675262E-02
  -1.10664368E-02
  -1.09758377E-02
  -1.07269287E-02
  -1.07240677E-02
  -1.04484558E-02
  -1.04160309E-02
  -1.04131699E-02
  -1.04122162E-02
  -1.04074478E-02
  -1.03521347E-02
  -1.01222992E-02
  -9.98783112E-03
  -9.96780396E-03
  -9.95826721E-03
  -9.91439819E-03
  -9.85813141E-03
  -9.82856750E-03
  -9.75513458E-03
  -9.72652435E-03
  -9.66453552E-03
  -9.58442688E-03
  -9.57393646E-03
  -9.56916809E-03
  -9.52625275E-03
  -9.47189331E-03
  -9.41276550E-03
  -9.34696198E-03
  -9.32312012E-03
  -9.29832458E-03
  -9.22966003E-03
  -9.15431976E-03
  -9.14764404E-03
  -9.12475586E-03
  -9.05418396E-03
  -9.02557373E-03
  -9.00173187E-03
  -8.96453857E-03
  -8.87870789E-03
  -8.87203217E-03
  -8.83388519E-03
  -8.70513916E-03
  -8.68892670E-03
  -8.64219666E-03
  -8.62693787E-03
  -8.62693787E-03
  -8.58020782E-03
  -8.57830048E-03
  -8.56113434E-03
  -8.55255127E-03
  -8.47816467E-03
  -8.47339630E-03
  -8.45718384E-03
  -8.41045380E-03
  -8.38375092E-03
  -8.33225250E-03
  -8.23020935E-03
  -8.20827484E-03
  -8.14151764E-03
  -8.03947449E-03
  -7.99083710E-03
  -7.93170929E-03
  -7.92026520E-03
  -7.87734985E-03
  -7.86876678E-03
  -7.81250000E-03
  -7.67612457E-03
  -7.64083862E-03
  -7.61985779E-03
  -7.58934021E-03
  -7.58171082E-03
  -7.58171082E-03
  -7.58075714E-03
  -7.54165649E-03
  -7.50732422E-03
  -7.48443604E-03
  -7.37953186E-03
  -7.37094879E-03
  -7.28416443E-03
  -7.21359253E-03
  -7.15065002E-03
  -7.14683533E-03
  -7.13825226E-03
  -7.06100464E-03
  -7.04765320E-03
  -7.04765320E-03
  -7.03334808E-03
  -6.88266754E-03
  -6.82640076E-03
  -6.80446625E-03
  -6.79302216E-03
  -6.74057007E-03
  -6.73294067E-03
  -6.72626495E-03
  -6.69097900E-03
  -6.66522980E-03
  -6.64138794E-03
  -6.58321381E-03
  -6.52408600E-03
  -6.49070740E-03
  -6.48689270E-03
  -6.45065308E-03
  -6.45065308E-03
  -6.42776489E-03
  -6.39915466E-03
  -6.38866425E-03
  -6.37912750E-03
  -6.37722015E-03
  -6.35528564E-03
  -6.34384155E-03
  -6.29997253E-03
  -6.28757477E-03
  -6.27517700E-03
  -6.23512268E-03
  -6.21032715E-03
  -6.19888306E-03
  -6.19888306E-03
  -6.14929199E-03
  -6.14356995E-03
  -6.13594055E-03
  -6.13403320E-03
  -6.08253479E-03
  -6.05010986E-03
  -5.95951080E-03
  -5.95283508E-03
  -5.92994690E-03
  -5.91373444E-03
  -5.87463379E-03
  -5.86414337E-03
  -5.83934784E-03
  -5.75160980E-03
  -5.72681427E-03
  -5.70487976E-03
  -5.69915771E-03
  -5.67245483E-03
  -5.66005707E-03
  -5.64670563E-03
  -5.61141968E-03
  -5.57041168E-03
  -5.56468964E-03
  -5.55610657E-03
  -5.55324554E-03
  -5.55133820E-03
  -5.50365448E-03
  -5.49888611E-03
  -5.43785095E-03
  -5.43308258E-03
  -5.30338287E-03
  -5.27095795E-03
  -5.22232056E-03
  -5.12313843E-03
  -5.10120392E-03
  -5.03826141E-03
  -5.03253937E-03
  -5.01823425E-03
  -4.96578217E-03
  -4.95433807E-03
  -4.94861603E-03
  -4.94766235E-03
  -4.90856171E-03
  -4.85801697E-03
  -4.85038757E-03
  -4.84561920E-03
  -4.80079651E-03
  -4.79507446E-03
  -4.78553772E-03
  -4.72831726E-03
  -4.70638275E-03
  -4.70447540E-03
  -4.70447540E-03
  -4.65297699E-03
  -4.64057922E-03
  -4.62341309E-03
  -4.48513031E-03
  -4.47845459E-03
  -4.43077087E-03
  -4.41074371E-03
  -4.38308716E-03
  -4.35352325E-03
  -4.34684753E-03
  -4.32205200E-03
  -4.28104401E-03
  -4.26197052E-03
  -4.23908234E-03
  -4.23908234E-03
  -4.23240662E-03
  -4.22096252E-03
  -4.21333313E-03
  -4.20761108E-03
  -4.20761108E-03
  -4.17327881E-03
  -4.17327881E-03
  -4.16851044E-03
  -4.16183472E-03
  -4.15515900E-03
  -4.15229797E-03
  -4.13131714E-03
  -4.10270691E-03
  -4.07218933E-03
  -4.06646729E-03
  -4.01782990E-03
  -4.01782990E-03
  -3.99971008E-03
  -3.98159027E-03
  -3.98159027E-03
  -3.95393372E-03
  -3.86714935E-03
  -3.76224518E-03
  -3.68309021E-03
  -3.56388092E-03
  -3.49617004E-03
  -3.47232819E-03
  -3.46279144E-03
  -3.41701508E-03
  -3.41320038E-03
  -3.35216522E-03
  -3.32832336E-03
  -3.31783295E-03
  -3.31687927E-03
  -3.31115723E-03
  -3.30352783E-03
  -3.26251984E-03
  -3.25393677E-03
  -3.21578979E-03
  -3.20625305E-03
  -3.20243835E-03
  -3.16524506E-03
  -3.14617157E-03
  -3.11851501E-03
  -3.11851501E-03
  -3.06797028E-03
  -3.02886963E-03
  -3.00598145E-03
  -2.95925140E-03
  -2.94303894E-03
  -2.90870667E-03
  -2.79045105E-03
  -2.72846222E-03
  -2.68745422E-03
  -2.67124176E-03
  -2.63881683E-03
  -2.61497498E-03
  -2.61020660E-03
  -2.54726410E-03
  -2.53295898E-03
  -2.53105164E-03
  -2.51293182E-03
  -2.46238708E-03
  -2.45094299E-03
  -2.42137909E-03
  -2.40993500E-03
  -2.30884552E-03
  -2.28595734E-03
  -2.27928162E-03
  -2.26116180E-03
  -2.25353241E-03
  -2.25353241E-03
  -2.22587585E-03
  -2.22396851E-03
  -2.17533112E-03
  -2.16484070E-03
  -2.16293335E-03
  -2.07233429E-03
  -1.95312500E-03
  -1.93214417E-03
  -1.86634064E-03
  -1.82342529E-03
  -1.80339813E-03
  -1.78050995E-03
  -1.73377991E-03
  -1.68609619E-03
  -1.63078308E-03
  -1.60217285E-03
  -1.56974792E-03
  -1.56402588E-03
  -1.54209137E-03
  -1.49059296E-03
  -1.46293640E-03
  -1.42669678E-03
  -1.38187408E-03
  -1.38092041E-03
  -1.37138367E-03
  -1.37138367E-03
  -1.32560730E-03
  -1.31988525E-03
  -1.24263763E-03
  -1.16348267E-03
  -1.11293793E-03
  -1.10721588E-03
  -1.09577179E-03
  -1.06143951E-03
  -1.04236603E-03
  -1.02329254E-03
  -1.01470947E-03
  -9.31739807E-04
  -9.20295715E-04
  -9.14573669E-04
  -8.14437866E-04
  -7.70568848E-04
  -7.70568848E-04
  -7.63893127E-04
  -7.45773315E-04
  -6.73294067E-04
  -6.24656677E-04
  -5.95092773E-04
  -5.77926636E-04
  -5.64575195E-04
  -5.35964966E-04
  -5.17845154E-04
  -4.50134277E-04
  -4.45365906E-04
  -4.39643860E-04
  -4.03404236E-04
  -3.73840332E-04
  -2.70843506E-04
  -2.29835510E-04
  -2.26020813E-04
  -1.75476074E-04
  -1.68800354E-04
  -1.13487244E-04
  -6.19888306E-05
  -4.86373901E-05
  -2.57492065E-05
  -1.14440918E-05
   1.62124634E-05
   3.43322754E-05
   6.38961792E-05
   2.96592712E-04
   3.15666199E-04
   3.22341919E-04
   3.40461731E-04
   3.72886658E-04
   4.47273254E-04
   4.99725342E-04
   5.02586365E-04
   5.07354736E-04
   5.14030457E-04
   5.33103943E-04
   5.71250916E-04
   5.73158264E-04
   5.97000122E-04
   6.09397888E-04
   6.57081604E-04
   6.65664673E-04
   6.73294067E-04
   7.17163086E-04
   7.18116760E-04
   7.51495361E-04
   7.65800476E-04
   8.76426697E-04
   8.97407532E-04
   9.08851624E-04
   9.26971436E-04
   9.32693481E-04
   9.50813293E-04
   9.54627991E-04
   1.05857849E-03
   1.14631653E-03
   1.20925903E-03
   1.24835968E-03
   1.28841400E-03
   1.32751465E-03
   1.43623352E-03
   1.46389008E-03
   1.49631500E-03
   1.49631500E-03
   1.54972076E-03
   1.62315369E-03
   1.66797638E-03
   1.67942047E-03
   1.68418884E-03
   1.69372559E-03
   1.71184540E-03
   1.71184540E-03
   1.81293488E-03
   1.81961060E-03
   1.84726715E-03
   1.91020966E-03
   1.93309784E-03
   1.95789337E-03
   1.96933746E-03
   2.01034546E-03
   2.01034546E-03
   2.02655792E-03
   2.20870972E-03
   2.28118896E-03
   2.30407715E-03
   2.35271454E-03
   2.47383118E-03
   2.48527527E-03
   2.60353088E-03
   2.60353088E-03
   2.62928009E-03
   2.63786316E-03
   2.65884399E-03
   2.66170502E-03
   2.68840790E-03
   2.69317627E-03
   2.79045105E-03
   2.81810760E-03
   2.85339355E-03
   2.89726257E-03
   2.99835205E-03
   3.01074982E-03
   3.07941437E-03
   3.10039520E-03
   3.12614441E-03
   3.26347351E-03
   3.26347351E-03
   3.34548950E-03
   3.35597992E-03
   3.39603424E-03
   3.43322754E-03
   3.51333618E-03
   3.53145599E-03
   3.54671478E-03
   3.55339050E-03
   3.70025635E-03
   3.72219086E-03
   3.95870209E-03
   3.98921967E-03
   4.08363342E-03
   4.12178040E-03
   4.19139862E-03
   4.24289703E-03
   4.32968140E-03
   4.44507599E-03
   4.64439392E-03
   4.65011597E-03
   4.79221344E-03
   4.79888916E-03
   4.82845306E-03
   4.89139557E-03
   5.07259369E-03
   5.14984131E-03
   5.18608093E-03
   5.20038605E-03
   5.20515442E-03
   5.20992279E-03
   5.21183014E-03
   5.40637970E-03
   5.49888611E-03
   5.51986694E-03
   5.64861298E-03
   5.68294525E-03
   5.77831268E-03
   5.82313538E-03
   5.84125519E-03
   5.88321686E-03
   5.98621368E-03
   6.09970093E-03
   6.24942780E-03
   6.33907318E-03
   6.34002686E-03
   6.38103485E-03
   6.59275055E-03
   6.61468506E-03
   6.65473938E-03
   6.69288635E-03
   6.72245026E-03
   6.73866272E-03
   6.89220428E-03
   7.06672668E-03
   7.08675385E-03
   7.17830658E-03
   7.18307495E-03
   7.21359253E-03
   7.22694397E-03
   7.34329224E-03
   7.51209259E-03
   7.53784180E-03
   7.56168365E-03
   7.76481628E-03
   7.98606873E-03
   8.13770294E-03
   8.16154480E-03
   8.33225250E-03
   8.33988190E-03
   8.37230682E-03
   8.37898254E-03
   8.43620300E-03
   8.57067108E-03
   8.67462158E-03
   8.82625580E-03
   9.28783417E-03
   9.47761536E-03
   9.84001160E-03
   9.99450684E-03
   1.05237961E-02
   1.05524063E-02
   1.07841492E-02
   1.13105774E-02
   1.16205215E-02
   1.18913651E-02
   1.19552612E-02
   1.22098923E-02
   1.25112534E-02
   1.29556656E-02
   1.41563416E-02
   1.42698288E-02
   1.53875351E-02
   1.56345367E-02
   1.57899857E-02
   1.58567429E-02
   1.59587860E-02
   1.61809921E-02
   1.67236328E-02
   1.74779892E-02
   1.79128647E-02
   1.79862976E-02
   1.82685852E-02
   1.84202194E-02
   1.85337067E-02
   1.88474655E-02
   1.97763443E-02
   2.00920105E-02
   2.17552185E-02
   2.20823288E-02
   2.21490860E-02
   2.23474503E-02
   2.33430862E-02
   2.33907700E-02
   2.39048004E-02
   2.39181519E-02
   2.50501633E-02
   2.50911713E-02
   2.57749557E-02
   2.59790421E-02
   2.77862549E-02
   2.78730392E-02
   2.88972855E-02
   3.00788879E-02
   3.03602219E-02
   3.21540833E-02
   3.45859528E-02
