#Npts     Radius    Mag      Completeness
#  650 1069.0630  -12.143456 1.000000
# Verr
  -3.35607529E-02
  -3.27882767E-02
  -2.74410248E-02
  -2.67057419E-02
  -2.30236053E-02
  -2.14347839E-02
  -2.07347870E-02
  -2.04153061E-02
  -1.96723938E-02
  -1.94959641E-02
  -1.75695419E-02
  -1.73625946E-02
  -1.73168182E-02
  -1.71279907E-02
  -1.68180466E-02
  -1.68056488E-02
  -1.67770386E-02
  -1.62706375E-02
  -1.57966614E-02
  -1.57022476E-02
  -1.56679153E-02
  -1.55687332E-02
  -1.53942108E-02
  -1.48420334E-02
  -1.47266388E-02
  -1.46036148E-02
  -1.42574310E-02
  -1.41353607E-02
  -1.40600204E-02
  -1.38349533E-02
  -1.38196945E-02
  -1.36384964E-02
  -1.35993958E-02
  -1.35211945E-02
  -1.34286880E-02
  -1.33628845E-02
  -1.32217407E-02
  -1.30634308E-02
  -1.27820969E-02
  -1.27515793E-02
  -1.22966766E-02
  -1.22880936E-02
  -1.22575760E-02
  -1.22575760E-02
  -1.22194290E-02
  -1.21135712E-02
  -1.17607117E-02
  -1.17063522E-02
  -1.17053986E-02
  -1.15919113E-02
  -1.14650726E-02
  -1.13935471E-02
  -1.13353729E-02
  -1.13258362E-02
  -1.13143921E-02
  -1.12628937E-02
  -1.10912323E-02
  -1.10349655E-02
  -1.10082626E-02
  -1.09119415E-02
  -1.08137131E-02
  -1.07498169E-02
  -1.07202530E-02
  -1.06878281E-02
  -1.06477737E-02
  -1.06077194E-02
  -1.05810165E-02
  -1.05733871E-02
  -1.05695724E-02
  -1.05056763E-02
  -1.04618073E-02
  -1.04217529E-02
  -1.03712082E-02
  -1.00297928E-02
  -9.97447968E-03
  -9.97447968E-03
  -9.93251801E-03
  -9.92393494E-03
  -9.88864899E-03
  -9.84001160E-03
  -9.80281830E-03
  -9.67407227E-03
  -9.58061218E-03
  -9.41658020E-03
  -9.27257538E-03
  -9.15241241E-03
  -9.14859772E-03
  -9.05418396E-03
  -9.04655457E-03
  -9.03987885E-03
  -9.01031494E-03
  -9.01031494E-03
  -8.97789001E-03
  -8.84342194E-03
  -8.79383087E-03
  -8.78238678E-03
  -8.76712799E-03
  -8.73088837E-03
  -8.70990753E-03
  -8.63647461E-03
  -8.58211517E-03
  -8.57353210E-03
  -8.52394104E-03
  -8.41426849E-03
  -8.35227966E-03
  -8.29887390E-03
  -8.15391541E-03
  -8.13961029E-03
  -8.13961029E-03
  -8.02040100E-03
  -7.96127319E-03
  -7.90500641E-03
  -7.80010223E-03
  -7.80010223E-03
  -7.80010223E-03
  -7.76481628E-03
  -7.68947601E-03
  -7.67517090E-03
  -7.65609741E-03
  -7.62653351E-03
  -7.61985779E-03
  -7.61890411E-03
  -7.52162933E-03
  -7.45105743E-03
  -7.34615326E-03
  -7.31372833E-03
  -7.20882416E-03
  -7.15446472E-03
  -7.10773468E-03
  -7.08675385E-03
  -7.08675385E-03
  -7.04765320E-03
  -7.02857971E-03
  -6.97040558E-03
  -6.96468353E-03
  -6.85787201E-03
  -6.84928894E-03
  -6.80446625E-03
  -6.54792786E-03
  -6.54792786E-03
  -6.50787354E-03
  -6.48212433E-03
  -6.46781921E-03
  -6.46018982E-03
  -6.44493103E-03
  -6.14738464E-03
  -6.13117218E-03
  -6.12449646E-03
  -6.10637665E-03
  -6.05773926E-03
  -6.03771210E-03
  -5.99098206E-03
  -5.96141815E-03
  -5.91373444E-03
  -5.88989258E-03
  -5.88989258E-03
  -5.86128235E-03
  -5.84316254E-03
  -5.74684143E-03
  -5.57518005E-03
  -5.55515289E-03
  -5.55515289E-03
  -5.44261932E-03
  -5.27477264E-03
  -5.22232056E-03
  -5.20324707E-03
  -5.16510010E-03
  -5.16033173E-03
  -5.14698029E-03
  -5.13458252E-03
  -5.12790680E-03
  -5.08689880E-03
  -5.03826141E-03
  -5.01346588E-03
  -4.99534607E-03
  -4.90283966E-03
  -4.85801697E-03
  -4.83036041E-03
  -4.80461121E-03
  -4.77409363E-03
  -4.75025177E-03
  -4.66251373E-03
  -4.63771820E-03
  -4.62627411E-03
  -4.60052490E-03
  -4.57477570E-03
  -4.55760956E-03
  -4.51564789E-03
  -4.50229645E-03
  -4.47559357E-03
  -4.47368622E-03
  -4.44889069E-03
  -4.41741943E-03
  -4.41455841E-03
  -4.35638428E-03
  -4.29725647E-03
  -4.28962708E-03
  -4.28676605E-03
  -4.26292419E-03
  -4.25148010E-03
  -4.16564941E-03
  -4.14943695E-03
  -4.14180756E-03
  -4.13131714E-03
  -4.11415100E-03
  -4.05597687E-03
  -4.05406952E-03
  -3.98540497E-03
  -3.97491455E-03
  -3.97396088E-03
  -3.93104553E-03
  -3.92150879E-03
  -3.91292572E-03
  -3.91197205E-03
  -3.89766693E-03
  -3.80802155E-03
  -3.74221802E-03
  -3.64398956E-03
  -3.60012054E-03
  -3.59439850E-03
  -3.56864929E-03
  -3.55815887E-03
  -3.55434418E-03
  -3.51524353E-03
  -3.49807739E-03
  -3.48758698E-03
  -3.46374512E-03
  -3.43513489E-03
  -3.41510773E-03
  -3.39508057E-03
  -3.38554382E-03
  -3.35693359E-03
  -3.32260132E-03
  -3.30924988E-03
  -3.25489044E-03
  -3.25393677E-03
  -3.22055817E-03
  -3.17287445E-03
  -3.08227539E-03
  -3.06320190E-03
  -3.05938721E-03
  -3.05843353E-03
  -3.03649902E-03
  -3.02600861E-03
  -3.01647186E-03
  -3.00025940E-03
  -3.00025940E-03
  -2.99453735E-03
  -2.98309326E-03
  -2.97737122E-03
  -2.74658203E-03
  -2.74085999E-03
  -2.73990631E-03
  -2.71892548E-03
  -2.68745422E-03
  -2.68650055E-03
  -2.67887115E-03
  -2.67124176E-03
  -2.65407562E-03
  -2.63309479E-03
  -2.58541107E-03
  -2.52342224E-03
  -2.47955322E-03
  -2.47859955E-03
  -2.41851807E-03
  -2.36225128E-03
  -2.28691101E-03
  -2.22301483E-03
  -2.18200684E-03
  -2.17247009E-03
  -2.12097168E-03
  -2.08282471E-03
  -2.03037262E-03
  -2.02369690E-03
  -2.00080872E-03
  -1.99699402E-03
  -1.96456909E-03
  -1.95121765E-03
  -1.91688538E-03
  -1.89018250E-03
  -1.87873840E-03
  -1.86538696E-03
  -1.86443329E-03
  -1.85012817E-03
  -1.80721283E-03
  -1.80721283E-03
  -1.77860260E-03
  -1.75380707E-03
  -1.75285339E-03
  -1.71279907E-03
  -1.70993805E-03
  -1.70612335E-03
  -1.67846680E-03
  -1.66416168E-03
  -1.60217285E-03
  -1.59740448E-03
  -1.57451630E-03
  -1.57451630E-03
  -1.53064728E-03
  -1.52206421E-03
  -1.51634216E-03
  -1.44386292E-03
  -1.42288208E-03
  -1.36566162E-03
  -1.35326385E-03
  -1.31225586E-03
  -1.27506256E-03
  -1.20544434E-03
  -1.15013123E-03
  -1.14440918E-03
  -1.11103058E-03
  -1.09958649E-03
  -1.06334686E-03
  -1.04045868E-03
  -1.03855133E-03
  -1.03569031E-03
  -1.02424622E-03
  -9.36508179E-04
  -9.35554504E-04
  -9.29832458E-04
  -8.78334045E-04
  -8.39233398E-04
  -7.96318054E-04
  -7.46726990E-04
  -7.24792480E-04
  -7.24792480E-04
  -7.21931458E-04
  -6.79969788E-04
  -6.40869141E-04
  -5.90324402E-04
  -5.76972961E-04
  -5.76972961E-04
  -5.62667847E-04
  -5.53131104E-04
  -4.95910645E-04
  -4.66346741E-04
  -4.52995300E-04
  -4.25338745E-04
  -4.14848328E-04
  -4.01496887E-04
  -2.88009644E-04
  -2.75611877E-04
  -2.57492065E-04
  -2.52723694E-04
  -1.98364258E-04
  -1.93595886E-04
  -1.58309937E-04
  -1.16348267E-04
  -1.06811523E-04
  -7.34329224E-05
  -6.86645508E-05
  -3.24249268E-05
  -3.05175781E-05
   2.00271606E-05
   2.76565552E-05
   1.07765198E-04
   1.76429749E-04
   2.49862671E-04
   2.63214111E-04
   2.87055969E-04
   4.57763672E-04
   4.59671021E-04
   4.68254089E-04
   5.48362732E-04
   5.57899475E-04
   5.58853149E-04
   6.09397888E-04
   6.69479370E-04
   6.94274902E-04
   7.49588013E-04
   7.50541687E-04
   9.08851624E-04
   1.03282928E-03
   1.04427338E-03
   1.12247467E-03
   1.12247467E-03
   1.12724304E-03
   1.12819672E-03
   1.13105774E-03
   1.19972229E-03
   1.20067596E-03
   1.21879578E-03
   1.23310089E-03
   1.24549866E-03
   1.29508972E-03
   1.30081177E-03
   1.34563446E-03
   1.35612488E-03
   1.35612488E-03
   1.39141083E-03
   1.45721436E-03
   1.48105621E-03
   1.51634216E-03
   1.54113770E-03
   1.56307220E-03
   1.59645081E-03
   1.61170959E-03
   1.61457062E-03
   1.62792206E-03
   1.74522400E-03
   1.76620483E-03
   1.78337097E-03
   1.79386139E-03
   1.79576874E-03
   1.81865692E-03
   1.84726715E-03
   1.85203552E-03
   1.86824799E-03
   1.93691254E-03
   1.96170807E-03
   1.99985504E-03
   2.18296051E-03
   2.24590302E-03
   2.25639343E-03
   2.26783752E-03
   2.42805481E-03
   2.48146057E-03
   2.49290466E-03
   2.49862671E-03
   2.54344940E-03
   2.56347656E-03
   2.57587433E-03
   2.59399414E-03
   2.71511078E-03
   2.91442871E-03
   2.91442871E-03
   2.92682648E-03
   2.98404694E-03
   3.02696228E-03
   3.02696228E-03
   3.06415558E-03
   3.07655334E-03
   3.14998627E-03
   3.17287445E-03
   3.19480896E-03
   3.20816040E-03
   3.27873230E-03
   3.34835052E-03
   3.37600708E-03
   3.41987610E-03
   3.45611572E-03
   3.54003906E-03
   3.54766846E-03
   3.59439850E-03
   3.66115570E-03
   3.69167328E-03
   3.74221802E-03
   3.76605988E-03
   3.78990173E-03
   3.79943848E-03
   3.84616852E-03
   3.88431549E-03
   3.88526917E-03
   3.92055511E-03
   3.95298004E-03
   3.99208069E-03
   4.03881073E-03
   4.11510468E-03
   4.13894653E-03
   4.22763824E-03
   4.28867340E-03
   4.36115265E-03
   4.36210632E-03
   4.38213348E-03
   4.45270538E-03
   4.57668304E-03
   4.58526611E-03
   4.59671021E-03
   4.61292267E-03
   4.69017029E-03
   4.72736359E-03
   4.76360321E-03
   4.79888916E-03
   4.93335724E-03
   5.01441956E-03
   5.02204895E-03
   5.05924225E-03
   5.16796112E-03
   5.17463684E-03
   5.22518158E-03
   5.27381897E-03
   5.34057617E-03
   5.39207458E-03
   5.41782379E-03
   5.43212891E-03
   5.45787811E-03
   5.48839569E-03
   5.52654266E-03
   5.54084778E-03
   5.54752350E-03
   5.58757782E-03
   5.67436218E-03
   5.73158264E-03
   5.74684143E-03
   5.77068329E-03
   5.82027435E-03
   5.98716736E-03
   6.02054596E-03
   6.02626801E-03
   6.07776642E-03
   6.08825684E-03
   6.12068176E-03
   6.15024567E-03
   6.18648529E-03
   6.20174408E-03
   6.27613068E-03
   6.33621216E-03
   6.34479523E-03
   6.45446777E-03
   6.46591187E-03
   6.49642944E-03
   6.56986237E-03
   6.59179688E-03
   6.60705566E-03
   6.69384003E-03
   6.72912598E-03
   6.73103333E-03
   6.86931610E-03
   6.96754456E-03
   6.96754456E-03
   7.02095032E-03
   7.06481934E-03
   7.19738007E-03
   7.28034973E-03
   7.29274750E-03
   7.29846954E-03
   7.35569000E-03
   7.43961334E-03
   7.44533539E-03
   7.49397278E-03
   7.52353668E-03
   7.71999359E-03
   7.80677795E-03
   8.24832916E-03
   8.30364227E-03
   8.36563110E-03
   8.53347778E-03
   8.68606567E-03
   8.75091553E-03
   8.77380371E-03
   8.90827179E-03
   9.05418396E-03
   9.07993317E-03
   9.08660889E-03
   9.23252106E-03
   9.40418243E-03
   9.48333740E-03
   9.53292847E-03
   9.56821442E-03
   9.59396362E-03
   9.60731506E-03
   9.62829590E-03
   1.00126266E-02
   1.00593567E-02
   1.01289749E-02
   1.01623535E-02
   1.02291107E-02
   1.02910995E-02
   1.04980469E-02
   1.05037689E-02
   1.05581284E-02
   1.06697083E-02
   1.06773376E-02
   1.07107162E-02
   1.08623505E-02
   1.10139847E-02
   1.10511780E-02
   1.11532211E-02
   1.12018585E-02
   1.12199783E-02
   1.12447739E-02
   1.13487244E-02
   1.14374161E-02
   1.14870071E-02
   1.15060806E-02
   1.15203857E-02
   1.16128922E-02
   1.17063522E-02
   1.17454529E-02
   1.17912292E-02
   1.23596191E-02
   1.24330521E-02
   1.24349594E-02
   1.25141144E-02
   1.27067566E-02
   1.28688812E-02
   1.29718781E-02
   1.29852295E-02
   1.30500793E-02
   1.32856369E-02
   1.33581161E-02
   1.34315491E-02
   1.34620667E-02
   1.36842728E-02
   1.38406754E-02
   1.39122009E-02
   1.39331818E-02
   1.39608383E-02
   1.41181946E-02
   1.41611099E-02
   1.43918991E-02
   1.44271851E-02
   1.45702362E-02
   1.46160126E-02
   1.47390366E-02
   1.47953033E-02
   1.48401260E-02
   1.49288177E-02
   1.57489777E-02
   1.57537460E-02
   1.58433914E-02
   1.60074234E-02
   1.62782669E-02
   1.68113708E-02
   1.73101425E-02
   1.75895691E-02
   1.76839828E-02
   1.76906586E-02
   1.80244446E-02
   1.81255341E-02
   1.81369781E-02
   1.85689926E-02
   1.90114975E-02
   1.97668076E-02
   1.97925568E-02
   2.01673508E-02
   2.08044052E-02
   2.10247040E-02
   2.14071274E-02
   2.14471817E-02
   2.17247009E-02
   2.20851898E-02
   2.42118835E-02
   2.43673325E-02
   2.44798660E-02
   2.62145996E-02
   2.62718201E-02
   2.72169113E-02
   2.73485184E-02
   2.74372101E-02
   2.80981064E-02
   2.83174515E-02
   2.89115906E-02
   3.06081772E-02
   3.06968689E-02
   3.09934616E-02
   3.22980881E-02
   3.27711105E-02
   3.30781937E-02
   3.68528366E-02
