#Npts     Radius    Mag      Completeness
#   50  653.3163  -14.712545 1.000000
# Verr
  -2.17294693E-02
  -1.88083649E-02
  -1.73873901E-02
  -1.55715942E-02
  -1.49545670E-02
  -1.38568878E-02
  -1.31254196E-02
  -1.00736618E-02
  -8.32080841E-03
  -7.03907013E-03
  -6.68525696E-03
  -6.34670258E-03
  -5.97572327E-03
  -5.89084625E-03
  -5.82695007E-03
  -5.64670563E-03
  -4.02259827E-03
  -3.65734100E-03
  -2.02655792E-03
  -1.57165527E-03
  -1.00612640E-03
  -3.52859497E-04
  -2.10762024E-04
  -2.10762024E-04
   8.86917114E-05
   1.06811523E-04
   2.49862671E-04
   9.26971436E-04
   1.30558014E-03
   1.58786774E-03
   1.66797638E-03
   2.22682953E-03
   2.51865387E-03
   2.56729126E-03
   2.72178650E-03
   2.77900696E-03
   3.76892090E-03
   5.31005859E-03
   5.81073761E-03
   5.88512421E-03
   6.17694855E-03
   6.25038147E-03
   6.38484955E-03
   6.72340393E-03
   7.24315643E-03
   7.36141205E-03
   8.58020782E-03
   9.34028625E-03
   2.30550766E-02
   2.73704529E-02
