#Npts     Radius    Mag      Completeness
#  210 1900.5562  -12.428909 1.000000
# Verr
  -1.71594620E-02
  -1.47647858E-02
  -1.41572952E-02
  -1.37290955E-02
  -1.00994110E-02
  -9.91439819E-03
  -9.68074799E-03
  -9.59968567E-03
  -9.56630707E-03
  -8.32748413E-03
  -8.15391541E-03
  -7.79151917E-03
  -7.53784180E-03
  -7.29370117E-03
  -7.00283051E-03
  -6.96277618E-03
  -6.81304932E-03
  -6.73580170E-03
  -6.69765472E-03
  -6.51645660E-03
  -6.39247894E-03
  -6.20746613E-03
  -6.18839264E-03
  -5.86128235E-03
  -5.13744354E-03
  -4.91237640E-03
  -4.83512878E-03
  -4.76264954E-03
  -4.74834442E-03
  -4.50801849E-03
  -4.34494019E-03
  -4.20856476E-03
  -4.01210785E-03
  -3.81183624E-03
  -3.60870361E-03
  -3.53908539E-03
  -3.53813171E-03
  -3.53336334E-03
  -3.38649750E-03
  -3.13663483E-03
  -3.07846069E-03
  -2.84767151E-03
  -2.84099579E-03
  -2.81620026E-03
  -2.77900696E-03
  -2.73990631E-03
  -2.71415710E-03
  -2.71320343E-03
  -2.57587433E-03
  -2.53582001E-03
  -2.34603882E-03
  -2.31552124E-03
  -2.24208832E-03
  -2.18200684E-03
  -2.17533112E-03
  -2.03132629E-03
  -1.98459625E-03
  -1.98268890E-03
  -1.88922882E-03
  -1.88159943E-03
  -1.71661377E-03
  -1.56593323E-03
  -1.41429901E-03
  -1.28269196E-03
  -1.22737885E-03
  -1.17874146E-03
  -1.16825104E-03
  -1.16252899E-03
  -1.16157532E-03
  -1.11484528E-03
  -1.10626221E-03
  -1.07288361E-03
  -8.21113586E-04
  -7.25746155E-04
  -5.15937805E-04
  -2.71797180E-04
  -1.80244446E-04
  -1.56402588E-04
  -8.48770142E-05
  -4.00543213E-05
   0.00000000    
   1.35421753E-04
   1.38282776E-04
   2.43186951E-04
   4.81605530E-04
   4.81605530E-04
   7.09533691E-04
   7.80105591E-04
   7.84873962E-04
   8.02040100E-04
   8.17298889E-04
   8.59260559E-04
   9.28878784E-04
   1.05285645E-03
   1.16252899E-03
   1.19972229E-03
   1.23596191E-03
   1.32656097E-03
   1.34277344E-03
   1.39045715E-03
   1.45244598E-03
   1.48010254E-03
   1.48105621E-03
   1.54876709E-03
   1.62601471E-03
   1.66130066E-03
   1.71089172E-03
   1.79004669E-03
   1.81102753E-03
   1.89304352E-03
   1.92260742E-03
   1.94358826E-03
   1.97887421E-03
   1.98364258E-03
   2.07424164E-03
   2.39276886E-03
   2.53677368E-03
   2.54631042E-03
   2.64739990E-03
   2.69699097E-03
   2.86674500E-03
   3.00216675E-03
   3.32355499E-03
   3.46946716E-03
   3.47805023E-03
   3.54480743E-03
   3.57818604E-03
   3.82137299E-03
   3.84235382E-03
   3.89385223E-03
   3.95298004E-03
   3.97014618E-03
   4.00638580E-03
   4.04071808E-03
   4.07505035E-03
   4.27722931E-03
   4.29534912E-03
   4.38499451E-03
   4.42218781E-03
   4.54044342E-03
   4.59480286E-03
   4.73690033E-03
   4.77790833E-03
   4.86278534E-03
   4.88948822E-03
   4.94289398E-03
   5.10692596E-03
   5.12790680E-03
   5.28907776E-03
   5.41114807E-03
   5.44643402E-03
   5.54084778E-03
   5.59711456E-03
   5.79261780E-03
   5.90515137E-03
   5.91945648E-03
   5.93948364E-03
   6.01959229E-03
   6.09397888E-03
   6.10446930E-03
   6.11495972E-03
   6.12354279E-03
   6.13403320E-03
   6.13689423E-03
   6.47449493E-03
   6.48307800E-03
   6.49452209E-03
   6.50501251E-03
   6.65855408E-03
   7.44628906E-03
   7.68280029E-03
   7.71141052E-03
   7.75051117E-03
   7.79724121E-03
   7.83729553E-03
   7.86399841E-03
   8.16154480E-03
   8.20827484E-03
   8.21304321E-03
   8.22830200E-03
   8.31794739E-03
   8.35800171E-03
   8.64315033E-03
   9.32788849E-03
   9.41085815E-03
   9.46235657E-03
   9.59491730E-03
   9.59873199E-03
   9.76467133E-03
   9.76467133E-03
   9.89627838E-03
   1.02195740E-02
   1.07955933E-02
   1.17816925E-02
   1.18761063E-02
   1.23243332E-02
   1.23796463E-02
   1.23901367E-02
   1.27353668E-02
   1.30815506E-02
   1.31721497E-02
   1.37434006E-02
   1.42068863E-02
   1.42879486E-02
   1.45454407E-02
   1.48696899E-02
   1.61447525E-02
   1.91440582E-02
   2.21738815E-02
   3.42502594E-02
