#Npts     Radius    Mag      Completeness
#  199 1484.8096  -12.999819 1.000000
# Verr
  -1.51214600E-02
  -1.44805908E-02
  -1.07927322E-02
  -1.04532242E-02
  -1.00431442E-02
  -9.83905792E-03
  -9.69982147E-03
  -9.49478149E-03
  -7.83920288E-03
  -7.14206696E-03
  -6.76536560E-03
  -6.74533844E-03
  -6.64329529E-03
  -6.63948059E-03
  -6.57272339E-03
  -6.41727448E-03
  -6.28757477E-03
  -5.94615936E-03
  -5.84125519E-03
  -5.78784943E-03
  -5.74302673E-03
  -5.22994995E-03
  -5.09262085E-03
  -5.00869751E-03
  -4.77695465E-03
  -4.69398499E-03
  -4.38117981E-03
  -4.29439545E-03
  -4.27913666E-03
  -4.25148010E-03
  -3.98254395E-03
  -3.90911102E-03
  -3.85475159E-03
  -3.36360931E-03
  -3.34358215E-03
  -3.05080414E-03
  -3.02410126E-03
  -2.37560272E-03
  -2.35462189E-03
  -2.26593018E-03
  -2.09236145E-03
  -2.01797485E-03
  -1.93881989E-03
  -1.93119049E-03
  -1.89304352E-03
  -1.86061859E-03
  -1.83010101E-03
  -1.81198120E-03
  -1.69467926E-03
  -1.58500671E-03
  -1.50775909E-03
  -1.43909454E-03
  -1.42955780E-03
  -1.35421753E-03
  -1.34468079E-03
  -1.32274628E-03
  -1.30748749E-03
  -1.22261047E-03
  -1.01089478E-03
  -9.00268555E-04
  -8.46862793E-04
  -8.26835632E-04
  -7.33375549E-04
  -6.28471375E-04
  -5.53131104E-04
  -4.53948975E-04
  -3.81469727E-04
  -2.92778015E-04
  -6.58035278E-05
  -3.81469727E-05
  -6.67572021E-06
   2.25067139E-04
   4.07218933E-04
   5.70297241E-04
   6.13212585E-04
   6.51359558E-04
   7.26699829E-04
   9.98497009E-04
   1.18827820E-03
   1.21116638E-03
   1.23023987E-03
   1.54495239E-03
   1.56784058E-03
   1.61170959E-03
   1.79195404E-03
   1.86824799E-03
   2.13336945E-03
   2.20108032E-03
   2.24399567E-03
   2.25257874E-03
   2.29740143E-03
   2.46143341E-03
   2.59494781E-03
   2.70366669E-03
   2.86960602E-03
   2.91633606E-03
   3.00312042E-03
   3.05747986E-03
   3.22055817E-03
   3.25965881E-03
   3.26633453E-03
   3.30638885E-03
   3.30734253E-03
   3.49617004E-03
   3.54576111E-03
   3.55815887E-03
   3.57055664E-03
   3.68404388E-03
   3.69167328E-03
   3.77845764E-03
   3.81660461E-03
   3.89099121E-03
   3.98921967E-03
   4.04548645E-03
   4.09030914E-03
   4.21047211E-03
   4.37450409E-03
   4.42314148E-03
   4.44602966E-03
   4.55570221E-03
   4.64057922E-03
   4.72354889E-03
   4.76741791E-03
   4.81891632E-03
   4.83131409E-03
   4.84085083E-03
   4.90283966E-03
   4.93049622E-03
   4.98867035E-03
   5.12123108E-03
   5.14888763E-03
   5.18226624E-03
   5.26714325E-03
   5.27763367E-03
   5.30529022E-03
   5.31291962E-03
   5.40351868E-03
   5.42926788E-03
   5.44261932E-03
   5.46360016E-03
   5.83267212E-03
   5.93471527E-03
   5.94902039E-03
   5.99765778E-03
   6.01100922E-03
   6.02912903E-03
   6.15215302E-03
   6.21318817E-03
   6.22367859E-03
   6.29615784E-03
   6.36672974E-03
   6.37435913E-03
   6.53839111E-03
   6.57749176E-03
   6.59751892E-03
   6.62326813E-03
   6.63852692E-03
   6.64806366E-03
   6.88171387E-03
   7.17258453E-03
   7.24887848E-03
   7.59696960E-03
   8.03661346E-03
   8.07380676E-03
   8.09574127E-03
   8.41522217E-03
   8.48674774E-03
   8.48674774E-03
   8.53729248E-03
   8.64219666E-03
   8.72135162E-03
   9.04273987E-03
   9.23061371E-03
   9.71698761E-03
   9.73606110E-03
   9.80472565E-03
   9.86576080E-03
   1.00049973E-02
   1.02281570E-02
   1.05066299E-02
   1.06582642E-02
   1.07288361E-02
   1.09663010E-02
   1.11856461E-02
   1.14107132E-02
   1.26686096E-02
   1.32274628E-02
   1.37424469E-02
   1.38559341E-02
   1.39646530E-02
   1.41096115E-02
   1.42469406E-02
   1.43432617E-02
   1.54075623E-02
   1.57842636E-02
   1.72452927E-02
   2.05335617E-02
   2.12764740E-02
   2.23731995E-02
