#Npts     Radius    Mag      Completeness
#   76 1900.5562  -13.570727 1.000000
# Verr
  -1.00545883E-02
  -9.00650024E-03
  -8.84056091E-03
  -7.15351105E-03
  -6.80541992E-03
  -6.42776489E-03
  -5.33199310E-03
  -5.26523590E-03
  -3.23963165E-03
  -2.61592865E-03
  -1.95217133E-03
  -1.68704987E-03
  -1.40571594E-03
  -1.06525421E-03
  -9.23156738E-04
  -7.44819641E-04
  -6.49452209E-04
  -6.00814819E-04
   5.72204590E-06
   3.77655029E-04
   6.84738159E-04
   7.35282898E-04
   9.35554504E-04
   1.22928619E-03
   1.35707855E-03
   1.47342682E-03
   1.55448914E-03
   1.57833099E-03
   1.75094604E-03
   2.04944611E-03
   2.12574005E-03
   2.71606445E-03
   2.98213959E-03
   3.13377380E-03
   3.20243835E-03
   3.52478027E-03
   3.90720367E-03
   3.94725800E-03
   4.09317017E-03
   4.58145142E-03
   4.59957123E-03
   5.09929657E-03
   5.28240204E-03
   5.37300110E-03
   5.71250916E-03
   5.88893890E-03
   6.06536865E-03
   6.11495972E-03
   6.37817383E-03
   6.63852692E-03
   6.65664673E-03
   6.80541992E-03
   6.91604614E-03
   6.95037842E-03
   7.13729858E-03
   7.43770599E-03
   7.68375397E-03
   7.89833069E-03
   8.39519501E-03
   8.42666626E-03
   8.59832764E-03
   9.02462006E-03
   9.37843323E-03
   1.04942322E-02
   1.15184784E-02
   1.17034912E-02
   1.18627548E-02
   1.23357773E-02
   1.33295059E-02
   1.35078430E-02
   1.37138367E-02
   1.40810013E-02
   1.49497986E-02
   1.66072845E-02
   1.76591873E-02
   1.95302963E-02
