#Npts     Radius    Mag      Completeness
#   59 1484.8096  -13.856182 1.000000
# Verr
  -2.81724930E-02
  -1.38654709E-02
  -7.54928589E-03
  -6.08253479E-03
  -5.27286530E-03
  -5.02109528E-03
  -4.90570068E-03
  -3.25202942E-03
  -1.82437897E-03
  -1.06906891E-03
   1.52587891E-05
   4.95910645E-05
   2.11524963E-03
   2.22587585E-03
   2.38132477E-03
   2.94876099E-03
   3.02219391E-03
   3.15189362E-03
   4.52327728E-03
   4.63485718E-03
   4.78267670E-03
   4.81414795E-03
   5.19466400E-03
   5.46455383E-03
   6.17980957E-03
   7.05718994E-03
   7.38906860E-03
   7.79438019E-03
   7.88784027E-03
   8.42571259E-03
   8.98456573E-03
   9.42134857E-03
   1.01661682E-02
   1.06019974E-02
   1.06439590E-02
   1.07564926E-02
   1.09319687E-02
   1.09901428E-02
   1.13916397E-02
   1.15747452E-02
   1.23157501E-02
   1.30786896E-02
   1.34859085E-02
   1.45072937E-02
   1.52387619E-02
   1.60369873E-02
   1.69897079E-02
   1.73482895E-02
   1.75628662E-02
   1.93815231E-02
   1.95741653E-02
   2.06308365E-02
   2.16903687E-02
   2.28586197E-02
   2.28595734E-02
   2.40535736E-02
   2.63319016E-02
   2.79817581E-02
   3.03516388E-02
