#Npts     Radius    Mag      Completeness
#  104  838.4626  -14.772400 1.000000
# Ierr
  -1.16996765E-02
  -1.08003616E-02
  -1.03998184E-02
  -9.70077515E-03
  -8.00037384E-03
  -7.69996643E-03
  -7.59983063E-03
  -7.20024109E-03
  -6.29997253E-03
  -6.20079041E-03
  -6.00051880E-03
  -5.90038300E-03
  -5.89942932E-03
  -5.79929352E-03
  -5.59997559E-03
  -5.49983978E-03
  -5.39970398E-03
  -5.39970398E-03
  -5.10025024E-03
  -5.00011444E-03
  -5.00011444E-03
  -5.00011444E-03
  -4.99916077E-03
  -4.89997864E-03
  -4.80079651E-03
  -4.79984283E-03
  -4.79984283E-03
  -4.50038910E-03
  -4.50038910E-03
  -4.40025330E-03
  -4.29916382E-03
  -3.49998474E-03
  -3.39984894E-03
  -3.30066681E-03
  -3.19957733E-03
  -3.19957733E-03
  -3.19957733E-03
  -3.10039520E-03
  -3.00025940E-03
  -2.90012360E-03
  -2.79998779E-03
  -2.69985199E-03
  -2.40039825E-03
  -1.90067291E-03
  -1.70040131E-03
  -1.19972229E-03
  -9.00268555E-04
  -6.99996948E-04
  -5.99861145E-04
  -4.00543213E-04
   0.00000000    
   0.00000000    
   1.99317932E-04
   3.00407410E-04
   4.99725342E-04
   5.99861145E-04
   5.99861145E-04
   5.99861145E-04
   8.00132751E-04
   8.99314880E-04
   9.99450684E-04
   1.09958649E-03
   1.10054016E-03
   1.19972229E-03
   1.39999390E-03
   1.50012970E-03
   1.70040131E-03
   1.70040131E-03
   1.79958344E-03
   1.80053711E-03
   1.99985504E-03
   2.09999084E-03
   2.09999084E-03
   2.29930878E-03
   2.30026245E-03
   2.40039825E-03
   2.49958038E-03
   2.50053406E-03
   2.50053406E-03
   2.59971619E-03
   2.69985199E-03
   2.70080566E-03
   3.20053101E-03
   3.39984894E-03
   3.60012054E-03
   4.10079956E-03
   4.19998169E-03
   4.39929962E-03
   4.49943542E-03
   4.59957123E-03
   4.69970703E-03
   5.00011444E-03
   5.20038605E-03
   5.20038605E-03
   5.29956818E-03
   5.39970398E-03
   6.09970093E-03
   7.69996643E-03
   7.99942017E-03
   8.29982758E-03
   1.04999542E-02
   1.14994049E-02
   1.20000839E-02
   1.76000595E-02
