#Npts     Radius    Mag      Completeness
#  129 1040.8502  -14.554934 1.000000
# Ierr
  -1.62000656E-02
  -1.32007599E-02
  -1.20000839E-02
  -1.08995438E-02
  -1.04007721E-02
  -1.04007721E-02
  -9.99927521E-03
  -9.60063934E-03
  -8.60023499E-03
  -8.50009918E-03
  -8.10050964E-03
  -8.00037384E-03
  -7.40051270E-03
  -7.39955902E-03
  -6.99996948E-03
  -6.80065155E-03
  -5.99956512E-03
  -5.89942932E-03
  -5.59997559E-03
  -5.30052185E-03
  -5.10025024E-03
  -5.00011444E-03
  -4.89997864E-03
  -4.80079651E-03
  -4.50038910E-03
  -4.40025330E-03
  -4.40025330E-03
  -4.30011749E-03
  -4.30011749E-03
  -4.09984589E-03
  -3.89957428E-03
  -3.70025635E-03
  -3.39984894E-03
  -3.39984894E-03
  -3.20053101E-03
  -3.19957733E-03
  -3.09944153E-03
  -2.99930573E-03
  -2.69985199E-03
  -2.59971619E-03
  -2.49958038E-03
  -2.20012665E-03
  -2.09999084E-03
  -1.99985504E-03
  -1.90067291E-03
  -1.80053711E-03
  -1.70040131E-03
  -1.69944763E-03
  -1.60026550E-03
  -1.39999390E-03
  -1.29985809E-03
  -1.19972229E-03
  -1.00040436E-03
  -1.00040436E-03
  -9.99450684E-04
  -9.00268555E-04
  -9.00268555E-04
  -8.00132751E-04
  -8.00132751E-04
  -7.99179077E-04
  -5.99861145E-04
  -3.99589539E-04
  -3.00407410E-04
  -1.99317932E-04
  -1.00135803E-04
   0.00000000    
   2.00271606E-04
   4.00543213E-04
   5.00679016E-04
   5.99861145E-04
   6.00814819E-04
   6.99996948E-04
   6.99996948E-04
   9.00268555E-04
   1.09958649E-03
   1.20067596E-03
   1.39999390E-03
   1.39999390E-03
   1.60026550E-03
   1.69944763E-03
   1.69944763E-03
   1.70040131E-03
   1.79958344E-03
   1.90067291E-03
   1.99985504E-03
   2.09999084E-03
   2.09999084E-03
   2.29930878E-03
   2.30026245E-03
   2.59971619E-03
   2.79998779E-03
   3.00025940E-03
   3.19957733E-03
   3.29971313E-03
   3.29971313E-03
   3.30066681E-03
   3.70025635E-03
   4.09984589E-03
   4.19998169E-03
   4.29916382E-03
   4.49943542E-03
   4.70066071E-03
   4.79984283E-03
   5.29956818E-03
   5.30052185E-03
   5.59997559E-03
   5.80024719E-03
   5.90038300E-03
   5.99956512E-03
   6.00051880E-03
   6.00051880E-03
   6.09970093E-03
   6.19983673E-03
   6.29997253E-03
   6.39915466E-03
   6.90078735E-03
   7.10010529E-03
   8.90064240E-03
   9.09996033E-03
   9.20009613E-03
   9.20009613E-03
   1.04999542E-02
   1.09004974E-02
   1.13000870E-02
   1.13000870E-02
   1.27992630E-02
   2.15005875E-02
   3.70998383E-02
   5.06000519E-02
