#Npts     Radius    Mag      Completeness
#   73  433.6876  -15.207334 0.986486
# Ierr
  -1.07002258E-02
  -8.29982758E-03
  -7.99942017E-03
  -7.50064850E-03
  -6.60037994E-03
  -6.10065460E-03
  -5.80024719E-03
  -5.70011139E-03
  -5.19943237E-03
  -4.69970703E-03
  -4.40025330E-03
  -4.10079956E-03
  -3.89957428E-03
  -3.70025635E-03
  -3.70025635E-03
  -3.60012054E-03
  -3.49998474E-03
  -2.90012360E-03
  -2.79998779E-03
  -2.59971619E-03
  -2.30026245E-03
  -2.29930878E-03
  -2.20012665E-03
  -1.99985504E-03
  -1.99985504E-03
  -1.90067291E-03
  -1.89971924E-03
  -1.60026550E-03
  -1.29985809E-03
  -8.00132751E-04
  -6.99996948E-04
  -5.99861145E-04
  -4.99725342E-04
  -3.00407410E-04
  -2.00271606E-04
  -1.99317932E-04
  -1.00135803E-04
  -1.00135803E-04
   1.00135803E-04
   4.99725342E-04
   8.00132751E-04
   1.20067596E-03
   1.29985809E-03
   1.29985809E-03
   1.39999390E-03
   1.50012970E-03
   1.69944763E-03
   1.70040131E-03
   2.09999084E-03
   2.69985199E-03
   2.69985199E-03
   2.79998779E-03
   3.30066681E-03
   3.39984894E-03
   3.60012054E-03
   3.69930267E-03
   3.79943848E-03
   3.80039215E-03
   3.99971008E-03
   4.69970703E-03
   4.69970703E-03
   5.09929657E-03
   5.10025024E-03
   5.19943237E-03
   5.20038605E-03
   5.29956818E-03
   5.99956512E-03
   7.10010529E-03
   1.08995438E-02
   1.13000870E-02
   3.24001312E-02
   8.45003128E-02
   8.97998810E-02
