#Npts     Radius    Mag      Completeness
#  134 1445.6254  -14.554934 1.000000
# Ierr
  -1.71003342E-02
  -1.63002014E-02
  -1.53999329E-02
  -1.52997971E-02
  -1.45998001E-02
  -1.39999390E-02
  -1.34992599E-02
  -1.30996704E-02
  -1.15003586E-02
  -1.07002258E-02
  -1.00002289E-02
  -9.99927521E-03
  -9.90009308E-03
  -9.60063934E-03
  -9.30023193E-03
  -9.20009613E-03
  -9.09996033E-03
  -8.99982452E-03
  -8.90064240E-03
  -8.79955292E-03
  -8.39996338E-03
  -8.29982758E-03
  -8.00037384E-03
  -7.89928436E-03
  -7.70092010E-03
  -7.49969482E-03
  -7.40051270E-03
  -7.19928741E-03
  -7.10010529E-03
  -6.99996948E-03
  -6.99996948E-03
  -6.50024414E-03
  -6.19983673E-03
  -6.09970093E-03
  -5.90038300E-03
  -5.49983978E-03
  -5.49983978E-03
  -5.49983978E-03
  -5.39970398E-03
  -5.29956818E-03
  -5.00011444E-03
  -4.89997864E-03
  -4.09984589E-03
  -3.90052795E-03
  -3.70025635E-03
  -3.49998474E-03
  -3.20053101E-03
  -3.10039520E-03
  -3.09944153E-03
  -3.00025940E-03
  -2.90012360E-03
  -2.90012360E-03
  -2.79998779E-03
  -2.69985199E-03
  -2.69985199E-03
  -2.59971619E-03
  -2.49958038E-03
  -2.40039825E-03
  -2.39944458E-03
  -2.30026245E-03
  -2.09999084E-03
  -1.99985504E-03
  -1.79958344E-03
  -1.50012970E-03
  -1.19972229E-03
  -1.00040436E-03
  -9.00268555E-04
  -5.99861145E-04
  -2.00271606E-04
  -2.00271606E-04
  -1.00135803E-04
   1.00135803E-04
   1.00135803E-04
   2.99453735E-04
   2.99453735E-04
   4.99725342E-04
   6.00814819E-04
   6.99996948E-04
   8.00132751E-04
   9.00268555E-04
   9.00268555E-04
   1.29985809E-03
   1.29985809E-03
   1.69944763E-03
   1.79958344E-03
   1.89971924E-03
   1.90067291E-03
   1.90067291E-03
   1.90067291E-03
   1.99985504E-03
   2.09999084E-03
   2.59971619E-03
   2.99930573E-03
   3.00025940E-03
   3.00025940E-03
   3.09944153E-03
   3.60012054E-03
   3.89957428E-03
   3.99971008E-03
   4.09984589E-03
   4.19998169E-03
   4.40025330E-03
   4.49943542E-03
   4.60052490E-03
   4.60052490E-03
   4.69970703E-03
   5.40065765E-03
   5.49983978E-03
   5.70011139E-03
   5.99956512E-03
   6.29997253E-03
   6.50024414E-03
   6.60037994E-03
   6.70051575E-03
   6.99996948E-03
   6.99996948E-03
   6.99996948E-03
   7.30037689E-03
   7.49969482E-03
   7.59983063E-03
   7.69996643E-03
   8.09955597E-03
   8.80050659E-03
   9.20009613E-03
   9.59968567E-03
   9.79995728E-03
   9.89913940E-03
   9.99927521E-03
   1.00994110E-02
   1.41000748E-02
   2.15997696E-02
   2.95000076E-02
   4.20999527E-02
  0.122699738    
