#Npts     Radius    Mag      Completeness
#  126 1648.0129  -15.207334 1.000000
# Ierr
  -8.79955292E-03
  -8.29982758E-03
  -8.09955597E-03
  -8.09955597E-03
  -7.10010529E-03
  -6.99996948E-03
  -6.90078735E-03
  -6.79969788E-03
  -6.79969788E-03
  -6.50024414E-03
  -6.19983673E-03
  -5.99956512E-03
  -5.90038300E-03
  -5.90038300E-03
  -5.30052185E-03
  -5.19943237E-03
  -5.10025024E-03
  -5.09929657E-03
  -4.89997864E-03
  -4.69970703E-03
  -4.69970703E-03
  -4.59957123E-03
  -4.50038910E-03
  -4.19998169E-03
  -4.19998169E-03
  -4.19998169E-03
  -4.19998169E-03
  -4.09984589E-03
  -3.90052795E-03
  -3.69930267E-03
  -3.40080261E-03
  -3.30066681E-03
  -3.29971313E-03
  -3.09944153E-03
  -2.90012360E-03
  -2.90012360E-03
  -2.79998779E-03
  -2.69985199E-03
  -2.59971619E-03
  -2.39944458E-03
  -2.30026245E-03
  -2.19917297E-03
  -2.09999084E-03
  -1.79958344E-03
  -1.69944763E-03
  -1.39999390E-03
  -1.29985809E-03
  -1.19972229E-03
  -1.19972229E-03
  -1.00040436E-03
  -6.99996948E-04
  -5.99861145E-04
  -5.99861145E-04
  -5.99861145E-04
  -5.00679016E-04
  -4.99725342E-04
  -1.00135803E-04
  -9.91821289E-05
   0.00000000    
   1.00135803E-04
   3.99589539E-04
   3.99589539E-04
   5.99861145E-04
   5.99861145E-04
   6.99996948E-04
   6.99996948E-04
   6.99996948E-04
   8.00132751E-04
   9.99450684E-04
   1.00040436E-03
   1.00040436E-03
   1.20067596E-03
   1.29985809E-03
   1.39999390E-03
   1.39999390E-03
   1.59931183E-03
   1.80053711E-03
   1.99985504E-03
   1.99985504E-03
   2.09999084E-03
   2.09999084E-03
   2.09999084E-03
   2.20012665E-03
   2.20012665E-03
   2.29930878E-03
   2.30026245E-03
   2.39944458E-03
   2.49958038E-03
   2.49958038E-03
   2.59971619E-03
   2.70080566E-03
   2.90012360E-03
   3.09944153E-03
   3.09944153E-03
   3.09944153E-03
   3.20053101E-03
   3.29971313E-03
   3.70025635E-03
   3.70025635E-03
   4.00066376E-03
   4.09984589E-03
   4.09984589E-03
   4.19998169E-03
   4.19998169E-03
   4.19998169E-03
   4.49943542E-03
   4.69970703E-03
   5.00011444E-03
   5.69915771E-03
   5.80024719E-03
   6.19983673E-03
   6.19983673E-03
   6.19983673E-03
   6.29997253E-03
   6.40010834E-03
   6.69956207E-03
   6.79969788E-03
   7.69996643E-03
   8.20064545E-03
   1.14002228E-02
   1.44996643E-02
   2.30007172E-02
   2.35996246E-02
   2.82001495E-02
  0.157500267    
  0.608400345    
