#Npts     Radius    Mag      Completeness
#   81  433.6876  -14.120000 0.987805
# Ierr
  -1.71995163E-02
  -1.24006271E-02
  -1.22995377E-02
  -8.70037079E-03
  -6.89983368E-03
  -6.19983673E-03
  -6.19983673E-03
  -6.00051880E-03
  -4.89997864E-03
  -4.89997864E-03
  -3.80039215E-03
  -3.59916687E-03
  -3.20053101E-03
  -3.09944153E-03
  -2.90012360E-03
  -2.79998779E-03
  -2.50053406E-03
  -2.20012665E-03
  -2.20012665E-03
  -2.09999084E-03
  -2.09999084E-03
  -1.80053711E-03
  -1.80053711E-03
  -1.60026550E-03
  -1.29985809E-03
  -1.20067596E-03
  -9.99450684E-04
  -8.00132751E-04
  -8.00132751E-04
  -8.00132751E-04
  -8.00132751E-04
  -7.99179077E-04
  -6.99996948E-04
  -5.99861145E-04
  -5.99861145E-04
  -3.99589539E-04
  -3.99589539E-04
  -2.99453735E-04
  -2.00271606E-04
  -2.00271606E-04
  -1.00135803E-04
  -9.91821289E-05
   0.00000000    
   0.00000000    
   1.00135803E-04
   1.00135803E-04
   2.99453735E-04
   3.00407410E-04
   3.00407410E-04
   3.99589539E-04
   5.99861145E-04
   6.99996948E-04
   6.99996948E-04
   8.00132751E-04
   8.00132751E-04
   1.19972229E-03
   1.60026550E-03
   1.80053711E-03
   1.89971924E-03
   1.99985504E-03
   2.09999084E-03
   2.09999084E-03
   2.20012665E-03
   2.29930878E-03
   2.59971619E-03
   2.79998779E-03
   3.20053101E-03
   3.89957428E-03
   4.59957123E-03
   5.59997559E-03
   7.30037689E-03
   7.69996643E-03
   1.06000900E-02
   1.15995407E-02
   1.21002197E-02
   1.49002075E-02
   1.54008865E-02
   2.19001770E-02
   7.22999573E-02
  0.123499870    
  0.349099159    
