#Npts     Radius    Mag      Completeness
#  140 2052.7881  -14.554934 1.000000
# Ierr
  -1.39999390E-02
  -1.36995316E-02
  -1.18999481E-02
  -1.09996796E-02
  -9.50050354E-03
  -8.99982452E-03
  -8.09955597E-03
  -8.09955597E-03
  -7.89928436E-03
  -7.79914856E-03
  -7.70092010E-03
  -7.69996643E-03
  -7.20024109E-03
  -6.29997253E-03
  -6.09970093E-03
  -5.99956512E-03
  -5.89942932E-03
  -5.70011139E-03
  -5.39970398E-03
  -5.39970398E-03
  -5.30052185E-03
  -4.89997864E-03
  -4.89997864E-03
  -4.89997864E-03
  -4.80079651E-03
  -4.70066071E-03
  -4.49943542E-03
  -4.40025330E-03
  -4.39929962E-03
  -4.30011749E-03
  -4.19998169E-03
  -3.99971008E-03
  -3.90052795E-03
  -3.89957428E-03
  -3.70025635E-03
  -3.49998474E-03
  -3.49998474E-03
  -3.39984894E-03
  -3.19957733E-03
  -3.09944153E-03
  -2.70080566E-03
  -2.59971619E-03
  -2.50053406E-03
  -2.50053406E-03
  -2.20012665E-03
  -2.09999084E-03
  -2.09999084E-03
  -2.00080872E-03
  -1.99985504E-03
  -1.99985504E-03
  -1.89971924E-03
  -1.50012970E-03
  -1.39999390E-03
  -1.39999390E-03
  -1.39999390E-03
  -1.29985809E-03
  -9.99450684E-04
  -5.99861145E-04
  -3.99589539E-04
  -3.00407410E-04
  -2.99453735E-04
  -2.99453735E-04
   0.00000000    
   0.00000000    
   0.00000000    
   9.91821289E-05
   2.99453735E-04
   4.99725342E-04
   5.99861145E-04
   5.99861145E-04
   5.99861145E-04
   6.99996948E-04
   9.00268555E-04
   1.19972229E-03
   1.20067596E-03
   1.29985809E-03
   1.29985809E-03
   1.50012970E-03
   1.50012970E-03
   1.50012970E-03
   1.89971924E-03
   2.09999084E-03
   2.49958038E-03
   2.50053406E-03
   2.59971619E-03
   2.70080566E-03
   2.79998779E-03
   2.79998779E-03
   3.00025940E-03
   3.09944153E-03
   3.19957733E-03
   3.39984894E-03
   3.39984894E-03
   3.49998474E-03
   3.49998474E-03
   3.60012054E-03
   3.60012054E-03
   3.70025635E-03
   3.80039215E-03
   3.99971008E-03
   4.19998169E-03
   4.30011749E-03
   4.30011749E-03
   4.40025330E-03
   4.49943542E-03
   4.59957123E-03
   4.59957123E-03
   4.69970703E-03
   5.00011444E-03
   5.10025024E-03
   5.30052185E-03
   5.30052185E-03
   5.39970398E-03
   5.59997559E-03
   5.79929352E-03
   5.80024719E-03
   6.59942627E-03
   6.99996948E-03
   6.99996948E-03
   6.99996948E-03
   6.99996948E-03
   7.10010529E-03
   7.10010529E-03
   7.40051270E-03
   7.50064850E-03
   7.69996643E-03
   7.80010223E-03
   7.89928436E-03
   8.40091705E-03
   8.60023499E-03
   8.60023499E-03
   1.02996826E-02
   1.03998184E-02
   1.04999542E-02
   1.11007690E-02
   1.15003586E-02
   1.20000839E-02
   1.20992661E-02
   2.75993347E-02
   5.80005646E-02
