#Npts     Radius    Mag      Completeness
#  128 1243.2378  -14.120000 1.000000
# Ierr
  -1.93996429E-02
  -1.72996521E-02
  -1.29995346E-02
  -1.15003586E-02
  -9.59968567E-03
  -9.59968567E-03
  -8.90064240E-03
  -8.60023499E-03
  -8.50009918E-03
  -7.80010223E-03
  -7.60078430E-03
  -7.10010529E-03
  -6.99996948E-03
  -6.69956207E-03
  -6.09970093E-03
  -6.00051880E-03
  -5.70011139E-03
  -5.70011139E-03
  -5.49983978E-03
  -5.39970398E-03
  -5.30052185E-03
  -4.30011749E-03
  -3.39984894E-03
  -2.70080566E-03
  -2.59971619E-03
  -2.50053406E-03
  -2.40039825E-03
  -2.40039825E-03
  -2.29930878E-03
  -1.99985504E-03
  -1.60026550E-03
  -1.60026550E-03
  -1.60026550E-03
  -1.39999390E-03
  -9.99450684E-04
  -9.99450684E-04
  -9.00268555E-04
  -9.00268555E-04
  -8.99314880E-04
  -8.99314880E-04
  -8.00132751E-04
  -8.00132751E-04
  -8.00132751E-04
  -8.00132751E-04
  -8.00132751E-04
  -6.99996948E-04
  -6.99996948E-04
  -5.99861145E-04
  -5.99861145E-04
  -5.99861145E-04
  -5.99861145E-04
  -4.99725342E-04
  -4.99725342E-04
  -3.99589539E-04
  -3.00407410E-04
  -2.00271606E-04
   0.00000000    
   0.00000000    
   1.00135803E-04
   2.99453735E-04
   2.99453735E-04
   2.99453735E-04
   3.00407410E-04
   4.00543213E-04
   4.00543213E-04
   4.99725342E-04
   5.99861145E-04
   6.99996948E-04
   8.00132751E-04
   8.00132751E-04
   9.00268555E-04
   9.99450684E-04
   1.09958649E-03
   1.09958649E-03
   1.20067596E-03
   1.20067596E-03
   1.39999390E-03
   1.50012970E-03
   1.69944763E-03
   1.69944763E-03
   1.70040131E-03
   1.89971924E-03
   1.99985504E-03
   2.19917297E-03
   2.20012665E-03
   2.20012665E-03
   2.30026245E-03
   2.69985199E-03
   2.70080566E-03
   2.90012360E-03
   2.99930573E-03
   3.00025940E-03
   3.09944153E-03
   3.09944153E-03
   3.30066681E-03
   4.00066376E-03
   4.30011749E-03
   4.40025330E-03
   4.40025330E-03
   4.69970703E-03
   4.79984283E-03
   4.79984283E-03
   4.89997864E-03
   5.59997559E-03
   6.29997253E-03
   6.29997253E-03
   6.40010834E-03
   6.49929047E-03
   6.69956207E-03
   6.90078735E-03
   7.20024109E-03
   7.99942017E-03
   8.50009918E-03
   9.09996033E-03
   9.30023193E-03
   9.30023193E-03
   9.90009308E-03
   1.01995468E-02
   1.10998154E-02
   1.22995377E-02
   1.37996674E-02
   1.43003464E-02
   1.45006180E-02
   1.52997971E-02
   1.74007416E-02
   2.43997574E-02
   3.07998657E-02
  0.395200729    
