#Npts     Radius    Mag      Completeness
#  154 2891.2505  -14.772400 0.956522
# Ierr
  -1.43003464E-02
  -1.30996704E-02
  -1.29003525E-02
  -1.24006271E-02
  -1.22003555E-02
  -1.17998123E-02
  -1.06000900E-02
  -1.02996826E-02
  -1.02996826E-02
  -1.00002289E-02
  -9.09996033E-03
  -8.99982452E-03
  -8.80050659E-03
  -8.70037079E-03
  -7.69996643E-03
  -7.59983063E-03
  -6.99996948E-03
  -6.99996948E-03
  -6.70051575E-03
  -6.69956207E-03
  -6.60037994E-03
  -6.40010834E-03
  -6.29997253E-03
  -5.89942932E-03
  -5.50079346E-03
  -5.39970398E-03
  -4.89997864E-03
  -4.50038910E-03
  -4.40025330E-03
  -4.09984589E-03
  -3.89957428E-03
  -3.69930267E-03
  -3.49998474E-03
  -3.49998474E-03
  -3.39984894E-03
  -3.39984894E-03
  -3.29971313E-03
  -3.20053101E-03
  -3.00025940E-03
  -2.79998779E-03
  -2.79998779E-03
  -2.70080566E-03
  -2.69985199E-03
  -2.69985199E-03
  -2.59971619E-03
  -2.59971619E-03
  -2.30026245E-03
  -2.30026245E-03
  -1.90067291E-03
  -1.89971924E-03
  -1.80053711E-03
  -1.70040131E-03
  -1.70040131E-03
  -1.69944763E-03
  -1.60026550E-03
  -1.60026550E-03
  -1.50012970E-03
  -1.50012970E-03
  -1.39999390E-03
  -1.39999390E-03
  -1.39999390E-03
  -1.39999390E-03
  -1.20067596E-03
  -1.10054016E-03
  -1.09958649E-03
  -1.09958649E-03
  -9.00268555E-04
  -9.00268555E-04
  -6.99996948E-04
  -5.99861145E-04
  -5.99861145E-04
  -5.99861145E-04
  -5.99861145E-04
  -5.00679016E-04
  -4.99725342E-04
  -3.99589539E-04
  -3.99589539E-04
  -3.00407410E-04
  -1.99317932E-04
  -1.00135803E-04
  -1.00135803E-04
   2.00271606E-04
   3.00407410E-04
   3.99589539E-04
   3.99589539E-04
   4.00543213E-04
   5.00679016E-04
   5.00679016E-04
   5.99861145E-04
   6.00814819E-04
   6.99996948E-04
   6.99996948E-04
   8.00132751E-04
   1.00040436E-03
   1.00040436E-03
   1.00040436E-03
   1.09958649E-03
   1.19972229E-03
   1.39999390E-03
   1.39999390E-03
   1.49917603E-03
   1.60026550E-03
   1.89971924E-03
   1.89971924E-03
   2.09999084E-03
   2.30026245E-03
   2.39944458E-03
   2.59971619E-03
   2.59971619E-03
   2.60066986E-03
   2.69985199E-03
   2.90012360E-03
   3.09944153E-03
   3.19957733E-03
   3.60012054E-03
   3.89957428E-03
   3.89957428E-03
   3.89957428E-03
   4.19998169E-03
   4.19998169E-03
   4.19998169E-03
   4.19998169E-03
   4.19998169E-03
   4.30011749E-03
   4.39929962E-03
   4.49943542E-03
   4.50038910E-03
   4.59957123E-03
   4.79984283E-03
   5.30052185E-03
   5.49983978E-03
   5.49983978E-03
   5.59997559E-03
   5.90038300E-03
   5.99956512E-03
   6.40010834E-03
   6.60037994E-03
   6.70051575E-03
   6.79969788E-03
   7.29942322E-03
   7.39955902E-03
   8.00037384E-03
   8.50009918E-03
   8.60023499E-03
   9.09996033E-03
   1.00002289E-02
   1.07002258E-02
   1.07994080E-02
   1.09004974E-02
   1.14002228E-02
   2.20994949E-02
   2.68001556E-02
   5.28993607E-02
   7.00998306E-02
