#Npts     Radius    Mag      Completeness
#  175 1648.0129  -14.772400 1.000000
# Ierr
  -1.63002014E-02
  -1.51004791E-02
  -1.33991241E-02
  -1.29995346E-02
  -1.25007629E-02
  -1.24998093E-02
  -1.18999481E-02
  -1.13992691E-02
  -1.00002289E-02
  -8.20064545E-03
  -7.69996643E-03
  -7.39955902E-03
  -7.20024109E-03
  -7.10010529E-03
  -6.90078735E-03
  -6.89983368E-03
  -6.79969788E-03
  -6.70051575E-03
  -6.50024414E-03
  -6.40010834E-03
  -6.29997253E-03
  -6.19983673E-03
  -5.90038300E-03
  -5.90038300E-03
  -5.90038300E-03
  -5.90038300E-03
  -5.89942932E-03
  -5.80024719E-03
  -5.30052185E-03
  -5.30052185E-03
  -5.29956818E-03
  -5.29956818E-03
  -4.99916077E-03
  -4.89997864E-03
  -4.89997864E-03
  -4.69970703E-03
  -4.69970703E-03
  -3.99971008E-03
  -3.80039215E-03
  -3.69930267E-03
  -3.60012054E-03
  -3.60012054E-03
  -3.60012054E-03
  -3.49998474E-03
  -3.49998474E-03
  -3.49998474E-03
  -3.19957733E-03
  -3.00025940E-03
  -2.90012360E-03
  -2.79998779E-03
  -2.70080566E-03
  -2.69985199E-03
  -2.69985199E-03
  -2.60066986E-03
  -2.60066986E-03
  -2.59971619E-03
  -2.50053406E-03
  -2.39944458E-03
  -2.39944458E-03
  -2.30026245E-03
  -2.29930878E-03
  -2.29930878E-03
  -2.20012665E-03
  -2.09999084E-03
  -2.09999084E-03
  -1.99985504E-03
  -1.90067291E-03
  -1.79958344E-03
  -1.70040131E-03
  -1.69944763E-03
  -1.60026550E-03
  -1.50012970E-03
  -1.50012970E-03
  -1.39999390E-03
  -1.29985809E-03
  -1.29985809E-03
  -1.19972229E-03
  -1.10054016E-03
  -9.99450684E-04
  -9.00268555E-04
  -8.00132751E-04
  -6.99996948E-04
  -6.99996948E-04
  -5.99861145E-04
  -5.99861145E-04
  -5.00679016E-04
  -5.00679016E-04
  -3.99589539E-04
  -3.99589539E-04
  -1.00135803E-04
   0.00000000    
   0.00000000    
   3.00407410E-04
   4.00543213E-04
   4.99725342E-04
   4.99725342E-04
   6.00814819E-04
   6.99996948E-04
   7.99179077E-04
   8.00132751E-04
   1.00040436E-03
   1.10054016E-03
   1.10054016E-03
   1.20067596E-03
   1.29985809E-03
   1.39999390E-03
   1.69944763E-03
   1.69944763E-03
   1.89971924E-03
   1.99985504E-03
   2.09999084E-03
   2.29930878E-03
   2.30026245E-03
   2.39944458E-03
   2.50053406E-03
   2.60066986E-03
   2.79998779E-03
   2.79998779E-03
   2.99930573E-03
   3.00025940E-03
   3.00025940E-03
   3.00025940E-03
   3.10039520E-03
   3.49998474E-03
   3.60012054E-03
   3.69930267E-03
   3.70025635E-03
   3.90052795E-03
   4.09984589E-03
   4.19998169E-03
   4.30011749E-03
   4.30011749E-03
   4.50038910E-03
   4.69970703E-03
   4.79984283E-03
   5.00011444E-03
   5.10025024E-03
   5.19943237E-03
   5.19943237E-03
   5.49983978E-03
   5.59997559E-03
   5.80024719E-03
   5.90038300E-03
   6.00051880E-03
   6.00051880E-03
   6.19983673E-03
   6.29997253E-03
   6.59942627E-03
   6.70051575E-03
   6.79969788E-03
   6.79969788E-03
   7.49969482E-03
   7.59983063E-03
   7.59983063E-03
   7.59983063E-03
   7.69996643E-03
   8.00037384E-03
   8.19969177E-03
   8.39996338E-03
   8.80050659E-03
   9.09996033E-03
   9.20009613E-03
   9.79995728E-03
   1.00002289E-02
   1.02005005E-02
   1.02996826E-02
   1.02996826E-02
   1.07002258E-02
   1.08003616E-02
   1.14002228E-02
   1.21994019E-02
   1.41992569E-02
   1.69000626E-02
   3.04994583E-02
   3.68003845E-02
