#Npts     Radius    Mag      Completeness
#   72  636.0751  -15.207334 0.986301
# Ierr
  -1.22003555E-02
  -1.03998184E-02
  -9.20009613E-03
  -8.70037079E-03
  -8.00037384E-03
  -7.59983063E-03
  -6.50024414E-03
  -5.90038300E-03
  -5.39970398E-03
  -5.10025024E-03
  -4.50038910E-03
  -4.49943542E-03
  -4.39929962E-03
  -4.10079956E-03
  -4.00066376E-03
  -3.89957428E-03
  -3.80039215E-03
  -3.69930267E-03
  -3.30066681E-03
  -3.20053101E-03
  -3.00025940E-03
  -2.69985199E-03
  -2.59971619E-03
  -2.30026245E-03
  -2.29930878E-03
  -1.99985504E-03
  -1.99985504E-03
  -1.90067291E-03
  -1.70040131E-03
  -1.39999390E-03
  -1.29985809E-03
  -6.99996948E-04
  -6.99996948E-04
  -4.00543213E-04
  -2.99453735E-04
   0.00000000    
   1.00135803E-04
   3.00407410E-04
   3.00407410E-04
   5.00679016E-04
   5.99861145E-04
   6.99996948E-04
   9.00268555E-04
   9.99450684E-04
   1.20067596E-03
   1.39999390E-03
   1.39999390E-03
   1.60026550E-03
   1.69944763E-03
   1.70040131E-03
   1.80053711E-03
   1.89971924E-03
   1.89971924E-03
   2.40039825E-03
   2.40039825E-03
   2.40039825E-03
   2.70080566E-03
   3.20053101E-03
   3.49998474E-03
   3.70025635E-03
   4.00066376E-03
   4.30011749E-03
   5.20038605E-03
   5.70011139E-03
   5.79929352E-03
   5.80024719E-03
   5.89942932E-03
   6.10065460E-03
   6.40010834E-03
   6.99996948E-03
   8.50009918E-03
   9.00077820E-03
