#Npts     Radius    Mag      Completeness
#   92  838.4626  -14.337466 0.989247
# Ierr
 -0.465100288    
  -1.48000717E-02
  -1.29003525E-02
  -1.14994049E-02
  -1.10998154E-02
  -9.59968567E-03
  -9.20009613E-03
  -8.70037079E-03
  -8.50009918E-03
  -7.20024109E-03
  -7.10010529E-03
  -6.59942627E-03
  -6.29997253E-03
  -6.19983673E-03
  -5.90038300E-03
  -5.40065765E-03
  -5.39970398E-03
  -5.09929657E-03
  -4.79984283E-03
  -4.79984283E-03
  -4.69970703E-03
  -4.09984589E-03
  -3.80039215E-03
  -3.29971313E-03
  -3.20053101E-03
  -3.19957733E-03
  -2.30026245E-03
  -2.29930878E-03
  -1.99985504E-03
  -1.79958344E-03
  -1.19972229E-03
  -1.09958649E-03
  -9.99450684E-04
  -6.00814819E-04
  -3.99589539E-04
   0.00000000    
   0.00000000    
   0.00000000    
   9.91821289E-05
   4.99725342E-04
   5.00679016E-04
   6.99996948E-04
   9.00268555E-04
   9.00268555E-04
   1.00040436E-03
   1.00040436E-03
   1.29985809E-03
   1.50012970E-03
   1.60026550E-03
   1.99985504E-03
   1.99985504E-03
   2.09999084E-03
   2.20012665E-03
   2.20012665E-03
   2.40039825E-03
   2.60066986E-03
   2.69985199E-03
   2.99930573E-03
   3.00025940E-03
   3.10039520E-03
   3.29971313E-03
   3.70025635E-03
   3.79943848E-03
   4.29916382E-03
   4.30011749E-03
   4.49943542E-03
   4.89997864E-03
   5.40065765E-03
   5.49983978E-03
   6.10065460E-03
   6.50024414E-03
   6.59942627E-03
   8.50009918E-03
   8.99982452E-03
   9.20009613E-03
   9.59968567E-03
   9.59968567E-03
   9.79995728E-03
   9.90009308E-03
   9.90009308E-03
   1.00994110E-02
   1.31998062E-02
   1.32007599E-02
   1.39999390E-02
   1.56002045E-02
   1.74999237E-02
   1.79996490E-02
   4.16002274E-02
   4.83999252E-02
   6.37006760E-02
  0.182899475    
  0.357500076    
