#Npts     Radius    Mag      Completeness
#  144 1243.2378  -14.772400 1.000000
# Ierr
  -1.51996613E-02
  -1.48992538E-02
  -1.18007660E-02
  -1.16996765E-02
  -1.10006332E-02
  -1.04999542E-02
  -1.02996826E-02
  -8.89968872E-03
  -8.89968872E-03
  -8.60023499E-03
  -8.60023499E-03
  -7.69996643E-03
  -7.30037689E-03
  -7.30037689E-03
  -7.29942322E-03
  -7.20024109E-03
  -6.79969788E-03
  -6.79969788E-03
  -6.59942627E-03
  -6.19983673E-03
  -6.09970093E-03
  -6.09970093E-03
  -6.00051880E-03
  -5.90038300E-03
  -5.90038300E-03
  -5.80024719E-03
  -5.49983978E-03
  -5.39970398E-03
  -5.30052185E-03
  -4.89997864E-03
  -4.89997864E-03
  -4.79984283E-03
  -4.70066071E-03
  -4.69970703E-03
  -4.30011749E-03
  -4.30011749E-03
  -4.09984589E-03
  -3.99971008E-03
  -3.89957428E-03
  -3.70025635E-03
  -3.30066681E-03
  -3.29971313E-03
  -3.20053101E-03
  -3.10039520E-03
  -2.90012360E-03
  -2.79998779E-03
  -2.59971619E-03
  -2.59971619E-03
  -2.49958038E-03
  -2.30026245E-03
  -2.30026245E-03
  -2.30026245E-03
  -2.20012665E-03
  -2.19917297E-03
  -1.99985504E-03
  -1.90067291E-03
  -1.89971924E-03
  -1.89971924E-03
  -1.69944763E-03
  -1.60026550E-03
  -1.50012970E-03
  -1.50012970E-03
  -1.39999390E-03
  -1.30081177E-03
  -1.29985809E-03
  -1.29985809E-03
  -1.20067596E-03
  -9.00268555E-04
  -8.00132751E-04
  -7.99179077E-04
  -6.99996948E-04
  -6.99996948E-04
  -5.99861145E-04
  -1.00135803E-04
   0.00000000    
   0.00000000    
   0.00000000    
   1.00135803E-04
   2.00271606E-04
   2.00271606E-04
   2.99453735E-04
   3.00407410E-04
   3.99589539E-04
   6.99996948E-04
   8.00132751E-04
   1.19972229E-03
   1.29985809E-03
   1.50012970E-03
   1.59931183E-03
   1.59931183E-03
   1.80053711E-03
   1.99985504E-03
   1.99985504E-03
   2.09999084E-03
   2.20012665E-03
   2.20012665E-03
   2.20012665E-03
   2.49958038E-03
   2.59971619E-03
   2.60066986E-03
   2.69985199E-03
   3.00025940E-03
   3.10039520E-03
   3.20053101E-03
   3.49998474E-03
   3.49998474E-03
   3.49998474E-03
   3.69930267E-03
   3.70025635E-03
   3.89957428E-03
   3.90052795E-03
   4.09984589E-03
   4.19998169E-03
   4.19998169E-03
   4.40025330E-03
   4.59957123E-03
   4.60052490E-03
   4.89997864E-03
   4.89997864E-03
   4.99916077E-03
   5.00011444E-03
   5.10025024E-03
   5.49983978E-03
   5.69915771E-03
   5.80024719E-03
   5.90038300E-03
   5.99956512E-03
   6.09970093E-03
   6.29997253E-03
   6.89983368E-03
   7.39955902E-03
   7.49969482E-03
   7.59983063E-03
   7.80010223E-03
   8.10050964E-03
   8.19969177E-03
   1.36003494E-02
   1.41992569E-02
   1.93004608E-02
   2.26993561E-02
   2.39992142E-02
   2.52008438E-02
   3.63006592E-02
   4.20999527E-02
