#Npts     Radius    Mag      Completeness
#   61  636.0751  -14.337466 1.000000
# Ierr
  -1.77001953E-02
  -1.44004822E-02
  -1.32999420E-02
  -1.27000809E-02
  -1.10006332E-02
  -9.00077820E-03
  -8.99982452E-03
  -7.59983063E-03
  -6.50024414E-03
  -6.40010834E-03
  -5.80024719E-03
  -5.70011139E-03
  -5.40065765E-03
  -4.30011749E-03
  -4.00066376E-03
  -3.79943848E-03
  -3.60012054E-03
  -3.09944153E-03
  -2.90012360E-03
  -2.50053406E-03
  -2.40039825E-03
  -2.30026245E-03
  -2.30026245E-03
  -2.29930878E-03
  -2.19917297E-03
  -1.80053711E-03
  -1.69944763E-03
  -1.60026550E-03
  -1.30081177E-03
  -1.29985809E-03
  -1.10054016E-03
  -8.99314880E-04
  -4.99725342E-04
  -4.00543213E-04
  -2.99453735E-04
   2.00271606E-04
   8.99314880E-04
   9.99450684E-04
   1.29985809E-03
   1.39999390E-03
   1.39999390E-03
   1.60026550E-03
   1.69944763E-03
   2.09999084E-03
   2.79998779E-03
   3.79943848E-03
   3.89957428E-03
   4.59957123E-03
   5.00011444E-03
   5.49983978E-03
   5.49983978E-03
   5.99956512E-03
   6.29997253E-03
   6.99996948E-03
   7.20024109E-03
   7.30037689E-03
   8.50009918E-03
   9.59968567E-03
   1.10998154E-02
   1.21002197E-02
   2.00996399E-02
