#Npts     Radius    Mag      Completeness
#  330 1040.8502  -11.291000 0.982143
# Ierr
 -0.296700478    
  -6.09998703E-02
  -4.53004837E-02
  -4.32004929E-02
  -3.74002457E-02
  -3.09000015E-02
  -2.37998962E-02
  -2.07004547E-02
  -1.98001862E-02
  -1.93004608E-02
  -1.74999237E-02
  -1.70001984E-02
  -1.64003372E-02
  -1.56002045E-02
  -1.46999359E-02
  -1.42993927E-02
  -1.21002197E-02
  -1.18999481E-02
  -1.17006302E-02
  -1.11999512E-02
  -1.02005005E-02
  -1.02005005E-02
  -1.01003647E-02
  -9.89913940E-03
  -9.69982147E-03
  -9.39941406E-03
  -9.00077820E-03
  -8.90064240E-03
  -8.90064240E-03
  -8.50009918E-03
  -8.29982758E-03
  -8.29982758E-03
  -7.99942017E-03
  -7.89928436E-03
  -7.89928436E-03
  -7.70092010E-03
  -7.59983063E-03
  -7.49969482E-03
  -7.20024109E-03
  -7.10010529E-03
  -7.10010529E-03
  -6.99996948E-03
  -6.89983368E-03
  -6.79969788E-03
  -6.79969788E-03
  -6.69956207E-03
  -6.59942627E-03
  -6.50024414E-03
  -6.49929047E-03
  -6.49929047E-03
  -6.40010834E-03
  -6.40010834E-03
  -6.29997253E-03
  -6.19983673E-03
  -6.09970093E-03
  -6.09970093E-03
  -5.90038300E-03
  -5.59997559E-03
  -5.20038605E-03
  -5.10025024E-03
  -4.89997864E-03
  -4.89997864E-03
  -4.89997864E-03
  -4.79984283E-03
  -4.79984283E-03
  -4.79984283E-03
  -4.79984283E-03
  -4.59957123E-03
  -4.59957123E-03
  -4.59957123E-03
  -4.49943542E-03
  -4.49943542E-03
  -4.49943542E-03
  -4.40025330E-03
  -4.40025330E-03
  -4.29916382E-03
  -4.29916382E-03
  -4.19998169E-03
  -4.19998169E-03
  -4.19998169E-03
  -4.19998169E-03
  -4.09984589E-03
  -4.09984589E-03
  -4.09984589E-03
  -4.00066376E-03
  -3.90052795E-03
  -3.80039215E-03
  -3.79943848E-03
  -3.60012054E-03
  -3.49998474E-03
  -3.49998474E-03
  -3.49998474E-03
  -3.49998474E-03
  -3.39984894E-03
  -3.10039520E-03
  -3.09944153E-03
  -3.00025940E-03
  -3.00025940E-03
  -3.00025940E-03
  -2.99930573E-03
  -2.99930573E-03
  -2.99930573E-03
  -2.90012360E-03
  -2.90012360E-03
  -2.79998779E-03
  -2.79998779E-03
  -2.69985199E-03
  -2.59971619E-03
  -2.59971619E-03
  -2.09999084E-03
  -2.09999084E-03
  -2.09999084E-03
  -1.99985504E-03
  -1.99985504E-03
  -1.89971924E-03
  -1.89971924E-03
  -1.89971924E-03
  -1.80053711E-03
  -1.79958344E-03
  -1.79958344E-03
  -1.69944763E-03
  -1.69944763E-03
  -1.60026550E-03
  -1.60026550E-03
  -1.59931183E-03
  -1.59931183E-03
  -1.49917603E-03
  -1.39999390E-03
  -1.39999390E-03
  -1.29985809E-03
  -1.19972229E-03
  -1.10054016E-03
  -1.00040436E-03
  -1.00040436E-03
  -9.00268555E-04
  -9.00268555E-04
  -9.00268555E-04
  -9.00268555E-04
  -8.99314880E-04
  -8.00132751E-04
  -8.00132751E-04
  -8.00132751E-04
  -8.00132751E-04
  -8.00132751E-04
  -6.99996948E-04
  -6.99996948E-04
  -6.00814819E-04
  -5.99861145E-04
  -5.99861145E-04
  -4.00543213E-04
  -3.00407410E-04
  -2.00271606E-04
  -1.99317932E-04
  -9.91821289E-05
   0.00000000    
   9.91821289E-05
   9.91821289E-05
   9.91821289E-05
   1.00135803E-04
   1.00135803E-04
   1.00135803E-04
   1.99317932E-04
   1.99317932E-04
   1.99317932E-04
   2.00271606E-04
   2.00271606E-04
   2.00271606E-04
   2.99453735E-04
   2.99453735E-04
   2.99453735E-04
   3.00407410E-04
   4.99725342E-04
   5.00679016E-04
   5.99861145E-04
   5.99861145E-04
   5.99861145E-04
   5.99861145E-04
   6.99996948E-04
   6.99996948E-04
   6.99996948E-04
   6.99996948E-04
   6.99996948E-04
   8.00132751E-04
   8.00132751E-04
   9.00268555E-04
   9.99450684E-04
   9.99450684E-04
   1.00040436E-03
   1.00040436E-03
   1.00040436E-03
   1.00040436E-03
   1.09958649E-03
   1.09958649E-03
   1.09958649E-03
   1.09958649E-03
   1.09958649E-03
   1.10054016E-03
   1.19972229E-03
   1.19972229E-03
   1.19972229E-03
   1.29985809E-03
   1.29985809E-03
   1.29985809E-03
   1.29985809E-03
   1.29985809E-03
   1.30081177E-03
   1.39999390E-03
   1.39999390E-03
   1.39999390E-03
   1.40094757E-03
   1.50012970E-03
   1.50012970E-03
   1.59931183E-03
   1.60026550E-03
   1.60026550E-03
   1.60026550E-03
   1.70040131E-03
   1.70040131E-03
   1.79958344E-03
   1.79958344E-03
   1.89971924E-03
   2.09999084E-03
   2.09999084E-03
   2.09999084E-03
   2.09999084E-03
   2.29930878E-03
   2.30026245E-03
   2.30026245E-03
   2.30026245E-03
   2.40039825E-03
   2.49958038E-03
   2.49958038E-03
   2.50053406E-03
   2.50053406E-03
   2.50053406E-03
   2.59971619E-03
   2.59971619E-03
   2.69985199E-03
   2.69985199E-03
   2.79998779E-03
   2.79998779E-03
   2.90012360E-03
   3.10039520E-03
   3.19957733E-03
   3.39984894E-03
   3.49998474E-03
   3.69930267E-03
   3.79943848E-03
   3.79943848E-03
   3.90052795E-03
   3.90052795E-03
   4.19998169E-03
   4.20093536E-03
   4.30011749E-03
   4.30011749E-03
   4.39929962E-03
   4.39929962E-03
   4.40025330E-03
   4.40025330E-03
   4.50038910E-03
   4.59957123E-03
   4.69970703E-03
   5.10025024E-03
   5.19943237E-03
   5.30052185E-03
   5.30052185E-03
   5.39970398E-03
   5.40065765E-03
   5.49983978E-03
   5.49983978E-03
   5.59997559E-03
   5.70011139E-03
   5.70011139E-03
   5.90038300E-03
   5.90038300E-03
   5.99956512E-03
   6.09970093E-03
   6.19983673E-03
   6.20079041E-03
   6.29997253E-03
   6.40010834E-03
   6.69956207E-03
   6.69956207E-03
   6.79969788E-03
   6.80065155E-03
   7.10010529E-03
   7.10010529E-03
   7.10010529E-03
   7.20024109E-03
   7.30037689E-03
   7.30037689E-03
   7.30037689E-03
   7.39955902E-03
   7.59983063E-03
   7.69996643E-03
   8.69941711E-03
   9.90009308E-03
   1.01003647E-02
   1.06000900E-02
   1.24006271E-02
   1.28993988E-02
   1.29995346E-02
   1.30996704E-02
   1.37996674E-02
   1.38998032E-02
   1.39999390E-02
   1.42002106E-02
   1.59997940E-02
   1.62992477E-02
   1.65996552E-02
   1.94997787E-02
   2.08997726E-02
   3.06005478E-02
   3.14006805E-02
   3.18002701E-02
   3.24001312E-02
   3.60002518E-02
   3.62997055E-02
   3.70006561E-02
   3.71999741E-02
   3.71999741E-02
   5.38005829E-02
   5.53998947E-02
   6.69994354E-02
   8.15000534E-02
   9.15002823E-02
  0.113900185    
  0.139400482    
  0.284299850    
  0.560999870    
