#Npts     Radius    Mag      Completeness
#  124 1040.8502  -14.120000 1.000000
# Ierr
  -2.28996277E-02
  -1.19009018E-02
  -1.10998154E-02
  -8.79955292E-03
  -8.30078125E-03
  -7.59983063E-03
  -7.49969482E-03
  -6.90078735E-03
  -6.79969788E-03
  -6.40010834E-03
  -6.19983673E-03
  -5.80024719E-03
  -5.70011139E-03
  -5.59997559E-03
  -4.89997864E-03
  -4.30011749E-03
  -3.99971008E-03
  -3.90052795E-03
  -3.90052795E-03
  -3.89957428E-03
  -3.70025635E-03
  -3.60012054E-03
  -3.29971313E-03
  -3.10039520E-03
  -3.10039520E-03
  -3.09944153E-03
  -3.00025940E-03
  -2.70080566E-03
  -2.69985199E-03
  -2.59971619E-03
  -2.29930878E-03
  -2.09999084E-03
  -2.00080872E-03
  -1.89971924E-03
  -1.89971924E-03
  -1.89971924E-03
  -1.60026550E-03
  -1.29985809E-03
  -1.09958649E-03
  -9.00268555E-04
  -8.99314880E-04
  -8.00132751E-04
  -8.00132751E-04
  -7.99179077E-04
  -6.99996948E-04
  -6.00814819E-04
  -5.00679016E-04
  -5.00679016E-04
  -4.99725342E-04
  -4.00543213E-04
  -3.99589539E-04
  -3.00407410E-04
  -3.00407410E-04
  -3.00407410E-04
  -1.00135803E-04
  -1.00135803E-04
  -1.00135803E-04
   0.00000000    
   1.00135803E-04
   1.00135803E-04
   2.00271606E-04
   3.00407410E-04
   4.99725342E-04
   4.99725342E-04
   4.99725342E-04
   4.99725342E-04
   6.00814819E-04
   6.99996948E-04
   6.99996948E-04
   8.00132751E-04
   8.00132751E-04
   8.00132751E-04
   1.00040436E-03
   1.00040436E-03
   1.09958649E-03
   1.19972229E-03
   1.29985809E-03
   1.39999390E-03
   1.39999390E-03
   1.39999390E-03
   1.50012970E-03
   1.79958344E-03
   1.80053711E-03
   2.20012665E-03
   2.59971619E-03
   2.69985199E-03
   2.79998779E-03
   2.89916992E-03
   2.90012360E-03
   3.10039520E-03
   3.29971313E-03
   3.49998474E-03
   3.49998474E-03
   3.70025635E-03
   4.79984283E-03
   5.00011444E-03
   5.10025024E-03
   5.49983978E-03
   5.49983978E-03
   5.70011139E-03
   6.20079041E-03
   6.40010834E-03
   6.50024414E-03
   7.80010223E-03
   8.89968872E-03
   9.90009308E-03
   1.03998184E-02
   1.06000900E-02
   1.06992722E-02
   1.11999512E-02
   1.18999481E-02
   1.30996704E-02
   1.31998062E-02
   1.31998062E-02
   1.32999420E-02
   1.32999420E-02
   1.48000717E-02
   1.63002014E-02
   2.16007233E-02
   2.56004333E-02
   2.98995972E-02
   3.68995667E-02
   4.31995392E-02
   9.20000076E-02
