#Npts     Radius    Mag      Completeness
#  152 1850.4005  -14.337466 1.000000
# Ierr
  -2.27994919E-02
  -1.62992477E-02
  -1.53999329E-02
  -1.42002106E-02
  -1.24006271E-02
  -1.23996735E-02
  -1.18999481E-02
  -1.08003616E-02
  -1.00994110E-02
  -9.99927521E-03
  -9.69982147E-03
  -9.69982147E-03
  -9.30023193E-03
  -9.20009613E-03
  -8.39996338E-03
  -8.29982758E-03
  -8.00037384E-03
  -7.90023804E-03
  -7.49969482E-03
  -7.30037689E-03
  -7.29942322E-03
  -7.10010529E-03
  -7.10010529E-03
  -7.10010529E-03
  -6.99996948E-03
  -6.89983368E-03
  -6.79969788E-03
  -6.79969788E-03
  -6.69956207E-03
  -6.69956207E-03
  -6.40010834E-03
  -6.29997253E-03
  -6.09970093E-03
  -6.00051880E-03
  -5.70011139E-03
  -5.59997559E-03
  -5.49983978E-03
  -5.30052185E-03
  -5.20038605E-03
  -4.89997864E-03
  -4.89997864E-03
  -4.79984283E-03
  -4.70066071E-03
  -4.69970703E-03
  -4.40025330E-03
  -4.40025330E-03
  -4.39929962E-03
  -4.19998169E-03
  -4.09984589E-03
  -4.09984589E-03
  -3.60012054E-03
  -3.49998474E-03
  -3.39984894E-03
  -3.00025940E-03
  -2.69985199E-03
  -2.69985199E-03
  -2.69985199E-03
  -2.69985199E-03
  -2.60066986E-03
  -2.50053406E-03
  -2.49958038E-03
  -2.39944458E-03
  -2.29930878E-03
  -2.20012665E-03
  -2.09999084E-03
  -2.09999084E-03
  -1.80053711E-03
  -1.79958344E-03
  -1.60026550E-03
  -1.39999390E-03
  -1.39999390E-03
  -1.29985809E-03
  -1.29985809E-03
  -1.09958649E-03
  -6.99996948E-04
  -6.99996948E-04
  -5.99861145E-04
   0.00000000    
   1.00135803E-04
   2.99453735E-04
   4.00543213E-04
   4.99725342E-04
   7.99179077E-04
   8.00132751E-04
   9.99450684E-04
   9.99450684E-04
   1.00040436E-03
   1.10054016E-03
   1.29985809E-03
   1.39999390E-03
   1.39999390E-03
   1.50012970E-03
   1.60026550E-03
   1.60026550E-03
   1.79958344E-03
   2.20012665E-03
   2.49958038E-03
   2.50053406E-03
   2.59971619E-03
   2.59971619E-03
   2.69985199E-03
   2.90012360E-03
   2.90012360E-03
   3.00025940E-03
   3.00025940E-03
   3.09944153E-03
   3.10039520E-03
   3.20053101E-03
   3.20053101E-03
   3.29971313E-03
   3.30066681E-03
   3.30066681E-03
   3.49998474E-03
   3.69930267E-03
   3.80039215E-03
   3.90052795E-03
   4.09984589E-03
   4.30011749E-03
   4.69970703E-03
   5.00011444E-03
   5.09929657E-03
   5.10025024E-03
   5.30052185E-03
   5.50079346E-03
   5.59997559E-03
   5.70011139E-03
   5.79929352E-03
   5.90038300E-03
   6.69956207E-03
   6.89983368E-03
   7.59983063E-03
   7.59983063E-03
   7.80010223E-03
   8.09955597E-03
   8.19969177E-03
   8.20064545E-03
   9.30023193E-03
   9.30023193E-03
   9.79995728E-03
   1.02996826E-02
   1.06000900E-02
   1.06000900E-02
   1.10998154E-02
   1.13992691E-02
   1.16004944E-02
   1.16004944E-02
   3.10993195E-02
   4.41999435E-02
   5.10997772E-02
  0.112500191    
  0.120599747    
  0.154600143    
