#Npts     Radius    Mag      Completeness
#  127  838.4626  -14.554934 1.000000
# Ierr
  -2.68001556E-02
  -1.79996490E-02
  -1.24998093E-02
  -1.23004913E-02
  -1.22003555E-02
  -1.20992661E-02
  -1.20000839E-02
  -1.13000870E-02
  -1.09004974E-02
  -1.02005005E-02
  -1.01995468E-02
  -9.69982147E-03
  -9.30023193E-03
  -8.89968872E-03
  -8.60023499E-03
  -7.69996643E-03
  -7.40051270E-03
  -7.30037689E-03
  -6.79969788E-03
  -6.69956207E-03
  -6.40010834E-03
  -6.29997253E-03
  -6.19983673E-03
  -5.80024719E-03
  -5.69915771E-03
  -5.59997559E-03
  -5.50079346E-03
  -5.39970398E-03
  -5.29956818E-03
  -5.29956818E-03
  -5.09929657E-03
  -5.00011444E-03
  -4.89997864E-03
  -4.60052490E-03
  -4.50038910E-03
  -4.30011749E-03
  -4.30011749E-03
  -4.19998169E-03
  -4.00066376E-03
  -3.80039215E-03
  -3.70025635E-03
  -3.49998474E-03
  -3.39984894E-03
  -3.00025940E-03
  -2.79998779E-03
  -2.79998779E-03
  -2.69985199E-03
  -2.49958038E-03
  -2.20012665E-03
  -2.00080872E-03
  -1.99985504E-03
  -1.90067291E-03
  -1.60026550E-03
  -1.50012970E-03
  -1.50012970E-03
  -1.50012970E-03
  -1.50012970E-03
  -1.10054016E-03
  -1.09958649E-03
  -1.00040436E-03
  -1.00040436E-03
  -9.99450684E-04
  -4.99725342E-04
  -3.00407410E-04
  -1.00135803E-04
  -9.91821289E-05
   0.00000000    
   1.99317932E-04
   4.99725342E-04
   5.99861145E-04
   7.99179077E-04
   7.99179077E-04
   8.00132751E-04
   9.99450684E-04
   1.09958649E-03
   1.10054016E-03
   1.19972229E-03
   1.20067596E-03
   1.49917603E-03
   1.80053711E-03
   1.90067291E-03
   1.99985504E-03
   1.99985504E-03
   2.00080872E-03
   2.29930878E-03
   2.30026245E-03
   2.49958038E-03
   2.90012360E-03
   2.99930573E-03
   3.00025940E-03
   3.30066681E-03
   3.39984894E-03
   4.09984589E-03
   4.10079956E-03
   4.19998169E-03
   4.30011749E-03
   4.59957123E-03
   4.59957123E-03
   4.89997864E-03
   5.10025024E-03
   5.19943237E-03
   5.29956818E-03
   5.39970398E-03
   5.40065765E-03
   5.40065765E-03
   5.59997559E-03
   5.59997559E-03
   5.90038300E-03
   6.89983368E-03
   6.89983368E-03
   7.30037689E-03
   7.49969482E-03
   7.69996643E-03
   7.70092010E-03
   8.20064545E-03
   8.60023499E-03
   9.79995728E-03
   1.02996826E-02
   1.43995285E-02
   1.44996643E-02
   1.46999359E-02
   1.47008896E-02
   4.20007706E-02
   6.29005432E-02
   9.60998535E-02
  0.137799263    
  0.425999641    
