#Npts     Radius    Mag      Completeness
#   93  636.0751  -14.120000 1.000000
# Ierr
  -2.47001648E-02
  -1.66006088E-02
  -1.50995255E-02
  -1.46999359E-02
  -1.24998093E-02
  -7.80010223E-03
  -7.49969482E-03
  -7.20024109E-03
  -6.79969788E-03
  -5.70011139E-03
  -5.29956818E-03
  -4.89997864E-03
  -4.79984283E-03
  -3.70025635E-03
  -3.60012054E-03
  -3.29971313E-03
  -2.90012360E-03
  -2.59971619E-03
  -2.50053406E-03
  -2.40039825E-03
  -2.20012665E-03
  -2.09999084E-03
  -2.00080872E-03
  -1.99985504E-03
  -1.89971924E-03
  -1.89971924E-03
  -1.79958344E-03
  -1.50012970E-03
  -1.30081177E-03
  -1.29985809E-03
  -1.20067596E-03
  -1.00040436E-03
  -6.99996948E-04
  -6.99996948E-04
  -6.00814819E-04
  -5.99861145E-04
  -5.99861145E-04
  -5.00679016E-04
  -4.99725342E-04
  -4.99725342E-04
  -3.99589539E-04
  -3.99589539E-04
  -3.00407410E-04
  -3.00407410E-04
  -2.99453735E-04
  -1.99317932E-04
  -1.00135803E-04
  -1.00135803E-04
   9.91821289E-05
   1.00135803E-04
   1.00135803E-04
   4.99725342E-04
   5.00679016E-04
   5.00679016E-04
   5.99861145E-04
   6.99996948E-04
   8.99314880E-04
   9.00268555E-04
   9.00268555E-04
   1.09958649E-03
   1.30081177E-03
   1.39999390E-03
   1.39999390E-03
   1.49917603E-03
   1.50012970E-03
   1.50012970E-03
   1.50012970E-03
   1.59931183E-03
   1.89971924E-03
   1.99985504E-03
   2.09999084E-03
   2.20012665E-03
   2.49958038E-03
   2.90012360E-03
   3.09944153E-03
   3.10039520E-03
   3.20053101E-03
   3.39984894E-03
   3.80039215E-03
   3.80039215E-03
   3.99971008E-03
   4.59957123E-03
   5.09929657E-03
   7.30037689E-03
   8.29982758E-03
   9.90009308E-03
   9.99927521E-03
   1.09996796E-02
   1.24006271E-02
   1.77001953E-02
   2.15005875E-02
   2.65007019E-02
   3.03001404E-02
