#Npts     Radius    Mag      Completeness
#  139 1040.8502  -14.772400 1.000000
# Ierr
  -1.44004822E-02
  -1.36003494E-02
  -1.16004944E-02
  -1.12991333E-02
  -9.99927521E-03
  -9.59968567E-03
  -8.60023499E-03
  -7.80010223E-03
  -7.50064850E-03
  -7.19928741E-03
  -6.89983368E-03
  -6.29997253E-03
  -6.29997253E-03
  -6.19983673E-03
  -6.19983673E-03
  -5.89942932E-03
  -5.80024719E-03
  -5.70011139E-03
  -5.59997559E-03
  -5.59997559E-03
  -5.40065765E-03
  -5.30052185E-03
  -5.00011444E-03
  -5.00011444E-03
  -4.79984283E-03
  -4.60052490E-03
  -4.50038910E-03
  -4.49943542E-03
  -4.00066376E-03
  -3.99971008E-03
  -3.70025635E-03
  -3.70025635E-03
  -3.30066681E-03
  -3.29971313E-03
  -3.20053101E-03
  -3.10039520E-03
  -3.00025940E-03
  -2.99930573E-03
  -2.90012360E-03
  -2.90012360E-03
  -2.90012360E-03
  -2.79998779E-03
  -2.60066986E-03
  -2.30026245E-03
  -1.89971924E-03
  -1.79958344E-03
  -1.79958344E-03
  -1.70040131E-03
  -1.70040131E-03
  -1.59931183E-03
  -1.50012970E-03
  -1.50012970E-03
  -1.29985809E-03
  -1.20067596E-03
  -1.19972229E-03
  -9.00268555E-04
  -9.00268555E-04
  -7.99179077E-04
  -5.99861145E-04
  -1.00135803E-04
  -9.91821289E-05
   0.00000000    
   1.00135803E-04
   1.99317932E-04
   4.99725342E-04
   4.99725342E-04
   4.99725342E-04
   5.99861145E-04
   6.99996948E-04
   6.99996948E-04
   7.99179077E-04
   1.19972229E-03
   1.20067596E-03
   1.29985809E-03
   1.39999390E-03
   1.40094757E-03
   1.60026550E-03
   1.60026550E-03
   1.90067291E-03
   1.99985504E-03
   2.20012665E-03
   2.20012665E-03
   2.29930878E-03
   2.70080566E-03
   2.79998779E-03
   2.89916992E-03
   2.90012360E-03
   3.00025940E-03
   3.00025940E-03
   3.00025940E-03
   3.00025940E-03
   3.10039520E-03
   3.19957733E-03
   3.20053101E-03
   3.29971313E-03
   3.29971313E-03
   3.30066681E-03
   3.39984894E-03
   3.49998474E-03
   3.59916687E-03
   3.60012054E-03
   3.60012054E-03
   3.70025635E-03
   3.80039215E-03
   3.89957428E-03
   3.89957428E-03
   3.99971008E-03
   4.09984589E-03
   4.19998169E-03
   4.19998169E-03
   4.40025330E-03
   4.40025330E-03
   4.59957123E-03
   4.60052490E-03
   4.69970703E-03
   4.69970703E-03
   4.69970703E-03
   5.10025024E-03
   5.10025024E-03
   5.59997559E-03
   5.80024719E-03
   5.90038300E-03
   6.00051880E-03
   6.09970093E-03
   6.19983673E-03
   6.89983368E-03
   7.39955902E-03
   7.49969482E-03
   7.59983063E-03
   7.99942017E-03
   8.29982758E-03
   8.60023499E-03
   8.79955292E-03
   8.89968872E-03
   9.60063934E-03
   1.03998184E-02
   1.04999542E-02
   4.43000793E-02
  0.106399536    
