#Npts     Radius    Mag      Completeness
#  125 1850.4005  -14.772400 1.000000
# Ierr
  -1.28002167E-02
  -1.28002167E-02
  -1.02005005E-02
  -1.01995468E-02
  -1.00994110E-02
  -9.79995728E-03
  -9.59968567E-03
  -8.39996338E-03
  -8.09955597E-03
  -7.89928436E-03
  -7.30037689E-03
  -7.10010529E-03
  -6.89983368E-03
  -6.79969788E-03
  -6.60037994E-03
  -6.40010834E-03
  -6.40010834E-03
  -5.89942932E-03
  -5.80024719E-03
  -5.79929352E-03
  -5.79929352E-03
  -5.79929352E-03
  -5.59997559E-03
  -5.59997559E-03
  -5.49983978E-03
  -5.49983978E-03
  -5.30052185E-03
  -5.20038605E-03
  -5.00011444E-03
  -4.79984283E-03
  -4.70066071E-03
  -4.70066071E-03
  -4.69970703E-03
  -4.50038910E-03
  -4.40025330E-03
  -4.19998169E-03
  -3.80039215E-03
  -3.29971313E-03
  -3.20053101E-03
  -3.00025940E-03
  -3.00025940E-03
  -2.69985199E-03
  -2.69985199E-03
  -2.59971619E-03
  -2.59971619E-03
  -2.49958038E-03
  -2.49958038E-03
  -2.30026245E-03
  -2.29930878E-03
  -2.29930878E-03
  -2.20012665E-03
  -2.20012665E-03
  -1.99985504E-03
  -1.99985504E-03
  -1.70040131E-03
  -1.70040131E-03
  -1.69944763E-03
  -1.60026550E-03
  -1.50012970E-03
  -1.50012970E-03
  -1.49917603E-03
  -1.39999390E-03
  -1.19972229E-03
  -1.10054016E-03
  -1.10054016E-03
  -9.99450684E-04
  -8.00132751E-04
  -5.99861145E-04
  -1.00135803E-04
   0.00000000    
   2.00271606E-04
   7.99179077E-04
   9.00268555E-04
   1.09958649E-03
   1.09958649E-03
   1.19972229E-03
   1.39999390E-03
   1.39999390E-03
   1.80053711E-03
   1.89971924E-03
   2.69985199E-03
   2.79998779E-03
   2.79998779E-03
   2.90012360E-03
   3.19957733E-03
   3.20053101E-03
   3.39984894E-03
   3.89957428E-03
   3.99971008E-03
   4.09984589E-03
   4.19998169E-03
   4.69970703E-03
   4.89997864E-03
   4.89997864E-03
   5.00011444E-03
   5.09929657E-03
   5.10025024E-03
   5.20038605E-03
   5.39970398E-03
   5.40065765E-03
   5.49983978E-03
   5.70011139E-03
   5.80024719E-03
   5.89942932E-03
   6.09970093E-03
   6.19983673E-03
   6.29997253E-03
   6.40010834E-03
   6.79969788E-03
   7.20024109E-03
   7.30037689E-03
   7.39955902E-03
   7.59983063E-03
   8.19969177E-03
   8.29982758E-03
   8.29982758E-03
   8.39996338E-03
   8.50009918E-03
   9.09996033E-03
   9.30023193E-03
   1.02996826E-02
   1.09004974E-02
   1.18999481E-02
   1.44996643E-02
   3.75003815E-02
