#Npts     Radius    Mag      Completeness
#  155 2891.2505  -14.120000 1.000000
# Ierr
  -1.80006027E-02
  -1.42002106E-02
  -1.13000870E-02
  -1.08003616E-02
  -9.90009308E-03
  -9.90009308E-03
  -9.40036774E-03
  -9.39941406E-03
  -9.09996033E-03
  -9.00077820E-03
  -8.99982452E-03
  -8.39996338E-03
  -7.30037689E-03
  -6.99996948E-03
  -6.70051575E-03
  -6.50024414E-03
  -6.10065460E-03
  -5.90038300E-03
  -5.89942932E-03
  -5.30052185E-03
  -5.00011444E-03
  -4.79984283E-03
  -4.60052490E-03
  -4.50038910E-03
  -4.39929962E-03
  -3.99971008E-03
  -3.79943848E-03
  -3.70025635E-03
  -3.60012054E-03
  -3.40080261E-03
  -3.39984894E-03
  -3.09944153E-03
  -3.00025940E-03
  -2.99930573E-03
  -2.60066986E-03
  -2.59971619E-03
  -2.59971619E-03
  -2.50053406E-03
  -2.49958038E-03
  -2.20012665E-03
  -1.99985504E-03
  -1.99985504E-03
  -1.99985504E-03
  -1.89971924E-03
  -1.80053711E-03
  -1.79958344E-03
  -1.70040131E-03
  -1.70040131E-03
  -1.60026550E-03
  -1.50012970E-03
  -1.50012970E-03
  -1.50012970E-03
  -1.50012970E-03
  -1.39999390E-03
  -1.39999390E-03
  -1.39999390E-03
  -1.39999390E-03
  -1.29985809E-03
  -1.29985809E-03
  -1.29985809E-03
  -1.29985809E-03
  -1.00040436E-03
  -1.00040436E-03
  -9.00268555E-04
  -8.00132751E-04
  -6.99996948E-04
  -6.99996948E-04
  -6.99996948E-04
  -5.99861145E-04
  -5.99861145E-04
  -5.99861145E-04
  -4.99725342E-04
  -3.99589539E-04
  -3.00407410E-04
  -2.00271606E-04
  -2.00271606E-04
  -2.00271606E-04
  -1.00135803E-04
  -1.00135803E-04
  -1.00135803E-04
  -9.91821289E-05
  -9.91821289E-05
   0.00000000    
   0.00000000    
   1.00135803E-04
   1.00135803E-04
   2.00271606E-04
   2.00271606E-04
   3.00407410E-04
   4.99725342E-04
   4.99725342E-04
   4.99725342E-04
   4.99725342E-04
   5.99861145E-04
   6.99996948E-04
   8.00132751E-04
   8.00132751E-04
   8.00132751E-04
   9.00268555E-04
   9.00268555E-04
   9.00268555E-04
   1.00040436E-03
   1.09958649E-03
   1.10054016E-03
   1.19972229E-03
   1.19972229E-03
   1.39999390E-03
   1.50012970E-03
   1.50012970E-03
   1.59931183E-03
   1.60026550E-03
   1.79958344E-03
   1.89971924E-03
   1.89971924E-03
   2.09999084E-03
   2.09999084E-03
   2.19917297E-03
   2.29930878E-03
   2.30026245E-03
   2.49958038E-03
   2.49958038E-03
   2.49958038E-03
   2.60066986E-03
   2.60066986E-03
   2.99930573E-03
   3.10039520E-03
   3.10039520E-03
   3.29971313E-03
   3.39984894E-03
   3.39984894E-03
   3.60012054E-03
   3.60012054E-03
   3.99971008E-03
   4.19998169E-03
   4.89997864E-03
   5.20038605E-03
   6.00051880E-03
   6.00051880E-03
   6.29997253E-03
   6.50024414E-03
   6.69956207E-03
   7.30037689E-03
   7.89928436E-03
   7.90023804E-03
   8.00037384E-03
   8.60023499E-03
   1.07002258E-02
   1.29995346E-02
   1.33008957E-02
   1.43995285E-02
   1.44004822E-02
   1.50995255E-02
   2.55002975E-02
   9.82999802E-02
  0.175900459    
