#Npts     Radius    Mag      Completeness
#  147 1445.6254  -14.337466 1.000000
# Ierr
  -2.20003128E-02
  -1.79996490E-02
  -1.62992477E-02
  -1.51004791E-02
  -1.50003433E-02
  -1.14002228E-02
  -1.04999542E-02
  -1.01003647E-02
  -9.20009613E-03
  -8.70037079E-03
  -8.39996338E-03
  -8.39996338E-03
  -8.30078125E-03
  -7.80010223E-03
  -7.80010223E-03
  -7.80010223E-03
  -7.50064850E-03
  -7.19928741E-03
  -5.50079346E-03
  -5.39970398E-03
  -5.39970398E-03
  -5.30052185E-03
  -5.00011444E-03
  -4.90093231E-03
  -4.89997864E-03
  -4.50038910E-03
  -4.49943542E-03
  -4.30011749E-03
  -4.09984589E-03
  -4.09984589E-03
  -3.99971008E-03
  -3.80039215E-03
  -3.70025635E-03
  -3.60012054E-03
  -2.79998779E-03
  -2.79998779E-03
  -2.40039825E-03
  -2.30026245E-03
  -2.20012665E-03
  -2.09999084E-03
  -2.09999084E-03
  -2.09999084E-03
  -1.99985504E-03
  -1.70040131E-03
  -1.20067596E-03
  -1.19972229E-03
  -9.00268555E-04
  -9.00268555E-04
  -6.99996948E-04
  -5.99861145E-04
  -4.99725342E-04
  -2.99453735E-04
  -2.00271606E-04
   0.00000000    
   0.00000000    
   0.00000000    
   2.00271606E-04
   2.00271606E-04
   2.99453735E-04
   5.00679016E-04
   8.00132751E-04
   1.09958649E-03
   1.09958649E-03
   1.19972229E-03
   1.19972229E-03
   1.20067596E-03
   1.39999390E-03
   1.49917603E-03
   1.79958344E-03
   1.79958344E-03
   1.99985504E-03
   2.09999084E-03
   2.09999084E-03
   2.09999084E-03
   2.09999084E-03
   2.29930878E-03
   2.49958038E-03
   2.79998779E-03
   3.00025940E-03
   3.00025940E-03
   3.10039520E-03
   3.19957733E-03
   3.20053101E-03
   3.39984894E-03
   3.39984894E-03
   3.40080261E-03
   3.49998474E-03
   3.59916687E-03
   3.60012054E-03
   3.79943848E-03
   4.09984589E-03
   4.19998169E-03
   4.30011749E-03
   4.60052490E-03
   4.79984283E-03
   4.89997864E-03
   4.89997864E-03
   5.00011444E-03
   5.20038605E-03
   5.20038605E-03
   5.29956818E-03
   5.49983978E-03
   5.59997559E-03
   5.70011139E-03
   5.80024719E-03
   6.00051880E-03
   6.40010834E-03
   7.00092316E-03
   7.30037689E-03
   7.59983063E-03
   7.80010223E-03
   7.80010223E-03
   7.90023804E-03
   8.89968872E-03
   8.99982452E-03
   9.20009613E-03
   9.40036774E-03
   9.49954987E-03
   9.59968567E-03
   1.00002289E-02
   1.04999542E-02
   1.06000900E-02
   1.07002258E-02
   1.10006332E-02
   1.10998154E-02
   1.17998123E-02
   1.17998123E-02
   1.21002197E-02
   1.21002197E-02
   1.24006271E-02
   1.25007629E-02
   1.25007629E-02
   1.27000809E-02
   1.31006241E-02
   1.32999420E-02
   1.34000778E-02
   1.34000778E-02
   1.42002106E-02
   1.44004822E-02
   1.53999329E-02
   1.59006119E-02
   1.77993774E-02
   1.80997849E-02
   1.94005966E-02
   2.00996399E-02
   2.54993439E-02
   7.97996521E-02
