#Npts     Radius    Mag      Completeness
#  136 1243.2378  -14.337466 1.000000
# Ierr
  -2.40001678E-02
  -2.23007202E-02
  -1.87005997E-02
  -1.56002045E-02
  -1.37996674E-02
  -1.26991272E-02
  -1.21002197E-02
  -1.21002197E-02
  -1.09004974E-02
  -1.04007721E-02
  -1.00994110E-02
  -1.00002289E-02
  -9.90009308E-03
  -9.70077515E-03
  -9.29927826E-03
  -9.09996033E-03
  -8.89968872E-03
  -8.39996338E-03
  -8.19969177E-03
  -7.50064850E-03
  -6.99996948E-03
  -6.29997253E-03
  -6.19983673E-03
  -5.59997559E-03
  -5.50079346E-03
  -5.39970398E-03
  -4.59957123E-03
  -4.30011749E-03
  -4.30011749E-03
  -4.09984589E-03
  -4.09984589E-03
  -3.99971008E-03
  -3.99971008E-03
  -3.90052795E-03
  -3.70025635E-03
  -3.60012054E-03
  -3.49998474E-03
  -3.49998474E-03
  -3.39984894E-03
  -3.00025940E-03
  -2.90012360E-03
  -2.90012360E-03
  -2.50053406E-03
  -2.40039825E-03
  -2.39944458E-03
  -2.00080872E-03
  -1.99985504E-03
  -1.80053711E-03
  -1.79958344E-03
  -1.69944763E-03
  -1.50012970E-03
  -1.20067596E-03
  -1.19972229E-03
  -1.10054016E-03
  -9.99450684E-04
  -9.00268555E-04
  -6.99996948E-04
  -6.99996948E-04
  -6.99996948E-04
  -6.99996948E-04
  -4.99725342E-04
  -3.99589539E-04
  -2.00271606E-04
  -9.91821289E-05
   1.00135803E-04
   1.00135803E-04
   1.00135803E-04
   3.99589539E-04
   4.99725342E-04
   5.99861145E-04
   5.99861145E-04
   6.99996948E-04
   7.99179077E-04
   9.00268555E-04
   1.09958649E-03
   1.19972229E-03
   1.39999390E-03
   1.39999390E-03
   1.70040131E-03
   1.79958344E-03
   1.79958344E-03
   2.09999084E-03
   2.90012360E-03
   3.00025940E-03
   3.29971313E-03
   3.29971313E-03
   3.70025635E-03
   4.19998169E-03
   4.19998169E-03
   4.19998169E-03
   4.30011749E-03
   4.30011749E-03
   4.40025330E-03
   4.49943542E-03
   4.50038910E-03
   4.89997864E-03
   4.89997864E-03
   5.00011444E-03
   5.10025024E-03
   5.19943237E-03
   5.30052185E-03
   5.70011139E-03
   5.80024719E-03
   5.99956512E-03
   6.50024414E-03
   6.59942627E-03
   6.59942627E-03
   6.80065155E-03
   7.20024109E-03
   7.69996643E-03
   7.69996643E-03
   7.89928436E-03
   8.29982758E-03
   8.50009918E-03
   8.70037079E-03
   8.90064240E-03
   9.20009613E-03
   9.89913940E-03
   1.03998184E-02
   1.04999542E-02
   1.06000900E-02
   1.11999512E-02
   1.14002228E-02
   1.19991302E-02
   1.22003555E-02
   1.23004913E-02
   1.29995346E-02
   1.31998062E-02
   1.46999359E-02
   1.48000717E-02
   1.62000656E-02
   1.71003342E-02
   1.85003281E-02
   1.92995071E-02
   2.28004456E-02
   2.36997604E-02
