#Npts     Radius    Mag      Completeness
#  177  433.6876  -11.291000 0.994382
# Ierr
 -0.108099937    
  -7.05995560E-02
  -5.38997650E-02
  -2.67000198E-02
  -2.64997482E-02
  -1.88999176E-02
  -1.54991150E-02
  -1.40991211E-02
  -1.24998093E-02
  -1.23004913E-02
  -1.20992661E-02
  -1.20000839E-02
  -1.10998154E-02
  -1.10006332E-02
  -1.08003616E-02
  -1.02996826E-02
  -8.69941711E-03
  -8.19969177E-03
  -7.59983063E-03
  -7.50064850E-03
  -6.90078735E-03
  -6.79969788E-03
  -6.50024414E-03
  -6.49929047E-03
  -5.99956512E-03
  -5.90038300E-03
  -5.80024719E-03
  -5.70011139E-03
  -5.70011139E-03
  -5.69915771E-03
  -5.40065765E-03
  -5.39970398E-03
  -5.19943237E-03
  -4.79984283E-03
  -4.69970703E-03
  -4.50038910E-03
  -4.19998169E-03
  -4.19998169E-03
  -4.19998169E-03
  -3.99971008E-03
  -3.90052795E-03
  -3.89957428E-03
  -3.89957428E-03
  -3.80039215E-03
  -3.80039215E-03
  -3.80039215E-03
  -3.79943848E-03
  -3.69930267E-03
  -3.60012054E-03
  -3.60012054E-03
  -3.29971313E-03
  -3.20053101E-03
  -3.20053101E-03
  -3.19957733E-03
  -3.19957733E-03
  -3.19957733E-03
  -3.10039520E-03
  -3.09944153E-03
  -3.00025940E-03
  -2.90012360E-03
  -2.79998779E-03
  -2.69985199E-03
  -2.69985199E-03
  -2.40039825E-03
  -2.40039825E-03
  -2.40039825E-03
  -2.40039825E-03
  -2.30026245E-03
  -2.20012665E-03
  -2.09999084E-03
  -1.89971924E-03
  -1.29985809E-03
  -1.29985809E-03
  -1.20067596E-03
  -1.10054016E-03
  -1.10054016E-03
  -1.10054016E-03
  -1.09958649E-03
  -1.00040436E-03
  -1.00040436E-03
  -9.00268555E-04
  -8.00132751E-04
  -5.99861145E-04
  -5.99861145E-04
  -3.00407410E-04
  -3.00407410E-04
  -2.99453735E-04
  -2.00271606E-04
  -1.00135803E-04
  -1.00135803E-04
  -9.91821289E-05
   0.00000000    
   2.00271606E-04
   2.00271606E-04
   2.00271606E-04
   2.00271606E-04
   4.00543213E-04
   5.00679016E-04
   5.00679016E-04
   5.99861145E-04
   6.99996948E-04
   6.99996948E-04
   7.99179077E-04
   8.00132751E-04
   8.00132751E-04
   8.00132751E-04
   8.99314880E-04
   9.99450684E-04
   1.10054016E-03
   1.19972229E-03
   1.39999390E-03
   1.49917603E-03
   1.60026550E-03
   1.60026550E-03
   1.70040131E-03
   1.70040131E-03
   1.80053711E-03
   1.99985504E-03
   1.99985504E-03
   2.09999084E-03
   2.20012665E-03
   2.40039825E-03
   2.49958038E-03
   2.59971619E-03
   2.60066986E-03
   2.69985199E-03
   2.69985199E-03
   2.90012360E-03
   3.09944153E-03
   3.10039520E-03
   3.49998474E-03
   3.99971008E-03
   4.00066376E-03
   4.50038910E-03
   5.49983978E-03
   5.70011139E-03
   5.79929352E-03
   5.80024719E-03
   6.60037994E-03
   6.60037994E-03
   6.70051575E-03
   6.89983368E-03
   6.90078735E-03
   7.40051270E-03
   7.49969482E-03
   7.69996643E-03
   7.80010223E-03
   7.80010223E-03
   8.09955597E-03
   8.20064545E-03
   8.70037079E-03
   8.89968872E-03
   9.20009613E-03
   9.40036774E-03
   9.79995728E-03
   9.79995728E-03
   9.90009308E-03
   1.14002228E-02
   1.16996765E-02
   1.23004913E-02
   1.23996735E-02
   1.25999451E-02
   1.29003525E-02
   1.41000748E-02
   1.41000748E-02
   1.42002106E-02
   1.58004761E-02
   1.59006119E-02
   1.67999268E-02
   1.99995041E-02
   2.26001740E-02
   2.68001556E-02
   3.25002670E-02
   3.27005386E-02
   4.65993881E-02
   5.71994781E-02
  0.392399788    
