#Npts     Radius    Mag      Completeness
#  147  636.0751  -12.234000 0.986577
# Ierr
 -0.333200455    
  -1.93004608E-02
  -8.10050964E-03
  -7.49969482E-03
  -6.60037994E-03
  -5.20038605E-03
  -5.19943237E-03
  -5.10025024E-03
  -5.00011444E-03
  -4.59957123E-03
  -4.09984589E-03
  -3.79943848E-03
  -3.69930267E-03
  -3.29971313E-03
  -3.20053101E-03
  -3.19957733E-03
  -3.10039520E-03
  -3.00025940E-03
  -3.00025940E-03
  -2.69985199E-03
  -2.69985199E-03
  -2.59971619E-03
  -2.40039825E-03
  -2.39944458E-03
  -2.30026245E-03
  -2.30026245E-03
  -2.20012665E-03
  -2.20012665E-03
  -2.09999084E-03
  -2.00080872E-03
  -1.79958344E-03
  -1.70040131E-03
  -1.59931183E-03
  -1.39999390E-03
  -1.39999390E-03
  -1.30081177E-03
  -1.29985809E-03
  -1.29985809E-03
  -1.19972229E-03
  -1.19972229E-03
  -1.00040436E-03
  -9.99450684E-04
  -8.99314880E-04
  -8.00132751E-04
  -8.00132751E-04
  -8.00132751E-04
  -8.00132751E-04
  -8.00132751E-04
  -6.99996948E-04
  -6.99996948E-04
  -5.99861145E-04
  -5.99861145E-04
  -5.00679016E-04
  -4.99725342E-04
  -4.99725342E-04
  -4.99725342E-04
  -4.99725342E-04
  -2.99453735E-04
  -2.99453735E-04
  -2.99453735E-04
  -2.00271606E-04
  -2.00271606E-04
  -1.99317932E-04
  -1.00135803E-04
  -1.00135803E-04
  -9.91821289E-05
  -9.91821289E-05
   0.00000000    
   0.00000000    
   1.00135803E-04
   1.00135803E-04
   2.00271606E-04
   3.00407410E-04
   3.00407410E-04
   3.00407410E-04
   3.00407410E-04
   3.99589539E-04
   5.00679016E-04
   5.99861145E-04
   5.99861145E-04
   5.99861145E-04
   6.99996948E-04
   6.99996948E-04
   6.99996948E-04
   9.99450684E-04
   9.99450684E-04
   1.00040436E-03
   1.20067596E-03
   1.29985809E-03
   1.30081177E-03
   1.50012970E-03
   1.50012970E-03
   1.59931183E-03
   1.59931183E-03
   1.69944763E-03
   1.69944763E-03
   1.79958344E-03
   1.89971924E-03
   1.89971924E-03
   1.99985504E-03
   1.99985504E-03
   1.99985504E-03
   1.99985504E-03
   2.09999084E-03
   2.20012665E-03
   2.20012665E-03
   2.30026245E-03
   2.30026245E-03
   2.40039825E-03
   2.49958038E-03
   2.69985199E-03
   2.69985199E-03
   2.90012360E-03
   2.90012360E-03
   3.60012054E-03
   3.69930267E-03
   3.79943848E-03
   3.79943848E-03
   4.30011749E-03
   4.49943542E-03
   4.49943542E-03
   4.59957123E-03
   4.60052490E-03
   4.60052490E-03
   4.79984283E-03
   5.10025024E-03
   5.19943237E-03
   5.19943237E-03
   5.70011139E-03
   6.19983673E-03
   7.59983063E-03
   8.39996338E-03
   8.60023499E-03
   8.69941711E-03
   8.70037079E-03
   1.10006332E-02
   1.23004913E-02
   1.24998093E-02
   1.65004730E-02
   1.65004730E-02
   1.78995132E-02
   2.00004578E-02
   2.97994614E-02
   4.31995392E-02
   7.72008896E-02
   8.19997787E-02
  0.102799416    
