#Npts     Radius    Mag      Completeness
#  129 1243.2378  -15.207334 0.984733
# Ierr
  -1.18007660E-02
  -9.30023193E-03
  -8.89968872E-03
  -8.29982758E-03
  -6.80065155E-03
  -6.79969788E-03
  -6.69956207E-03
  -6.10065460E-03
  -6.09970093E-03
  -5.80024719E-03
  -5.59997559E-03
  -5.39970398E-03
  -5.19943237E-03
  -4.70066071E-03
  -4.69970703E-03
  -4.69970703E-03
  -4.59957123E-03
  -4.30011749E-03
  -4.00066376E-03
  -3.80039215E-03
  -3.69930267E-03
  -3.60012054E-03
  -3.49998474E-03
  -3.49998474E-03
  -3.39984894E-03
  -3.30066681E-03
  -3.19957733E-03
  -2.90012360E-03
  -2.69985199E-03
  -2.59971619E-03
  -2.59971619E-03
  -2.40039825E-03
  -1.99985504E-03
  -1.80053711E-03
  -1.79958344E-03
  -1.79958344E-03
  -1.70040131E-03
  -1.69944763E-03
  -1.50012970E-03
  -1.39999390E-03
  -1.29985809E-03
  -1.29985809E-03
  -1.19972229E-03
  -1.09958649E-03
  -1.00040436E-03
  -1.00040436E-03
  -9.00268555E-04
  -8.99314880E-04
  -8.00132751E-04
  -8.00132751E-04
  -5.00679016E-04
  -5.00679016E-04
  -4.00543213E-04
  -2.00271606E-04
  -2.00271606E-04
  -1.00135803E-04
  -9.91821289E-05
   0.00000000    
   0.00000000    
   1.00135803E-04
   2.00271606E-04
   2.00271606E-04
   3.00407410E-04
   3.00407410E-04
   3.99589539E-04
   3.99589539E-04
   4.99725342E-04
   4.99725342E-04
   5.00679016E-04
   5.99861145E-04
   6.00814819E-04
   9.99450684E-04
   1.00040436E-03
   1.00040436E-03
   1.19972229E-03
   1.29985809E-03
   1.29985809E-03
   1.50012970E-03
   1.60026550E-03
   1.60026550E-03
   1.60026550E-03
   1.60026550E-03
   1.69944763E-03
   1.79958344E-03
   1.80053711E-03
   1.90067291E-03
   1.90067291E-03
   1.99985504E-03
   1.99985504E-03
   2.20012665E-03
   2.39944458E-03
   2.40039825E-03
   2.50053406E-03
   2.59971619E-03
   2.79998779E-03
   3.09944153E-03
   3.29971313E-03
   3.60012054E-03
   3.60012054E-03
   3.60012054E-03
   3.69930267E-03
   4.19998169E-03
   4.30011749E-03
   4.50038910E-03
   4.69970703E-03
   4.79984283E-03
   4.79984283E-03
   4.80079651E-03
   4.89997864E-03
   5.10025024E-03
   5.10025024E-03
   5.20038605E-03
   5.30052185E-03
   5.50079346E-03
   5.99956512E-03
   6.09970093E-03
   6.50024414E-03
   6.69956207E-03
   6.80065155E-03
   8.10050964E-03
   8.10050964E-03
   8.39996338E-03
   1.02005005E-02
   1.07994080E-02
   1.78995132E-02
   2.25992203E-02
   3.38001251E-02
  0.131200790    
  0.428400040    
