#Npts     Radius    Mag      Completeness
#  218 1445.6254  -14.082367 1.000000
# Verr
  -1.87997818E-02
  -1.60007477E-02
  -1.49993896E-02
  -1.37004852E-02
  -1.32999420E-02
  -1.31006241E-02
  -1.18999481E-02
  -1.15995407E-02
  -1.09996796E-02
  -1.07002258E-02
  -1.03998184E-02
  -9.90009308E-03
  -9.90009308E-03
  -9.30023193E-03
  -9.30023193E-03
  -9.09996033E-03
  -8.79955292E-03
  -8.79955292E-03
  -8.70037079E-03
  -8.69941711E-03
  -8.00037384E-03
  -7.60078430E-03
  -7.40051270E-03
  -7.10010529E-03
  -6.89983368E-03
  -6.19983673E-03
  -5.80024719E-03
  -5.59997559E-03
  -5.19943237E-03
  -4.89997864E-03
  -4.89997864E-03
  -4.79984283E-03
  -4.69970703E-03
  -4.60052490E-03
  -4.59957123E-03
  -4.40025330E-03
  -4.39929962E-03
  -4.09984589E-03
  -4.00066376E-03
  -3.39984894E-03
  -3.29971313E-03
  -3.29971313E-03
  -3.29971313E-03
  -3.20053101E-03
  -3.10039520E-03
  -3.09944153E-03
  -3.00025940E-03
  -2.99930573E-03
  -2.89916992E-03
  -2.79998779E-03
  -2.79998779E-03
  -2.59971619E-03
  -2.49958038E-03
  -2.30026245E-03
  -2.20012665E-03
  -2.09999084E-03
  -2.09999084E-03
  -2.09999084E-03
  -1.99985504E-03
  -1.99985504E-03
  -1.90067291E-03
  -1.90067291E-03
  -1.89971924E-03
  -1.89971924E-03
  -1.89971924E-03
  -1.79958344E-03
  -1.70040131E-03
  -1.60026550E-03
  -1.50012970E-03
  -1.39999390E-03
  -1.29985809E-03
  -1.19972229E-03
  -1.19972229E-03
  -1.10054016E-03
  -1.10054016E-03
  -1.09958649E-03
  -1.09958649E-03
  -1.00040436E-03
  -1.00040436E-03
  -1.00040436E-03
  -1.00040436E-03
  -1.00040436E-03
  -9.00268555E-04
  -8.00132751E-04
  -7.99179077E-04
  -6.99996948E-04
  -6.99996948E-04
  -5.99861145E-04
  -5.99861145E-04
  -5.00679016E-04
  -4.99725342E-04
  -3.99589539E-04
  -1.99317932E-04
  -1.00135803E-04
  -9.91821289E-05
  -9.91821289E-05
   0.00000000    
   0.00000000    
   1.00135803E-04
   1.00135803E-04
   2.00271606E-04
   2.99453735E-04
   3.99589539E-04
   4.00543213E-04
   4.00543213E-04
   4.00543213E-04
   4.99725342E-04
   4.99725342E-04
   4.99725342E-04
   5.00679016E-04
   5.99861145E-04
   5.99861145E-04
   6.00814819E-04
   6.99996948E-04
   7.99179077E-04
   8.00132751E-04
   8.00132751E-04
   8.99314880E-04
   9.00268555E-04
   9.00268555E-04
   9.00268555E-04
   9.00268555E-04
   9.99450684E-04
   1.00040436E-03
   1.00040436E-03
   1.09958649E-03
   1.10054016E-03
   1.19972229E-03
   1.20067596E-03
   1.29985809E-03
   1.29985809E-03
   1.29985809E-03
   1.39999390E-03
   1.39999390E-03
   1.50012970E-03
   1.60026550E-03
   1.60026550E-03
   1.60026550E-03
   1.79958344E-03
   1.80053711E-03
   1.80053711E-03
   1.89971924E-03
   1.89971924E-03
   2.09999084E-03
   2.09999084E-03
   2.09999084E-03
   2.09999084E-03
   2.19917297E-03
   2.20012665E-03
   2.20012665E-03
   2.20012665E-03
   2.30026245E-03
   2.40039825E-03
   2.69985199E-03
   2.79998779E-03
   2.79998779E-03
   2.99930573E-03
   3.10039520E-03
   3.19957733E-03
   3.20053101E-03
   3.20053101E-03
   3.29971313E-03
   3.29971313E-03
   3.69930267E-03
   3.70025635E-03
   3.70025635E-03
   3.70025635E-03
   3.70025635E-03
   3.80039215E-03
   4.09984589E-03
   4.40025330E-03
   4.50038910E-03
   4.69970703E-03
   4.89997864E-03
   5.00011444E-03
   5.00011444E-03
   5.39970398E-03
   5.49983978E-03
   5.70011139E-03
   5.79929352E-03
   6.09970093E-03
   6.50024414E-03
   6.70051575E-03
   7.10010529E-03
   7.80010223E-03
   7.80010223E-03
   7.80010223E-03
   7.99942017E-03
   7.99942017E-03
   8.00037384E-03
   8.09955597E-03
   9.69982147E-03
   9.90009308E-03
   1.01003647E-02
   1.01995468E-02
   1.02996826E-02
   1.02996826E-02
   1.08003616E-02
   1.09996796E-02
   1.15995407E-02
   1.21994019E-02
   1.30996704E-02
   1.41000748E-02
   1.45998001E-02
   1.59997940E-02
   1.64003372E-02
   1.72996521E-02
   1.85995102E-02
   1.92995071E-02
   1.93004608E-02
   2.10008621E-02
   3.05995941E-02
   4.54998016E-02
   6.97994232E-02
   9.43002701E-02
   9.66005325E-02
  0.379700661    
  0.456600189    
