#Npts     Radius    Mag      Completeness
#  115  433.6876  -12.085500 0.991379
# Verr
  -4.26998138E-02
  -3.00998688E-02
  -8.00037384E-03
  -7.30037689E-03
  -7.20024109E-03
  -5.59997559E-03
  -5.29956818E-03
  -5.10025024E-03
  -4.89997864E-03
  -4.19998169E-03
  -4.10079956E-03
  -4.09984589E-03
  -4.09984589E-03
  -3.79943848E-03
  -3.70025635E-03
  -3.60012054E-03
  -3.60012054E-03
  -3.49998474E-03
  -3.40080261E-03
  -3.39984894E-03
  -2.90012360E-03
  -2.90012360E-03
  -2.90012360E-03
  -2.79998779E-03
  -2.49958038E-03
  -2.39944458E-03
  -2.30026245E-03
  -2.30026245E-03
  -2.20012665E-03
  -1.90067291E-03
  -1.89971924E-03
  -1.80053711E-03
  -1.70040131E-03
  -1.69944763E-03
  -1.60026550E-03
  -1.39999390E-03
  -1.39999390E-03
  -1.39999390E-03
  -1.30081177E-03
  -1.29985809E-03
  -1.20067596E-03
  -1.10054016E-03
  -9.00268555E-04
  -9.00268555E-04
  -8.00132751E-04
  -8.00132751E-04
  -8.00132751E-04
  -7.99179077E-04
  -6.00814819E-04
  -4.00543213E-04
  -3.99589539E-04
  -3.99589539E-04
  -3.99589539E-04
  -2.99453735E-04
  -2.00271606E-04
  -2.00271606E-04
  -2.00271606E-04
  -1.00135803E-04
  -1.00135803E-04
   0.00000000    
   0.00000000    
   1.00135803E-04
   2.00271606E-04
   2.99453735E-04
   2.99453735E-04
   3.00407410E-04
   4.00543213E-04
   6.99996948E-04
   6.99996948E-04
   8.00132751E-04
   9.00268555E-04
   9.99450684E-04
   1.20067596E-03
   1.30081177E-03
   1.39999390E-03
   1.70040131E-03
   1.70040131E-03
   1.70040131E-03
   1.99985504E-03
   2.00080872E-03
   2.09999084E-03
   2.20012665E-03
   2.39944458E-03
   2.40039825E-03
   2.49958038E-03
   2.49958038E-03
   2.90012360E-03
   3.09944153E-03
   3.29971313E-03
   3.29971313E-03
   3.39984894E-03
   3.70025635E-03
   4.30011749E-03
   4.49943542E-03
   4.70066071E-03
   5.00011444E-03
   5.10025024E-03
   5.10025024E-03
   6.09970093E-03
   6.50024414E-03
   6.59942627E-03
   6.99996948E-03
   8.50009918E-03
   8.60023499E-03
   9.49954987E-03
   1.28002167E-02
   1.30996704E-02
   1.38006210E-02
   1.45998001E-02
   1.50003433E-02
   1.79004669E-02
   2.13994980E-02
   2.98995972E-02
   4.54998016E-02
  0.275899887    
