#Npts     Radius    Mag      Completeness
#  174  838.4626  -13.750534 1.000000
# Verr
  -2.30007172E-02
  -1.50995255E-02
  -9.90009308E-03
  -6.29997253E-03
  -2.69985199E-03
  -2.49958038E-03
  -2.09999084E-03
  -2.09999084E-03
  -1.90067291E-03
  -1.89971924E-03
  -1.60026550E-03
  -1.50012970E-03
  -1.49917603E-03
  -1.39999390E-03
  -1.29985809E-03
  -1.20067596E-03
  -1.20067596E-03
  -1.19972229E-03
  -1.09958649E-03
  -1.00040436E-03
  -1.00040436E-03
  -9.00268555E-04
  -9.00268555E-04
  -8.99314880E-04
  -8.00132751E-04
  -8.00132751E-04
  -8.00132751E-04
  -6.99996948E-04
  -6.99996948E-04
  -6.00814819E-04
  -5.99861145E-04
  -5.99861145E-04
  -5.99861145E-04
  -5.99861145E-04
  -5.99861145E-04
  -5.99861145E-04
  -5.99861145E-04
  -5.00679016E-04
  -5.00679016E-04
  -4.99725342E-04
  -4.99725342E-04
  -4.99725342E-04
  -4.00543213E-04
  -4.00543213E-04
  -4.00543213E-04
  -4.00543213E-04
  -3.99589539E-04
  -3.00407410E-04
  -2.99453735E-04
  -2.99453735E-04
  -2.00271606E-04
  -2.00271606E-04
  -2.00271606E-04
  -1.99317932E-04
  -1.99317932E-04
  -1.00135803E-04
  -1.00135803E-04
  -1.00135803E-04
  -1.00135803E-04
  -1.00135803E-04
  -1.00135803E-04
  -1.00135803E-04
  -9.91821289E-05
   0.00000000    
   0.00000000    
   0.00000000    
   0.00000000    
   0.00000000    
   9.91821289E-05
   1.00135803E-04
   1.00135803E-04
   1.00135803E-04
   1.00135803E-04
   1.00135803E-04
   1.00135803E-04
   1.00135803E-04
   1.00135803E-04
   1.00135803E-04
   1.99317932E-04
   2.00271606E-04
   2.00271606E-04
   2.00271606E-04
   2.00271606E-04
   2.00271606E-04
   2.00271606E-04
   2.99453735E-04
   3.00407410E-04
   3.00407410E-04
   3.00407410E-04
   3.00407410E-04
   3.00407410E-04
   3.00407410E-04
   3.99589539E-04
   3.99589539E-04
   4.00543213E-04
   4.99725342E-04
   5.00679016E-04
   5.99861145E-04
   5.99861145E-04
   5.99861145E-04
   5.99861145E-04
   5.99861145E-04
   6.00814819E-04
   6.99996948E-04
   6.99996948E-04
   6.99996948E-04
   6.99996948E-04
   6.99996948E-04
   6.99996948E-04
   6.99996948E-04
   6.99996948E-04
   6.99996948E-04
   7.99179077E-04
   8.00132751E-04
   8.00132751E-04
   8.00132751E-04
   9.00268555E-04
   1.09958649E-03
   1.10054016E-03
   1.10054016E-03
   1.10054016E-03
   1.19972229E-03
   1.19972229E-03
   1.19972229E-03
   1.20067596E-03
   1.20067596E-03
   1.29985809E-03
   1.29985809E-03
   1.29985809E-03
   1.39999390E-03
   1.39999390E-03
   1.39999390E-03
   1.50012970E-03
   1.50012970E-03
   1.50012970E-03
   1.50012970E-03
   1.59931183E-03
   1.60026550E-03
   1.60026550E-03
   1.70040131E-03
   1.79958344E-03
   1.80053711E-03
   1.89971924E-03
   1.90067291E-03
   2.09999084E-03
   2.09999084E-03
   2.19917297E-03
   2.29930878E-03
   2.29930878E-03
   2.39944458E-03
   2.59971619E-03
   2.79998779E-03
   3.00025940E-03
   3.40080261E-03
   3.90052795E-03
   4.09984589E-03
   4.89997864E-03
   5.20038605E-03
   5.90038300E-03
   5.90038300E-03
   6.69956207E-03
   8.39996338E-03
   1.01003647E-02
   1.22003555E-02
   1.92995071E-02
   3.38001251E-02
   4.52003479E-02
   5.39999008E-02
   6.33993149E-02
   6.91995621E-02
   8.48999023E-02
   8.50000381E-02
  0.174500465    
  0.606199265    
