#Npts     Radius    Mag      Completeness
#   98  636.0751  -13.085400 1.000000
# Verr
  -3.79943848E-03
  -3.70025635E-03
  -3.39984894E-03
  -2.90012360E-03
  -2.69985199E-03
  -2.39944458E-03
  -2.20012665E-03
  -2.19917297E-03
  -2.19917297E-03
  -2.09999084E-03
  -1.99985504E-03
  -1.99985504E-03
  -1.89971924E-03
  -1.80053711E-03
  -1.70040131E-03
  -1.60026550E-03
  -1.50012970E-03
  -1.39999390E-03
  -1.30081177E-03
  -1.29985809E-03
  -1.29985809E-03
  -1.09958649E-03
  -1.00040436E-03
  -9.99450684E-04
  -9.00268555E-04
  -8.99314880E-04
  -8.99314880E-04
  -8.00132751E-04
  -8.00132751E-04
  -8.00132751E-04
  -6.99996948E-04
  -6.99996948E-04
  -6.99996948E-04
  -6.99996948E-04
  -5.99861145E-04
  -5.00679016E-04
  -3.00407410E-04
  -2.99453735E-04
  -2.00271606E-04
  -2.00271606E-04
  -1.00135803E-04
  -9.91821289E-05
   0.00000000    
   9.91821289E-05
   1.00135803E-04
   1.99317932E-04
   2.00271606E-04
   3.00407410E-04
   3.00407410E-04
   4.00543213E-04
   4.00543213E-04
   4.99725342E-04
   5.99861145E-04
   5.99861145E-04
   5.99861145E-04
   5.99861145E-04
   6.99996948E-04
   6.99996948E-04
   7.99179077E-04
   8.99314880E-04
   8.99314880E-04
   9.00268555E-04
   9.00268555E-04
   9.00268555E-04
   1.10054016E-03
   1.19972229E-03
   1.19972229E-03
   1.29985809E-03
   1.29985809E-03
   1.30081177E-03
   1.30081177E-03
   1.39999390E-03
   1.39999390E-03
   1.50012970E-03
   1.60026550E-03
   1.60026550E-03
   1.60026550E-03
   1.70040131E-03
   1.80053711E-03
   1.80053711E-03
   1.80053711E-03
   1.99985504E-03
   2.09999084E-03
   2.20012665E-03
   2.20012665E-03
   2.20012665E-03
   2.29930878E-03
   2.90012360E-03
   3.29971313E-03
   3.69930267E-03
   3.99971008E-03
   4.19998169E-03
   4.40025330E-03
   4.69970703E-03
   6.19983673E-03
   1.04999542E-02
   2.74000168E-02
  0.230599403    
