#Npts     Radius    Mag      Completeness
#  169  838.4626  -14.082367 0.994118
# Verr
 -0.173199654    
  -1.67999268E-02
  -1.21002197E-02
  -1.07994080E-02
  -1.03998184E-02
  -9.69982147E-03
  -9.59968567E-03
  -9.50050354E-03
  -8.90064240E-03
  -8.89968872E-03
  -8.79955292E-03
  -7.69996643E-03
  -7.49969482E-03
  -7.30037689E-03
  -6.99996948E-03
  -6.40010834E-03
  -5.99956512E-03
  -5.80024719E-03
  -5.49983978E-03
  -5.10025024E-03
  -4.70066071E-03
  -4.19998169E-03
  -4.19998169E-03
  -4.10079956E-03
  -3.79943848E-03
  -3.79943848E-03
  -3.79943848E-03
  -3.60012054E-03
  -3.49998474E-03
  -3.49998474E-03
  -3.19957733E-03
  -3.10039520E-03
  -3.10039520E-03
  -2.59971619E-03
  -2.40039825E-03
  -2.40039825E-03
  -2.30026245E-03
  -2.20012665E-03
  -2.20012665E-03
  -2.20012665E-03
  -2.09999084E-03
  -1.90067291E-03
  -1.89971924E-03
  -1.89971924E-03
  -1.79958344E-03
  -1.70040131E-03
  -1.70040131E-03
  -1.60026550E-03
  -1.60026550E-03
  -1.50012970E-03
  -1.49917603E-03
  -1.39999390E-03
  -1.30081177E-03
  -1.29985809E-03
  -1.29985809E-03
  -1.19972229E-03
  -1.10054016E-03
  -1.00040436E-03
  -9.99450684E-04
  -9.99450684E-04
  -9.00268555E-04
  -9.00268555E-04
  -9.00268555E-04
  -8.00132751E-04
  -6.99996948E-04
  -6.99996948E-04
  -6.99996948E-04
  -6.99996948E-04
  -5.99861145E-04
  -5.99861145E-04
  -4.99725342E-04
  -4.00543213E-04
  -4.00543213E-04
  -1.99317932E-04
   0.00000000    
   1.00135803E-04
   2.00271606E-04
   2.99453735E-04
   2.99453735E-04
   2.99453735E-04
   3.00407410E-04
   3.00407410E-04
   3.00407410E-04
   3.00407410E-04
   4.00543213E-04
   4.00543213E-04
   4.99725342E-04
   4.99725342E-04
   4.99725342E-04
   5.99861145E-04
   5.99861145E-04
   6.00814819E-04
   6.99996948E-04
   6.99996948E-04
   8.00132751E-04
   8.00132751E-04
   8.00132751E-04
   9.00268555E-04
   9.99450684E-04
   1.09958649E-03
   1.09958649E-03
   1.10054016E-03
   1.20067596E-03
   1.29985809E-03
   1.29985809E-03
   1.39999390E-03
   1.50012970E-03
   1.59931183E-03
   1.60026550E-03
   1.60026550E-03
   1.60026550E-03
   1.60026550E-03
   1.70040131E-03
   1.70040131E-03
   1.70040131E-03
   1.89971924E-03
   1.89971924E-03
   1.89971924E-03
   1.99985504E-03
   2.09999084E-03
   2.39944458E-03
   2.39944458E-03
   2.50053406E-03
   2.59971619E-03
   2.69985199E-03
   2.69985199E-03
   2.79998779E-03
   2.90012360E-03
   3.00025940E-03
   3.00025940E-03
   3.89957428E-03
   4.10079956E-03
   4.30011749E-03
   4.39929962E-03
   4.79984283E-03
   5.00011444E-03
   5.09929657E-03
   5.10025024E-03
   5.20038605E-03
   5.40065765E-03
   5.59997559E-03
   5.69915771E-03
   5.90038300E-03
   5.99956512E-03
   6.09970093E-03
   6.40010834E-03
   6.40010834E-03
   6.40010834E-03
   6.40010834E-03
   6.59942627E-03
   7.10010529E-03
   7.49969482E-03
   8.39996338E-03
   8.60023499E-03
   8.60023499E-03
   8.80050659E-03
   8.99982452E-03
   9.20009613E-03
   1.14002228E-02
   1.17006302E-02
   1.17006302E-02
   1.39999390E-02
   1.55000687E-02
   1.63002014E-02
   3.14006805E-02
   3.56998444E-02
   4.96997833E-02
   7.32002258E-02
  0.229000092    
