#Npts     Radius    Mag      Completeness
#  226 2052.7881  -11.418900 1.000000
# Verr
 -0.540699959    
  -5.84001541E-02
  -2.12001801E-02
  -1.35002136E-02
  -1.22003555E-02
  -1.16996765E-02
  -9.69982147E-03
  -9.59968567E-03
  -9.40036774E-03
  -8.39996338E-03
  -8.39996338E-03
  -8.30078125E-03
  -8.29982758E-03
  -8.00037384E-03
  -7.30037689E-03
  -7.30037689E-03
  -7.29942322E-03
  -6.59942627E-03
  -6.29997253E-03
  -6.09970093E-03
  -6.00051880E-03
  -5.99956512E-03
  -5.70011139E-03
  -5.30052185E-03
  -5.19943237E-03
  -4.80079651E-03
  -4.79984283E-03
  -4.79984283E-03
  -4.69970703E-03
  -4.59957123E-03
  -4.50038910E-03
  -4.40025330E-03
  -4.30011749E-03
  -4.30011749E-03
  -4.00066376E-03
  -3.89957428E-03
  -3.89957428E-03
  -3.79943848E-03
  -3.79943848E-03
  -3.70025635E-03
  -3.70025635E-03
  -3.60012054E-03
  -3.60012054E-03
  -3.60012054E-03
  -3.60012054E-03
  -3.49998474E-03
  -3.39984894E-03
  -3.30066681E-03
  -3.20053101E-03
  -3.10039520E-03
  -3.00025940E-03
  -3.00025940E-03
  -3.00025940E-03
  -2.90012360E-03
  -2.90012360E-03
  -2.89916992E-03
  -2.79998779E-03
  -2.79998779E-03
  -2.79998779E-03
  -2.79998779E-03
  -2.69985199E-03
  -2.60066986E-03
  -2.59971619E-03
  -2.50053406E-03
  -2.50053406E-03
  -2.50053406E-03
  -2.49958038E-03
  -2.39944458E-03
  -2.39944458E-03
  -2.30026245E-03
  -2.30026245E-03
  -2.20012665E-03
  -2.20012665E-03
  -2.09999084E-03
  -2.09999084E-03
  -2.00080872E-03
  -2.00080872E-03
  -1.89971924E-03
  -1.89971924E-03
  -1.79958344E-03
  -1.70040131E-03
  -1.70040131E-03
  -1.69944763E-03
  -1.60026550E-03
  -1.50012970E-03
  -1.29985809E-03
  -1.20067596E-03
  -1.19972229E-03
  -1.19972229E-03
  -1.19972229E-03
  -1.09958649E-03
  -1.00040436E-03
  -9.99450684E-04
  -9.00268555E-04
  -8.00132751E-04
  -8.00132751E-04
  -8.00132751E-04
  -8.00132751E-04
  -7.99179077E-04
  -6.99996948E-04
  -6.99996948E-04
  -5.99861145E-04
  -5.99861145E-04
  -5.99861145E-04
  -5.00679016E-04
  -4.99725342E-04
  -4.00543213E-04
  -4.00543213E-04
  -3.99589539E-04
  -3.99589539E-04
  -3.99589539E-04
  -3.00407410E-04
  -3.00407410E-04
  -1.99317932E-04
  -1.00135803E-04
   1.00135803E-04
   1.00135803E-04
   2.00271606E-04
   2.00271606E-04
   3.00407410E-04
   3.99589539E-04
   3.99589539E-04
   4.99725342E-04
   4.99725342E-04
   4.99725342E-04
   5.00679016E-04
   5.99861145E-04
   5.99861145E-04
   6.99996948E-04
   6.99996948E-04
   8.00132751E-04
   8.00132751E-04
   9.00268555E-04
   9.00268555E-04
   1.00040436E-03
   1.19972229E-03
   1.19972229E-03
   1.20067596E-03
   1.49917603E-03
   1.50012970E-03
   1.59931183E-03
   1.60026550E-03
   1.60026550E-03
   1.69944763E-03
   1.79958344E-03
   1.80053711E-03
   1.89971924E-03
   1.99985504E-03
   2.09999084E-03
   2.20012665E-03
   2.20012665E-03
   2.20012665E-03
   2.29930878E-03
   2.30026245E-03
   2.30026245E-03
   2.39944458E-03
   2.39944458E-03
   2.39944458E-03
   2.40039825E-03
   2.49958038E-03
   2.59971619E-03
   2.59971619E-03
   2.59971619E-03
   2.69985199E-03
   2.69985199E-03
   2.79998779E-03
   2.79998779E-03
   2.79998779E-03
   2.90012360E-03
   3.10039520E-03
   3.10039520E-03
   3.10039520E-03
   3.30066681E-03
   3.30066681E-03
   3.30066681E-03
   3.39984894E-03
   3.59916687E-03
   3.60012054E-03
   3.80039215E-03
   3.89957428E-03
   3.90052795E-03
   4.40025330E-03
   4.40025330E-03
   4.60052490E-03
   4.60052490E-03
   4.79984283E-03
   4.79984283E-03
   4.80079651E-03
   4.89997864E-03
   5.30052185E-03
   5.30052185E-03
   5.49983978E-03
   5.70011139E-03
   5.90038300E-03
   5.99956512E-03
   6.00051880E-03
   6.29997253E-03
   6.59942627E-03
   6.79969788E-03
   6.89983368E-03
   6.90078735E-03
   7.69996643E-03
   7.80010223E-03
   7.99942017E-03
   8.09955597E-03
   8.39996338E-03
   8.70037079E-03
   8.80050659E-03
   8.89968872E-03
   9.19914246E-03
   9.70077515E-03
   9.79995728E-03
   9.89913940E-03
   1.06000900E-02
   1.16996765E-02
   1.20000839E-02
   1.28993988E-02
   1.29003525E-02
   1.42002106E-02
   4.01000977E-02
   6.58998489E-02
   6.83994293E-02
   7.35998154E-02
   7.97996521E-02
   8.13999176E-02
  0.200499535    
