#Npts     Radius    Mag      Completeness
#  219 1445.6254  -13.418700 1.000000
# Verr
  -2.79998779E-03
  -2.69985199E-03
  -2.69985199E-03
  -2.69985199E-03
  -2.59971619E-03
  -2.29930878E-03
  -2.09999084E-03
  -1.99985504E-03
  -1.89971924E-03
  -1.89971924E-03
  -1.80053711E-03
  -1.80053711E-03
  -1.70040131E-03
  -1.69944763E-03
  -1.69944763E-03
  -1.69944763E-03
  -1.60026550E-03
  -1.60026550E-03
  -1.60026550E-03
  -1.59931183E-03
  -1.59931183E-03
  -1.59931183E-03
  -1.39999390E-03
  -1.39999390E-03
  -1.39999390E-03
  -1.29985809E-03
  -1.29985809E-03
  -1.29985809E-03
  -1.20067596E-03
  -1.19972229E-03
  -1.19972229E-03
  -1.10054016E-03
  -1.09958649E-03
  -1.09958649E-03
  -1.09958649E-03
  -1.00040436E-03
  -1.00040436E-03
  -1.00040436E-03
  -9.99450684E-04
  -9.99450684E-04
  -9.00268555E-04
  -9.00268555E-04
  -9.00268555E-04
  -9.00268555E-04
  -9.00268555E-04
  -9.00268555E-04
  -8.00132751E-04
  -8.00132751E-04
  -8.00132751E-04
  -8.00132751E-04
  -8.00132751E-04
  -8.00132751E-04
  -7.99179077E-04
  -6.99996948E-04
  -6.99996948E-04
  -6.99996948E-04
  -6.00814819E-04
  -6.00814819E-04
  -5.99861145E-04
  -5.99861145E-04
  -5.99861145E-04
  -5.99861145E-04
  -5.99861145E-04
  -5.99861145E-04
  -5.99861145E-04
  -5.99861145E-04
  -5.00679016E-04
  -5.00679016E-04
  -5.00679016E-04
  -5.00679016E-04
  -5.00679016E-04
  -4.99725342E-04
  -4.99725342E-04
  -4.00543213E-04
  -4.00543213E-04
  -4.00543213E-04
  -4.00543213E-04
  -4.00543213E-04
  -4.00543213E-04
  -4.00543213E-04
  -3.99589539E-04
  -3.99589539E-04
  -3.99589539E-04
  -3.00407410E-04
  -2.99453735E-04
  -2.99453735E-04
  -2.00271606E-04
  -2.00271606E-04
  -2.00271606E-04
  -2.00271606E-04
  -1.99317932E-04
  -1.00135803E-04
  -1.00135803E-04
  -1.00135803E-04
  -1.00135803E-04
  -1.00135803E-04
  -1.00135803E-04
   0.00000000    
   0.00000000    
   0.00000000    
   0.00000000    
   0.00000000    
   0.00000000    
   1.00135803E-04
   1.00135803E-04
   1.00135803E-04
   1.00135803E-04
   1.00135803E-04
   1.00135803E-04
   1.00135803E-04
   1.00135803E-04
   1.00135803E-04
   1.00135803E-04
   1.00135803E-04
   1.00135803E-04
   1.00135803E-04
   2.00271606E-04
   2.00271606E-04
   2.00271606E-04
   2.00271606E-04
   2.99453735E-04
   2.99453735E-04
   3.00407410E-04
   3.00407410E-04
   3.00407410E-04
   3.00407410E-04
   3.99589539E-04
   3.99589539E-04
   3.99589539E-04
   3.99589539E-04
   4.00543213E-04
   4.00543213E-04
   4.99725342E-04
   4.99725342E-04
   4.99725342E-04
   4.99725342E-04
   4.99725342E-04
   5.00679016E-04
   5.00679016E-04
   5.00679016E-04
   5.99861145E-04
   5.99861145E-04
   5.99861145E-04
   5.99861145E-04
   6.99996948E-04
   6.99996948E-04
   6.99996948E-04
   6.99996948E-04
   6.99996948E-04
   6.99996948E-04
   8.00132751E-04
   8.00132751E-04
   8.00132751E-04
   8.99314880E-04
   8.99314880E-04
   9.00268555E-04
   9.99450684E-04
   9.99450684E-04
   1.00040436E-03
   1.00040436E-03
   1.00040436E-03
   1.00040436E-03
   1.09958649E-03
   1.09958649E-03
   1.09958649E-03
   1.10054016E-03
   1.10054016E-03
   1.19972229E-03
   1.19972229E-03
   1.19972229E-03
   1.20067596E-03
   1.29985809E-03
   1.30081177E-03
   1.30081177E-03
   1.39999390E-03
   1.39999390E-03
   1.39999390E-03
   1.39999390E-03
   1.39999390E-03
   1.50012970E-03
   1.50012970E-03
   1.50012970E-03
   1.60026550E-03
   1.69944763E-03
   1.79958344E-03
   1.79958344E-03
   1.80053711E-03
   1.80053711E-03
   1.99985504E-03
   1.99985504E-03
   1.99985504E-03
   1.99985504E-03
   2.09999084E-03
   2.09999084E-03
   2.09999084E-03
   2.20012665E-03
   2.20012665E-03
   2.20012665E-03
   2.20012665E-03
   2.30026245E-03
   2.30026245E-03
   2.30026245E-03
   2.49958038E-03
   2.59971619E-03
   2.59971619E-03
   2.59971619E-03
   3.49998474E-03
   3.69930267E-03
   3.70025635E-03
   3.99971008E-03
   4.40025330E-03
   4.49943542E-03
   4.89997864E-03
   6.19983673E-03
   7.10010529E-03
   7.30037689E-03
   8.19969177E-03
   1.38006210E-02
  0.283800125    
