#Npts     Radius    Mag      Completeness
#  228 1648.0129  -14.082367 0.995633
# Verr
  -1.84001923E-02
  -1.66006088E-02
  -1.52997971E-02
  -1.48000717E-02
  -1.38998032E-02
  -1.33008957E-02
  -1.29003525E-02
  -1.15003586E-02
  -1.10998154E-02
  -1.04999542E-02
  -1.01995468E-02
  -1.00002289E-02
  -9.99927521E-03
  -9.70077515E-03
  -9.69982147E-03
  -8.79955292E-03
  -8.79955292E-03
  -8.50009918E-03
  -8.39996338E-03
  -8.29982758E-03
  -8.09955597E-03
  -7.69996643E-03
  -7.60078430E-03
  -7.39955902E-03
  -7.30037689E-03
  -7.20024109E-03
  -6.89983368E-03
  -6.80065155E-03
  -6.69956207E-03
  -6.60037994E-03
  -6.50024414E-03
  -6.29997253E-03
  -5.69915771E-03
  -5.59997559E-03
  -5.59997559E-03
  -5.49983978E-03
  -5.39970398E-03
  -5.00011444E-03
  -4.79984283E-03
  -4.19998169E-03
  -3.89957428E-03
  -3.80039215E-03
  -3.80039215E-03
  -3.79943848E-03
  -3.49998474E-03
  -3.49998474E-03
  -3.49998474E-03
  -3.39984894E-03
  -3.39984894E-03
  -3.29971313E-03
  -3.09944153E-03
  -3.00025940E-03
  -2.90012360E-03
  -2.90012360E-03
  -2.79998779E-03
  -2.69985199E-03
  -2.60066986E-03
  -2.59971619E-03
  -2.59971619E-03
  -2.59971619E-03
  -2.49958038E-03
  -2.49958038E-03
  -2.40039825E-03
  -2.39944458E-03
  -2.39944458E-03
  -2.30026245E-03
  -2.30026245E-03
  -2.20012665E-03
  -2.20012665E-03
  -2.20012665E-03
  -2.20012665E-03
  -2.09999084E-03
  -1.99985504E-03
  -1.89971924E-03
  -1.79958344E-03
  -1.70040131E-03
  -1.70040131E-03
  -1.70040131E-03
  -1.69944763E-03
  -1.60026550E-03
  -1.60026550E-03
  -1.60026550E-03
  -1.59931183E-03
  -1.50012970E-03
  -1.50012970E-03
  -1.50012970E-03
  -1.50012970E-03
  -1.50012970E-03
  -1.39999390E-03
  -1.39999390E-03
  -1.29985809E-03
  -1.29985809E-03
  -1.20067596E-03
  -1.19972229E-03
  -1.19972229E-03
  -1.19972229E-03
  -1.10054016E-03
  -1.09958649E-03
  -1.00040436E-03
  -1.00040436E-03
  -1.00040436E-03
  -8.99314880E-04
  -8.00132751E-04
  -8.00132751E-04
  -6.99996948E-04
  -6.99996948E-04
  -6.99996948E-04
  -5.99861145E-04
  -5.99861145E-04
  -5.99861145E-04
  -5.00679016E-04
  -4.99725342E-04
  -4.99725342E-04
  -3.99589539E-04
  -3.00407410E-04
  -2.99453735E-04
  -2.99453735E-04
  -2.99453735E-04
  -1.99317932E-04
  -1.99317932E-04
  -1.00135803E-04
   0.00000000    
   0.00000000    
   9.91821289E-05
   1.00135803E-04
   1.00135803E-04
   1.00135803E-04
   2.00271606E-04
   2.00271606E-04
   2.99453735E-04
   2.99453735E-04
   2.99453735E-04
   3.00407410E-04
   3.99589539E-04
   3.99589539E-04
   4.99725342E-04
   4.99725342E-04
   4.99725342E-04
   5.99861145E-04
   5.99861145E-04
   6.99996948E-04
   6.99996948E-04
   8.00132751E-04
   8.00132751E-04
   8.00132751E-04
   9.00268555E-04
   9.00268555E-04
   9.00268555E-04
   1.00040436E-03
   1.00040436E-03
   1.10054016E-03
   1.29985809E-03
   1.29985809E-03
   1.30081177E-03
   1.39999390E-03
   1.50012970E-03
   1.50012970E-03
   1.50012970E-03
   1.59931183E-03
   1.60026550E-03
   1.69944763E-03
   1.69944763E-03
   1.70040131E-03
   1.99985504E-03
   2.09999084E-03
   2.09999084E-03
   2.19917297E-03
   2.20012665E-03
   2.39944458E-03
   2.49958038E-03
   2.50053406E-03
   2.69985199E-03
   2.69985199E-03
   2.79998779E-03
   2.79998779E-03
   2.79998779E-03
   3.00025940E-03
   3.29971313E-03
   3.30066681E-03
   3.39984894E-03
   3.60012054E-03
   3.70025635E-03
   3.80039215E-03
   3.99971008E-03
   3.99971008E-03
   4.00066376E-03
   4.09984589E-03
   4.09984589E-03
   4.09984589E-03
   4.40025330E-03
   4.40025330E-03
   4.59957123E-03
   4.70066071E-03
   4.79984283E-03
   4.79984283E-03
   4.89997864E-03
   5.10025024E-03
   5.39970398E-03
   5.39970398E-03
   5.89942932E-03
   6.09970093E-03
   6.19983673E-03
   6.39915466E-03
   6.40010834E-03
   6.40010834E-03
   6.69956207E-03
   6.70051575E-03
   7.19928741E-03
   7.69996643E-03
   7.80010223E-03
   8.19969177E-03
   9.20009613E-03
   9.29927826E-03
   9.30023193E-03
   9.49954987E-03
   9.59968567E-03
   9.59968567E-03
   1.20000839E-02
   1.20992661E-02
   1.24998093E-02
   1.30004883E-02
   1.38006210E-02
   1.45006180E-02
   1.52006149E-02
   1.80997849E-02
   3.71999741E-02
   4.81996536E-02
  0.143100739    
