#Npts     Radius    Mag      Completeness
#  219 1445.6254  -14.414200 1.000000
# Verr
  -1.35993958E-02
  -1.17998123E-02
  -1.13992691E-02
  -1.13000870E-02
  -1.10998154E-02
  -1.07002258E-02
  -1.07002258E-02
  -9.69982147E-03
  -9.69982147E-03
  -9.59968567E-03
  -9.40036774E-03
  -9.30023193E-03
  -9.20009613E-03
  -9.09996033E-03
  -8.89968872E-03
  -8.60023499E-03
  -8.59928131E-03
  -8.50009918E-03
  -8.39996338E-03
  -8.30078125E-03
  -8.29982758E-03
  -8.00037384E-03
  -7.69996643E-03
  -7.59983063E-03
  -7.39955902E-03
  -7.29942322E-03
  -7.20024109E-03
  -7.20024109E-03
  -7.19928741E-03
  -6.99996948E-03
  -6.99996948E-03
  -6.99996948E-03
  -6.89983368E-03
  -6.79969788E-03
  -6.69956207E-03
  -6.60037994E-03
  -6.60037994E-03
  -6.40010834E-03
  -6.39915466E-03
  -6.29997253E-03
  -6.20079041E-03
  -5.99956512E-03
  -5.90038300E-03
  -5.59997559E-03
  -5.59997559E-03
  -5.49983978E-03
  -5.40065765E-03
  -5.30052185E-03
  -5.29956818E-03
  -5.10025024E-03
  -5.09929657E-03
  -4.89997864E-03
  -4.89997864E-03
  -4.69970703E-03
  -4.60052490E-03
  -4.49943542E-03
  -4.40025330E-03
  -4.30011749E-03
  -4.30011749E-03
  -4.19998169E-03
  -4.19998169E-03
  -4.10079956E-03
  -4.00066376E-03
  -4.00066376E-03
  -3.80039215E-03
  -3.49998474E-03
  -3.49998474E-03
  -3.39984894E-03
  -3.39984894E-03
  -3.39984894E-03
  -3.20053101E-03
  -3.20053101E-03
  -3.20053101E-03
  -3.20053101E-03
  -3.10039520E-03
  -3.10039520E-03
  -3.00025940E-03
  -3.00025940E-03
  -2.90012360E-03
  -2.90012360E-03
  -2.79998779E-03
  -2.79998779E-03
  -2.50053406E-03
  -2.50053406E-03
  -2.49958038E-03
  -2.40039825E-03
  -2.40039825E-03
  -2.29930878E-03
  -2.20012665E-03
  -2.09999084E-03
  -2.09999084E-03
  -1.80053711E-03
  -1.69944763E-03
  -1.60026550E-03
  -1.49917603E-03
  -1.29985809E-03
  -1.09958649E-03
  -1.00040436E-03
  -9.99450684E-04
  -9.00268555E-04
  -8.00132751E-04
  -8.00132751E-04
  -8.00132751E-04
  -8.00132751E-04
  -6.99996948E-04
  -6.99996948E-04
  -6.99996948E-04
  -6.00814819E-04
  -5.99861145E-04
  -4.00543213E-04
  -4.00543213E-04
  -4.00543213E-04
  -4.00543213E-04
  -3.00407410E-04
  -2.99453735E-04
  -1.00135803E-04
   0.00000000    
   0.00000000    
   2.00271606E-04
   2.00271606E-04
   2.99453735E-04
   3.00407410E-04
   3.99589539E-04
   4.00543213E-04
   5.00679016E-04
   5.99861145E-04
   5.99861145E-04
   9.00268555E-04
   1.00040436E-03
   1.09958649E-03
   1.09958649E-03
   1.19972229E-03
   1.39999390E-03
   1.39999390E-03
   1.39999390E-03
   1.50012970E-03
   1.50012970E-03
   1.60026550E-03
   1.70040131E-03
   1.89971924E-03
   1.89971924E-03
   2.09999084E-03
   2.09999084E-03
   2.09999084E-03
   2.40039825E-03
   2.59971619E-03
   2.59971619E-03
   2.69985199E-03
   2.70080566E-03
   2.90012360E-03
   3.00025940E-03
   3.19957733E-03
   3.29971313E-03
   3.39984894E-03
   3.39984894E-03
   3.39984894E-03
   3.49998474E-03
   3.49998474E-03
   3.60012054E-03
   3.70025635E-03
   3.90052795E-03
   3.99971008E-03
   3.99971008E-03
   3.99971008E-03
   3.99971008E-03
   3.99971008E-03
   4.30011749E-03
   4.40025330E-03
   4.40025330E-03
   4.40025330E-03
   4.49943542E-03
   4.89997864E-03
   5.10025024E-03
   5.10025024E-03
   5.20038605E-03
   5.20038605E-03
   5.29956818E-03
   5.30052185E-03
   5.39970398E-03
   5.40065765E-03
   5.80024719E-03
   5.90038300E-03
   6.19983673E-03
   6.19983673E-03
   6.19983673E-03
   6.20079041E-03
   6.40010834E-03
   6.49929047E-03
   6.49929047E-03
   6.50024414E-03
   6.59942627E-03
   6.60037994E-03
   6.89983368E-03
   6.89983368E-03
   6.89983368E-03
   7.60078430E-03
   8.29982758E-03
   8.39996338E-03
   8.39996338E-03
   8.70037079E-03
   8.70037079E-03
   9.09996033E-03
   1.01003647E-02
   1.01995468E-02
   1.02996826E-02
   1.10998154E-02
   1.11999512E-02
   1.13000870E-02
   1.21002197E-02
   1.24998093E-02
   1.36995316E-02
   1.39999390E-02
   1.79996490E-02
   1.88999176E-02
   2.21996307E-02
   2.70004272E-02
   3.33003998E-02
   3.57999802E-02
   5.65996170E-02
