#Npts     Radius    Mag      Completeness
#  110  636.0751  -11.752199 0.990991
# Verr
 -0.219699860    
  -8.23001862E-02
  -2.05001831E-02
  -1.16996765E-02
  -9.09996033E-03
  -8.29982758E-03
  -8.00037384E-03
  -7.90023804E-03
  -7.90023804E-03
  -6.09970093E-03
  -5.59997559E-03
  -5.49983978E-03
  -5.39970398E-03
  -5.10025024E-03
  -5.00011444E-03
  -5.00011444E-03
  -4.89997864E-03
  -4.70066071E-03
  -4.60052490E-03
  -4.50038910E-03
  -4.49943542E-03
  -4.49943542E-03
  -4.40025330E-03
  -4.40025330E-03
  -4.30011749E-03
  -4.10079956E-03
  -3.79943848E-03
  -3.10039520E-03
  -3.00025940E-03
  -2.89916992E-03
  -2.80094147E-03
  -2.79998779E-03
  -2.59971619E-03
  -2.40039825E-03
  -2.30026245E-03
  -2.30026245E-03
  -2.30026245E-03
  -2.20012665E-03
  -2.20012665E-03
  -2.19917297E-03
  -2.09999084E-03
  -2.09999084E-03
  -2.00080872E-03
  -2.00080872E-03
  -1.89971924E-03
  -1.89971924E-03
  -1.79958344E-03
  -1.69944763E-03
  -1.50012970E-03
  -1.50012970E-03
  -1.20067596E-03
  -1.19972229E-03
  -1.10054016E-03
  -6.99996948E-04
  -5.00679016E-04
  -4.99725342E-04
  -3.00407410E-04
  -3.00407410E-04
   0.00000000    
   0.00000000    
   2.00271606E-04
   2.00271606E-04
   4.00543213E-04
   5.99861145E-04
   9.00268555E-04
   9.00268555E-04
   9.99450684E-04
   1.00040436E-03
   1.09958649E-03
   1.10054016E-03
   1.50012970E-03
   1.50012970E-03
   1.59931183E-03
   1.60026550E-03
   1.60026550E-03
   1.79958344E-03
   1.89971924E-03
   1.89971924E-03
   1.99985504E-03
   1.99985504E-03
   2.09999084E-03
   2.20012665E-03
   2.20012665E-03
   2.30026245E-03
   2.69985199E-03
   2.79998779E-03
   2.90012360E-03
   3.29971313E-03
   3.29971313E-03
   3.49998474E-03
   3.80039215E-03
   3.90052795E-03
   4.30011749E-03
   4.40025330E-03
   4.50038910E-03
   4.79984283E-03
   5.00011444E-03
   5.19943237E-03
   5.70011139E-03
   5.80024719E-03
   6.09970093E-03
   6.50024414E-03
   8.39996338E-03
   9.69982147E-03
   9.79995728E-03
   9.99927521E-03
   1.13000870E-02
   1.25999451E-02
   1.53999329E-02
   1.76000595E-02
