#Npts     Radius    Mag      Completeness
#  105  636.0751  -12.418800 0.990566
# Verr
  -5.78994751E-02
  -1.46999359E-02
  -6.20079041E-03
  -4.89997864E-03
  -4.40025330E-03
  -4.19998169E-03
  -3.89957428E-03
  -3.80039215E-03
  -3.79943848E-03
  -3.79943848E-03
  -3.39984894E-03
  -3.39984894E-03
  -3.39984894E-03
  -3.29971313E-03
  -3.00025940E-03
  -2.99930573E-03
  -2.69985199E-03
  -2.69985199E-03
  -2.59971619E-03
  -2.59971619E-03
  -2.30026245E-03
  -2.20012665E-03
  -1.99985504E-03
  -1.99985504E-03
  -1.90067291E-03
  -1.80053711E-03
  -1.69944763E-03
  -1.60026550E-03
  -1.60026550E-03
  -1.50012970E-03
  -1.50012970E-03
  -1.39999390E-03
  -1.19972229E-03
  -1.00040436E-03
  -9.99450684E-04
  -9.99450684E-04
  -9.00268555E-04
  -6.99996948E-04
  -6.99996948E-04
  -5.99861145E-04
  -5.99861145E-04
  -4.99725342E-04
  -4.99725342E-04
  -3.00407410E-04
  -2.99453735E-04
  -1.99317932E-04
  -1.00135803E-04
   9.91821289E-05
   1.00135803E-04
   1.00135803E-04
   1.00135803E-04
   2.00271606E-04
   2.00271606E-04
   2.00271606E-04
   2.00271606E-04
   3.00407410E-04
   3.99589539E-04
   4.00543213E-04
   5.00679016E-04
   5.99861145E-04
   6.00814819E-04
   6.99996948E-04
   7.99179077E-04
   8.99314880E-04
   9.00268555E-04
   9.99450684E-04
   1.09958649E-03
   1.09958649E-03
   1.19972229E-03
   1.20067596E-03
   1.30081177E-03
   1.49917603E-03
   1.49917603E-03
   1.60026550E-03
   1.89971924E-03
   1.99985504E-03
   1.99985504E-03
   1.99985504E-03
   2.19917297E-03
   2.30026245E-03
   2.50053406E-03
   2.59971619E-03
   2.69985199E-03
   3.29971313E-03
   3.60012054E-03
   3.90052795E-03
   3.99971008E-03
   4.30011749E-03
   4.50038910E-03
   4.70066071E-03
   4.89997864E-03
   5.00011444E-03
   5.89942932E-03
   6.00051880E-03
   6.40010834E-03
   7.49969482E-03
   8.00037384E-03
   8.80050659E-03
   1.04007721E-02
   1.86004639E-02
   2.11000443E-02
   2.55002975E-02
   5.85994720E-02
   7.56998062E-02
  0.116999626    
