#Npts     Radius    Mag      Completeness
#  198 1040.8502  -11.418900 0.985075
# Verr
  -9.20991898E-02
  -7.26003647E-02
  -4.96006012E-02
  -4.20007706E-02
  -4.01000977E-02
  -2.62002945E-02
  -2.50997543E-02
  -1.55000687E-02
  -1.10006332E-02
  -1.00002289E-02
  -9.90009308E-03
  -8.90064240E-03
  -8.79955292E-03
  -8.00037384E-03
  -7.89928436E-03
  -7.59983063E-03
  -7.30037689E-03
  -7.20024109E-03
  -6.89983368E-03
  -6.19983673E-03
  -6.10065460E-03
  -6.00051880E-03
  -5.80024719E-03
  -5.80024719E-03
  -5.80024719E-03
  -5.70011139E-03
  -5.60092926E-03
  -5.49983978E-03
  -5.49983978E-03
  -5.29956818E-03
  -5.19943237E-03
  -5.09929657E-03
  -5.00011444E-03
  -5.00011444E-03
  -4.89997864E-03
  -4.79984283E-03
  -4.69970703E-03
  -4.50038910E-03
  -4.50038910E-03
  -4.40025330E-03
  -4.39929962E-03
  -4.30011749E-03
  -4.19998169E-03
  -4.19998169E-03
  -4.10079956E-03
  -3.80039215E-03
  -3.69930267E-03
  -3.59916687E-03
  -3.40080261E-03
  -3.30066681E-03
  -3.30066681E-03
  -3.20053101E-03
  -3.19957733E-03
  -2.90012360E-03
  -2.90012360E-03
  -2.90012360E-03
  -2.59971619E-03
  -2.59971619E-03
  -2.59971619E-03
  -2.49958038E-03
  -2.39944458E-03
  -2.39944458E-03
  -2.30026245E-03
  -2.20012665E-03
  -2.20012665E-03
  -1.99985504E-03
  -1.99985504E-03
  -1.99985504E-03
  -1.69944763E-03
  -1.50012970E-03
  -1.50012970E-03
  -1.49917603E-03
  -1.39999390E-03
  -1.39999390E-03
  -1.39999390E-03
  -1.30081177E-03
  -1.30081177E-03
  -1.29985809E-03
  -1.29985809E-03
  -1.19972229E-03
  -1.19972229E-03
  -1.00040436E-03
  -1.00040436E-03
  -1.00040436E-03
  -1.00040436E-03
  -9.00268555E-04
  -9.00268555E-04
  -9.00268555E-04
  -9.00268555E-04
  -8.00132751E-04
  -8.00132751E-04
  -8.00132751E-04
  -6.99996948E-04
  -5.00679016E-04
  -5.00679016E-04
  -4.99725342E-04
  -3.00407410E-04
  -3.00407410E-04
  -2.00271606E-04
   0.00000000    
   0.00000000    
   9.91821289E-05
   1.00135803E-04
   1.99317932E-04
   1.99317932E-04
   3.00407410E-04
   3.99589539E-04
   3.99589539E-04
   4.99725342E-04
   4.99725342E-04
   5.99861145E-04
   5.99861145E-04
   6.00814819E-04
   6.99996948E-04
   6.99996948E-04
   8.00132751E-04
   8.00132751E-04
   8.00132751E-04
   8.99314880E-04
   9.00268555E-04
   9.99450684E-04
   1.09958649E-03
   1.19972229E-03
   1.29985809E-03
   1.39999390E-03
   1.79958344E-03
   1.99985504E-03
   1.99985504E-03
   2.09999084E-03
   2.09999084E-03
   2.20012665E-03
   2.30026245E-03
   2.40039825E-03
   2.50053406E-03
   2.59971619E-03
   2.59971619E-03
   2.59971619E-03
   2.69985199E-03
   2.70080566E-03
   2.90012360E-03
   2.90012360E-03
   3.09944153E-03
   3.10039520E-03
   3.29971313E-03
   3.39984894E-03
   3.39984894E-03
   3.49998474E-03
   3.49998474E-03
   3.49998474E-03
   3.89957428E-03
   3.90052795E-03
   3.90052795E-03
   3.99971008E-03
   4.00066376E-03
   4.00066376E-03
   4.00066376E-03
   4.09984589E-03
   4.30011749E-03
   4.40025330E-03
   4.49943542E-03
   4.50038910E-03
   4.79984283E-03
   4.89997864E-03
   5.10025024E-03
   5.19943237E-03
   5.49983978E-03
   5.59997559E-03
   6.00051880E-03
   6.19983673E-03
   6.19983673E-03
   7.10010529E-03
   7.20024109E-03
   7.30037689E-03
   7.50064850E-03
   7.50064850E-03
   8.19969177E-03
   8.29982758E-03
   9.40036774E-03
   1.00002289E-02
   1.04999542E-02
   1.10998154E-02
   1.11999512E-02
   1.14994049E-02
   1.15003586E-02
   1.27000809E-02
   1.28002167E-02
   1.32999420E-02
   1.69000626E-02
   1.71003342E-02
   3.04994583E-02
   3.12004089E-02
   4.13999557E-02
   4.33998108E-02
   5.00993729E-02
   8.82005692E-02
  0.105899811    
  0.178999901    
  0.536499977    
