#Npts     Radius    Mag      Completeness
#  245 1850.4005  -14.082367 1.000000
# Verr
  -1.51996613E-02
  -1.39999390E-02
  -1.37996674E-02
  -1.34000778E-02
  -1.32999420E-02
  -1.25999451E-02
  -1.23996735E-02
  -1.21002197E-02
  -1.19991302E-02
  -1.18999481E-02
  -1.08003616E-02
  -1.01995468E-02
  -9.69982147E-03
  -9.30023193E-03
  -8.89968872E-03
  -8.39996338E-03
  -8.30078125E-03
  -8.20064545E-03
  -8.19969177E-03
  -7.99942017E-03
  -7.90023804E-03
  -7.90023804E-03
  -7.80010223E-03
  -7.60078430E-03
  -7.49969482E-03
  -7.40051270E-03
  -7.39955902E-03
  -7.30037689E-03
  -7.30037689E-03
  -7.20024109E-03
  -6.99996948E-03
  -6.40010834E-03
  -6.29997253E-03
  -6.29997253E-03
  -6.19983673E-03
  -6.09970093E-03
  -5.90038300E-03
  -5.50079346E-03
  -5.49983978E-03
  -5.19943237E-03
  -5.00011444E-03
  -4.79984283E-03
  -4.50038910E-03
  -4.30011749E-03
  -4.09984589E-03
  -4.00066376E-03
  -3.89957428E-03
  -3.60012054E-03
  -3.40080261E-03
  -3.30066681E-03
  -3.19957733E-03
  -3.00025940E-03
  -3.00025940E-03
  -2.70080566E-03
  -2.69985199E-03
  -2.59971619E-03
  -2.49958038E-03
  -2.30026245E-03
  -2.30026245E-03
  -2.29930878E-03
  -2.20012665E-03
  -2.20012665E-03
  -2.20012665E-03
  -2.19917297E-03
  -1.99985504E-03
  -1.99985504E-03
  -1.89971924E-03
  -1.70040131E-03
  -1.60026550E-03
  -1.50012970E-03
  -1.50012970E-03
  -1.49917603E-03
  -1.39999390E-03
  -1.39999390E-03
  -1.39999390E-03
  -1.30081177E-03
  -1.29985809E-03
  -1.29985809E-03
  -1.19972229E-03
  -1.19972229E-03
  -1.19972229E-03
  -1.19972229E-03
  -1.10054016E-03
  -1.09958649E-03
  -1.09958649E-03
  -1.09958649E-03
  -1.09958649E-03
  -1.09958649E-03
  -9.99450684E-04
  -8.00132751E-04
  -8.00132751E-04
  -6.00814819E-04
  -5.99861145E-04
  -5.99861145E-04
  -5.99861145E-04
  -5.99861145E-04
  -4.99725342E-04
  -4.99725342E-04
  -4.00543213E-04
  -4.00543213E-04
  -3.00407410E-04
  -3.00407410E-04
  -3.00407410E-04
  -3.00407410E-04
  -2.99453735E-04
  -2.00271606E-04
  -1.99317932E-04
  -1.00135803E-04
   0.00000000    
   0.00000000    
   0.00000000    
   1.00135803E-04
   1.00135803E-04
   1.00135803E-04
   1.00135803E-04
   1.99317932E-04
   1.99317932E-04
   1.99317932E-04
   2.00271606E-04
   2.00271606E-04
   2.00271606E-04
   2.99453735E-04
   2.99453735E-04
   2.99453735E-04
   2.99453735E-04
   3.00407410E-04
   3.00407410E-04
   4.00543213E-04
   4.00543213E-04
   4.00543213E-04
   4.00543213E-04
   4.99725342E-04
   4.99725342E-04
   5.00679016E-04
   6.99996948E-04
   6.99996948E-04
   6.99996948E-04
   8.00132751E-04
   8.00132751E-04
   8.00132751E-04
   8.00132751E-04
   8.99314880E-04
   8.99314880E-04
   9.00268555E-04
   9.99450684E-04
   1.09958649E-03
   1.09958649E-03
   1.10054016E-03
   1.19972229E-03
   1.19972229E-03
   1.19972229E-03
   1.29985809E-03
   1.29985809E-03
   1.39999390E-03
   1.39999390E-03
   1.49917603E-03
   1.59931183E-03
   1.59931183E-03
   1.69944763E-03
   1.69944763E-03
   1.79958344E-03
   1.79958344E-03
   1.80053711E-03
   1.89971924E-03
   1.89971924E-03
   1.89971924E-03
   1.99985504E-03
   1.99985504E-03
   2.00080872E-03
   2.09999084E-03
   2.20012665E-03
   2.20012665E-03
   2.20012665E-03
   2.30026245E-03
   2.39944458E-03
   2.50053406E-03
   2.59971619E-03
   2.69985199E-03
   2.69985199E-03
   2.69985199E-03
   2.79998779E-03
   2.79998779E-03
   2.79998779E-03
   2.90012360E-03
   3.10039520E-03
   3.10039520E-03
   3.10039520E-03
   3.29971313E-03
   3.29971313E-03
   3.49998474E-03
   3.60012054E-03
   3.60012054E-03
   3.79943848E-03
   3.80039215E-03
   3.89957428E-03
   3.99971008E-03
   4.09984589E-03
   4.09984589E-03
   4.19998169E-03
   4.19998169E-03
   4.59957123E-03
   4.60052490E-03
   4.60052490E-03
   4.89997864E-03
   5.29956818E-03
   5.30052185E-03
   5.40065765E-03
   5.49983978E-03
   5.49983978E-03
   5.79929352E-03
   5.89942932E-03
   6.49929047E-03
   6.50024414E-03
   6.70051575E-03
   6.99996948E-03
   7.20024109E-03
   7.69996643E-03
   7.69996643E-03
   8.09955597E-03
   8.80050659E-03
   8.89968872E-03
   9.09996033E-03
   9.09996033E-03
   9.09996033E-03
   9.40036774E-03
   9.69982147E-03
   1.02996826E-02
   1.08995438E-02
   1.10998154E-02
   1.13000870E-02
   1.14994049E-02
   1.16004944E-02
   1.18999481E-02
   1.24998093E-02
   1.30004883E-02
   1.37996674E-02
   1.38998032E-02
   1.41000748E-02
   1.49002075E-02
   1.52997971E-02
   1.64995193E-02
   2.32000351E-02
   3.20997238E-02
   6.73007965E-02
  0.171700478    
