#Npts     Radius    Mag      Completeness
#  131  636.0751  -14.746034 1.000000
# Verr
  -1.44996643E-02
  -1.27000809E-02
  -1.18999481E-02
  -1.09996796E-02
  -9.49954987E-03
  -9.09996033E-03
  -8.89968872E-03
  -8.79955292E-03
  -8.70037079E-03
  -8.29982758E-03
  -8.19969177E-03
  -7.69996643E-03
  -7.69996643E-03
  -7.59983063E-03
  -7.49969482E-03
  -7.39955902E-03
  -6.99996948E-03
  -6.60037994E-03
  -6.19983673E-03
  -6.09970093E-03
  -6.00051880E-03
  -5.79929352E-03
  -5.70011139E-03
  -5.20038605E-03
  -5.20038605E-03
  -5.19943237E-03
  -5.19943237E-03
  -5.10025024E-03
  -5.10025024E-03
  -4.89997864E-03
  -4.79984283E-03
  -4.79984283E-03
  -4.79984283E-03
  -4.69970703E-03
  -4.49943542E-03
  -4.49943542E-03
  -4.30011749E-03
  -4.30011749E-03
  -4.19998169E-03
  -4.19998169E-03
  -4.19998169E-03
  -4.19998169E-03
  -4.09984589E-03
  -4.09984589E-03
  -3.99971008E-03
  -3.70025635E-03
  -3.60012054E-03
  -3.60012054E-03
  -3.49998474E-03
  -3.49998474E-03
  -3.40080261E-03
  -3.29971313E-03
  -3.20053101E-03
  -3.20053101E-03
  -3.19957733E-03
  -2.79998779E-03
  -2.69985199E-03
  -2.60066986E-03
  -2.60066986E-03
  -2.29930878E-03
  -2.09999084E-03
  -1.89971924E-03
  -1.79958344E-03
  -1.70040131E-03
  -1.60026550E-03
  -1.60026550E-03
  -1.50012970E-03
  -1.30081177E-03
  -1.29985809E-03
  -1.19972229E-03
  -1.19972229E-03
  -1.10054016E-03
  -1.10054016E-03
  -9.00268555E-04
  -9.00268555E-04
  -8.00132751E-04
  -8.00132751E-04
  -8.00132751E-04
  -6.99996948E-04
  -4.99725342E-04
  -4.00543213E-04
  -3.99589539E-04
  -3.99589539E-04
  -1.00135803E-04
   1.00135803E-04
   1.99317932E-04
   2.00271606E-04
   2.00271606E-04
   2.00271606E-04
   3.00407410E-04
   4.99725342E-04
   5.99861145E-04
   5.99861145E-04
   8.00132751E-04
   1.09958649E-03
   1.19972229E-03
   1.29985809E-03
   1.39999390E-03
   1.70040131E-03
   1.89971924E-03
   1.90067291E-03
   1.99985504E-03
   2.20012665E-03
   2.90012360E-03
   3.09944153E-03
   3.10039520E-03
   3.39984894E-03
   3.60012054E-03
   3.70025635E-03
   3.89957428E-03
   4.00066376E-03
   4.19998169E-03
   4.40025330E-03
   4.50038910E-03
   4.69970703E-03
   4.79984283E-03
   4.79984283E-03
   5.00011444E-03
   5.00011444E-03
   5.29956818E-03
   6.29997253E-03
   6.40010834E-03
   6.40010834E-03
   8.19969177E-03
   8.99982452E-03
   9.20009613E-03
   9.50050354E-03
   9.90009308E-03
   9.99927521E-03
   1.28002167E-02
   5.24997711E-02
