#Npts     Radius    Mag      Completeness
#  204 1040.8502  -11.752199 0.990291
# Verr
  -7.85007477E-02
  -3.71007919E-02
  -2.53000259E-02
  -1.59997940E-02
  -1.11999512E-02
  -1.10006332E-02
  -9.59968567E-03
  -8.99982452E-03
  -8.70037079E-03
  -7.80010223E-03
  -7.79914856E-03
  -7.30037689E-03
  -6.99996948E-03
  -6.50024414E-03
  -6.40010834E-03
  -6.19983673E-03
  -5.90038300E-03
  -5.90038300E-03
  -5.89942932E-03
  -5.70011139E-03
  -5.59997559E-03
  -5.50079346E-03
  -5.50079346E-03
  -5.19943237E-03
  -5.00011444E-03
  -4.69970703E-03
  -4.50038910E-03
  -4.50038910E-03
  -4.40025330E-03
  -4.30011749E-03
  -4.30011749E-03
  -4.19998169E-03
  -4.19998169E-03
  -4.19998169E-03
  -4.10079956E-03
  -4.09984589E-03
  -4.09984589E-03
  -4.09984589E-03
  -3.90052795E-03
  -3.80039215E-03
  -3.79943848E-03
  -3.79943848E-03
  -3.70025635E-03
  -3.60012054E-03
  -3.49998474E-03
  -3.49998474E-03
  -3.40080261E-03
  -3.39984894E-03
  -3.39984894E-03
  -3.00025940E-03
  -2.99930573E-03
  -2.99930573E-03
  -2.90012360E-03
  -2.90012360E-03
  -2.90012360E-03
  -2.90012360E-03
  -2.89916992E-03
  -2.79998779E-03
  -2.79998779E-03
  -2.79998779E-03
  -2.79998779E-03
  -2.70080566E-03
  -2.69985199E-03
  -2.69985199E-03
  -2.69985199E-03
  -2.69985199E-03
  -2.59971619E-03
  -2.50053406E-03
  -2.40039825E-03
  -2.29930878E-03
  -2.20012665E-03
  -2.09999084E-03
  -2.09999084E-03
  -2.09999084E-03
  -1.99985504E-03
  -1.90067291E-03
  -1.89971924E-03
  -1.79958344E-03
  -1.60026550E-03
  -1.60026550E-03
  -1.50012970E-03
  -1.49917603E-03
  -1.39999390E-03
  -1.39999390E-03
  -1.39999390E-03
  -1.39999390E-03
  -1.09958649E-03
  -1.09958649E-03
  -1.00040436E-03
  -9.99450684E-04
  -9.99450684E-04
  -9.00268555E-04
  -8.99314880E-04
  -8.00132751E-04
  -7.99179077E-04
  -6.99996948E-04
  -6.00814819E-04
  -6.00814819E-04
  -5.00679016E-04
  -4.99725342E-04
  -4.99725342E-04
  -3.99589539E-04
  -3.00407410E-04
  -2.00271606E-04
  -2.00271606E-04
  -2.00271606E-04
  -2.00271606E-04
  -1.99317932E-04
  -1.00135803E-04
  -1.00135803E-04
   0.00000000    
   0.00000000    
   0.00000000    
   0.00000000    
   9.91821289E-05
   1.00135803E-04
   1.00135803E-04
   1.00135803E-04
   2.00271606E-04
   3.00407410E-04
   4.00543213E-04
   5.99861145E-04
   5.99861145E-04
   5.99861145E-04
   5.99861145E-04
   6.99996948E-04
   6.99996948E-04
   8.00132751E-04
   8.00132751E-04
   9.00268555E-04
   9.99450684E-04
   1.00040436E-03
   1.00040436E-03
   1.09958649E-03
   1.10054016E-03
   1.19972229E-03
   1.19972229E-03
   1.19972229E-03
   1.20067596E-03
   1.20067596E-03
   1.39999390E-03
   1.39999390E-03
   1.79958344E-03
   1.89971924E-03
   1.89971924E-03
   1.90067291E-03
   1.99985504E-03
   2.09999084E-03
   2.20012665E-03
   2.30026245E-03
   2.39944458E-03
   2.49958038E-03
   2.90012360E-03
   2.90012360E-03
   2.90012360E-03
   2.90012360E-03
   3.00025940E-03
   3.10039520E-03
   3.10039520E-03
   3.29971313E-03
   3.30066681E-03
   3.49998474E-03
   3.49998474E-03
   3.70025635E-03
   3.80039215E-03
   3.89957428E-03
   3.99971008E-03
   4.09984589E-03
   4.30011749E-03
   4.40025330E-03
   4.49943542E-03
   4.49943542E-03
   4.70066071E-03
   5.00011444E-03
   5.10025024E-03
   5.20038605E-03
   5.40065765E-03
   5.80024719E-03
   6.29997253E-03
   6.60037994E-03
   7.10010529E-03
   7.10010529E-03
   7.29942322E-03
   7.39955902E-03
   7.40051270E-03
   7.60078430E-03
   7.80010223E-03
   8.69941711E-03
   9.90009308E-03
   1.00994110E-02
   1.04007721E-02
   1.17998123E-02
   1.20000839E-02
   1.32999420E-02
   1.57995224E-02
   1.83000565E-02
   2.06003189E-02
   2.83002853E-02
   4.65993881E-02
   5.42993546E-02
   5.67998886E-02
   7.29999542E-02
   8.75997543E-02
  0.125599861    
