#Npts     Radius    Mag      Completeness
#   88  636.0751  -13.418700 0.988764
# Verr
  -2.30026245E-03
  -2.29930878E-03
  -1.99985504E-03
  -1.80053711E-03
  -1.29985809E-03
  -1.29985809E-03
  -1.10054016E-03
  -1.00040436E-03
  -1.00040436E-03
  -1.00040436E-03
  -9.99450684E-04
  -8.99314880E-04
  -6.99996948E-04
  -6.99996948E-04
  -6.99996948E-04
  -6.00814819E-04
  -5.99861145E-04
  -5.99861145E-04
  -5.99861145E-04
  -4.99725342E-04
  -4.99725342E-04
  -4.99725342E-04
  -4.00543213E-04
  -2.99453735E-04
  -2.99453735E-04
  -2.99453735E-04
  -2.00271606E-04
  -2.00271606E-04
  -2.00271606E-04
  -2.00271606E-04
   0.00000000    
   0.00000000    
   0.00000000    
   0.00000000    
   0.00000000    
   1.00135803E-04
   1.00135803E-04
   1.00135803E-04
   1.00135803E-04
   2.00271606E-04
   2.99453735E-04
   3.00407410E-04
   3.99589539E-04
   4.00543213E-04
   4.00543213E-04
   4.99725342E-04
   4.99725342E-04
   4.99725342E-04
   4.99725342E-04
   6.99996948E-04
   8.00132751E-04
   8.00132751E-04
   8.00132751E-04
   8.00132751E-04
   8.00132751E-04
   8.00132751E-04
   8.00132751E-04
   8.00132751E-04
   9.00268555E-04
   9.99450684E-04
   1.00040436E-03
   1.09958649E-03
   1.10054016E-03
   1.29985809E-03
   1.29985809E-03
   1.39999390E-03
   1.49917603E-03
   1.60026550E-03
   1.79958344E-03
   2.29930878E-03
   2.40039825E-03
   2.90012360E-03
   2.99930573E-03
   2.99930573E-03
   3.09944153E-03
   3.10039520E-03
   3.39984894E-03
   3.60012054E-03
   3.70025635E-03
   3.70025635E-03
   4.30011749E-03
   5.09929657E-03
   7.80010223E-03
   1.00994110E-02
   1.88999176E-02
   2.26993561E-02
   2.61001587E-02
  0.112800598    
