#Npts     Radius    Mag      Completeness
#  104  636.0751  -14.414200 1.000000
# Verr
  -1.23004913E-02
  -1.11007690E-02
  -8.89968872E-03
  -8.79955292E-03
  -8.79955292E-03
  -8.29982758E-03
  -8.19969177E-03
  -7.69996643E-03
  -7.49969482E-03
  -7.40051270E-03
  -7.29942322E-03
  -6.79969788E-03
  -6.40010834E-03
  -6.29997253E-03
  -5.70011139E-03
  -5.50079346E-03
  -5.39970398E-03
  -5.30052185E-03
  -5.10025024E-03
  -4.80079651E-03
  -4.30011749E-03
  -3.89957428E-03
  -3.80039215E-03
  -3.69930267E-03
  -3.10039520E-03
  -2.90012360E-03
  -2.50053406E-03
  -2.30026245E-03
  -2.30026245E-03
  -2.09999084E-03
  -2.09999084E-03
  -2.09999084E-03
  -1.89971924E-03
  -1.89971924E-03
  -1.89971924E-03
  -1.70040131E-03
  -1.70040131E-03
  -1.50012970E-03
  -1.39999390E-03
  -1.39999390E-03
  -1.29985809E-03
  -1.19972229E-03
  -1.10054016E-03
  -1.10054016E-03
  -9.99450684E-04
  -9.00268555E-04
  -5.99861145E-04
  -5.99861145E-04
  -5.99861145E-04
  -2.99453735E-04
  -1.00135803E-04
  -9.91821289E-05
   0.00000000    
   6.99996948E-04
   7.00950623E-04
   8.00132751E-04
   8.00132751E-04
   1.09958649E-03
   1.19972229E-03
   1.20067596E-03
   1.39999390E-03
   1.60026550E-03
   1.70040131E-03
   1.80053711E-03
   1.99985504E-03
   2.50053406E-03
   2.79998779E-03
   2.79998779E-03
   3.10039520E-03
   3.40080261E-03
   3.60012054E-03
   3.70025635E-03
   3.79943848E-03
   3.99971008E-03
   4.09984589E-03
   4.69970703E-03
   4.69970703E-03
   4.70066071E-03
   5.10025024E-03
   5.10025024E-03
   5.30052185E-03
   5.80024719E-03
   6.09970093E-03
   6.59942627E-03
   6.60037994E-03
   7.10010529E-03
   7.10010529E-03
   7.30037689E-03
   7.39955902E-03
   7.39955902E-03
   7.49969482E-03
   7.79914856E-03
   8.50009918E-03
   8.90064240E-03
   9.49954987E-03
   1.11999512E-02
   1.24006271E-02
   1.49002075E-02
   1.83000565E-02
   2.66008377E-02
   3.74002457E-02
   6.20002747E-02
  0.254600525    
  0.297199249    
