#Npts     Radius    Mag      Completeness
#  216 1445.6254  -12.085500 1.000000
# Verr
  -2.02999115E-02
  -1.95999146E-02
  -7.59983063E-03
  -6.89983368E-03
  -6.59942627E-03
  -6.59942627E-03
  -6.50024414E-03
  -6.50024414E-03
  -6.40010834E-03
  -6.19983673E-03
  -6.00051880E-03
  -5.40065765E-03
  -5.39970398E-03
  -4.89997864E-03
  -4.60052490E-03
  -4.49943542E-03
  -4.19998169E-03
  -3.90052795E-03
  -3.80039215E-03
  -3.80039215E-03
  -3.79943848E-03
  -3.79943848E-03
  -3.70025635E-03
  -3.69930267E-03
  -3.69930267E-03
  -3.49998474E-03
  -3.49998474E-03
  -3.39984894E-03
  -3.20053101E-03
  -3.19957733E-03
  -3.00025940E-03
  -3.00025940E-03
  -2.99930573E-03
  -2.99930573E-03
  -2.90012360E-03
  -2.90012360E-03
  -2.90012360E-03
  -2.90012360E-03
  -2.79998779E-03
  -2.79998779E-03
  -2.79998779E-03
  -2.79998779E-03
  -2.70080566E-03
  -2.69985199E-03
  -2.59971619E-03
  -2.49958038E-03
  -2.39944458E-03
  -2.30026245E-03
  -2.29930878E-03
  -2.20012665E-03
  -2.09999084E-03
  -2.09999084E-03
  -2.09999084E-03
  -2.09999084E-03
  -2.09999084E-03
  -2.00080872E-03
  -2.00080872E-03
  -1.99985504E-03
  -1.99985504E-03
  -1.99985504E-03
  -1.90067291E-03
  -1.89971924E-03
  -1.89971924E-03
  -1.80053711E-03
  -1.79958344E-03
  -1.70040131E-03
  -1.60026550E-03
  -1.50012970E-03
  -1.39999390E-03
  -1.39999390E-03
  -1.39999390E-03
  -1.29985809E-03
  -1.29985809E-03
  -1.29985809E-03
  -1.29985809E-03
  -1.29985809E-03
  -1.19972229E-03
  -1.19972229E-03
  -1.10054016E-03
  -1.10054016E-03
  -1.09958649E-03
  -1.00040436E-03
  -1.00040436E-03
  -1.00040436E-03
  -8.99314880E-04
  -8.00132751E-04
  -8.00132751E-04
  -8.00132751E-04
  -8.00132751E-04
  -6.99996948E-04
  -6.99996948E-04
  -6.99996948E-04
  -6.99996948E-04
  -6.00814819E-04
  -5.99861145E-04
  -5.99861145E-04
  -5.99861145E-04
  -5.99861145E-04
  -5.00679016E-04
  -4.99725342E-04
  -4.00543213E-04
  -4.00543213E-04
  -3.99589539E-04
  -3.99589539E-04
  -3.00407410E-04
  -2.99453735E-04
  -2.99453735E-04
  -2.99453735E-04
  -2.00271606E-04
  -2.00271606E-04
  -1.99317932E-04
  -1.00135803E-04
  -1.00135803E-04
  -9.91821289E-05
   0.00000000    
   0.00000000    
   0.00000000    
   9.91821289E-05
   1.00135803E-04
   1.00135803E-04
   1.00135803E-04
   1.00135803E-04
   2.99453735E-04
   2.99453735E-04
   2.99453735E-04
   2.99453735E-04
   3.00407410E-04
   3.99589539E-04
   3.99589539E-04
   4.00543213E-04
   5.99861145E-04
   5.99861145E-04
   6.00814819E-04
   6.99996948E-04
   6.99996948E-04
   8.00132751E-04
   8.00132751E-04
   8.00132751E-04
   8.00132751E-04
   8.99314880E-04
   9.00268555E-04
   9.00268555E-04
   9.00268555E-04
   1.00040436E-03
   1.09958649E-03
   1.09958649E-03
   1.09958649E-03
   1.10054016E-03
   1.19972229E-03
   1.19972229E-03
   1.29985809E-03
   1.29985809E-03
   1.30081177E-03
   1.39999390E-03
   1.39999390E-03
   1.59931183E-03
   1.69944763E-03
   1.69944763E-03
   1.70040131E-03
   1.79958344E-03
   1.79958344E-03
   1.80053711E-03
   1.89971924E-03
   1.89971924E-03
   1.90067291E-03
   1.99985504E-03
   2.20012665E-03
   2.29930878E-03
   2.49958038E-03
   2.50053406E-03
   2.50053406E-03
   2.59971619E-03
   2.59971619E-03
   2.59971619E-03
   2.60066986E-03
   2.69985199E-03
   2.79998779E-03
   2.79998779E-03
   2.90012360E-03
   2.99930573E-03
   3.00025940E-03
   3.19957733E-03
   3.39984894E-03
   3.40080261E-03
   3.49998474E-03
   3.60012054E-03
   3.70025635E-03
   3.70025635E-03
   3.70025635E-03
   3.80039215E-03
   3.89957428E-03
   4.09984589E-03
   4.30011749E-03
   4.39929962E-03
   4.39929962E-03
   4.79984283E-03
   4.89997864E-03
   5.00011444E-03
   5.00011444E-03
   5.10025024E-03
   5.20038605E-03
   5.49983978E-03
   5.70011139E-03
   5.99956512E-03
   6.09970093E-03
   7.10010529E-03
   7.20024109E-03
   7.59983063E-03
   8.39996338E-03
   9.30023193E-03
   1.29003525E-02
   2.04000473E-02
   2.42996216E-02
   4.36000824E-02
   4.40998077E-02
   6.93006516E-02
