#Npts     Radius    Mag      Completeness
#  139  838.4626  -15.077868 1.000000
# Verr
  -1.49993896E-02
  -8.69941711E-03
  -8.50009918E-03
  -8.50009918E-03
  -8.39996338E-03
  -7.80010223E-03
  -7.50064850E-03
  -7.49969482E-03
  -7.10010529E-03
  -6.99996948E-03
  -5.99956512E-03
  -5.59997559E-03
  -5.29956818E-03
  -5.20038605E-03
  -4.89997864E-03
  -4.89997864E-03
  -4.49943542E-03
  -4.49943542E-03
  -4.40025330E-03
  -4.30011749E-03
  -4.09984589E-03
  -4.09984589E-03
  -3.99971008E-03
  -3.90052795E-03
  -3.80039215E-03
  -3.79943848E-03
  -3.70025635E-03
  -3.60012054E-03
  -3.39984894E-03
  -3.29971313E-03
  -3.29971313E-03
  -3.19957733E-03
  -3.19957733E-03
  -3.09944153E-03
  -2.70080566E-03
  -2.60066986E-03
  -2.50053406E-03
  -2.49958038E-03
  -2.29930878E-03
  -2.20012665E-03
  -2.20012665E-03
  -2.19917297E-03
  -1.99985504E-03
  -1.99985504E-03
  -1.99985504E-03
  -1.89971924E-03
  -1.70040131E-03
  -1.60026550E-03
  -1.50012970E-03
  -1.29985809E-03
  -1.20067596E-03
  -1.19972229E-03
  -1.19972229E-03
  -1.19972229E-03
  -1.19972229E-03
  -1.19972229E-03
  -1.00040436E-03
  -8.99314880E-04
  -8.00132751E-04
  -6.99996948E-04
  -4.99725342E-04
  -3.00407410E-04
  -2.99453735E-04
  -2.00271606E-04
  -2.00271606E-04
  -1.99317932E-04
   1.00135803E-04
   1.99317932E-04
   2.00271606E-04
   2.99453735E-04
   2.99453735E-04
   3.99589539E-04
   6.99996948E-04
   7.99179077E-04
   8.00132751E-04
   8.00132751E-04
   9.00268555E-04
   9.00268555E-04
   9.99450684E-04
   1.09958649E-03
   1.19972229E-03
   1.19972229E-03
   1.29985809E-03
   1.39999390E-03
   1.59931183E-03
   1.60026550E-03
   1.69944763E-03
   1.70040131E-03
   1.90067291E-03
   1.99985504E-03
   2.09999084E-03
   2.09999084E-03
   2.20012665E-03
   2.20012665E-03
   2.30026245E-03
   2.30026245E-03
   2.39944458E-03
   2.40039825E-03
   2.49958038E-03
   2.50053406E-03
   2.50053406E-03
   2.59971619E-03
   2.59971619E-03
   2.69985199E-03
   2.90012360E-03
   3.00025940E-03
   3.00025940E-03
   3.00025940E-03
   3.19957733E-03
   3.39984894E-03
   3.59916687E-03
   3.89957428E-03
   4.10079956E-03
   4.19998169E-03
   4.30011749E-03
   4.49943542E-03
   4.59957123E-03
   4.69970703E-03
   4.89997864E-03
   5.09929657E-03
   5.19943237E-03
   5.20038605E-03
   5.29956818E-03
   5.40065765E-03
   5.80024719E-03
   5.80024719E-03
   6.40010834E-03
   6.70051575E-03
   6.79969788E-03
   6.79969788E-03
   7.10010529E-03
   7.19928741E-03
   7.39955902E-03
   8.50009918E-03
   1.25999451E-02
   2.01005936E-02
   2.19001770E-02
   7.42998123E-02
   9.61999893E-02
