#Npts     Radius    Mag      Completeness
#  192 1040.8502  -12.752100 0.994819
# Verr
  -4.40025330E-03
  -4.10079956E-03
  -3.89957428E-03
  -3.39984894E-03
  -3.19957733E-03
  -2.90012360E-03
  -2.50053406E-03
  -2.50053406E-03
  -2.49958038E-03
  -2.40039825E-03
  -2.40039825E-03
  -2.30026245E-03
  -2.19917297E-03
  -2.09999084E-03
  -1.99985504E-03
  -1.89971924E-03
  -1.89971924E-03
  -1.79958344E-03
  -1.79958344E-03
  -1.79958344E-03
  -1.79958344E-03
  -1.69944763E-03
  -1.60026550E-03
  -1.59931183E-03
  -1.50012970E-03
  -1.50012970E-03
  -1.50012970E-03
  -1.50012970E-03
  -1.50012970E-03
  -1.49917603E-03
  -1.39999390E-03
  -1.39999390E-03
  -1.39999390E-03
  -1.39999390E-03
  -1.39999390E-03
  -1.30081177E-03
  -1.29985809E-03
  -1.20067596E-03
  -1.20067596E-03
  -1.10054016E-03
  -1.09958649E-03
  -1.09958649E-03
  -1.00040436E-03
  -9.99450684E-04
  -9.00268555E-04
  -9.00268555E-04
  -9.00268555E-04
  -9.00268555E-04
  -9.00268555E-04
  -8.99314880E-04
  -8.00132751E-04
  -8.00132751E-04
  -6.99996948E-04
  -5.99861145E-04
  -4.99725342E-04
  -4.99725342E-04
  -4.99725342E-04
  -4.00543213E-04
  -2.99453735E-04
  -2.99453735E-04
  -2.00271606E-04
  -2.00271606E-04
  -2.00271606E-04
  -2.00271606E-04
  -1.99317932E-04
  -1.00135803E-04
  -1.00135803E-04
  -9.91821289E-05
  -9.91821289E-05
   0.00000000    
   0.00000000    
   0.00000000    
   0.00000000    
   0.00000000    
   0.00000000    
   0.00000000    
   0.00000000    
   1.00135803E-04
   1.00135803E-04
   1.00135803E-04
   1.00135803E-04
   1.00135803E-04
   1.99317932E-04
   1.99317932E-04
   1.99317932E-04
   1.99317932E-04
   1.99317932E-04
   2.99453735E-04
   3.00407410E-04
   3.99589539E-04
   3.99589539E-04
   4.99725342E-04
   4.99725342E-04
   4.99725342E-04
   5.99861145E-04
   5.99861145E-04
   6.00814819E-04
   6.99996948E-04
   6.99996948E-04
   6.99996948E-04
   6.99996948E-04
   6.99996948E-04
   6.99996948E-04
   8.00132751E-04
   8.00132751E-04
   8.99314880E-04
   8.99314880E-04
   8.99314880E-04
   8.99314880E-04
   9.00268555E-04
   9.00268555E-04
   9.00268555E-04
   9.99450684E-04
   9.99450684E-04
   1.09958649E-03
   1.10054016E-03
   1.10054016E-03
   1.10054016E-03
   1.19972229E-03
   1.29985809E-03
   1.39999390E-03
   1.39999390E-03
   1.39999390E-03
   1.39999390E-03
   1.39999390E-03
   1.39999390E-03
   1.50012970E-03
   1.50012970E-03
   1.50012970E-03
   1.50012970E-03
   1.50012970E-03
   1.60026550E-03
   1.60026550E-03
   1.60026550E-03
   1.69944763E-03
   1.69944763E-03
   1.69944763E-03
   1.70040131E-03
   1.79958344E-03
   1.79958344E-03
   1.89971924E-03
   1.89971924E-03
   1.89971924E-03
   1.99985504E-03
   1.99985504E-03
   1.99985504E-03
   1.99985504E-03
   1.99985504E-03
   2.00080872E-03
   2.00080872E-03
   2.09999084E-03
   2.20012665E-03
   2.30026245E-03
   2.39944458E-03
   2.69985199E-03
   2.79998779E-03
   2.79998779E-03
   2.90012360E-03
   2.99930573E-03
   3.00025940E-03
   3.00025940E-03
   3.20053101E-03
   3.29971313E-03
   3.30066681E-03
   3.30066681E-03
   3.39984894E-03
   3.49998474E-03
   3.49998474E-03
   3.99971008E-03
   4.09984589E-03
   4.59957123E-03
   4.69970703E-03
   5.39970398E-03
   5.49983978E-03
   5.49983978E-03
   5.89942932E-03
   6.20079041E-03
   6.39915466E-03
   6.40010834E-03
   6.50024414E-03
   6.89983368E-03
   6.89983368E-03
   7.29942322E-03
   7.80010223E-03
   9.20009613E-03
   1.13000870E-02
   1.50003433E-02
   2.14004517E-02
   2.99005508E-02
   4.98991013E-02
  0.175300598    
  0.418400764    
