#Npts     Radius    Mag      Completeness
#  147  632.8391  -15.087999 0.993243
# Ierr
  -1.60999298E-02
  -1.31998062E-02
  -1.24998093E-02
  -1.16996765E-02
  -1.02005005E-02
  -9.30023193E-03
  -9.09996033E-03
  -9.09996033E-03
  -8.59928131E-03
  -8.20064545E-03
  -7.99942017E-03
  -7.29942322E-03
  -7.20024109E-03
  -6.69956207E-03
  -6.50024414E-03
  -6.19983673E-03
  -6.09970093E-03
  -6.09970093E-03
  -5.70011139E-03
  -5.70011139E-03
  -5.40065765E-03
  -5.29956818E-03
  -5.20038605E-03
  -5.19943237E-03
  -5.10025024E-03
  -4.79984283E-03
  -4.79984283E-03
  -4.70066071E-03
  -4.60052490E-03
  -4.59957123E-03
  -4.50038910E-03
  -4.19998169E-03
  -4.19998169E-03
  -4.10079956E-03
  -3.90052795E-03
  -3.90052795E-03
  -3.70025635E-03
  -3.70025635E-03
  -3.39984894E-03
  -3.30066681E-03
  -3.19957733E-03
  -3.19957733E-03
  -2.90012360E-03
  -2.79998779E-03
  -2.70080566E-03
  -2.60066986E-03
  -2.59971619E-03
  -2.59971619E-03
  -2.50053406E-03
  -2.50053406E-03
  -2.40039825E-03
  -2.30026245E-03
  -2.29930878E-03
  -2.09999084E-03
  -2.09999084E-03
  -2.09999084E-03
  -1.89971924E-03
  -1.80053711E-03
  -1.79958344E-03
  -1.79958344E-03
  -1.70040131E-03
  -1.70040131E-03
  -1.69944763E-03
  -1.39999390E-03
  -1.30081177E-03
  -1.29985809E-03
  -1.20067596E-03
  -1.09958649E-03
  -1.00040436E-03
  -1.00040436E-03
  -9.99450684E-04
  -9.00268555E-04
  -6.99996948E-04
  -6.99996948E-04
  -5.99861145E-04
  -4.00543213E-04
  -4.00543213E-04
  -2.00271606E-04
  -2.00271606E-04
  -9.91821289E-05
   2.00271606E-04
   4.00543213E-04
   5.99861145E-04
   6.99996948E-04
   6.99996948E-04
   6.99996948E-04
   6.99996948E-04
   8.00132751E-04
   1.09958649E-03
   1.10054016E-03
   1.29985809E-03
   1.50012970E-03
   1.60026550E-03
   1.69944763E-03
   1.79958344E-03
   1.80053711E-03
   1.89971924E-03
   1.89971924E-03
   1.90067291E-03
   1.99985504E-03
   2.09999084E-03
   2.30026245E-03
   2.59971619E-03
   2.59971619E-03
   2.60066986E-03
   2.79998779E-03
   2.90012360E-03
   3.09944153E-03
   3.10039520E-03
   3.19957733E-03
   3.39984894E-03
   3.39984894E-03
   3.70025635E-03
   3.70025635E-03
   3.79943848E-03
   3.80039215E-03
   3.80039215E-03
   3.80039215E-03
   3.90052795E-03
   3.90052795E-03
   3.99971008E-03
   3.99971008E-03
   4.30011749E-03
   4.59957123E-03
   5.00011444E-03
   5.10025024E-03
   5.39970398E-03
   5.70011139E-03
   5.80024719E-03
   5.99956512E-03
   6.29997253E-03
   6.79969788E-03
   6.80065155E-03
   6.99996948E-03
   6.99996948E-03
   7.09915161E-03
   7.50064850E-03
   7.50064850E-03
   8.09955597E-03
   8.19969177E-03
   8.80050659E-03
   1.04007721E-02
   1.31998062E-02
   1.42002106E-02
   2.16999054E-02
   3.49998474E-02
   3.50999832E-02
