#Npts     Radius    Mag      Completeness
#  264 1236.9127  -14.484667 1.000000
# Ierr
  -2.48003006E-02
  -1.98993683E-02
  -1.79004669E-02
  -1.66997910E-02
  -1.53999329E-02
  -1.53999329E-02
  -1.48000717E-02
  -1.41992569E-02
  -1.41992569E-02
  -1.39007568E-02
  -1.38998032E-02
  -1.36995316E-02
  -1.32007599E-02
  -1.31998062E-02
  -1.31006241E-02
  -1.21002197E-02
  -1.14994049E-02
  -1.11999512E-02
  -1.09996796E-02
  -1.06992722E-02
  -1.01995468E-02
  -9.60063934E-03
  -9.40036774E-03
  -9.30023193E-03
  -8.99982452E-03
  -8.80050659E-03
  -8.70037079E-03
  -8.69941711E-03
  -8.60023499E-03
  -8.30078125E-03
  -8.29982758E-03
  -8.29982758E-03
  -8.19969177E-03
  -8.10050964E-03
  -8.09955597E-03
  -8.09955597E-03
  -7.80010223E-03
  -7.80010223E-03
  -7.50064850E-03
  -7.50064850E-03
  -7.30037689E-03
  -7.29942322E-03
  -7.20024109E-03
  -6.99996948E-03
  -6.89983368E-03
  -6.89983368E-03
  -6.80065155E-03
  -6.79969788E-03
  -6.50024414E-03
  -6.40010834E-03
  -6.40010834E-03
  -6.39915466E-03
  -6.29997253E-03
  -6.19983673E-03
  -6.19983673E-03
  -6.09970093E-03
  -6.09970093E-03
  -6.00051880E-03
  -5.99956512E-03
  -5.90038300E-03
  -5.90038300E-03
  -5.70011139E-03
  -5.70011139E-03
  -5.59997559E-03
  -5.49983978E-03
  -5.49983978E-03
  -5.40065765E-03
  -5.39970398E-03
  -5.29956818E-03
  -5.19943237E-03
  -5.10025024E-03
  -5.10025024E-03
  -4.89997864E-03
  -4.89997864E-03
  -4.79984283E-03
  -4.79984283E-03
  -4.69970703E-03
  -4.69970703E-03
  -4.59957123E-03
  -4.49943542E-03
  -4.40025330E-03
  -4.19998169E-03
  -3.90052795E-03
  -3.89957428E-03
  -3.89957428E-03
  -3.79943848E-03
  -3.60012054E-03
  -3.60012054E-03
  -3.40080261E-03
  -3.39984894E-03
  -3.29971313E-03
  -3.10039520E-03
  -3.00025940E-03
  -2.90012360E-03
  -2.70080566E-03
  -2.69985199E-03
  -2.69985199E-03
  -2.49958038E-03
  -2.49958038E-03
  -2.40039825E-03
  -2.40039825E-03
  -2.20012665E-03
  -2.09999084E-03
  -2.09999084E-03
  -1.89971924E-03
  -1.69944763E-03
  -1.60026550E-03
  -1.59931183E-03
  -1.59931183E-03
  -1.50012970E-03
  -1.50012970E-03
  -1.39999390E-03
  -1.39999390E-03
  -1.30081177E-03
  -1.29985809E-03
  -1.29985809E-03
  -1.29985809E-03
  -1.10054016E-03
  -1.10054016E-03
  -1.09958649E-03
  -9.00268555E-04
  -6.99996948E-04
  -6.99996948E-04
  -6.99996948E-04
  -6.99996948E-04
  -5.99861145E-04
  -4.99725342E-04
  -3.99589539E-04
  -2.00271606E-04
  -1.00135803E-04
  -1.00135803E-04
   2.99453735E-04
   3.00407410E-04
   3.00407410E-04
   3.99589539E-04
   3.99589539E-04
   4.99725342E-04
   5.00679016E-04
   5.99861145E-04
   5.99861145E-04
   6.99996948E-04
   8.00132751E-04
   9.99450684E-04
   1.09958649E-03
   1.09958649E-03
   1.10054016E-03
   1.10054016E-03
   1.19972229E-03
   1.29985809E-03
   1.39999390E-03
   1.39999390E-03
   1.39999390E-03
   1.39999390E-03
   1.50012970E-03
   1.50012970E-03
   1.60026550E-03
   1.80053711E-03
   1.80053711E-03
   1.89971924E-03
   2.09999084E-03
   2.19917297E-03
   2.20012665E-03
   2.40039825E-03
   2.49958038E-03
   2.59971619E-03
   2.59971619E-03
   2.69985199E-03
   2.69985199E-03
   2.79998779E-03
   2.79998779E-03
   3.00025940E-03
   3.00025940E-03
   3.19957733E-03
   3.19957733E-03
   3.60012054E-03
   3.70025635E-03
   3.70025635E-03
   3.89957428E-03
   3.89957428E-03
   3.99971008E-03
   3.99971008E-03
   4.09984589E-03
   4.09984589E-03
   4.19998169E-03
   4.29916382E-03
   4.30011749E-03
   4.30011749E-03
   4.39929962E-03
   4.69970703E-03
   5.10025024E-03
   5.10025024E-03
   5.29956818E-03
   5.29956818E-03
   5.29956818E-03
   5.30052185E-03
   5.30052185E-03
   5.39970398E-03
   5.40065765E-03
   5.49983978E-03
   5.49983978E-03
   5.49983978E-03
   5.59997559E-03
   5.70011139E-03
   5.79929352E-03
   5.80024719E-03
   5.90038300E-03
   5.99956512E-03
   6.09970093E-03
   6.09970093E-03
   6.19983673E-03
   6.19983673E-03
   6.20079041E-03
   6.40010834E-03
   6.49929047E-03
   6.59942627E-03
   6.60037994E-03
   7.30037689E-03
   7.59983063E-03
   7.69996643E-03
   8.09955597E-03
   8.29982758E-03
   8.29982758E-03
   8.29982758E-03
   8.50009918E-03
   8.59928131E-03
   8.59928131E-03
   8.79955292E-03
   8.79955292E-03
   8.80050659E-03
   8.99982452E-03
   9.20009613E-03
   9.59968567E-03
   9.79995728E-03
   9.89913940E-03
   1.00994110E-02
   1.01003647E-02
   1.01003647E-02
   1.01995468E-02
   1.03998184E-02
   1.03998184E-02
   1.04007721E-02
   1.08995438E-02
   1.14002228E-02
   1.18999481E-02
   1.21002197E-02
   1.22995377E-02
   1.25999451E-02
   1.28993988E-02
   1.29995346E-02
   1.32007599E-02
   1.34000778E-02
   1.38998032E-02
   1.39999390E-02
   1.55992508E-02
   1.65996552E-02
   1.67999268E-02
   1.69000626E-02
   1.84001923E-02
   2.27003098E-02
   2.27994919E-02
  0.110199928    
  0.139599800    
  0.236200333    
  0.358400345    
