#Npts     Radius    Mag      Completeness
#  117  431.4812  -14.786333 0.991525
# Ierr
  -1.51004791E-02
  -1.37996674E-02
  -1.35993958E-02
  -1.22003555E-02
  -1.20992661E-02
  -1.10998154E-02
  -1.10006332E-02
  -1.04999542E-02
  -1.00994110E-02
  -9.79995728E-03
  -8.99982452E-03
  -8.70037079E-03
  -8.50009918E-03
  -8.40091705E-03
  -8.20064545E-03
  -8.00037384E-03
  -8.00037384E-03
  -7.59983063E-03
  -7.49969482E-03
  -7.40051270E-03
  -7.20024109E-03
  -6.90078735E-03
  -6.89983368E-03
  -6.60037994E-03
  -6.20079041E-03
  -6.19983673E-03
  -6.00051880E-03
  -5.80024719E-03
  -5.29956818E-03
  -5.19943237E-03
  -5.09929657E-03
  -5.00011444E-03
  -4.99916077E-03
  -4.99916077E-03
  -4.89997864E-03
  -4.60052490E-03
  -4.60052490E-03
  -4.39929962E-03
  -4.30011749E-03
  -3.29971313E-03
  -3.19957733E-03
  -2.59971619E-03
  -2.50053406E-03
  -2.49958038E-03
  -2.49958038E-03
  -2.39944458E-03
  -2.30026245E-03
  -2.29930878E-03
  -2.20012665E-03
  -2.09999084E-03
  -1.90067291E-03
  -1.80053711E-03
  -1.79958344E-03
  -1.69944763E-03
  -1.69944763E-03
  -1.39999390E-03
  -1.30081177E-03
  -1.30081177E-03
  -1.19972229E-03
  -1.19972229E-03
  -1.09958649E-03
  -1.00040436E-03
  -9.99450684E-04
  -6.99996948E-04
  -6.99996948E-04
  -4.99725342E-04
   3.00407410E-04
   4.99725342E-04
   5.99861145E-04
   5.99861145E-04
   6.99996948E-04
   9.00268555E-04
   1.00040436E-03
   1.09958649E-03
   1.19972229E-03
   1.19972229E-03
   1.20067596E-03
   1.89971924E-03
   1.89971924E-03
   1.99985504E-03
   2.79998779E-03
   3.00025940E-03
   3.10039520E-03
   3.19957733E-03
   3.49998474E-03
   3.60012054E-03
   3.69930267E-03
   3.90052795E-03
   5.10025024E-03
   5.10025024E-03
   5.19943237E-03
   5.20038605E-03
   5.49983978E-03
   5.80024719E-03
   5.80024719E-03
   6.09970093E-03
   6.09970093E-03
   6.40010834E-03
   6.40010834E-03
   6.69956207E-03
   7.10010529E-03
   7.30037689E-03
   7.90023804E-03
   8.00037384E-03
   9.69982147E-03
   1.01995468E-02
   1.03998184E-02
   1.07994080E-02
   1.08003616E-02
   1.10998154E-02
   1.22995377E-02
   1.23004913E-02
   1.28002167E-02
   1.50003433E-02
   1.83992386E-02
   3.48005295E-02
  0.138999939    
