#Npts     Radius    Mag      Completeness
#  193  834.1969  -14.786333 0.994845
# Ierr
  -1.86996460E-02
  -1.65004730E-02
  -1.53999329E-02
  -1.51004791E-02
  -1.42993927E-02
  -1.35002136E-02
  -1.21002197E-02
  -1.20000839E-02
  -1.10998154E-02
  -1.09004974E-02
  -1.08995438E-02
  -1.06000900E-02
  -1.02996826E-02
  -1.00002289E-02
  -9.69982147E-03
  -9.40036774E-03
  -9.20009613E-03
  -9.09996033E-03
  -8.99982452E-03
  -8.70037079E-03
  -8.69941711E-03
  -8.69941711E-03
  -8.00037384E-03
  -8.00037384E-03
  -7.99942017E-03
  -7.69996643E-03
  -7.69996643E-03
  -7.59983063E-03
  -7.20024109E-03
  -6.50024414E-03
  -6.29997253E-03
  -6.19983673E-03
  -6.09970093E-03
  -5.99956512E-03
  -5.99956512E-03
  -5.80024719E-03
  -5.79929352E-03
  -5.70011139E-03
  -5.49983978E-03
  -5.49983978E-03
  -5.40065765E-03
  -5.39970398E-03
  -5.39970398E-03
  -5.19943237E-03
  -5.19943237E-03
  -5.10025024E-03
  -5.00011444E-03
  -5.00011444E-03
  -4.60052490E-03
  -4.60052490E-03
  -4.49943542E-03
  -4.40025330E-03
  -4.30011749E-03
  -4.19998169E-03
  -4.19998169E-03
  -4.09984589E-03
  -4.00066376E-03
  -3.90052795E-03
  -3.89957428E-03
  -3.70025635E-03
  -3.60012054E-03
  -3.39984894E-03
  -3.30066681E-03
  -3.29971313E-03
  -2.90012360E-03
  -2.59971619E-03
  -2.59971619E-03
  -2.50053406E-03
  -2.40039825E-03
  -2.40039825E-03
  -2.30026245E-03
  -2.30026245E-03
  -2.30026245E-03
  -2.30026245E-03
  -2.30026245E-03
  -2.30026245E-03
  -2.20012665E-03
  -1.99985504E-03
  -1.90067291E-03
  -1.89971924E-03
  -1.79958344E-03
  -1.59931183E-03
  -1.39999390E-03
  -1.39999390E-03
  -1.39999390E-03
  -1.29985809E-03
  -1.10054016E-03
  -1.09958649E-03
  -9.00268555E-04
  -8.00132751E-04
  -8.00132751E-04
  -6.99996948E-04
  -5.99861145E-04
  -3.99589539E-04
  -2.99453735E-04
  -1.99317932E-04
  -1.99317932E-04
  -1.00135803E-04
   0.00000000    
   1.00135803E-04
   2.99453735E-04
   2.99453735E-04
   3.00407410E-04
   3.00407410E-04
   4.00543213E-04
   4.00543213E-04
   4.99725342E-04
   6.99996948E-04
   8.00132751E-04
   9.00268555E-04
   9.00268555E-04
   9.99450684E-04
   1.09958649E-03
   1.20067596E-03
   1.29985809E-03
   1.39999390E-03
   1.39999390E-03
   1.49917603E-03
   1.50012970E-03
   1.50012970E-03
   1.60026550E-03
   1.69944763E-03
   1.70040131E-03
   1.80053711E-03
   1.80053711E-03
   2.09999084E-03
   2.19917297E-03
   2.20012665E-03
   2.30026245E-03
   2.40039825E-03
   2.59971619E-03
   2.79998779E-03
   2.79998779E-03
   2.79998779E-03
   3.00025940E-03
   3.10039520E-03
   3.19957733E-03
   3.20053101E-03
   3.40080261E-03
   3.49998474E-03
   3.59916687E-03
   3.60012054E-03
   3.60012054E-03
   3.90052795E-03
   4.09984589E-03
   4.09984589E-03
   4.40025330E-03
   4.60052490E-03
   4.69970703E-03
   4.79984283E-03
   4.89997864E-03
   5.00011444E-03
   5.00011444E-03
   5.00011444E-03
   5.29956818E-03
   5.29956818E-03
   5.49983978E-03
   5.49983978E-03
   5.79929352E-03
   5.90038300E-03
   6.09970093E-03
   6.09970093E-03
   6.29997253E-03
   6.40010834E-03
   6.40010834E-03
   7.29942322E-03
   7.30037689E-03
   7.49969482E-03
   7.59983063E-03
   7.79914856E-03
   7.90023804E-03
   8.00037384E-03
   8.29982758E-03
   8.50009918E-03
   8.60023499E-03
   8.80050659E-03
   9.09996033E-03
   9.29927826E-03
   9.79995728E-03
   1.00994110E-02
   1.03006363E-02
   1.10998154E-02
   1.11007690E-02
   1.16996765E-02
   1.17998123E-02
   1.29995346E-02
   1.34000778E-02
   1.45006180E-02
   1.45998001E-02
   1.55992508E-02
   2.11992264E-02
   2.29997635E-02
  0.267800331    
