#Npts     Radius    Mag      Completeness
#  192  431.4812  -11.840100 1.000000
# Ierr
  -6.63003922E-02
  -6.00996017E-02
  -4.46004868E-02
  -3.99999619E-02
  -3.53002548E-02
  -3.35998535E-02
  -2.58998871E-02
  -2.47993469E-02
  -2.16999054E-02
  -1.72996521E-02
  -1.35002136E-02
  -1.30996704E-02
  -1.20000839E-02
  -1.10998154E-02
  -1.02996826E-02
  -9.50050354E-03
  -8.29982758E-03
  -8.09955597E-03
  -8.09955597E-03
  -6.79969788E-03
  -6.50024414E-03
  -6.20079041E-03
  -6.19983673E-03
  -6.09970093E-03
  -5.99956512E-03
  -5.89942932E-03
  -5.89942932E-03
  -5.39970398E-03
  -5.10025024E-03
  -5.10025024E-03
  -5.10025024E-03
  -4.99916077E-03
  -4.89997864E-03
  -4.69970703E-03
  -4.59957123E-03
  -4.40025330E-03
  -4.19998169E-03
  -4.09984589E-03
  -3.69930267E-03
  -3.49998474E-03
  -3.49998474E-03
  -3.39984894E-03
  -3.29971313E-03
  -3.20053101E-03
  -3.10039520E-03
  -3.09944153E-03
  -3.00025940E-03
  -2.79998779E-03
  -2.79998779E-03
  -2.79998779E-03
  -2.69985199E-03
  -2.60066986E-03
  -2.59971619E-03
  -2.50053406E-03
  -2.49958038E-03
  -2.39944458E-03
  -2.30026245E-03
  -2.20012665E-03
  -1.99985504E-03
  -1.89971924E-03
  -1.80053711E-03
  -1.79958344E-03
  -1.69944763E-03
  -1.69944763E-03
  -1.60026550E-03
  -1.50012970E-03
  -1.50012970E-03
  -1.50012970E-03
  -1.50012970E-03
  -1.50012970E-03
  -1.39999390E-03
  -1.29985809E-03
  -1.29985809E-03
  -1.20067596E-03
  -1.10054016E-03
  -1.09958649E-03
  -1.09958649E-03
  -1.00040436E-03
  -1.00040436E-03
  -9.99450684E-04
  -9.99450684E-04
  -8.99314880E-04
  -8.99314880E-04
  -8.00132751E-04
  -8.00132751E-04
  -6.99996948E-04
  -4.99725342E-04
  -4.00543213E-04
  -4.00543213E-04
  -3.00407410E-04
  -3.00407410E-04
  -1.99317932E-04
  -1.99317932E-04
  -1.00135803E-04
  -1.00135803E-04
  -1.00135803E-04
   0.00000000    
   1.00135803E-04
   2.00271606E-04
   3.00407410E-04
   3.00407410E-04
   3.99589539E-04
   4.00543213E-04
   4.99725342E-04
   4.99725342E-04
   6.99996948E-04
   6.99996948E-04
   7.99179077E-04
   7.99179077E-04
   8.00132751E-04
   9.00268555E-04
   1.00040436E-03
   1.00040436E-03
   1.29985809E-03
   1.29985809E-03
   1.29985809E-03
   1.39999390E-03
   1.39999390E-03
   1.50012970E-03
   1.50012970E-03
   1.60026550E-03
   1.69944763E-03
   1.70040131E-03
   1.89971924E-03
   1.99985504E-03
   1.99985504E-03
   2.00080872E-03
   2.20012665E-03
   2.39944458E-03
   2.40039825E-03
   2.49958038E-03
   2.59971619E-03
   2.60066986E-03
   2.69985199E-03
   2.69985199E-03
   2.79998779E-03
   2.90012360E-03
   3.09944153E-03
   3.19957733E-03
   3.20053101E-03
   3.29971313E-03
   3.39984894E-03
   3.49998474E-03
   3.49998474E-03
   3.60012054E-03
   3.60012054E-03
   3.70025635E-03
   3.80039215E-03
   3.99971008E-03
   4.00066376E-03
   4.00066376E-03
   4.10079956E-03
   4.70066071E-03
   5.30052185E-03
   5.40065765E-03
   5.70011139E-03
   5.79929352E-03
   5.80024719E-03
   6.09970093E-03
   6.09970093E-03
   6.10065460E-03
   6.29997253E-03
   6.30092621E-03
   6.80065155E-03
   6.89983368E-03
   7.10010529E-03
   7.10010529E-03
   7.40051270E-03
   8.99982452E-03
   1.00002289E-02
   1.06992722E-02
   1.07994080E-02
   1.14994049E-02
   1.17006302E-02
   1.41000748E-02
   1.43003464E-02
   1.51004791E-02
   1.55000687E-02
   1.59997940E-02
   1.85003281E-02
   2.01005936E-02
   2.20994949E-02
   2.49996185E-02
   2.55002975E-02
   2.60000229E-02
   2.78997421E-02
   3.41997147E-02
   4.08992767E-02
   4.43000793E-02
   4.46004868E-02
   7.78999329E-02
  0.162000656    
