#Npts     Radius    Mag      Completeness
#  308 1438.2706  -14.786333 1.000000
# Ierr
  -1.55000687E-02
  -1.51996613E-02
  -1.42002106E-02
  -1.37996674E-02
  -1.35002136E-02
  -1.34000778E-02
  -1.26008987E-02
  -1.25999451E-02
  -1.23996735E-02
  -1.21994019E-02
  -1.17998123E-02
  -1.13000870E-02
  -1.05991364E-02
  -1.03998184E-02
  -1.01003647E-02
  -9.79995728E-03
  -9.50050354E-03
  -9.40036774E-03
  -9.40036774E-03
  -8.89968872E-03
  -8.89968872E-03
  -8.80050659E-03
  -8.79955292E-03
  -8.69941711E-03
  -8.60023499E-03
  -8.39996338E-03
  -8.39996338E-03
  -8.39996338E-03
  -8.10050964E-03
  -8.09955597E-03
  -8.00037384E-03
  -7.80010223E-03
  -7.80010223E-03
  -7.69996643E-03
  -7.59983063E-03
  -7.59983063E-03
  -7.50064850E-03
  -7.50064850E-03
  -7.49969482E-03
  -7.40051270E-03
  -7.40051270E-03
  -7.29942322E-03
  -7.29942322E-03
  -7.10010529E-03
  -7.10010529E-03
  -6.89983368E-03
  -6.70051575E-03
  -6.59942627E-03
  -6.40010834E-03
  -6.40010834E-03
  -6.40010834E-03
  -6.29997253E-03
  -6.19983673E-03
  -6.19983673E-03
  -6.10065460E-03
  -6.09970093E-03
  -6.09970093E-03
  -5.99956512E-03
  -5.99956512E-03
  -5.90038300E-03
  -5.90038300E-03
  -5.89942932E-03
  -5.70011139E-03
  -5.70011139E-03
  -5.69915771E-03
  -5.49983978E-03
  -5.49983978E-03
  -5.29956818E-03
  -5.20038605E-03
  -5.19943237E-03
  -5.10025024E-03
  -5.09929657E-03
  -5.09929657E-03
  -5.00011444E-03
  -4.89997864E-03
  -4.89997864E-03
  -4.89997864E-03
  -4.79984283E-03
  -4.79984283E-03
  -4.69970703E-03
  -4.60052490E-03
  -4.50038910E-03
  -4.40025330E-03
  -4.30011749E-03
  -4.30011749E-03
  -4.19998169E-03
  -4.19998169E-03
  -4.19998169E-03
  -4.19998169E-03
  -4.00066376E-03
  -4.00066376E-03
  -3.99971008E-03
  -3.99971008E-03
  -3.79943848E-03
  -3.79943848E-03
  -3.79943848E-03
  -3.60012054E-03
  -3.49998474E-03
  -3.49998474E-03
  -3.49998474E-03
  -3.40080261E-03
  -3.29971313E-03
  -3.29971313E-03
  -3.29971313E-03
  -3.19957733E-03
  -3.10039520E-03
  -3.10039520E-03
  -3.09944153E-03
  -3.09944153E-03
  -3.00025940E-03
  -2.99930573E-03
  -2.99930573E-03
  -2.90012360E-03
  -2.90012360E-03
  -2.89916992E-03
  -2.79998779E-03
  -2.79998779E-03
  -2.60066986E-03
  -2.59971619E-03
  -2.59971619E-03
  -2.50053406E-03
  -2.40039825E-03
  -2.30026245E-03
  -2.20012665E-03
  -2.09999084E-03
  -2.09999084E-03
  -2.09999084E-03
  -2.09999084E-03
  -2.00080872E-03
  -2.00080872E-03
  -1.99985504E-03
  -1.90067291E-03
  -1.89971924E-03
  -1.89971924E-03
  -1.79958344E-03
  -1.69944763E-03
  -1.60026550E-03
  -1.60026550E-03
  -1.50012970E-03
  -1.50012970E-03
  -1.39999390E-03
  -1.29985809E-03
  -1.29985809E-03
  -1.20067596E-03
  -9.99450684E-04
  -9.99450684E-04
  -9.00268555E-04
  -8.00132751E-04
  -6.99996948E-04
  -6.99996948E-04
  -6.99996948E-04
  -6.00814819E-04
  -4.00543213E-04
  -4.00543213E-04
  -4.00543213E-04
  -3.99589539E-04
  -3.99589539E-04
  -3.00407410E-04
  -2.99453735E-04
  -1.99317932E-04
  -1.00135803E-04
  -1.00135803E-04
  -1.00135803E-04
  -1.00135803E-04
   0.00000000    
   0.00000000    
   1.00135803E-04
   1.00135803E-04
   1.00135803E-04
   1.99317932E-04
   3.00407410E-04
   3.00407410E-04
   3.00407410E-04
   3.00407410E-04
   4.99725342E-04
   5.99861145E-04
   5.99861145E-04
   5.99861145E-04
   6.00814819E-04
   6.99996948E-04
   8.00132751E-04
   9.00268555E-04
   1.00040436E-03
   1.09958649E-03
   1.09958649E-03
   1.09958649E-03
   1.19972229E-03
   1.20067596E-03
   1.29985809E-03
   1.29985809E-03
   1.29985809E-03
   1.29985809E-03
   1.29985809E-03
   1.39999390E-03
   1.49917603E-03
   1.50012970E-03
   1.50012970E-03
   1.69944763E-03
   1.70040131E-03
   1.80053711E-03
   1.89971924E-03
   1.89971924E-03
   1.89971924E-03
   1.90067291E-03
   1.90067291E-03
   1.90067291E-03
   1.99985504E-03
   2.20012665E-03
   2.30026245E-03
   2.30026245E-03
   2.39944458E-03
   2.49958038E-03
   2.49958038E-03
   2.59971619E-03
   2.59971619E-03
   2.59971619E-03
   2.60066986E-03
   2.69985199E-03
   2.69985199E-03
   2.79998779E-03
   2.90012360E-03
   2.90012360E-03
   3.00025940E-03
   3.00025940E-03
   3.10039520E-03
   3.19957733E-03
   3.19957733E-03
   3.29971313E-03
   3.49998474E-03
   3.60012054E-03
   3.69930267E-03
   3.69930267E-03
   3.80039215E-03
   3.80039215E-03
   3.80039215E-03
   3.89957428E-03
   3.89957428E-03
   3.99971008E-03
   4.09984589E-03
   4.09984589E-03
   4.30011749E-03
   4.30011749E-03
   4.40025330E-03
   4.49943542E-03
   4.60052490E-03
   4.79984283E-03
   4.79984283E-03
   4.89997864E-03
   5.00011444E-03
   5.19943237E-03
   5.19943237E-03
   5.20038605E-03
   5.20038605E-03
   5.29956818E-03
   5.29956818E-03
   5.29956818E-03
   5.29956818E-03
   5.49983978E-03
   5.70011139E-03
   5.70011139E-03
   5.79929352E-03
   5.89942932E-03
   6.00051880E-03
   6.09970093E-03
   6.09970093E-03
   6.10065460E-03
   6.40010834E-03
   6.40010834E-03
   6.40010834E-03
   6.50024414E-03
   6.59942627E-03
   6.60037994E-03
   6.70051575E-03
   6.79969788E-03
   6.89983368E-03
   6.99996948E-03
   7.29942322E-03
   7.30037689E-03
   7.40051270E-03
   7.59983063E-03
   7.69996643E-03
   8.00037384E-03
   8.50009918E-03
   8.79955292E-03
   8.90064240E-03
   9.20009613E-03
   9.50050354E-03
   9.60063934E-03
   9.79995728E-03
   9.89913940E-03
   1.00994110E-02
   1.06000900E-02
   1.09996796E-02
   1.13000870E-02
   1.14002228E-02
   1.18999481E-02
   1.18999481E-02
   1.20992661E-02
   1.22003555E-02
   1.32999420E-02
   1.36003494E-02
   2.92997360E-02
   4.49991226E-02
   5.09996414E-02
   5.73005676E-02
   6.27002716E-02
  0.149600029    
  0.202799797    
