#Npts     Radius    Mag      Completeness
#  203  834.1969  -13.792517 1.000000
# Ierr
  -1.04999542E-02
  -9.79995728E-03
  -8.20064545E-03
  -7.39955902E-03
  -4.80079651E-03
  -4.79984283E-03
  -4.69970703E-03
  -4.40025330E-03
  -3.80039215E-03
  -3.70025635E-03
  -3.40080261E-03
  -3.39984894E-03
  -3.10039520E-03
  -2.79998779E-03
  -2.70080566E-03
  -2.40039825E-03
  -2.29930878E-03
  -2.29930878E-03
  -2.09999084E-03
  -1.99985504E-03
  -1.99985504E-03
  -1.89971924E-03
  -1.89971924E-03
  -1.89971924E-03
  -1.79958344E-03
  -1.79958344E-03
  -1.70040131E-03
  -1.60026550E-03
  -1.49917603E-03
  -1.39999390E-03
  -1.39999390E-03
  -1.39999390E-03
  -1.39999390E-03
  -1.29985809E-03
  -1.20067596E-03
  -1.19972229E-03
  -1.19972229E-03
  -1.19972229E-03
  -1.09958649E-03
  -1.09958649E-03
  -1.00040436E-03
  -1.00040436E-03
  -1.00040436E-03
  -9.99450684E-04
  -9.99450684E-04
  -8.99314880E-04
  -8.99314880E-04
  -8.99314880E-04
  -8.00132751E-04
  -8.00132751E-04
  -8.00132751E-04
  -8.00132751E-04
  -6.99996948E-04
  -5.99861145E-04
  -5.99861145E-04
  -5.99861145E-04
  -5.99861145E-04
  -5.99861145E-04
  -5.99861145E-04
  -5.99861145E-04
  -5.00679016E-04
  -4.99725342E-04
  -4.00543213E-04
  -3.99589539E-04
  -2.99453735E-04
  -2.99453735E-04
  -2.00271606E-04
  -2.00271606E-04
  -2.00271606E-04
  -2.00271606E-04
  -2.00271606E-04
  -1.99317932E-04
  -1.99317932E-04
  -1.99317932E-04
  -1.00135803E-04
  -1.00135803E-04
  -1.00135803E-04
  -1.00135803E-04
  -1.00135803E-04
  -9.91821289E-05
  -9.91821289E-05
   0.00000000    
   0.00000000    
   0.00000000    
   0.00000000    
   0.00000000    
   0.00000000    
   9.91821289E-05
   1.00135803E-04
   1.00135803E-04
   1.00135803E-04
   1.00135803E-04
   1.00135803E-04
   1.99317932E-04
   1.99317932E-04
   2.00271606E-04
   2.00271606E-04
   2.00271606E-04
   2.00271606E-04
   2.99453735E-04
   3.00407410E-04
   3.00407410E-04
   3.00407410E-04
   3.99589539E-04
   3.99589539E-04
   3.99589539E-04
   4.00543213E-04
   4.99725342E-04
   4.99725342E-04
   5.00679016E-04
   5.00679016E-04
   5.99861145E-04
   5.99861145E-04
   6.99996948E-04
   6.99996948E-04
   6.99996948E-04
   6.99996948E-04
   6.99996948E-04
   7.99179077E-04
   8.00132751E-04
   8.00132751E-04
   8.99314880E-04
   8.99314880E-04
   8.99314880E-04
   9.99450684E-04
   9.99450684E-04
   1.09958649E-03
   1.10054016E-03
   1.19972229E-03
   1.19972229E-03
   1.19972229E-03
   1.20067596E-03
   1.20067596E-03
   1.20067596E-03
   1.29985809E-03
   1.29985809E-03
   1.29985809E-03
   1.29985809E-03
   1.29985809E-03
   1.39999390E-03
   1.39999390E-03
   1.39999390E-03
   1.39999390E-03
   1.39999390E-03
   1.50012970E-03
   1.60026550E-03
   1.70040131E-03
   1.79958344E-03
   1.79958344E-03
   1.89971924E-03
   1.89971924E-03
   1.89971924E-03
   1.90067291E-03
   1.99985504E-03
   1.99985504E-03
   2.09999084E-03
   2.09999084E-03
   2.20012665E-03
   2.20012665E-03
   2.30026245E-03
   2.30026245E-03
   2.30026245E-03
   2.49958038E-03
   2.49958038E-03
   2.50053406E-03
   2.50053406E-03
   2.79998779E-03
   2.79998779E-03
   2.79998779E-03
   2.90012360E-03
   3.40080261E-03
   3.49998474E-03
   3.69930267E-03
   3.69930267E-03
   3.79943848E-03
   3.89957428E-03
   3.90052795E-03
   4.19998169E-03
   5.09929657E-03
   5.19943237E-03
   5.59997559E-03
   5.70011139E-03
   5.79929352E-03
   5.90038300E-03
   5.99956512E-03
   5.99956512E-03
   7.30037689E-03
   7.90023804E-03
   8.19969177E-03
   8.80050659E-03
   8.89968872E-03
   9.79995728E-03
   1.08003616E-02
   1.14994049E-02
   1.16004944E-02
   1.30004883E-02
   1.36995316E-02
   1.37004852E-02
   2.00004578E-02
   8.80002975E-02
  0.105000496    
  0.193099976    
  0.235099792    
