#Npts     Radius    Mag      Completeness
#  304  834.1969  -11.840100 0.996721
# Ierr
 -0.156100273    
 -0.101999283    
  -6.29005432E-02
  -4.65002060E-02
  -4.48999405E-02
  -3.52001190E-02
  -3.36999893E-02
  -3.23991776E-02
  -3.12004089E-02
  -3.10001373E-02
  -1.65996552E-02
  -1.50003433E-02
  -1.46999359E-02
  -1.32999420E-02
  -1.16996765E-02
  -1.16004944E-02
  -1.04999542E-02
  -1.02996826E-02
  -1.00002289E-02
  -9.29927826E-03
  -9.20009613E-03
  -9.09996033E-03
  -8.70037079E-03
  -8.69941711E-03
  -8.09955597E-03
  -7.80010223E-03
  -7.69996643E-03
  -7.39955902E-03
  -7.30037689E-03
  -6.99996948E-03
  -6.90078735E-03
  -6.80065155E-03
  -6.69956207E-03
  -6.59942627E-03
  -6.50024414E-03
  -6.39915466E-03
  -6.10065460E-03
  -6.10065460E-03
  -5.90038300E-03
  -5.89942932E-03
  -5.79929352E-03
  -5.70011139E-03
  -5.49983978E-03
  -5.39970398E-03
  -5.39970398E-03
  -5.39970398E-03
  -5.30052185E-03
  -5.30052185E-03
  -5.29956818E-03
  -5.20038605E-03
  -5.10025024E-03
  -5.10025024E-03
  -5.10025024E-03
  -5.00011444E-03
  -5.00011444E-03
  -4.80079651E-03
  -4.79984283E-03
  -4.59957123E-03
  -4.30011749E-03
  -4.19998169E-03
  -4.09984589E-03
  -4.09984589E-03
  -4.09984589E-03
  -4.00066376E-03
  -3.99971008E-03
  -3.99971008E-03
  -3.99971008E-03
  -3.89957428E-03
  -3.89957428E-03
  -3.79943848E-03
  -3.79943848E-03
  -3.70025635E-03
  -3.69930267E-03
  -3.60012054E-03
  -3.60012054E-03
  -3.60012054E-03
  -3.60012054E-03
  -3.29971313E-03
  -3.19957733E-03
  -3.10039520E-03
  -3.00025940E-03
  -3.00025940E-03
  -3.00025940E-03
  -2.99930573E-03
  -2.99930573E-03
  -2.99930573E-03
  -2.79998779E-03
  -2.79998779E-03
  -2.69985199E-03
  -2.69985199E-03
  -2.60066986E-03
  -2.59971619E-03
  -2.59971619E-03
  -2.49958038E-03
  -2.49958038E-03
  -2.40039825E-03
  -2.40039825E-03
  -2.39944458E-03
  -2.30026245E-03
  -2.30026245E-03
  -2.20012665E-03
  -2.20012665E-03
  -2.20012665E-03
  -2.09999084E-03
  -2.09999084E-03
  -2.09999084E-03
  -2.09999084E-03
  -2.00080872E-03
  -1.99985504E-03
  -1.89971924E-03
  -1.89971924E-03
  -1.80053711E-03
  -1.79958344E-03
  -1.79958344E-03
  -1.70040131E-03
  -1.70040131E-03
  -1.70040131E-03
  -1.69944763E-03
  -1.69944763E-03
  -1.60026550E-03
  -1.60026550E-03
  -1.60026550E-03
  -1.50012970E-03
  -1.49917603E-03
  -1.39999390E-03
  -1.39999390E-03
  -1.39999390E-03
  -1.29985809E-03
  -1.29985809E-03
  -1.29985809E-03
  -1.29985809E-03
  -1.20067596E-03
  -1.19972229E-03
  -1.09958649E-03
  -1.09958649E-03
  -8.00132751E-04
  -8.00132751E-04
  -8.00132751E-04
  -8.00132751E-04
  -8.00132751E-04
  -8.00132751E-04
  -6.99996948E-04
  -6.99996948E-04
  -6.99996948E-04
  -5.99861145E-04
  -4.99725342E-04
  -4.00543213E-04
  -4.00543213E-04
  -3.99589539E-04
  -3.99589539E-04
  -3.99589539E-04
  -3.00407410E-04
  -2.99453735E-04
  -2.00271606E-04
  -2.00271606E-04
  -2.00271606E-04
  -2.00271606E-04
  -2.00271606E-04
  -1.99317932E-04
  -1.99317932E-04
  -1.00135803E-04
  -1.00135803E-04
  -1.00135803E-04
  -1.00135803E-04
  -9.91821289E-05
   0.00000000    
   0.00000000    
   0.00000000    
   0.00000000    
   1.00135803E-04
   1.00135803E-04
   1.00135803E-04
   2.00271606E-04
   2.99453735E-04
   2.99453735E-04
   3.00407410E-04
   3.00407410E-04
   4.00543213E-04
   4.99725342E-04
   4.99725342E-04
   4.99725342E-04
   5.00679016E-04
   5.99861145E-04
   5.99861145E-04
   6.00814819E-04
   6.00814819E-04
   6.99996948E-04
   6.99996948E-04
   6.99996948E-04
   6.99996948E-04
   6.99996948E-04
   6.99996948E-04
   8.00132751E-04
   8.00132751E-04
   8.00132751E-04
   8.00132751E-04
   8.99314880E-04
   8.99314880E-04
   8.99314880E-04
   1.00040436E-03
   1.19972229E-03
   1.20067596E-03
   1.29985809E-03
   1.29985809E-03
   1.29985809E-03
   1.29985809E-03
   1.39999390E-03
   1.39999390E-03
   1.49917603E-03
   1.60026550E-03
   1.69944763E-03
   1.69944763E-03
   1.70040131E-03
   1.79958344E-03
   1.80053711E-03
   1.80053711E-03
   1.80053711E-03
   1.99985504E-03
   1.99985504E-03
   1.99985504E-03
   1.99985504E-03
   2.09999084E-03
   2.09999084E-03
   2.09999084E-03
   2.09999084E-03
   2.20012665E-03
   2.30026245E-03
   2.40039825E-03
   2.49958038E-03
   2.50053406E-03
   2.59971619E-03
   2.70080566E-03
   2.79998779E-03
   2.79998779E-03
   3.09944153E-03
   3.10039520E-03
   3.19957733E-03
   3.19957733E-03
   3.19957733E-03
   3.70025635E-03
   3.70025635E-03
   3.80039215E-03
   3.89957428E-03
   3.89957428E-03
   4.09984589E-03
   4.19998169E-03
   4.19998169E-03
   4.30011749E-03
   4.30011749E-03
   4.59957123E-03
   4.59957123E-03
   4.69970703E-03
   4.69970703E-03
   4.69970703E-03
   4.70066071E-03
   4.80079651E-03
   5.00011444E-03
   5.00011444E-03
   5.49983978E-03
   5.59997559E-03
   5.80024719E-03
   5.89942932E-03
   6.29997253E-03
   6.60037994E-03
   6.70051575E-03
   6.89983368E-03
   7.20024109E-03
   7.29942322E-03
   7.29942322E-03
   7.30037689E-03
   7.39955902E-03
   7.50064850E-03
   7.69996643E-03
   8.00037384E-03
   8.29982758E-03
   8.39996338E-03
   8.50009918E-03
   8.69941711E-03
   9.20009613E-03
   9.79995728E-03
   1.04999542E-02
   1.08003616E-02
   1.10998154E-02
   1.13992691E-02
   1.17998123E-02
   1.20992661E-02
   1.55000687E-02
   1.62000656E-02
   1.78003311E-02
   1.79004669E-02
   1.90000534E-02
   1.97000504E-02
   2.06003189E-02
   2.58998871E-02
   2.63996124E-02
   2.81000137E-02
   2.81000137E-02
   2.95000076E-02
   3.59992981E-02
   3.98998260E-02
   4.64000702E-02
   5.44004440E-02
   9.59997177E-02
  0.186399460    
