#Npts     Radius    Mag      Completeness
#  245 1035.5548  -14.484667 1.000000
# Ierr
  -2.43005753E-02
  -2.25000381E-02
  -2.07004547E-02
  -1.80006027E-02
  -1.78995132E-02
  -1.77001953E-02
  -1.70001984E-02
  -1.63993835E-02
  -1.60999298E-02
  -1.59997940E-02
  -1.44996643E-02
  -1.43003464E-02
  -1.37996674E-02
  -1.37996674E-02
  -1.36003494E-02
  -1.29995346E-02
  -1.20992661E-02
  -1.15003586E-02
  -1.13992691E-02
  -1.13000870E-02
  -1.08003616E-02
  -1.07994080E-02
  -1.07994080E-02
  -1.01995468E-02
  -1.01003647E-02
  -1.00994110E-02
  -9.79995728E-03
  -9.59968567E-03
  -8.79955292E-03
  -8.79955292E-03
  -8.60023499E-03
  -8.60023499E-03
  -7.90023804E-03
  -7.69996643E-03
  -7.39955902E-03
  -7.29942322E-03
  -7.10010529E-03
  -6.99996948E-03
  -6.89983368E-03
  -6.80065155E-03
  -6.70051575E-03
  -6.69956207E-03
  -6.60037994E-03
  -6.50024414E-03
  -6.49929047E-03
  -6.40010834E-03
  -6.29997253E-03
  -6.29997253E-03
  -6.29997253E-03
  -6.10065460E-03
  -6.10065460E-03
  -6.00051880E-03
  -5.90038300E-03
  -5.80024719E-03
  -5.80024719E-03
  -5.80024719E-03
  -5.59997559E-03
  -5.49983978E-03
  -5.40065765E-03
  -5.39970398E-03
  -5.09929657E-03
  -5.00011444E-03
  -5.00011444E-03
  -5.00011444E-03
  -5.00011444E-03
  -4.79984283E-03
  -4.70066071E-03
  -4.40025330E-03
  -4.30011749E-03
  -4.30011749E-03
  -4.19998169E-03
  -3.99971008E-03
  -3.99971008E-03
  -3.90052795E-03
  -3.89957428E-03
  -3.70025635E-03
  -3.49998474E-03
  -3.49998474E-03
  -3.39984894E-03
  -3.29971313E-03
  -3.00025940E-03
  -2.90012360E-03
  -2.79998779E-03
  -2.79998779E-03
  -2.79998779E-03
  -2.79998779E-03
  -2.79998779E-03
  -2.60066986E-03
  -2.59971619E-03
  -2.50053406E-03
  -2.30026245E-03
  -2.20012665E-03
  -2.20012665E-03
  -2.20012665E-03
  -2.09999084E-03
  -1.89971924E-03
  -1.80053711E-03
  -1.79958344E-03
  -1.50012970E-03
  -1.50012970E-03
  -1.49917603E-03
  -1.29985809E-03
  -1.19972229E-03
  -8.99314880E-04
  -8.00132751E-04
  -8.00132751E-04
  -6.99996948E-04
  -6.99996948E-04
  -6.99996948E-04
  -6.00814819E-04
  -5.99861145E-04
  -4.99725342E-04
  -4.99725342E-04
  -2.99453735E-04
  -2.99453735E-04
  -1.00135803E-04
   0.00000000    
   3.99589539E-04
   3.99589539E-04
   4.99725342E-04
   6.99996948E-04
   6.99996948E-04
   8.00132751E-04
   8.00132751E-04
   8.00132751E-04
   8.00132751E-04
   8.00132751E-04
   8.99314880E-04
   9.99450684E-04
   1.00040436E-03
   1.10054016E-03
   1.10054016E-03
   1.19972229E-03
   1.19972229E-03
   1.29985809E-03
   1.29985809E-03
   1.39999390E-03
   1.39999390E-03
   1.50012970E-03
   1.50012970E-03
   1.60026550E-03
   1.60026550E-03
   1.79958344E-03
   1.80053711E-03
   1.80053711E-03
   1.99985504E-03
   2.20012665E-03
   2.59971619E-03
   2.69985199E-03
   2.69985199E-03
   2.69985199E-03
   2.79998779E-03
   2.90012360E-03
   3.19957733E-03
   3.19957733E-03
   3.19957733E-03
   3.39984894E-03
   3.39984894E-03
   3.39984894E-03
   3.49998474E-03
   3.60012054E-03
   3.60012054E-03
   3.70025635E-03
   3.70025635E-03
   3.70025635E-03
   3.79943848E-03
   3.80039215E-03
   3.80039215E-03
   3.80039215E-03
   3.89957428E-03
   3.90052795E-03
   3.99971008E-03
   4.09984589E-03
   4.19998169E-03
   4.49943542E-03
   4.59957123E-03
   4.60052490E-03
   4.79984283E-03
   4.89997864E-03
   5.00011444E-03
   5.00011444E-03
   5.00011444E-03
   5.10025024E-03
   5.20038605E-03
   5.20038605E-03
   5.29956818E-03
   5.29956818E-03
   5.49983978E-03
   5.59997559E-03
   5.59997559E-03
   5.59997559E-03
   5.69915771E-03
   6.49929047E-03
   6.50024414E-03
   6.60037994E-03
   6.80065155E-03
   6.89983368E-03
   6.99996948E-03
   7.20024109E-03
   7.20024109E-03
   7.20024109E-03
   7.30037689E-03
   7.80010223E-03
   7.80010223E-03
   7.90023804E-03
   8.00037384E-03
   8.09955597E-03
   8.60023499E-03
   8.60023499E-03
   8.79955292E-03
   9.09996033E-03
   9.30023193E-03
   9.30023193E-03
   9.50050354E-03
   9.79995728E-03
   9.79995728E-03
   1.00002289E-02
   1.00994110E-02
   1.01003647E-02
   1.04999542E-02
   1.07002258E-02
   1.07994080E-02
   1.10006332E-02
   1.11007690E-02
   1.11999512E-02
   1.15995407E-02
   1.16004944E-02
   1.17006302E-02
   1.18999481E-02
   1.23004913E-02
   1.24998093E-02
   1.28002167E-02
   1.29003525E-02
   1.35002136E-02
   1.48000717E-02
   2.09999084E-02
   2.16999054E-02
   2.22005844E-02
   2.61001587E-02
   2.77004242E-02
   2.86998749E-02
   3.50999832E-02
   4.46996689E-02
   6.66999817E-02
  0.127399445    
