#Npts     Radius    Mag      Completeness
#  362 1035.5548  -13.011550 0.997245
# Ierr
  -5.28001785E-02
  -4.19998169E-03
  -4.19998169E-03
  -4.10079956E-03
  -3.99971008E-03
  -3.70025635E-03
  -3.69930267E-03
  -3.69930267E-03
  -3.60012054E-03
  -3.30066681E-03
  -3.20053101E-03
  -3.10039520E-03
  -3.09944153E-03
  -3.09944153E-03
  -3.00025940E-03
  -2.99930573E-03
  -2.90012360E-03
  -2.59971619E-03
  -2.59971619E-03
  -2.50053406E-03
  -2.50053406E-03
  -2.49958038E-03
  -2.49958038E-03
  -2.40039825E-03
  -2.39944458E-03
  -2.30026245E-03
  -2.29930878E-03
  -2.20012665E-03
  -2.20012665E-03
  -2.20012665E-03
  -2.20012665E-03
  -2.09999084E-03
  -2.09999084E-03
  -2.00080872E-03
  -1.99985504E-03
  -1.89971924E-03
  -1.89971924E-03
  -1.89971924E-03
  -1.89971924E-03
  -1.89971924E-03
  -1.89971924E-03
  -1.80053711E-03
  -1.80053711E-03
  -1.80053711E-03
  -1.80053711E-03
  -1.79958344E-03
  -1.79958344E-03
  -1.69944763E-03
  -1.69944763E-03
  -1.60026550E-03
  -1.60026550E-03
  -1.60026550E-03
  -1.60026550E-03
  -1.60026550E-03
  -1.60026550E-03
  -1.59931183E-03
  -1.59931183E-03
  -1.50012970E-03
  -1.50012970E-03
  -1.50012970E-03
  -1.50012970E-03
  -1.50012970E-03
  -1.50012970E-03
  -1.50012970E-03
  -1.50012970E-03
  -1.39999390E-03
  -1.39999390E-03
  -1.39999390E-03
  -1.29985809E-03
  -1.29985809E-03
  -1.29985809E-03
  -1.29985809E-03
  -1.29985809E-03
  -1.20067596E-03
  -1.19972229E-03
  -1.19972229E-03
  -1.19972229E-03
  -1.10054016E-03
  -1.10054016E-03
  -1.09958649E-03
  -1.09958649E-03
  -1.09958649E-03
  -1.09958649E-03
  -1.09958649E-03
  -1.00040436E-03
  -1.00040436E-03
  -1.00040436E-03
  -1.00040436E-03
  -1.00040436E-03
  -9.99450684E-04
  -9.99450684E-04
  -9.99450684E-04
  -9.99450684E-04
  -9.99450684E-04
  -9.00268555E-04
  -9.00268555E-04
  -8.99314880E-04
  -8.00132751E-04
  -8.00132751E-04
  -8.00132751E-04
  -8.00132751E-04
  -8.00132751E-04
  -8.00132751E-04
  -8.00132751E-04
  -8.00132751E-04
  -7.99179077E-04
  -6.99996948E-04
  -6.99996948E-04
  -6.99996948E-04
  -6.99996948E-04
  -6.99996948E-04
  -6.99996948E-04
  -6.00814819E-04
  -5.99861145E-04
  -5.99861145E-04
  -5.99861145E-04
  -5.99861145E-04
  -5.99861145E-04
  -5.99861145E-04
  -5.00679016E-04
  -5.00679016E-04
  -4.99725342E-04
  -4.99725342E-04
  -4.99725342E-04
  -4.99725342E-04
  -4.99725342E-04
  -4.99725342E-04
  -4.99725342E-04
  -4.99725342E-04
  -4.99725342E-04
  -4.00543213E-04
  -4.00543213E-04
  -3.99589539E-04
  -3.99589539E-04
  -3.00407410E-04
  -2.99453735E-04
  -2.99453735E-04
  -2.99453735E-04
  -2.99453735E-04
  -2.00271606E-04
  -2.00271606E-04
  -1.99317932E-04
  -1.00135803E-04
  -1.00135803E-04
  -1.00135803E-04
  -1.00135803E-04
  -1.00135803E-04
  -1.00135803E-04
  -1.00135803E-04
  -9.91821289E-05
   0.00000000    
   0.00000000    
   0.00000000    
   0.00000000    
   0.00000000    
   0.00000000    
   1.00135803E-04
   1.00135803E-04
   1.00135803E-04
   1.00135803E-04
   1.00135803E-04
   1.00135803E-04
   1.00135803E-04
   1.00135803E-04
   1.00135803E-04
   1.00135803E-04
   2.00271606E-04
   2.00271606E-04
   2.00271606E-04
   2.00271606E-04
   2.00271606E-04
   2.00271606E-04
   2.00271606E-04
   2.00271606E-04
   2.00271606E-04
   2.99453735E-04
   3.00407410E-04
   3.00407410E-04
   3.99589539E-04
   3.99589539E-04
   3.99589539E-04
   4.00543213E-04
   4.00543213E-04
   4.00543213E-04
   4.00543213E-04
   4.00543213E-04
   4.99725342E-04
   4.99725342E-04
   4.99725342E-04
   4.99725342E-04
   4.99725342E-04
   5.00679016E-04
   5.99861145E-04
   5.99861145E-04
   5.99861145E-04
   5.99861145E-04
   5.99861145E-04
   5.99861145E-04
   5.99861145E-04
   5.99861145E-04
   6.99996948E-04
   6.99996948E-04
   6.99996948E-04
   6.99996948E-04
   8.00132751E-04
   8.00132751E-04
   8.00132751E-04
   8.00132751E-04
   8.00132751E-04
   8.00132751E-04
   8.00132751E-04
   8.00132751E-04
   8.00132751E-04
   8.00132751E-04
   8.00132751E-04
   8.00132751E-04
   8.99314880E-04
   8.99314880E-04
   9.00268555E-04
   9.00268555E-04
   9.00268555E-04
   9.00268555E-04
   9.00268555E-04
   9.99450684E-04
   9.99450684E-04
   9.99450684E-04
   9.99450684E-04
   9.99450684E-04
   1.00040436E-03
   1.00040436E-03
   1.00040436E-03
   1.00040436E-03
   1.00040436E-03
   1.00040436E-03
   1.09958649E-03
   1.09958649E-03
   1.09958649E-03
   1.09958649E-03
   1.10054016E-03
   1.10054016E-03
   1.10054016E-03
   1.19972229E-03
   1.19972229E-03
   1.19972229E-03
   1.19972229E-03
   1.20067596E-03
   1.20067596E-03
   1.20067596E-03
   1.29985809E-03
   1.29985809E-03
   1.29985809E-03
   1.39999390E-03
   1.39999390E-03
   1.39999390E-03
   1.39999390E-03
   1.39999390E-03
   1.39999390E-03
   1.50012970E-03
   1.50012970E-03
   1.50012970E-03
   1.50012970E-03
   1.50012970E-03
   1.59931183E-03
   1.59931183E-03
   1.60026550E-03
   1.60026550E-03
   1.60026550E-03
   1.60026550E-03
   1.60026550E-03
   1.60026550E-03
   1.60026550E-03
   1.60026550E-03
   1.69944763E-03
   1.70040131E-03
   1.70040131E-03
   1.70040131E-03
   1.79958344E-03
   1.79958344E-03
   1.80053711E-03
   1.89971924E-03
   1.90067291E-03
   1.99985504E-03
   1.99985504E-03
   2.00080872E-03
   2.00080872E-03
   2.09999084E-03
   2.09999084E-03
   2.09999084E-03
   2.09999084E-03
   2.20012665E-03
   2.20012665E-03
   2.30026245E-03
   2.30026245E-03
   2.39944458E-03
   2.39944458E-03
   2.39944458E-03
   2.39944458E-03
   2.39944458E-03
   2.39944458E-03
   2.40039825E-03
   2.40039825E-03
   2.49958038E-03
   2.49958038E-03
   2.49958038E-03
   2.49958038E-03
   2.49958038E-03
   2.50053406E-03
   2.59971619E-03
   2.59971619E-03
   2.60066986E-03
   2.69985199E-03
   2.89916992E-03
   2.89916992E-03
   2.90012360E-03
   2.90012360E-03
   3.09944153E-03
   3.30066681E-03
   3.39984894E-03
   3.39984894E-03
   3.39984894E-03
   3.39984894E-03
   3.40080261E-03
   3.59916687E-03
   3.69930267E-03
   3.70025635E-03
   3.79943848E-03
   3.89957428E-03
   3.89957428E-03
   3.89957428E-03
   3.90052795E-03
   4.19998169E-03
   4.40025330E-03
   4.40025330E-03
   4.49943542E-03
   4.59957123E-03
   4.79984283E-03
   5.40065765E-03
   5.49983978E-03
   5.80024719E-03
   5.89942932E-03
   6.10065460E-03
   7.60078430E-03
   7.99942017E-03
   8.29982758E-03
   8.60023499E-03
   9.20009613E-03
   1.00002289E-02
   1.01003647E-02
   1.16004944E-02
   1.22995377E-02
   1.24998093E-02
   1.30004883E-02
   1.32999420E-02
   1.88999176E-02
   1.90000534E-02
   1.91993713E-02
   2.63004303E-02
   3.17993164E-02
   3.21006775E-02
   5.66997528E-02
   5.89008331E-02
  0.741000175    
