#Npts     Radius    Mag      Completeness
#  297 2042.3444  -14.484667 0.993311
# Ierr
  -1.59997940E-02
  -1.46999359E-02
  -1.44004822E-02
  -1.43995285E-02
  -1.30996704E-02
  -1.27000809E-02
  -1.25999451E-02
  -1.20000839E-02
  -1.20000839E-02
  -1.17006302E-02
  -1.15003586E-02
  -1.13992691E-02
  -1.13000870E-02
  -1.08003616E-02
  -1.04999542E-02
  -1.03998184E-02
  -1.02996826E-02
  -1.01003647E-02
  -9.79995728E-03
  -9.69982147E-03
  -9.40036774E-03
  -8.89968872E-03
  -8.80050659E-03
  -8.79955292E-03
  -8.69941711E-03
  -8.69941711E-03
  -8.60023499E-03
  -8.49914551E-03
  -8.09955597E-03
  -8.00037384E-03
  -7.80010223E-03
  -7.80010223E-03
  -7.59983063E-03
  -7.59983063E-03
  -7.40051270E-03
  -7.20024109E-03
  -7.20024109E-03
  -7.10010529E-03
  -6.80065155E-03
  -6.79969788E-03
  -6.79969788E-03
  -6.69956207E-03
  -6.59942627E-03
  -6.49929047E-03
  -6.29997253E-03
  -6.29997253E-03
  -6.29997253E-03
  -6.19983673E-03
  -6.10065460E-03
  -6.00051880E-03
  -5.80024719E-03
  -5.80024719E-03
  -5.70011139E-03
  -5.70011139E-03
  -5.70011139E-03
  -5.59997559E-03
  -5.50079346E-03
  -5.49983978E-03
  -5.39970398E-03
  -5.30052185E-03
  -5.20038605E-03
  -5.20038605E-03
  -5.10025024E-03
  -5.00011444E-03
  -4.89997864E-03
  -4.79984283E-03
  -4.59957123E-03
  -4.50038910E-03
  -4.50038910E-03
  -4.50038910E-03
  -4.49943542E-03
  -4.49943542E-03
  -4.40025330E-03
  -4.40025330E-03
  -4.40025330E-03
  -4.30011749E-03
  -4.30011749E-03
  -4.20093536E-03
  -4.19998169E-03
  -4.19998169E-03
  -4.10079956E-03
  -4.09984589E-03
  -4.09984589E-03
  -3.90052795E-03
  -3.89957428E-03
  -3.89957428E-03
  -3.89957428E-03
  -3.60012054E-03
  -3.60012054E-03
  -3.60012054E-03
  -3.49998474E-03
  -3.49998474E-03
  -3.20053101E-03
  -3.19957733E-03
  -3.10039520E-03
  -3.00025940E-03
  -3.00025940E-03
  -2.99930573E-03
  -2.79998779E-03
  -2.69985199E-03
  -2.69985199E-03
  -2.59971619E-03
  -2.40039825E-03
  -2.40039825E-03
  -2.30026245E-03
  -2.20012665E-03
  -2.20012665E-03
  -2.09999084E-03
  -2.09999084E-03
  -2.09999084E-03
  -1.99985504E-03
  -1.99985504E-03
  -1.99985504E-03
  -1.99985504E-03
  -1.89971924E-03
  -1.89971924E-03
  -1.79958344E-03
  -1.70040131E-03
  -1.69944763E-03
  -1.60026550E-03
  -1.60026550E-03
  -1.50012970E-03
  -1.50012970E-03
  -1.39999390E-03
  -1.09958649E-03
  -1.09958649E-03
  -1.00040436E-03
  -1.00040436E-03
  -9.99450684E-04
  -9.00268555E-04
  -8.99314880E-04
  -8.00132751E-04
  -8.00132751E-04
  -8.00132751E-04
  -6.99996948E-04
  -6.99996948E-04
  -6.99996948E-04
  -5.99861145E-04
  -5.99861145E-04
  -5.99861145E-04
  -5.99861145E-04
  -5.99861145E-04
  -5.99861145E-04
  -5.00679016E-04
  -4.99725342E-04
  -4.99725342E-04
  -4.99725342E-04
  -4.99725342E-04
  -2.99453735E-04
  -2.99453735E-04
  -2.00271606E-04
  -1.00135803E-04
   0.00000000    
   0.00000000    
   9.91821289E-05
   1.00135803E-04
   1.00135803E-04
   1.00135803E-04
   1.00135803E-04
   1.00135803E-04
   1.99317932E-04
   1.99317932E-04
   2.00271606E-04
   2.00271606E-04
   2.00271606E-04
   3.00407410E-04
   3.00407410E-04
   3.00407410E-04
   3.99589539E-04
   3.99589539E-04
   3.99589539E-04
   3.99589539E-04
   3.99589539E-04
   5.00679016E-04
   8.00132751E-04
   1.00040436E-03
   1.09958649E-03
   1.09958649E-03
   1.10054016E-03
   1.19972229E-03
   1.29985809E-03
   1.39999390E-03
   1.39999390E-03
   1.39999390E-03
   1.50012970E-03
   1.50012970E-03
   1.69944763E-03
   1.80053711E-03
   1.89971924E-03
   1.89971924E-03
   1.99985504E-03
   1.99985504E-03
   1.99985504E-03
   2.09999084E-03
   2.09999084E-03
   2.30026245E-03
   2.30026245E-03
   2.30026245E-03
   2.39944458E-03
   2.50053406E-03
   2.59971619E-03
   2.69985199E-03
   2.69985199E-03
   2.90012360E-03
   2.90012360E-03
   3.09944153E-03
   3.09944153E-03
   3.10039520E-03
   3.19957733E-03
   3.29971313E-03
   3.30066681E-03
   3.39984894E-03
   3.39984894E-03
   3.49998474E-03
   3.49998474E-03
   3.69930267E-03
   3.70025635E-03
   3.80039215E-03
   3.80039215E-03
   3.89957428E-03
   4.09984589E-03
   4.09984589E-03
   4.09984589E-03
   4.10079956E-03
   4.19998169E-03
   4.19998169E-03
   4.30011749E-03
   4.30011749E-03
   4.40025330E-03
   4.50038910E-03
   4.59957123E-03
   4.60052490E-03
   4.60052490E-03
   4.69970703E-03
   4.70066071E-03
   4.89997864E-03
   4.89997864E-03
   4.89997864E-03
   5.00011444E-03
   5.00011444E-03
   5.10025024E-03
   5.10025024E-03
   5.10025024E-03
   5.19943237E-03
   5.29956818E-03
   5.30052185E-03
   5.39970398E-03
   5.49983978E-03
   5.70011139E-03
   5.80024719E-03
   5.90038300E-03
   5.99956512E-03
   6.09970093E-03
   6.09970093E-03
   6.29997253E-03
   6.49929047E-03
   6.50024414E-03
   6.70051575E-03
   6.89983368E-03
   6.99996948E-03
   7.20024109E-03
   7.39955902E-03
   7.40051270E-03
   7.99942017E-03
   7.99942017E-03
   8.20064545E-03
   8.29982758E-03
   8.50009918E-03
   8.50009918E-03
   8.80050659E-03
   8.99982452E-03
   9.19914246E-03
   9.49954987E-03
   9.50050354E-03
   9.69982147E-03
   1.00002289E-02
   1.12009048E-02
   1.13000870E-02
   1.13000870E-02
   1.14002228E-02
   1.21994019E-02
   1.28002167E-02
   1.28002167E-02
   1.30004883E-02
   1.35002136E-02
   1.52006149E-02
   1.77001953E-02
   1.83000565E-02
   1.84993744E-02
   1.85995102E-02
   1.86996460E-02
   1.87997818E-02
   1.93004608E-02
   1.97000504E-02
   2.32000351E-02
   8.88004303E-02
  0.252999306    
