#Npts     Radius    Mag      Completeness
#  328 2876.5413  -14.484667 0.996960
# Ierr
  -1.84001923E-02
  -1.80006027E-02
  -1.78003311E-02
  -1.64995193E-02
  -1.60007477E-02
  -1.59997940E-02
  -1.51004791E-02
  -1.48992538E-02
  -1.45006180E-02
  -1.37004852E-02
  -1.31998062E-02
  -1.30004883E-02
  -1.29995346E-02
  -1.25999451E-02
  -1.25999451E-02
  -1.25999451E-02
  -1.22003555E-02
  -1.21002197E-02
  -1.21002197E-02
  -1.18999481E-02
  -1.17998123E-02
  -1.14994049E-02
  -1.14002228E-02
  -1.13000870E-02
  -1.08995438E-02
  -1.06000900E-02
  -1.00002289E-02
  -9.29927826E-03
  -9.19914246E-03
  -8.99982452E-03
  -8.79955292E-03
  -8.70037079E-03
  -8.60023499E-03
  -8.60023499E-03
  -8.50009918E-03
  -8.39996338E-03
  -8.29982758E-03
  -8.19969177E-03
  -8.19969177E-03
  -7.90023804E-03
  -7.59983063E-03
  -7.49969482E-03
  -7.40051270E-03
  -7.39955902E-03
  -7.30037689E-03
  -7.30037689E-03
  -7.20024109E-03
  -7.10010529E-03
  -6.99996948E-03
  -6.99996948E-03
  -6.90078735E-03
  -6.89983368E-03
  -6.69956207E-03
  -6.60037994E-03
  -6.59942627E-03
  -6.50024414E-03
  -6.49929047E-03
  -6.40010834E-03
  -6.40010834E-03
  -6.39915466E-03
  -6.19983673E-03
  -6.19983673E-03
  -6.10065460E-03
  -6.09970093E-03
  -6.09970093E-03
  -5.99956512E-03
  -5.90038300E-03
  -5.80024719E-03
  -5.59997559E-03
  -5.30052185E-03
  -5.29956818E-03
  -5.00011444E-03
  -4.89997864E-03
  -4.89997864E-03
  -4.79984283E-03
  -4.79984283E-03
  -4.49943542E-03
  -4.49943542E-03
  -4.19998169E-03
  -4.19998169E-03
  -4.09984589E-03
  -3.89957428E-03
  -3.80039215E-03
  -3.79943848E-03
  -3.79943848E-03
  -3.70025635E-03
  -3.69930267E-03
  -3.49998474E-03
  -3.49998474E-03
  -3.49998474E-03
  -3.29971313E-03
  -3.20053101E-03
  -3.19957733E-03
  -3.10039520E-03
  -3.10039520E-03
  -3.09944153E-03
  -3.00025940E-03
  -2.99930573E-03
  -2.90012360E-03
  -2.90012360E-03
  -2.90012360E-03
  -2.90012360E-03
  -2.90012360E-03
  -2.90012360E-03
  -2.69985199E-03
  -2.60066986E-03
  -2.59971619E-03
  -2.59971619E-03
  -2.59971619E-03
  -2.59971619E-03
  -2.50053406E-03
  -2.50053406E-03
  -2.49958038E-03
  -2.49958038E-03
  -2.40039825E-03
  -2.40039825E-03
  -2.39944458E-03
  -2.30026245E-03
  -2.30026245E-03
  -2.09999084E-03
  -2.09999084E-03
  -1.99985504E-03
  -1.90067291E-03
  -1.79958344E-03
  -1.79958344E-03
  -1.79958344E-03
  -1.79958344E-03
  -1.50012970E-03
  -1.50012970E-03
  -1.50012970E-03
  -1.29985809E-03
  -1.20067596E-03
  -1.19972229E-03
  -1.10054016E-03
  -1.00040436E-03
  -1.00040436E-03
  -1.00040436E-03
  -8.99314880E-04
  -8.00132751E-04
  -7.99179077E-04
  -4.00543213E-04
  -4.00543213E-04
  -3.00407410E-04
  -3.00407410E-04
  -3.00407410E-04
  -2.00271606E-04
  -2.00271606E-04
  -2.00271606E-04
  -1.00135803E-04
  -1.00135803E-04
  -9.91821289E-05
   0.00000000    
   0.00000000    
   0.00000000    
   2.00271606E-04
   2.00271606E-04
   3.00407410E-04
   3.00407410E-04
   4.00543213E-04
   4.00543213E-04
   4.99725342E-04
   6.99996948E-04
   6.99996948E-04
   6.99996948E-04
   8.99314880E-04
   9.99450684E-04
   1.00040436E-03
   1.10054016E-03
   1.29985809E-03
   1.29985809E-03
   1.29985809E-03
   1.39999390E-03
   1.39999390E-03
   1.49917603E-03
   1.50012970E-03
   1.50012970E-03
   1.59931183E-03
   1.69944763E-03
   1.70040131E-03
   1.70040131E-03
   1.70040131E-03
   1.79958344E-03
   1.79958344E-03
   1.79958344E-03
   1.80053711E-03
   1.80053711E-03
   1.89971924E-03
   1.99985504E-03
   2.09999084E-03
   2.09999084E-03
   2.20012665E-03
   2.20012665E-03
   2.30026245E-03
   2.40039825E-03
   2.49958038E-03
   2.49958038E-03
   2.50053406E-03
   2.50053406E-03
   2.50053406E-03
   2.59971619E-03
   2.60066986E-03
   2.60066986E-03
   2.69985199E-03
   2.79998779E-03
   2.79998779E-03
   2.79998779E-03
   2.79998779E-03
   2.90012360E-03
   2.90012360E-03
   2.90012360E-03
   2.90012360E-03
   2.90012360E-03
   3.00025940E-03
   3.00025940E-03
   3.00025940E-03
   3.09944153E-03
   3.09944153E-03
   3.09944153E-03
   3.19957733E-03
   3.39984894E-03
   3.39984894E-03
   3.60012054E-03
   3.69930267E-03
   3.69930267E-03
   3.70025635E-03
   3.70025635E-03
   3.70025635E-03
   3.79943848E-03
   3.80039215E-03
   3.80039215E-03
   3.99971008E-03
   4.19998169E-03
   4.29916382E-03
   4.50038910E-03
   4.60052490E-03
   4.69970703E-03
   4.79984283E-03
   4.99916077E-03
   5.00011444E-03
   5.09929657E-03
   5.10025024E-03
   5.19943237E-03
   5.29956818E-03
   5.39970398E-03
   5.59997559E-03
   5.69915771E-03
   5.70011139E-03
   5.70011139E-03
   5.80024719E-03
   6.00051880E-03
   6.09970093E-03
   6.09970093E-03
   6.19983673E-03
   6.19983673E-03
   6.29997253E-03
   6.40010834E-03
   6.40010834E-03
   6.49929047E-03
   6.60037994E-03
   6.70051575E-03
   6.80065155E-03
   6.89983368E-03
   7.10010529E-03
   7.10010529E-03
   7.20024109E-03
   7.39955902E-03
   7.49969482E-03
   7.49969482E-03
   7.50064850E-03
   7.50064850E-03
   7.59983063E-03
   7.79914856E-03
   7.80010223E-03
   7.80010223E-03
   7.90023804E-03
   7.99942017E-03
   8.00037384E-03
   8.10050964E-03
   8.29982758E-03
   8.29982758E-03
   8.39996338E-03
   8.60023499E-03
   8.69941711E-03
   8.69941711E-03
   8.79955292E-03
   8.99982452E-03
   9.20009613E-03
   9.59968567E-03
   9.69982147E-03
   9.70077515E-03
   9.79995728E-03
   9.90009308E-03
   1.02996826E-02
   1.03998184E-02
   1.04999542E-02
   1.08003616E-02
   1.11999512E-02
   1.14002228E-02
   1.14002228E-02
   1.16004944E-02
   1.21994019E-02
   1.22003555E-02
   1.25999451E-02
   1.30996704E-02
   1.32007599E-02
   1.35002136E-02
   1.36995316E-02
   1.38998032E-02
   1.43995285E-02
   1.44996643E-02
   1.56993866E-02
   1.63993835E-02
   1.65996552E-02
   1.69000626E-02
   1.74007416E-02
   1.76000595E-02
   1.77993774E-02
   1.97000504E-02
   2.39992142E-02
   2.83002853E-02
   3.07006836E-02
   3.58991623E-02
   7.05003738E-02
   7.63998032E-02
   8.04996490E-02
  0.253400803    
  0.270800591    
  0.567700386    
