#Npts     Radius    Mag      Completeness
#  121  431.4812  -15.389667 0.952756
# Ierr
  -1.10998154E-02
  -1.10998154E-02
  -1.07002258E-02
  -9.09996033E-03
  -8.60023499E-03
  -8.10050964E-03
  -7.59983063E-03
  -6.90078735E-03
  -6.59942627E-03
  -6.19983673E-03
  -6.19983673E-03
  -6.09970093E-03
  -5.80024719E-03
  -5.80024719E-03
  -5.70011139E-03
  -5.59997559E-03
  -5.59997559E-03
  -5.49983978E-03
  -5.39970398E-03
  -5.39970398E-03
  -5.19943237E-03
  -5.00011444E-03
  -4.89997864E-03
  -4.89997864E-03
  -4.69970703E-03
  -4.40025330E-03
  -4.40025330E-03
  -4.19998169E-03
  -4.09984589E-03
  -4.09984589E-03
  -4.00066376E-03
  -3.99971008E-03
  -3.90052795E-03
  -3.90052795E-03
  -3.80039215E-03
  -3.80039215E-03
  -3.60012054E-03
  -3.29971313E-03
  -3.09944153E-03
  -2.90012360E-03
  -2.90012360E-03
  -2.79998779E-03
  -2.50053406E-03
  -2.49958038E-03
  -1.99985504E-03
  -1.99985504E-03
  -1.89971924E-03
  -1.50012970E-03
  -1.39999390E-03
  -1.29985809E-03
  -9.00268555E-04
  -8.00132751E-04
  -6.99996948E-04
  -6.99996948E-04
  -3.99589539E-04
  -2.00271606E-04
  -2.00271606E-04
  -1.00135803E-04
  -1.00135803E-04
   9.91821289E-05
   2.00271606E-04
   2.00271606E-04
   3.99589539E-04
   4.00543213E-04
   6.99996948E-04
   1.09958649E-03
   1.29985809E-03
   1.39999390E-03
   1.49917603E-03
   1.69944763E-03
   1.79958344E-03
   1.99985504E-03
   2.09999084E-03
   2.09999084E-03
   2.20012665E-03
   2.49958038E-03
   2.50053406E-03
   2.69985199E-03
   3.09944153E-03
   3.29971313E-03
   3.49998474E-03
   3.49998474E-03
   3.60012054E-03
   3.69930267E-03
   3.80039215E-03
   3.80039215E-03
   3.89957428E-03
   3.90052795E-03
   4.19998169E-03
   4.19998169E-03
   4.40025330E-03
   4.40025330E-03
   4.69970703E-03
   4.79984283E-03
   5.09929657E-03
   5.30052185E-03
   5.39970398E-03
   5.70011139E-03
   5.89942932E-03
   6.19983673E-03
   6.20079041E-03
   6.89983368E-03
   7.10010529E-03
   7.19928741E-03
   7.39955902E-03
   7.59983063E-03
   8.09955597E-03
   9.49954987E-03
   9.79995728E-03
   1.03998184E-02
   1.09996796E-02
   1.11999512E-02
   1.15995407E-02
   1.24998093E-02
   1.42002106E-02
   1.59997940E-02
   1.87005997E-02
   2.54001617E-02
   5.01003265E-02
   7.84997940E-02
   9.00001526E-02
