#Npts     Radius    Mag      Completeness
#  282 1236.9127  -15.087999 0.992958
# Ierr
  -2.19001770E-02
  -1.50003433E-02
  -1.32999420E-02
  -1.27000809E-02
  -1.27000809E-02
  -1.25999451E-02
  -1.24998093E-02
  -1.22995377E-02
  -1.10006332E-02
  -1.09996796E-02
  -1.04999542E-02
  -1.01003647E-02
  -1.00002289E-02
  -9.90009308E-03
  -9.49954987E-03
  -9.40036774E-03
  -9.39941406E-03
  -9.29927826E-03
  -9.09996033E-03
  -8.80050659E-03
  -8.70037079E-03
  -8.60023499E-03
  -8.50009918E-03
  -8.50009918E-03
  -8.20064545E-03
  -7.89928436E-03
  -7.80010223E-03
  -7.80010223E-03
  -7.40051270E-03
  -7.10010529E-03
  -7.10010529E-03
  -6.90078735E-03
  -6.80065155E-03
  -6.70051575E-03
  -6.50024414E-03
  -6.40010834E-03
  -6.40010834E-03
  -6.30092621E-03
  -6.29997253E-03
  -6.19983673E-03
  -6.09970093E-03
  -6.00051880E-03
  -5.99956512E-03
  -5.70011139E-03
  -5.59997559E-03
  -5.50079346E-03
  -5.40065765E-03
  -5.40065765E-03
  -5.39970398E-03
  -5.30052185E-03
  -5.29956818E-03
  -5.20038605E-03
  -5.20038605E-03
  -5.19943237E-03
  -5.19943237E-03
  -5.10025024E-03
  -5.10025024E-03
  -5.00011444E-03
  -4.99916077E-03
  -4.79984283E-03
  -4.69970703E-03
  -4.40025330E-03
  -4.30011749E-03
  -4.10079956E-03
  -4.09984589E-03
  -3.90052795E-03
  -3.90052795E-03
  -3.89957428E-03
  -3.80039215E-03
  -3.80039215E-03
  -3.80039215E-03
  -3.79943848E-03
  -3.79943848E-03
  -3.70025635E-03
  -3.60012054E-03
  -3.60012054E-03
  -3.59916687E-03
  -3.49998474E-03
  -3.30066681E-03
  -3.19957733E-03
  -3.19957733E-03
  -3.19957733E-03
  -3.10039520E-03
  -3.00025940E-03
  -2.90012360E-03
  -2.79998779E-03
  -2.70080566E-03
  -2.69985199E-03
  -2.60066986E-03
  -2.49958038E-03
  -2.20012665E-03
  -2.09999084E-03
  -2.09999084E-03
  -1.80053711E-03
  -1.70040131E-03
  -1.70040131E-03
  -1.59931183E-03
  -1.39999390E-03
  -1.39999390E-03
  -1.39999390E-03
  -1.29985809E-03
  -1.19972229E-03
  -1.19972229E-03
  -1.10054016E-03
  -1.00040436E-03
  -9.99450684E-04
  -9.99450684E-04
  -9.99450684E-04
  -9.00268555E-04
  -9.00268555E-04
  -8.00132751E-04
  -8.00132751E-04
  -8.00132751E-04
  -8.00132751E-04
  -6.99996948E-04
  -6.99996948E-04
  -4.99725342E-04
  -3.00407410E-04
  -3.00407410E-04
  -3.00407410E-04
  -2.99453735E-04
  -2.00271606E-04
  -2.00271606E-04
   0.00000000    
   0.00000000    
   1.00135803E-04
   1.00135803E-04
   1.00135803E-04
   1.00135803E-04
   2.99453735E-04
   2.99453735E-04
   2.99453735E-04
   3.99589539E-04
   3.99589539E-04
   3.99589539E-04
   4.99725342E-04
   4.99725342E-04
   4.99725342E-04
   5.00679016E-04
   5.00679016E-04
   5.00679016E-04
   5.99861145E-04
   6.00814819E-04
   6.00814819E-04
   6.99996948E-04
   6.99996948E-04
   8.00132751E-04
   8.00132751E-04
   8.00132751E-04
   8.00132751E-04
   8.00132751E-04
   9.00268555E-04
   1.00040436E-03
   1.09958649E-03
   1.09958649E-03
   1.29985809E-03
   1.29985809E-03
   1.29985809E-03
   1.39999390E-03
   1.59931183E-03
   1.59931183E-03
   1.60026550E-03
   1.60026550E-03
   1.69944763E-03
   1.70040131E-03
   1.70040131E-03
   1.70040131E-03
   1.89971924E-03
   1.99985504E-03
   2.09999084E-03
   2.09999084E-03
   2.09999084E-03
   2.09999084E-03
   2.09999084E-03
   2.20012665E-03
   2.30026245E-03
   2.39944458E-03
   2.49958038E-03
   2.50053406E-03
   2.60066986E-03
   2.69985199E-03
   2.69985199E-03
   2.69985199E-03
   2.79998779E-03
   2.79998779E-03
   2.79998779E-03
   2.90012360E-03
   2.90012360E-03
   2.99930573E-03
   2.99930573E-03
   3.00025940E-03
   3.09944153E-03
   3.10039520E-03
   3.20053101E-03
   3.20053101E-03
   3.49998474E-03
   3.60012054E-03
   3.69930267E-03
   3.70025635E-03
   3.79943848E-03
   3.99971008E-03
   4.09984589E-03
   4.30011749E-03
   4.30011749E-03
   4.40025330E-03
   4.40025330E-03
   4.49943542E-03
   4.49943542E-03
   4.59957123E-03
   4.59957123E-03
   4.69970703E-03
   4.69970703E-03
   5.00011444E-03
   5.00011444E-03
   5.00011444E-03
   5.00011444E-03
   5.19943237E-03
   5.20038605E-03
   5.29956818E-03
   5.49983978E-03
   5.49983978E-03
   5.59997559E-03
   5.69915771E-03
   5.70011139E-03
   5.70011139E-03
   5.70011139E-03
   5.79929352E-03
   5.80024719E-03
   5.80024719E-03
   6.00051880E-03
   6.09970093E-03
   6.10065460E-03
   6.10065460E-03
   6.19983673E-03
   6.29997253E-03
   6.40010834E-03
   6.50024414E-03
   6.50024414E-03
   6.79969788E-03
   6.79969788E-03
   6.89983368E-03
   6.99996948E-03
   6.99996948E-03
   7.10010529E-03
   7.20024109E-03
   7.20024109E-03
   7.29942322E-03
   7.39955902E-03
   7.40051270E-03
   7.49969482E-03
   7.49969482E-03
   7.50064850E-03
   7.59983063E-03
   7.69996643E-03
   7.69996643E-03
   7.99942017E-03
   8.00037384E-03
   8.29982758E-03
   8.49914551E-03
   8.89968872E-03
   8.90064240E-03
   8.99982452E-03
   9.09996033E-03
   9.20009613E-03
   9.49954987E-03
   1.00002289E-02
   1.01003647E-02
   1.16996765E-02
   1.18999481E-02
   1.19009018E-02
   1.20000839E-02
   1.42993927E-02
   1.55000687E-02
   1.76000595E-02
   1.98001862E-02
   1.99003220E-02
   3.63998413E-02
   4.19998169E-02
   4.60004807E-02
   6.86998367E-02
  0.114600182    
  0.154099464    
