#Npts     Radius    Mag      Completeness
#  331 2876.5413  -14.786333 0.956647
# Ierr
  -2.32000351E-02
  -1.71003342E-02
  -1.71003342E-02
  -1.43003464E-02
  -1.42002106E-02
  -1.37996674E-02
  -1.35002136E-02
  -1.32999420E-02
  -1.23996735E-02
  -1.23996735E-02
  -1.21994019E-02
  -1.20000839E-02
  -1.13000870E-02
  -1.06000900E-02
  -1.06000900E-02
  -1.06000900E-02
  -1.02005005E-02
  -9.79995728E-03
  -9.60063934E-03
  -9.40036774E-03
  -9.40036774E-03
  -9.30023193E-03
  -9.20009613E-03
  -9.19914246E-03
  -8.99982452E-03
  -8.89968872E-03
  -8.80050659E-03
  -8.79955292E-03
  -8.60023499E-03
  -8.50009918E-03
  -8.20064545E-03
  -8.10050964E-03
  -7.90023804E-03
  -7.90023804E-03
  -7.69996643E-03
  -7.40051270E-03
  -7.40051270E-03
  -7.29942322E-03
  -7.29942322E-03
  -6.99996948E-03
  -6.70051575E-03
  -6.70051575E-03
  -6.59942627E-03
  -6.50024414E-03
  -6.40010834E-03
  -6.40010834E-03
  -6.29997253E-03
  -6.19983673E-03
  -6.19983673E-03
  -6.19983673E-03
  -6.09970093E-03
  -5.89942932E-03
  -5.80024719E-03
  -5.79929352E-03
  -5.70011139E-03
  -5.59997559E-03
  -5.49983978E-03
  -5.30052185E-03
  -5.19943237E-03
  -5.10025024E-03
  -5.10025024E-03
  -5.10025024E-03
  -5.00011444E-03
  -4.99916077E-03
  -4.89997864E-03
  -4.60052490E-03
  -4.60052490E-03
  -4.60052490E-03
  -4.59957123E-03
  -4.50038910E-03
  -4.40025330E-03
  -4.30011749E-03
  -4.19998169E-03
  -4.19998169E-03
  -4.19998169E-03
  -4.09984589E-03
  -4.09984589E-03
  -3.99971008E-03
  -3.89957428E-03
  -3.89957428E-03
  -3.80039215E-03
  -3.80039215E-03
  -3.69930267E-03
  -3.49998474E-03
  -3.49998474E-03
  -3.39984894E-03
  -3.29971313E-03
  -3.19957733E-03
  -3.10039520E-03
  -3.10039520E-03
  -3.09944153E-03
  -3.09944153E-03
  -3.09944153E-03
  -3.09944153E-03
  -3.00025940E-03
  -2.99930573E-03
  -2.90012360E-03
  -2.79998779E-03
  -2.79998779E-03
  -2.69985199E-03
  -2.69985199E-03
  -2.69985199E-03
  -2.59971619E-03
  -2.59971619E-03
  -2.50053406E-03
  -2.49958038E-03
  -2.49958038E-03
  -2.40039825E-03
  -2.40039825E-03
  -2.40039825E-03
  -2.20012665E-03
  -2.20012665E-03
  -2.20012665E-03
  -2.09999084E-03
  -2.00080872E-03
  -2.00080872E-03
  -2.00080872E-03
  -1.99985504E-03
  -1.89971924E-03
  -1.89971924E-03
  -1.89971924E-03
  -1.79958344E-03
  -1.79958344E-03
  -1.70040131E-03
  -1.70040131E-03
  -1.70040131E-03
  -1.60026550E-03
  -1.59931183E-03
  -1.59931183E-03
  -1.50012970E-03
  -1.50012970E-03
  -1.39999390E-03
  -1.39999390E-03
  -1.39999390E-03
  -1.39999390E-03
  -1.39999390E-03
  -1.29985809E-03
  -1.29985809E-03
  -1.20067596E-03
  -1.20067596E-03
  -1.20067596E-03
  -1.19972229E-03
  -1.10054016E-03
  -1.10054016E-03
  -1.10054016E-03
  -1.10054016E-03
  -1.09958649E-03
  -1.00040436E-03
  -1.00040436E-03
  -1.00040436E-03
  -9.99450684E-04
  -9.00268555E-04
  -9.00268555E-04
  -9.00268555E-04
  -8.00132751E-04
  -8.00132751E-04
  -8.00132751E-04
  -6.99996948E-04
  -6.99996948E-04
  -6.99996948E-04
  -6.00814819E-04
  -6.00814819E-04
  -5.99861145E-04
  -5.99861145E-04
  -5.99861145E-04
  -5.99861145E-04
  -4.99725342E-04
  -4.99725342E-04
  -3.99589539E-04
  -3.00407410E-04
   0.00000000    
   0.00000000    
   1.00135803E-04
   1.00135803E-04
   1.00135803E-04
   1.00135803E-04
   1.00135803E-04
   1.00135803E-04
   2.99453735E-04
   3.99589539E-04
   4.00543213E-04
   4.00543213E-04
   4.99725342E-04
   5.99861145E-04
   5.99861145E-04
   6.99996948E-04
   6.99996948E-04
   6.99996948E-04
   8.00132751E-04
   9.00268555E-04
   1.19972229E-03
   1.19972229E-03
   1.29985809E-03
   1.29985809E-03
   1.29985809E-03
   1.39999390E-03
   1.39999390E-03
   1.39999390E-03
   1.70040131E-03
   1.70040131E-03
   1.79958344E-03
   1.79958344E-03
   1.79958344E-03
   1.79958344E-03
   1.80053711E-03
   1.89971924E-03
   1.89971924E-03
   1.90067291E-03
   1.90067291E-03
   1.99985504E-03
   1.99985504E-03
   2.09999084E-03
   2.20012665E-03
   2.29930878E-03
   2.40039825E-03
   2.49958038E-03
   2.59971619E-03
   2.59971619E-03
   2.69985199E-03
   2.70080566E-03
   2.90012360E-03
   2.99930573E-03
   3.00025940E-03
   3.00025940E-03
   3.30066681E-03
   3.39984894E-03
   3.39984894E-03
   3.60012054E-03
   3.60012054E-03
   3.60012054E-03
   3.90052795E-03
   4.00066376E-03
   4.00066376E-03
   4.19998169E-03
   4.30011749E-03
   4.30011749E-03
   4.40025330E-03
   4.49943542E-03
   4.49943542E-03
   4.49943542E-03
   4.50038910E-03
   4.59957123E-03
   4.79984283E-03
   4.80079651E-03
   4.89997864E-03
   4.89997864E-03
   4.89997864E-03
   4.89997864E-03
   4.99916077E-03
   5.00011444E-03
   5.00011444E-03
   5.09929657E-03
   5.10025024E-03
   5.20038605E-03
   5.20038605E-03
   5.20038605E-03
   5.29956818E-03
   5.30052185E-03
   5.39970398E-03
   5.39970398E-03
   5.40065765E-03
   5.49983978E-03
   5.69915771E-03
   5.70011139E-03
   5.80024719E-03
   5.90038300E-03
   6.09970093E-03
   6.09970093E-03
   6.40010834E-03
   6.40010834E-03
   6.40010834E-03
   6.50024414E-03
   6.50024414E-03
   6.50024414E-03
   6.50024414E-03
   6.59942627E-03
   6.60037994E-03
   6.69956207E-03
   6.69956207E-03
   6.69956207E-03
   6.79969788E-03
   6.99996948E-03
   7.10010529E-03
   7.40051270E-03
   7.80010223E-03
   7.90023804E-03
   7.90023804E-03
   8.19969177E-03
   8.39996338E-03
   8.39996338E-03
   8.50009918E-03
   8.50009918E-03
   8.70037079E-03
   8.89968872E-03
   9.09996033E-03
   9.20009613E-03
   9.29927826E-03
   9.50050354E-03
   9.59968567E-03
   9.60063934E-03
   9.69982147E-03
   1.00002289E-02
   1.00002289E-02
   1.04999542E-02
   1.06000900E-02
   1.08995438E-02
   1.11999512E-02
   1.14994049E-02
   1.15995407E-02
   1.17998123E-02
   1.17998123E-02
   1.21002197E-02
   1.21002197E-02
   1.22003555E-02
   1.25007629E-02
   1.27000809E-02
   1.28002167E-02
   1.31998062E-02
   1.43995285E-02
   1.44004822E-02
   1.45998001E-02
   1.51004791E-02
   1.60999298E-02
   1.77001953E-02
   1.81999207E-02
   4.19998169E-02
   4.76999283E-02
   4.81996536E-02
   7.99999237E-02
  0.229100227    
  0.435099602    
