#Npts     Radius    Mag      Completeness
#  190  834.1969  -14.183000 0.984456
# Ierr
  -2.42996216E-02
  -2.23007202E-02
  -2.19001770E-02
  -1.72996521E-02
  -1.45998001E-02
  -1.43003464E-02
  -1.30004883E-02
  -1.18007660E-02
  -1.17006302E-02
  -1.15003586E-02
  -1.13000870E-02
  -1.11007690E-02
  -1.09996796E-02
  -1.01995468E-02
  -1.01995468E-02
  -1.01003647E-02
  -9.99927521E-03
  -9.90009308E-03
  -9.39941406E-03
  -9.30023193E-03
  -9.29927826E-03
  -9.19914246E-03
  -8.80050659E-03
  -8.70037079E-03
  -8.60023499E-03
  -8.00037384E-03
  -7.89928436E-03
  -7.69996643E-03
  -7.30037689E-03
  -7.20024109E-03
  -6.70051575E-03
  -6.60037994E-03
  -6.50024414E-03
  -6.40010834E-03
  -6.39915466E-03
  -6.29997253E-03
  -6.29997253E-03
  -6.09970093E-03
  -5.89942932E-03
  -5.89942932E-03
  -5.79929352E-03
  -5.79929352E-03
  -5.70011139E-03
  -5.49983978E-03
  -5.40065765E-03
  -5.20038605E-03
  -5.00011444E-03
  -5.00011444E-03
  -5.00011444E-03
  -4.89997864E-03
  -4.69970703E-03
  -4.50038910E-03
  -4.49943542E-03
  -4.40025330E-03
  -4.30011749E-03
  -4.30011749E-03
  -4.19998169E-03
  -4.09984589E-03
  -3.60012054E-03
  -3.20053101E-03
  -3.19957733E-03
  -3.10039520E-03
  -3.00025940E-03
  -2.99930573E-03
  -2.59971619E-03
  -2.20012665E-03
  -2.19917297E-03
  -1.99985504E-03
  -1.99985504E-03
  -1.99985504E-03
  -1.99985504E-03
  -1.89971924E-03
  -1.89971924E-03
  -1.89971924E-03
  -1.80053711E-03
  -1.80053711E-03
  -9.00268555E-04
  -9.00268555E-04
  -9.00268555E-04
  -8.00132751E-04
  -8.00132751E-04
  -6.99996948E-04
  -5.99861145E-04
  -5.99861145E-04
  -4.99725342E-04
  -4.99725342E-04
  -4.99725342E-04
  -4.00543213E-04
  -3.99589539E-04
  -3.99589539E-04
  -3.00407410E-04
  -2.99453735E-04
  -2.99453735E-04
  -2.00271606E-04
  -1.00135803E-04
  -1.00135803E-04
  -1.00135803E-04
  -9.91821289E-05
   1.99317932E-04
   2.00271606E-04
   3.00407410E-04
   3.99589539E-04
   5.99861145E-04
   5.99861145E-04
   9.00268555E-04
   9.00268555E-04
   9.99450684E-04
   1.00040436E-03
   1.00040436E-03
   1.19972229E-03
   1.20067596E-03
   1.39999390E-03
   1.39999390E-03
   1.39999390E-03
   1.39999390E-03
   1.59931183E-03
   1.60026550E-03
   1.60026550E-03
   1.69944763E-03
   1.70040131E-03
   1.90067291E-03
   1.90067291E-03
   1.99985504E-03
   2.00080872E-03
   2.19917297E-03
   2.20012665E-03
   2.20012665E-03
   2.20012665E-03
   2.20012665E-03
   2.40039825E-03
   2.40039825E-03
   2.59971619E-03
   2.69985199E-03
   2.79998779E-03
   3.10039520E-03
   3.19957733E-03
   3.19957733E-03
   3.29971313E-03
   3.39984894E-03
   3.39984894E-03
   3.60012054E-03
   3.70025635E-03
   3.80039215E-03
   4.30011749E-03
   4.40025330E-03
   4.50038910E-03
   4.59957123E-03
   4.69970703E-03
   4.69970703E-03
   4.89997864E-03
   5.09929657E-03
   5.20038605E-03
   5.29956818E-03
   5.39970398E-03
   5.49983978E-03
   5.59997559E-03
   5.99956512E-03
   6.09970093E-03
   6.10065460E-03
   6.19983673E-03
   6.40010834E-03
   6.89983368E-03
   8.10050964E-03
   8.29982758E-03
   8.49914551E-03
   1.01003647E-02
   1.02005005E-02
   1.03998184E-02
   1.15995407E-02
   1.20000839E-02
   1.22995377E-02
   1.29003525E-02
   1.29995346E-02
   1.30004883E-02
   1.31998062E-02
   1.35993958E-02
   1.39999390E-02
   1.49002075E-02
   1.50995255E-02
   1.51004791E-02
   1.70001984E-02
   1.73997879E-02
   1.74999237E-02
   1.78003311E-02
   1.90000534E-02
   2.20003128E-02
   3.06005478E-02
   3.78999710E-02
   6.06994629E-02
   7.77997971E-02
