#Npts     Radius    Mag      Completeness
#  165  431.4812  -12.621067 0.993976
# Ierr
 -0.687500000    
 -0.319899559    
 -0.309499741    
  -4.80079651E-03
  -4.19998169E-03
  -4.19998169E-03
  -3.79943848E-03
  -3.49998474E-03
  -3.40080261E-03
  -3.39984894E-03
  -2.90012360E-03
  -2.49958038E-03
  -2.39944458E-03
  -2.30026245E-03
  -2.20012665E-03
  -2.09999084E-03
  -2.09999084E-03
  -1.99985504E-03
  -1.99985504E-03
  -1.99985504E-03
  -1.99985504E-03
  -1.89971924E-03
  -1.79958344E-03
  -1.70040131E-03
  -1.50012970E-03
  -1.50012970E-03
  -1.39999390E-03
  -1.29985809E-03
  -1.10054016E-03
  -1.09958649E-03
  -1.00040436E-03
  -1.00040436E-03
  -9.99450684E-04
  -9.99450684E-04
  -9.00268555E-04
  -9.00268555E-04
  -9.00268555E-04
  -9.00268555E-04
  -8.00132751E-04
  -8.00132751E-04
  -8.00132751E-04
  -8.00132751E-04
  -7.99179077E-04
  -6.99996948E-04
  -6.99996948E-04
  -5.99861145E-04
  -5.99861145E-04
  -5.99861145E-04
  -5.99861145E-04
  -5.00679016E-04
  -4.99725342E-04
  -4.99725342E-04
  -3.99589539E-04
  -3.00407410E-04
  -3.00407410E-04
  -2.99453735E-04
  -2.99453735E-04
  -2.00271606E-04
  -2.00271606E-04
  -2.00271606E-04
  -1.00135803E-04
  -1.00135803E-04
  -1.00135803E-04
   0.00000000    
   0.00000000    
   0.00000000    
   0.00000000    
   2.00271606E-04
   2.00271606E-04
   2.00271606E-04
   2.00271606E-04
   2.00271606E-04
   3.00407410E-04
   3.00407410E-04
   4.99725342E-04
   5.00679016E-04
   5.00679016E-04
   5.99861145E-04
   5.99861145E-04
   6.99996948E-04
   6.99996948E-04
   6.99996948E-04
   6.99996948E-04
   8.00132751E-04
   8.00132751E-04
   8.99314880E-04
   9.00268555E-04
   9.00268555E-04
   9.99450684E-04
   9.99450684E-04
   1.29985809E-03
   1.29985809E-03
   1.29985809E-03
   1.29985809E-03
   1.29985809E-03
   1.29985809E-03
   1.30081177E-03
   1.39999390E-03
   1.39999390E-03
   1.39999390E-03
   1.39999390E-03
   1.39999390E-03
   1.39999390E-03
   1.50012970E-03
   1.59931183E-03
   1.60026550E-03
   1.70040131E-03
   1.79958344E-03
   1.79958344E-03
   1.80053711E-03
   1.90067291E-03
   1.99985504E-03
   2.09999084E-03
   2.09999084E-03
   2.49958038E-03
   2.60066986E-03
   2.60066986E-03
   2.69985199E-03
   2.70080566E-03
   2.79998779E-03
   2.79998779E-03
   2.89916992E-03
   2.90012360E-03
   2.90012360E-03
   3.19957733E-03
   3.29971313E-03
   3.29971313E-03
   3.40080261E-03
   3.49998474E-03
   3.60012054E-03
   3.80039215E-03
   3.80039215E-03
   3.90052795E-03
   4.19998169E-03
   4.19998169E-03
   4.30011749E-03
   4.49943542E-03
   4.59957123E-03
   4.69970703E-03
   4.79984283E-03
   4.89997864E-03
   5.00011444E-03
   5.30052185E-03
   5.79929352E-03
   6.29997253E-03
   6.40010834E-03
   7.30037689E-03
   7.69996643E-03
   8.19969177E-03
   8.49914551E-03
   8.79955292E-03
   9.70077515E-03
   1.07002258E-02
   1.88999176E-02
   1.90992355E-02
   1.94997787E-02
   2.18000412E-02
   3.35998535E-02
   3.49006653E-02
   3.63998413E-02
   4.05998230E-02
   4.39996719E-02
  0.249199867    
  0.448399544    
  0.580100060    
