#Npts     Radius    Mag      Completeness
#  270 1236.7167  -14.180000 1.000000
# Verr
  -2.55002975E-02
  -1.91993713E-02
  -1.65996552E-02
  -1.59006119E-02
  -1.53007507E-02
  -1.38006210E-02
  -1.37004852E-02
  -1.36995316E-02
  -1.35002136E-02
  -1.30004883E-02
  -1.27992630E-02
  -1.27000809E-02
  -1.24006271E-02
  -1.17998123E-02
  -1.17006302E-02
  -1.16996765E-02
  -1.16996765E-02
  -1.16004944E-02
  -1.15995407E-02
  -1.15995407E-02
  -1.13000870E-02
  -1.10006332E-02
  -1.06000900E-02
  -1.06000900E-02
  -1.03006363E-02
  -1.00994110E-02
  -9.79995728E-03
  -9.79995728E-03
  -9.69982147E-03
  -9.50050354E-03
  -9.49954987E-03
  -9.39941406E-03
  -9.30023193E-03
  -9.20009613E-03
  -9.20009613E-03
  -8.89968872E-03
  -8.69941711E-03
  -8.60023499E-03
  -8.60023499E-03
  -8.39996338E-03
  -8.29982758E-03
  -8.29982758E-03
  -7.49969482E-03
  -7.20024109E-03
  -7.10010529E-03
  -6.99996948E-03
  -6.89983368E-03
  -6.70051575E-03
  -6.69956207E-03
  -6.60037994E-03
  -6.50024414E-03
  -6.40010834E-03
  -6.19983673E-03
  -6.19983673E-03
  -6.19983673E-03
  -6.09970093E-03
  -6.00051880E-03
  -5.90038300E-03
  -5.59997559E-03
  -5.49983978E-03
  -5.29956818E-03
  -5.19943237E-03
  -5.19943237E-03
  -5.09929657E-03
  -5.00011444E-03
  -4.80079651E-03
  -4.80079651E-03
  -4.79984283E-03
  -4.79984283E-03
  -4.79984283E-03
  -4.70066071E-03
  -4.69970703E-03
  -4.60052490E-03
  -4.49943542E-03
  -4.40025330E-03
  -4.09984589E-03
  -3.99971008E-03
  -3.70025635E-03
  -3.60012054E-03
  -3.60012054E-03
  -3.49998474E-03
  -3.29971313E-03
  -2.79998779E-03
  -2.60066986E-03
  -2.59971619E-03
  -2.59971619E-03
  -2.39944458E-03
  -2.39944458E-03
  -2.30026245E-03
  -2.30026245E-03
  -2.20012665E-03
  -2.09999084E-03
  -1.99985504E-03
  -1.99985504E-03
  -1.70040131E-03
  -1.69944763E-03
  -1.60026550E-03
  -1.60026550E-03
  -1.50012970E-03
  -1.49917603E-03
  -1.39999390E-03
  -1.29985809E-03
  -1.20067596E-03
  -1.19972229E-03
  -1.09958649E-03
  -1.09958649E-03
  -1.09958649E-03
  -1.09958649E-03
  -1.09958649E-03
  -9.99450684E-04
  -9.00268555E-04
  -9.00268555E-04
  -8.99314880E-04
  -6.99996948E-04
  -6.99996948E-04
  -6.99996948E-04
  -5.99861145E-04
  -5.99861145E-04
  -5.00679016E-04
  -4.99725342E-04
  -4.99725342E-04
  -4.00543213E-04
  -3.99589539E-04
  -3.00407410E-04
  -3.00407410E-04
  -3.00407410E-04
  -2.00271606E-04
  -2.00271606E-04
  -2.00271606E-04
  -1.00135803E-04
  -1.00135803E-04
  -1.00135803E-04
   0.00000000    
   0.00000000    
   1.00135803E-04
   1.00135803E-04
   2.00271606E-04
   2.00271606E-04
   2.99453735E-04
   3.00407410E-04
   3.00407410E-04
   3.99589539E-04
   4.00543213E-04
   4.00543213E-04
   4.99725342E-04
   4.99725342E-04
   5.00679016E-04
   6.99996948E-04
   6.99996948E-04
   8.00132751E-04
   1.19972229E-03
   1.20067596E-03
   1.20067596E-03
   1.29985809E-03
   1.39999390E-03
   1.50012970E-03
   1.50012970E-03
   1.50012970E-03
   1.50012970E-03
   1.50012970E-03
   1.50012970E-03
   1.70040131E-03
   1.99985504E-03
   2.09999084E-03
   2.19917297E-03
   2.20012665E-03
   2.39944458E-03
   2.40039825E-03
   2.49958038E-03
   2.59971619E-03
   2.60066986E-03
   2.69985199E-03
   2.69985199E-03
   2.79998779E-03
   3.00025940E-03
   3.00025940E-03
   3.09944153E-03
   3.09944153E-03
   3.20053101E-03
   3.39984894E-03
   3.49998474E-03
   3.49998474E-03
   3.59916687E-03
   3.60012054E-03
   3.90052795E-03
   3.99971008E-03
   3.99971008E-03
   4.00066376E-03
   4.00066376E-03
   4.00066376E-03
   4.19998169E-03
   4.19998169E-03
   4.30011749E-03
   4.40025330E-03
   4.49943542E-03
   4.59957123E-03
   4.59957123E-03
   4.79984283E-03
   4.79984283E-03
   4.79984283E-03
   4.89997864E-03
   4.89997864E-03
   4.89997864E-03
   4.89997864E-03
   4.89997864E-03
   5.19943237E-03
   5.20038605E-03
   5.39970398E-03
   5.39970398E-03
   5.39970398E-03
   5.70011139E-03
   5.80024719E-03
   5.99956512E-03
   5.99956512E-03
   6.40010834E-03
   6.40010834E-03
   6.50024414E-03
   6.69956207E-03
   6.80065155E-03
   6.89983368E-03
   6.99996948E-03
   6.99996948E-03
   7.19928741E-03
   7.59983063E-03
   7.59983063E-03
   7.69996643E-03
   7.79914856E-03
   8.00037384E-03
   8.00037384E-03
   8.19969177E-03
   8.29982758E-03
   8.39996338E-03
   8.39996338E-03
   9.00077820E-03
   9.09996033E-03
   9.39941406E-03
   9.39941406E-03
   9.79995728E-03
   1.02996826E-02
   1.04999542E-02
   1.06000900E-02
   1.07002258E-02
   1.09004974E-02
   1.10998154E-02
   1.11999512E-02
   1.15003586E-02
   1.17006302E-02
   1.25999451E-02
   1.32999420E-02
   1.33008957E-02
   1.36003494E-02
   1.36995316E-02
   1.41000748E-02
   1.45006180E-02
   1.57003403E-02
   1.59997940E-02
   1.60999298E-02
   1.71003342E-02
   1.71995163E-02
   1.83000565E-02
   2.01997757E-02
   2.11000443E-02
   2.96001434E-02
   3.84006500E-02
   4.23002243E-02
   6.28995895E-02
   6.68001175E-02
   8.98008347E-02
  0.157100677    
  0.186100006    
