#Npts     Radius    Mag      Completeness
#  326 2876.0854  -14.474850 1.000000
# Verr
 -0.442699432    
  -2.13994980E-02
  -2.13003159E-02
  -1.84001923E-02
  -1.78995132E-02
  -1.66006088E-02
  -1.65004730E-02
  -1.63002014E-02
  -1.58004761E-02
  -1.52006149E-02
  -1.48000717E-02
  -1.41000748E-02
  -1.38998032E-02
  -1.38998032E-02
  -1.37996674E-02
  -1.35002136E-02
  -1.30004883E-02
  -1.29995346E-02
  -1.18999481E-02
  -1.17998123E-02
  -1.15003586E-02
  -1.08003616E-02
  -1.06000900E-02
  -1.04999542E-02
  -1.03998184E-02
  -1.03006363E-02
  -1.02996826E-02
  -1.00002289E-02
  -9.79995728E-03
  -9.69982147E-03
  -9.30023193E-03
  -9.20009613E-03
  -8.89968872E-03
  -8.79955292E-03
  -8.39996338E-03
  -8.30078125E-03
  -8.20064545E-03
  -8.19969177E-03
  -7.90023804E-03
  -7.80010223E-03
  -7.69996643E-03
  -7.69996643E-03
  -7.49969482E-03
  -7.39955902E-03
  -7.20024109E-03
  -7.20024109E-03
  -7.20024109E-03
  -7.10010529E-03
  -7.10010529E-03
  -7.10010529E-03
  -6.90078735E-03
  -6.79969788E-03
  -6.70051575E-03
  -6.69956207E-03
  -6.69956207E-03
  -6.59942627E-03
  -6.50024414E-03
  -6.50024414E-03
  -6.29997253E-03
  -6.20079041E-03
  -6.19983673E-03
  -6.19983673E-03
  -6.00051880E-03
  -5.99956512E-03
  -5.89942932E-03
  -5.79929352E-03
  -5.69915771E-03
  -5.60092926E-03
  -5.59997559E-03
  -5.59997559E-03
  -5.59997559E-03
  -5.39970398E-03
  -5.39970398E-03
  -5.39970398E-03
  -5.29956818E-03
  -5.20038605E-03
  -5.19943237E-03
  -5.00011444E-03
  -5.00011444E-03
  -4.99916077E-03
  -4.99916077E-03
  -4.79984283E-03
  -4.79984283E-03
  -4.70066071E-03
  -4.60052490E-03
  -4.60052490E-03
  -4.40025330E-03
  -4.30011749E-03
  -4.30011749E-03
  -4.30011749E-03
  -4.09984589E-03
  -4.09984589E-03
  -4.00066376E-03
  -3.99971008E-03
  -3.90052795E-03
  -3.89957428E-03
  -3.89957428E-03
  -3.80039215E-03
  -3.79943848E-03
  -3.60012054E-03
  -3.60012054E-03
  -3.60012054E-03
  -3.30066681E-03
  -3.10039520E-03
  -3.00025940E-03
  -3.00025940E-03
  -2.99930573E-03
  -2.90012360E-03
  -2.69985199E-03
  -2.69985199E-03
  -2.60066986E-03
  -2.49958038E-03
  -2.40039825E-03
  -2.30026245E-03
  -2.20012665E-03
  -2.09999084E-03
  -2.09999084E-03
  -2.09999084E-03
  -2.00080872E-03
  -1.99985504E-03
  -1.89971924E-03
  -1.89971924E-03
  -1.80053711E-03
  -1.80053711E-03
  -1.79958344E-03
  -1.79958344E-03
  -1.70040131E-03
  -1.60026550E-03
  -1.60026550E-03
  -1.60026550E-03
  -1.50012970E-03
  -1.50012970E-03
  -1.39999390E-03
  -1.39999390E-03
  -1.29985809E-03
  -1.29985809E-03
  -1.19972229E-03
  -1.19972229E-03
  -1.19972229E-03
  -1.10054016E-03
  -1.09958649E-03
  -1.00040436E-03
  -9.99450684E-04
  -9.00268555E-04
  -9.00268555E-04
  -9.00268555E-04
  -8.99314880E-04
  -6.99996948E-04
  -6.99996948E-04
  -5.99861145E-04
  -5.99861145E-04
  -5.99861145E-04
  -4.99725342E-04
  -4.99725342E-04
  -2.99453735E-04
  -2.00271606E-04
  -2.00271606E-04
  -1.00135803E-04
  -1.00135803E-04
  -1.00135803E-04
   0.00000000    
   0.00000000    
   1.00135803E-04
   2.00271606E-04
   2.99453735E-04
   4.00543213E-04
   4.99725342E-04
   4.99725342E-04
   5.99861145E-04
   6.99996948E-04
   8.00132751E-04
   9.00268555E-04
   9.99450684E-04
   1.00040436E-03
   1.19972229E-03
   1.19972229E-03
   1.20067596E-03
   1.29985809E-03
   1.39999390E-03
   1.49917603E-03
   1.50012970E-03
   1.60026550E-03
   1.60026550E-03
   1.70040131E-03
   1.70040131E-03
   1.70040131E-03
   1.79958344E-03
   1.80053711E-03
   1.80053711E-03
   1.90067291E-03
   1.99985504E-03
   2.09999084E-03
   2.09999084E-03
   2.09999084E-03
   2.09999084E-03
   2.09999084E-03
   2.09999084E-03
   2.09999084E-03
   2.20012665E-03
   2.50053406E-03
   2.60066986E-03
   2.69985199E-03
   2.79998779E-03
   2.89916992E-03
   2.90012360E-03
   2.90012360E-03
   3.00025940E-03
   3.00025940E-03
   3.09944153E-03
   3.10039520E-03
   3.10039520E-03
   3.10039520E-03
   3.19957733E-03
   3.19957733E-03
   3.30066681E-03
   3.39984894E-03
   3.39984894E-03
   3.49998474E-03
   3.49998474E-03
   3.70025635E-03
   3.80039215E-03
   3.80039215E-03
   3.89957428E-03
   3.89957428E-03
   3.90052795E-03
   3.90052795E-03
   3.90052795E-03
   3.90052795E-03
   3.99971008E-03
   4.09984589E-03
   4.39929962E-03
   4.40025330E-03
   4.40025330E-03
   4.49943542E-03
   4.59957123E-03
   4.59957123E-03
   4.59957123E-03
   4.60052490E-03
   4.69970703E-03
   4.69970703E-03
   4.80079651E-03
   4.89997864E-03
   4.89997864E-03
   5.00011444E-03
   5.20038605E-03
   5.49983978E-03
   5.59997559E-03
   5.59997559E-03
   5.69915771E-03
   5.70011139E-03
   5.70011139E-03
   5.80024719E-03
   5.89942932E-03
   6.09970093E-03
   6.19983673E-03
   6.40010834E-03
   6.49929047E-03
   6.50024414E-03
   6.50024414E-03
   6.89983368E-03
   6.89983368E-03
   6.89983368E-03
   6.89983368E-03
   6.99996948E-03
   7.10010529E-03
   7.10010529E-03
   7.20024109E-03
   7.20024109E-03
   7.29942322E-03
   7.39955902E-03
   7.60078430E-03
   7.69996643E-03
   7.69996643E-03
   7.69996643E-03
   7.69996643E-03
   7.80010223E-03
   7.80010223E-03
   7.90023804E-03
   8.00037384E-03
   8.09955597E-03
   8.19969177E-03
   8.29982758E-03
   8.39996338E-03
   8.49914551E-03
   8.50009918E-03
   8.50009918E-03
   8.59928131E-03
   8.70037079E-03
   8.90064240E-03
   9.00077820E-03
   9.09996033E-03
   9.30023193E-03
   9.39941406E-03
   9.40036774E-03
   9.40036774E-03
   9.40036774E-03
   9.40036774E-03
   9.59968567E-03
   9.90009308E-03
   1.01995468E-02
   1.03998184E-02
   1.06000900E-02
   1.11999512E-02
   1.14002228E-02
   1.23996735E-02
   1.24006271E-02
   1.25999451E-02
   1.28002167E-02
   1.31998062E-02
   1.32999420E-02
   1.35002136E-02
   1.44004822E-02
   1.64995193E-02
   1.84001923E-02
   1.95007324E-02
   1.99995041E-02
   2.07996368E-02
   2.15997696E-02
   2.25992203E-02
   2.78997421E-02
   2.78997421E-02
   2.91996002E-02
  0.108099937    
  0.119999886    
  0.306300163    
  0.397899628    
