#Npts     Radius    Mag      Completeness
#  168  632.7388  -15.654249 1.000000
# Verr
  -1.21994019E-02
  -9.49954987E-03
  -9.20009613E-03
  -8.39996338E-03
  -8.19969177E-03
  -8.00037384E-03
  -7.59983063E-03
  -7.30037689E-03
  -7.10010529E-03
  -7.10010529E-03
  -6.59942627E-03
  -6.40010834E-03
  -6.09970093E-03
  -5.80024719E-03
  -5.80024719E-03
  -5.50079346E-03
  -5.29956818E-03
  -5.10025024E-03
  -4.50038910E-03
  -4.30011749E-03
  -4.30011749E-03
  -4.30011749E-03
  -4.30011749E-03
  -4.09984589E-03
  -3.99971008E-03
  -3.99971008E-03
  -3.80039215E-03
  -3.79943848E-03
  -3.79943848E-03
  -3.69930267E-03
  -3.49998474E-03
  -3.49998474E-03
  -3.39984894E-03
  -3.29971313E-03
  -3.20053101E-03
  -3.19957733E-03
  -3.19957733E-03
  -3.10039520E-03
  -3.00025940E-03
  -3.00025940E-03
  -2.99930573E-03
  -2.79998779E-03
  -2.59971619E-03
  -2.40039825E-03
  -2.39944458E-03
  -2.39944458E-03
  -2.30026245E-03
  -2.20012665E-03
  -2.20012665E-03
  -2.20012665E-03
  -2.09999084E-03
  -2.09999084E-03
  -1.99985504E-03
  -1.99985504E-03
  -1.99985504E-03
  -1.89971924E-03
  -1.70040131E-03
  -1.59931183E-03
  -1.50012970E-03
  -1.39999390E-03
  -1.29985809E-03
  -1.29985809E-03
  -1.20067596E-03
  -1.19972229E-03
  -1.19972229E-03
  -1.19972229E-03
  -1.00040436E-03
  -9.99450684E-04
  -9.00268555E-04
  -8.00132751E-04
  -8.00132751E-04
  -6.99996948E-04
  -6.99996948E-04
  -5.99861145E-04
  -5.99861145E-04
  -5.99861145E-04
  -5.99861145E-04
  -5.99861145E-04
  -5.00679016E-04
  -4.99725342E-04
  -3.99589539E-04
  -2.00271606E-04
  -2.00271606E-04
  -2.00271606E-04
  -2.00271606E-04
  -1.00135803E-04
   0.00000000    
   1.00135803E-04
   1.99317932E-04
   2.00271606E-04
   2.99453735E-04
   2.99453735E-04
   4.00543213E-04
   4.99725342E-04
   5.99861145E-04
   8.00132751E-04
   8.99314880E-04
   9.00268555E-04
   1.19972229E-03
   1.20067596E-03
   1.29985809E-03
   1.29985809E-03
   1.39999390E-03
   1.50012970E-03
   1.60026550E-03
   1.79958344E-03
   1.79958344E-03
   1.89971924E-03
   1.90067291E-03
   2.00080872E-03
   2.00080872E-03
   2.09999084E-03
   2.20012665E-03
   2.20012665E-03
   2.20012665E-03
   2.20012665E-03
   2.39944458E-03
   2.40039825E-03
   2.49958038E-03
   2.50053406E-03
   2.69985199E-03
   2.69985199E-03
   2.69985199E-03
   2.79998779E-03
   2.79998779E-03
   2.80094147E-03
   2.90012360E-03
   2.90012360E-03
   3.00025940E-03
   3.10039520E-03
   3.10039520E-03
   3.10039520E-03
   3.19957733E-03
   3.29971313E-03
   3.49998474E-03
   3.49998474E-03
   3.59916687E-03
   3.60012054E-03
   3.60012054E-03
   4.40025330E-03
   4.40025330E-03
   4.49943542E-03
   4.50038910E-03
   4.50038910E-03
   4.89997864E-03
   5.19943237E-03
   5.49983978E-03
   5.90038300E-03
   6.50024414E-03
   6.59942627E-03
   6.80065155E-03
   7.19928741E-03
   7.29942322E-03
   7.40051270E-03
   7.40051270E-03
   7.50064850E-03
   8.19969177E-03
   8.99982452E-03
   1.10998154E-02
   1.11999512E-02
   1.18999481E-02
   1.63002014E-02
   2.54001617E-02
   2.91996002E-02
   3.18002701E-02
   5.80005646E-02
   7.17000961E-02
  0.155799866    
