#Npts     Radius    Mag      Completeness
#  132  431.4128  -14.474850 0.992481
# Verr
  -1.93996429E-02
  -1.48000717E-02
  -1.41992569E-02
  -1.41000748E-02
  -1.29995346E-02
  -1.11999512E-02
  -1.10998154E-02
  -1.10998154E-02
  -1.09996796E-02
  -1.05991364E-02
  -1.04999542E-02
  -1.02005005E-02
  -9.69982147E-03
  -8.89968872E-03
  -8.59928131E-03
  -8.50009918E-03
  -8.50009918E-03
  -8.30078125E-03
  -8.30078125E-03
  -8.29982758E-03
  -8.09955597E-03
  -7.40051270E-03
  -6.99996948E-03
  -6.79969788E-03
  -6.79969788E-03
  -6.70051575E-03
  -6.40010834E-03
  -6.10065460E-03
  -6.00051880E-03
  -5.90038300E-03
  -5.90038300E-03
  -5.49983978E-03
  -5.39970398E-03
  -4.89997864E-03
  -3.90052795E-03
  -3.79943848E-03
  -3.69930267E-03
  -3.39984894E-03
  -3.29971313E-03
  -3.00025940E-03
  -2.79998779E-03
  -2.60066986E-03
  -2.49958038E-03
  -2.40039825E-03
  -2.30026245E-03
  -1.89971924E-03
  -1.89971924E-03
  -1.89971924E-03
  -1.80053711E-03
  -1.69944763E-03
  -1.69944763E-03
  -1.29985809E-03
  -1.19972229E-03
  -1.09958649E-03
  -9.99450684E-04
  -9.99450684E-04
  -9.00268555E-04
  -8.00132751E-04
  -7.99179077E-04
  -4.99725342E-04
  -1.99317932E-04
   0.00000000    
   1.99317932E-04
   2.00271606E-04
   2.99453735E-04
   4.00543213E-04
   9.00268555E-04
   1.00040436E-03
   1.09958649E-03
   1.19972229E-03
   1.19972229E-03
   1.39999390E-03
   1.50012970E-03
   1.50012970E-03
   1.69944763E-03
   1.79958344E-03
   1.79958344E-03
   1.80053711E-03
   2.30026245E-03
   2.50053406E-03
   2.69985199E-03
   2.79998779E-03
   3.10039520E-03
   3.20053101E-03
   3.20053101E-03
   3.29971313E-03
   3.70025635E-03
   3.90052795E-03
   4.09984589E-03
   4.19998169E-03
   4.50038910E-03
   4.59957123E-03
   4.59957123E-03
   4.59957123E-03
   4.89997864E-03
   4.89997864E-03
   5.39970398E-03
   5.39970398E-03
   5.39970398E-03
   5.40065765E-03
   6.19983673E-03
   6.29997253E-03
   6.59942627E-03
   6.60037994E-03
   6.99996948E-03
   6.99996948E-03
   6.99996948E-03
   7.40051270E-03
   7.69996643E-03
   8.19969177E-03
   8.29982758E-03
   8.49914551E-03
   1.00994110E-02
   1.05991364E-02
   1.20000839E-02
   1.33991241E-02
   1.35002136E-02
   1.48992538E-02
   1.50995255E-02
   1.58996582E-02
   1.69000626E-02
   1.74999237E-02
   1.98993683E-02
   2.05993652E-02
   2.14996338E-02
   2.36997604E-02
   2.51007080E-02
   2.58998871E-02
   3.57999802E-02
  0.125800133    
  0.284399986    
  0.489600182    
