#Npts     Radius    Mag      Completeness
#  256 1236.7167  -14.769700 1.000000
# Verr
  -3.38001251E-02
  -2.55002975E-02
  -2.21996307E-02
  -1.78003311E-02
  -1.55000687E-02
  -1.53999329E-02
  -1.39007568E-02
  -1.24998093E-02
  -1.21002197E-02
  -1.16996765E-02
  -1.15003586E-02
  -1.11999512E-02
  -1.09004974E-02
  -1.07994080E-02
  -1.03998184E-02
  -1.00994110E-02
  -9.90009308E-03
  -9.79995728E-03
  -9.50050354E-03
  -9.39941406E-03
  -9.20009613E-03
  -9.20009613E-03
  -9.09996033E-03
  -8.90064240E-03
  -8.90064240E-03
  -8.89968872E-03
  -8.50009918E-03
  -8.00037384E-03
  -7.80010223E-03
  -7.59983063E-03
  -7.59983063E-03
  -7.50064850E-03
  -7.40051270E-03
  -7.39955902E-03
  -7.20024109E-03
  -7.20024109E-03
  -6.99996948E-03
  -6.79969788E-03
  -6.70051575E-03
  -6.60037994E-03
  -6.50024414E-03
  -6.49929047E-03
  -6.40010834E-03
  -6.20079041E-03
  -6.19983673E-03
  -6.10065460E-03
  -6.09970093E-03
  -5.79929352E-03
  -5.59997559E-03
  -5.59997559E-03
  -5.10025024E-03
  -5.00011444E-03
  -5.00011444E-03
  -4.89997864E-03
  -4.69970703E-03
  -4.59957123E-03
  -4.40025330E-03
  -4.19998169E-03
  -4.09984589E-03
  -3.99971008E-03
  -3.99971008E-03
  -3.90052795E-03
  -3.70025635E-03
  -3.70025635E-03
  -3.70025635E-03
  -3.60012054E-03
  -3.60012054E-03
  -3.60012054E-03
  -3.60012054E-03
  -3.60012054E-03
  -3.60012054E-03
  -3.59916687E-03
  -3.30066681E-03
  -3.29971313E-03
  -3.29971313E-03
  -3.29971313E-03
  -3.29971313E-03
  -3.20053101E-03
  -3.10039520E-03
  -3.09944153E-03
  -3.09944153E-03
  -3.09944153E-03
  -3.00025940E-03
  -3.00025940E-03
  -2.99930573E-03
  -2.90012360E-03
  -2.90012360E-03
  -2.90012360E-03
  -2.70080566E-03
  -2.60066986E-03
  -2.59971619E-03
  -2.50053406E-03
  -2.49958038E-03
  -2.40039825E-03
  -2.30026245E-03
  -2.20012665E-03
  -2.09999084E-03
  -2.09999084E-03
  -1.90067291E-03
  -1.80053711E-03
  -1.70040131E-03
  -1.50012970E-03
  -1.39999390E-03
  -1.39999390E-03
  -1.30081177E-03
  -1.29985809E-03
  -1.19972229E-03
  -1.19972229E-03
  -1.19972229E-03
  -1.19972229E-03
  -1.10054016E-03
  -1.00040436E-03
  -1.00040436E-03
  -9.99450684E-04
  -9.99450684E-04
  -9.00268555E-04
  -9.00268555E-04
  -8.99314880E-04
  -8.00132751E-04
  -8.00132751E-04
  -6.99996948E-04
  -6.99996948E-04
  -6.99996948E-04
  -6.99996948E-04
  -6.99996948E-04
  -6.00814819E-04
  -5.99861145E-04
  -5.99861145E-04
  -5.00679016E-04
  -4.99725342E-04
  -4.99725342E-04
  -4.99725342E-04
  -4.00543213E-04
  -3.00407410E-04
  -2.00271606E-04
  -2.00271606E-04
  -1.00135803E-04
  -1.00135803E-04
   1.99317932E-04
   2.00271606E-04
   4.00543213E-04
   4.99725342E-04
   4.99725342E-04
   5.99861145E-04
   5.99861145E-04
   5.99861145E-04
   6.99996948E-04
   8.00132751E-04
   8.00132751E-04
   9.00268555E-04
   9.00268555E-04
   9.99450684E-04
   1.00040436E-03
   1.09958649E-03
   1.19972229E-03
   1.20067596E-03
   1.70040131E-03
   1.70040131E-03
   1.70040131E-03
   1.99985504E-03
   2.09999084E-03
   2.20012665E-03
   2.20012665E-03
   2.30026245E-03
   2.39944458E-03
   2.40039825E-03
   2.49958038E-03
   2.69985199E-03
   2.69985199E-03
   2.79998779E-03
   2.90012360E-03
   3.00025940E-03
   3.30066681E-03
   3.49998474E-03
   3.49998474E-03
   3.49998474E-03
   3.59916687E-03
   3.60012054E-03
   3.70025635E-03
   3.89957428E-03
   3.90052795E-03
   3.90052795E-03
   4.10079956E-03
   4.19998169E-03
   4.30011749E-03
   4.30011749E-03
   4.30011749E-03
   4.30011749E-03
   4.40025330E-03
   4.40025330E-03
   4.49943542E-03
   4.50038910E-03
   4.50038910E-03
   4.50038910E-03
   4.50038910E-03
   4.60052490E-03
   4.69970703E-03
   4.70066071E-03
   4.79984283E-03
   4.89997864E-03
   4.99916077E-03
   4.99916077E-03
   5.00011444E-03
   5.09929657E-03
   5.10025024E-03
   5.19943237E-03
   5.20038605E-03
   5.29956818E-03
   5.30052185E-03
   5.40065765E-03
   5.49983978E-03
   5.59997559E-03
   5.70011139E-03
   5.80024719E-03
   6.09970093E-03
   6.19983673E-03
   6.40010834E-03
   6.59942627E-03
   6.59942627E-03
   6.59942627E-03
   6.69956207E-03
   6.79969788E-03
   6.79969788E-03
   6.89983368E-03
   7.19928741E-03
   7.29942322E-03
   7.39955902E-03
   7.50064850E-03
   8.10050964E-03
   8.19969177E-03
   8.19969177E-03
   8.29982758E-03
   8.39996338E-03
   8.50009918E-03
   8.60023499E-03
   8.90064240E-03
   9.30023193E-03
   9.59968567E-03
   9.90009308E-03
   1.00994110E-02
   1.06000900E-02
   1.09996796E-02
   1.15995407E-02
   1.16996765E-02
   1.20000839E-02
   1.22003555E-02
   1.23004913E-02
   1.29003525E-02
   1.31998062E-02
   1.38998032E-02
   1.50995255E-02
   2.14996338E-02
   2.63996124E-02
  0.130199432    
  0.156800270    
  0.234300613    
