#Npts     Radius    Mag      Completeness
#  322 1236.7167  -11.950000 0.990769
# Verr
 -0.291799545    
  -6.76994324E-02
  -5.06000519E-02
  -3.59001160E-02
  -3.02000046E-02
  -2.79998779E-02
  -1.81999207E-02
  -1.76000595E-02
  -1.67999268E-02
  -1.56002045E-02
  -1.55000687E-02
  -1.22003555E-02
  -1.20000839E-02
  -9.30023193E-03
  -8.99982452E-03
  -8.90064240E-03
  -8.70037079E-03
  -7.29942322E-03
  -7.29942322E-03
  -6.70051575E-03
  -6.60037994E-03
  -6.50024414E-03
  -6.40010834E-03
  -5.90038300E-03
  -5.90038300E-03
  -5.70011139E-03
  -5.20038605E-03
  -5.20038605E-03
  -5.00011444E-03
  -5.00011444E-03
  -5.00011444E-03
  -5.00011444E-03
  -4.99916077E-03
  -4.99916077E-03
  -4.89997864E-03
  -4.70066071E-03
  -4.69970703E-03
  -4.60052490E-03
  -4.50038910E-03
  -4.50038910E-03
  -4.40025330E-03
  -4.19998169E-03
  -4.19998169E-03
  -4.09984589E-03
  -3.90052795E-03
  -3.80039215E-03
  -3.80039215E-03
  -3.69930267E-03
  -3.60012054E-03
  -3.49998474E-03
  -3.49998474E-03
  -3.49998474E-03
  -3.49998474E-03
  -3.49998474E-03
  -3.49998474E-03
  -3.39984894E-03
  -3.30066681E-03
  -3.29971313E-03
  -3.19957733E-03
  -3.19957733E-03
  -2.99930573E-03
  -2.99930573E-03
  -2.90012360E-03
  -2.90012360E-03
  -2.90012360E-03
  -2.90012360E-03
  -2.79998779E-03
  -2.69985199E-03
  -2.59971619E-03
  -2.59971619E-03
  -2.50053406E-03
  -2.50053406E-03
  -2.49958038E-03
  -2.39944458E-03
  -2.39944458E-03
  -2.20012665E-03
  -2.20012665E-03
  -2.20012665E-03
  -2.09999084E-03
  -1.99985504E-03
  -1.99985504E-03
  -1.90067291E-03
  -1.90067291E-03
  -1.89971924E-03
  -1.89971924E-03
  -1.89971924E-03
  -1.89971924E-03
  -1.80053711E-03
  -1.80053711E-03
  -1.80053711E-03
  -1.79958344E-03
  -1.79958344E-03
  -1.79958344E-03
  -1.79958344E-03
  -1.79958344E-03
  -1.79958344E-03
  -1.70040131E-03
  -1.69944763E-03
  -1.60026550E-03
  -1.60026550E-03
  -1.60026550E-03
  -1.60026550E-03
  -1.50012970E-03
  -1.50012970E-03
  -1.39999390E-03
  -1.39999390E-03
  -1.39999390E-03
  -1.39999390E-03
  -1.39999390E-03
  -1.29985809E-03
  -1.20067596E-03
  -1.20067596E-03
  -1.19972229E-03
  -1.19972229E-03
  -1.10054016E-03
  -1.10054016E-03
  -1.09958649E-03
  -1.09958649E-03
  -1.00040436E-03
  -1.00040436E-03
  -1.00040436E-03
  -1.00040436E-03
  -1.00040436E-03
  -1.00040436E-03
  -9.99450684E-04
  -9.99450684E-04
  -9.99450684E-04
  -9.00268555E-04
  -9.00268555E-04
  -9.00268555E-04
  -9.00268555E-04
  -8.99314880E-04
  -8.99314880E-04
  -8.00132751E-04
  -8.00132751E-04
  -7.99179077E-04
  -6.99996948E-04
  -6.99996948E-04
  -6.99996948E-04
  -6.99996948E-04
  -5.99861145E-04
  -5.99861145E-04
  -5.00679016E-04
  -5.00679016E-04
  -4.99725342E-04
  -4.99725342E-04
  -4.99725342E-04
  -3.99589539E-04
  -3.99589539E-04
  -3.00407410E-04
  -2.00271606E-04
  -2.00271606E-04
  -1.99317932E-04
  -1.00135803E-04
  -1.00135803E-04
  -1.00135803E-04
  -1.00135803E-04
  -1.00135803E-04
  -9.91821289E-05
   0.00000000    
   1.00135803E-04
   1.00135803E-04
   1.00135803E-04
   1.00135803E-04
   1.00135803E-04
   2.00271606E-04
   2.99453735E-04
   2.99453735E-04
   3.00407410E-04
   3.00407410E-04
   3.00407410E-04
   3.00407410E-04
   3.00407410E-04
   3.99589539E-04
   4.00543213E-04
   4.00543213E-04
   4.99725342E-04
   4.99725342E-04
   4.99725342E-04
   5.00679016E-04
   5.99861145E-04
   5.99861145E-04
   5.99861145E-04
   5.99861145E-04
   5.99861145E-04
   6.99996948E-04
   6.99996948E-04
   6.99996948E-04
   7.99179077E-04
   7.99179077E-04
   8.00132751E-04
   8.00132751E-04
   8.00132751E-04
   8.99314880E-04
   8.99314880E-04
   9.00268555E-04
   9.00268555E-04
   9.00268555E-04
   1.00040436E-03
   1.09958649E-03
   1.09958649E-03
   1.09958649E-03
   1.10054016E-03
   1.10054016E-03
   1.19972229E-03
   1.19972229E-03
   1.29985809E-03
   1.29985809E-03
   1.29985809E-03
   1.29985809E-03
   1.29985809E-03
   1.30081177E-03
   1.39999390E-03
   1.39999390E-03
   1.39999390E-03
   1.49917603E-03
   1.50012970E-03
   1.50012970E-03
   1.60026550E-03
   1.60026550E-03
   1.69944763E-03
   1.69944763E-03
   1.69944763E-03
   1.70040131E-03
   1.70040131E-03
   1.70040131E-03
   1.79958344E-03
   1.79958344E-03
   1.79958344E-03
   1.80053711E-03
   1.89971924E-03
   1.89971924E-03
   1.89971924E-03
   1.89971924E-03
   1.90067291E-03
   1.90067291E-03
   1.99985504E-03
   1.99985504E-03
   2.00080872E-03
   2.09999084E-03
   2.09999084E-03
   2.09999084E-03
   2.09999084E-03
   2.09999084E-03
   2.20012665E-03
   2.20012665E-03
   2.20012665E-03
   2.30026245E-03
   2.30026245E-03
   2.39944458E-03
   2.40039825E-03
   2.40039825E-03
   2.40039825E-03
   2.50053406E-03
   2.59971619E-03
   2.59971619E-03
   2.59971619E-03
   2.69985199E-03
   2.69985199E-03
   2.79998779E-03
   2.89916992E-03
   2.90012360E-03
   3.09944153E-03
   3.10039520E-03
   3.19957733E-03
   3.30066681E-03
   3.39984894E-03
   3.39984894E-03
   3.39984894E-03
   3.49998474E-03
   3.49998474E-03
   3.69930267E-03
   3.80039215E-03
   3.80039215E-03
   3.89957428E-03
   3.99971008E-03
   4.09984589E-03
   4.40025330E-03
   4.40025330E-03
   4.79984283E-03
   4.89997864E-03
   4.99916077E-03
   5.00011444E-03
   5.39970398E-03
   5.50079346E-03
   5.69915771E-03
   5.90038300E-03
   6.19983673E-03
   6.40010834E-03
   6.60037994E-03
   6.80065155E-03
   6.99996948E-03
   7.29942322E-03
   7.30037689E-03
   7.30037689E-03
   7.39955902E-03
   7.60078430E-03
   7.90023804E-03
   8.19969177E-03
   8.30078125E-03
   9.09996033E-03
   9.69982147E-03
   9.99927521E-03
   1.13000870E-02
   1.13000870E-02
   1.14002228E-02
   1.14994049E-02
   1.15003586E-02
   1.32007599E-02
   1.38998032E-02
   1.67999268E-02
   1.84001923E-02
   1.92003250E-02
   1.98001862E-02
   2.43997574E-02
   2.56996155E-02
   2.58998871E-02
   2.99005508E-02
   4.40998077E-02
   4.83999252E-02
   8.94994736E-02
  0.302899361    
