#Npts     Radius    Mag      Completeness
#  193  834.0648  -14.180000 0.984694
# Verr
  -3.96995544E-02
  -2.30998993E-02
  -2.07996368E-02
  -2.00004578E-02
  -1.90000534E-02
  -1.85003281E-02
  -1.77001953E-02
  -1.68008804E-02
  -1.65004730E-02
  -1.46999359E-02
  -1.45998001E-02
  -1.45998001E-02
  -1.44996643E-02
  -1.31998062E-02
  -1.24998093E-02
  -1.21002197E-02
  -1.20992661E-02
  -1.17998123E-02
  -1.16004944E-02
  -1.14994049E-02
  -1.10998154E-02
  -1.10998154E-02
  -1.10998154E-02
  -1.09996796E-02
  -1.06000900E-02
  -1.02996826E-02
  -1.00002289E-02
  -9.79995728E-03
  -9.59968567E-03
  -9.49954987E-03
  -9.40036774E-03
  -9.30023193E-03
  -9.29927826E-03
  -9.19914246E-03
  -9.10091400E-03
  -9.00077820E-03
  -8.89968872E-03
  -8.29982758E-03
  -8.19969177E-03
  -7.49969482E-03
  -6.89983368E-03
  -5.89942932E-03
  -5.39970398E-03
  -5.39970398E-03
  -5.39970398E-03
  -5.30052185E-03
  -5.00011444E-03
  -4.89997864E-03
  -4.70066071E-03
  -4.69970703E-03
  -4.69970703E-03
  -4.59957123E-03
  -4.30011749E-03
  -4.19998169E-03
  -4.09984589E-03
  -4.09984589E-03
  -4.09984589E-03
  -4.00066376E-03
  -3.80039215E-03
  -3.80039215E-03
  -3.60012054E-03
  -3.39984894E-03
  -3.39984894E-03
  -3.39984894E-03
  -3.39984894E-03
  -3.39984894E-03
  -3.00025940E-03
  -3.00025940E-03
  -2.90012360E-03
  -2.90012360E-03
  -2.90012360E-03
  -2.70080566E-03
  -2.59971619E-03
  -2.50053406E-03
  -2.39944458E-03
  -2.30026245E-03
  -2.30026245E-03
  -2.29930878E-03
  -2.19917297E-03
  -2.09999084E-03
  -1.99985504E-03
  -1.89971924E-03
  -1.69944763E-03
  -1.60026550E-03
  -1.29985809E-03
  -1.19972229E-03
  -1.00040436E-03
  -9.00268555E-04
  -8.99314880E-04
  -6.99996948E-04
  -5.99861145E-04
  -5.99861145E-04
  -5.00679016E-04
  -4.00543213E-04
  -3.99589539E-04
  -3.00407410E-04
  -2.00271606E-04
  -1.00135803E-04
   0.00000000    
   1.00135803E-04
   2.00271606E-04
   2.00271606E-04
   3.99589539E-04
   3.99589539E-04
   5.00679016E-04
   5.99861145E-04
   5.99861145E-04
   5.99861145E-04
   5.99861145E-04
   8.00132751E-04
   8.00132751E-04
   9.00268555E-04
   9.00268555E-04
   9.00268555E-04
   1.10054016E-03
   1.19972229E-03
   1.29985809E-03
   1.29985809E-03
   1.60026550E-03
   1.69944763E-03
   1.69944763E-03
   1.70040131E-03
   1.70040131E-03
   1.70040131E-03
   1.89971924E-03
   2.20012665E-03
   2.20012665E-03
   2.29930878E-03
   2.30026245E-03
   2.30026245E-03
   2.49958038E-03
   2.49958038E-03
   2.59971619E-03
   2.59971619E-03
   2.60066986E-03
   2.79998779E-03
   2.90012360E-03
   2.99930573E-03
   3.20053101E-03
   3.20053101E-03
   3.29971313E-03
   3.49998474E-03
   3.49998474E-03
   3.59916687E-03
   3.60012054E-03
   3.70025635E-03
   3.80039215E-03
   3.89957428E-03
   3.89957428E-03
   4.39929962E-03
   4.39929962E-03
   4.79984283E-03
   4.80079651E-03
   5.00011444E-03
   5.00011444E-03
   5.70011139E-03
   5.70011139E-03
   5.80024719E-03
   5.89942932E-03
   6.00051880E-03
   6.00051880E-03
   6.09970093E-03
   6.29997253E-03
   6.60037994E-03
   6.79969788E-03
   7.30037689E-03
   7.40051270E-03
   7.59983063E-03
   7.69996643E-03
   7.80010223E-03
   7.80010223E-03
   7.90023804E-03
   8.60023499E-03
   9.09996033E-03
   9.50050354E-03
   9.79995728E-03
   1.00002289E-02
   1.01995468E-02
   1.02996826E-02
   1.08995438E-02
   1.17006302E-02
   1.22995377E-02
   1.27000809E-02
   1.31998062E-02
   1.34000778E-02
   1.43995285E-02
   1.43995285E-02
   1.55000687E-02
   1.66997910E-02
   1.70993805E-02
   1.95999146E-02
   2.22997665E-02
   4.44002151E-02
