#Npts     Radius    Mag      Completeness
#  144  632.7388  -14.769700 0.993103
# Verr
  -1.41000748E-02
  -1.27000809E-02
  -1.25999451E-02
  -1.21994019E-02
  -1.21002197E-02
  -1.17998123E-02
  -1.13000870E-02
  -1.07002258E-02
  -1.03998184E-02
  -1.01003647E-02
  -1.00002289E-02
  -9.50050354E-03
  -9.20009613E-03
  -9.09996033E-03
  -8.99982452E-03
  -8.99982452E-03
  -8.50009918E-03
  -8.39996338E-03
  -8.29982758E-03
  -8.20064545E-03
  -8.09955597E-03
  -8.09955597E-03
  -7.59983063E-03
  -7.59983063E-03
  -7.49969482E-03
  -7.10010529E-03
  -6.40010834E-03
  -6.29997253E-03
  -6.29997253E-03
  -6.19983673E-03
  -5.90038300E-03
  -5.89942932E-03
  -5.80024719E-03
  -5.70011139E-03
  -5.00011444E-03
  -4.70066071E-03
  -4.69970703E-03
  -4.29916382E-03
  -4.19998169E-03
  -3.99971008E-03
  -3.99971008E-03
  -3.90052795E-03
  -3.79943848E-03
  -3.70025635E-03
  -3.00025940E-03
  -2.99930573E-03
  -2.90012360E-03
  -2.90012360E-03
  -2.90012360E-03
  -2.49958038E-03
  -2.30026245E-03
  -2.30026245E-03
  -2.20012665E-03
  -1.80053711E-03
  -1.60026550E-03
  -1.59931183E-03
  -1.29985809E-03
  -9.00268555E-04
  -8.00132751E-04
  -6.99996948E-04
  -3.99589539E-04
   1.00135803E-04
   1.99317932E-04
   3.00407410E-04
   4.00543213E-04
   4.99725342E-04
   6.99996948E-04
   1.10054016E-03
   1.20067596E-03
   1.70040131E-03
   1.79958344E-03
   1.80053711E-03
   1.80053711E-03
   1.80053711E-03
   1.99985504E-03
   1.99985504E-03
   2.09999084E-03
   2.20012665E-03
   2.29930878E-03
   2.30026245E-03
   2.40039825E-03
   2.50053406E-03
   2.69985199E-03
   2.90012360E-03
   2.90012360E-03
   2.90012360E-03
   2.99930573E-03
   3.00025940E-03
   3.19957733E-03
   3.20053101E-03
   3.40080261E-03
   3.49998474E-03
   3.60012054E-03
   3.69930267E-03
   3.69930267E-03
   3.89957428E-03
   3.89957428E-03
   4.09984589E-03
   4.29916382E-03
   4.39929962E-03
   4.49943542E-03
   4.50038910E-03
   4.79984283E-03
   5.00011444E-03
   5.19943237E-03
   5.49983978E-03
   5.69915771E-03
   5.80024719E-03
   6.29997253E-03
   6.40010834E-03
   6.99996948E-03
   7.19928741E-03
   7.40051270E-03
   7.50064850E-03
   7.69996643E-03
   7.80010223E-03
   7.90023804E-03
   7.90023804E-03
   8.09955597E-03
   8.10050964E-03
   8.10050964E-03
   8.19969177E-03
   8.60023499E-03
   8.60023499E-03
   8.80050659E-03
   9.09996033E-03
   9.90009308E-03
   9.90009308E-03
   9.99927521E-03
   1.02996826E-02
   1.02996826E-02
   1.03998184E-02
   1.04999542E-02
   1.10998154E-02
   1.21002197E-02
   1.36003494E-02
   1.39999390E-02
   1.49002075E-02
   1.52006149E-02
   2.13994980E-02
   2.68001556E-02
   4.34999466E-02
   8.04996490E-02
  0.247400284    
