#Npts     Radius    Mag      Completeness
#  192  834.0648  -14.474850 1.000000
# Verr
  -8.37001801E-02
  -2.34994888E-02
  -2.02999115E-02
  -1.92003250E-02
  -1.78995132E-02
  -1.76992416E-02
  -1.73997879E-02
  -1.66997910E-02
  -1.46999359E-02
  -1.43995285E-02
  -1.29003525E-02
  -1.28993988E-02
  -1.23996735E-02
  -1.19991302E-02
  -1.11999512E-02
  -1.10998154E-02
  -1.09996796E-02
  -1.09004974E-02
  -1.04999542E-02
  -1.02005005E-02
  -1.01995468E-02
  -9.50050354E-03
  -9.50050354E-03
  -9.40036774E-03
  -9.09996033E-03
  -8.90064240E-03
  -7.90023804E-03
  -7.90023804E-03
  -7.80010223E-03
  -7.69996643E-03
  -7.40051270E-03
  -7.30037689E-03
  -7.20024109E-03
  -7.20024109E-03
  -7.10010529E-03
  -6.99996948E-03
  -6.70051575E-03
  -6.70051575E-03
  -6.60037994E-03
  -6.60037994E-03
  -6.50024414E-03
  -6.49929047E-03
  -6.40010834E-03
  -5.89942932E-03
  -5.79929352E-03
  -5.59997559E-03
  -5.30052185E-03
  -5.00011444E-03
  -5.00011444E-03
  -4.79984283E-03
  -4.40025330E-03
  -4.19998169E-03
  -4.09984589E-03
  -3.99971008E-03
  -3.90052795E-03
  -3.90052795E-03
  -3.80039215E-03
  -3.70025635E-03
  -3.70025635E-03
  -3.70025635E-03
  -3.39984894E-03
  -3.10039520E-03
  -2.79998779E-03
  -2.69985199E-03
  -2.50053406E-03
  -2.50053406E-03
  -2.40039825E-03
  -2.39944458E-03
  -2.29930878E-03
  -2.09999084E-03
  -2.09999084E-03
  -1.90067291E-03
  -1.89971924E-03
  -1.80053711E-03
  -1.60026550E-03
  -1.50012970E-03
  -1.50012970E-03
  -1.39999390E-03
  -1.39999390E-03
  -1.30081177E-03
  -1.29985809E-03
  -6.99996948E-04
  -4.99725342E-04
  -4.00543213E-04
  -4.00543213E-04
  -3.99589539E-04
  -3.00407410E-04
  -2.99453735E-04
  -2.00271606E-04
  -1.99317932E-04
   2.99453735E-04
   3.00407410E-04
   4.99725342E-04
   5.99861145E-04
   5.99861145E-04
   6.00814819E-04
   6.00814819E-04
   8.99314880E-04
   9.00268555E-04
   9.00268555E-04
   9.00268555E-04
   9.99450684E-04
   1.09958649E-03
   1.19972229E-03
   1.29985809E-03
   1.29985809E-03
   1.49917603E-03
   1.50012970E-03
   1.89971924E-03
   1.89971924E-03
   1.99985504E-03
   2.20012665E-03
   2.30026245E-03
   2.30026245E-03
   2.40039825E-03
   2.59971619E-03
   2.79998779E-03
   3.29971313E-03
   3.60012054E-03
   3.69930267E-03
   3.79943848E-03
   3.89957428E-03
   3.90052795E-03
   3.99971008E-03
   4.09984589E-03
   4.09984589E-03
   4.19998169E-03
   4.19998169E-03
   4.19998169E-03
   4.30011749E-03
   4.30011749E-03
   4.40025330E-03
   4.40025330E-03
   4.40025330E-03
   4.50038910E-03
   4.69970703E-03
   5.29956818E-03
   5.49983978E-03
   5.49983978E-03
   5.90038300E-03
   6.09970093E-03
   6.19983673E-03
   6.29997253E-03
   6.39915466E-03
   6.40010834E-03
   6.40010834E-03
   6.60037994E-03
   6.69956207E-03
   6.80065155E-03
   7.10010529E-03
   7.30037689E-03
   7.30037689E-03
   7.59983063E-03
   7.69996643E-03
   7.69996643E-03
   8.00037384E-03
   8.00037384E-03
   8.09955597E-03
   8.79955292E-03
   8.99982452E-03
   9.30023193E-03
   9.30023193E-03
   9.79995728E-03
   9.90009308E-03
   1.00002289E-02
   1.00002289E-02
   1.03006363E-02
   1.06000900E-02
   1.08003616E-02
   1.08003616E-02
   1.10998154E-02
   1.18999481E-02
   1.20000839E-02
   1.23996735E-02
   1.23996735E-02
   1.24998093E-02
   1.31998062E-02
   1.42002106E-02
   1.44996643E-02
   1.46999359E-02
   1.49993896E-02
   1.51004791E-02
   1.56002045E-02
   2.04000473E-02
   2.44998932E-02
   2.70996094E-02
   2.75001526E-02
   3.13997269E-02
   3.82995605E-02
   7.36999512E-02
   7.60002136E-02
  0.157799721    
