#Npts     Radius    Mag      Completeness
#  168  632.7388  -12.321667 0.994083
# Verr
 -0.183300018    
  -7.80010223E-03
  -7.59983063E-03
  -7.20024109E-03
  -6.89983368E-03
  -6.19983673E-03
  -5.99956512E-03
  -5.70011139E-03
  -5.10025024E-03
  -4.10079956E-03
  -3.89957428E-03
  -3.80039215E-03
  -3.80039215E-03
  -3.60012054E-03
  -3.49998474E-03
  -3.39984894E-03
  -3.19957733E-03
  -3.19957733E-03
  -3.09944153E-03
  -3.00025940E-03
  -2.79998779E-03
  -2.69985199E-03
  -2.50053406E-03
  -2.50053406E-03
  -2.49958038E-03
  -2.49958038E-03
  -2.30026245E-03
  -2.20012665E-03
  -2.09999084E-03
  -2.09999084E-03
  -2.00080872E-03
  -2.00080872E-03
  -1.90067291E-03
  -1.89971924E-03
  -1.60026550E-03
  -1.60026550E-03
  -1.60026550E-03
  -1.50012970E-03
  -1.49917603E-03
  -1.39999390E-03
  -1.39999390E-03
  -1.29985809E-03
  -1.29985809E-03
  -1.19972229E-03
  -1.00040436E-03
  -9.99450684E-04
  -9.00268555E-04
  -9.00268555E-04
  -8.00132751E-04
  -8.00132751E-04
  -6.99996948E-04
  -6.99996948E-04
  -5.99861145E-04
  -5.99861145E-04
  -4.99725342E-04
  -4.00543213E-04
  -4.00543213E-04
  -3.99589539E-04
  -3.99589539E-04
  -3.99589539E-04
  -3.99589539E-04
  -3.00407410E-04
  -2.00271606E-04
  -2.00271606E-04
  -2.00271606E-04
  -1.00135803E-04
  -1.00135803E-04
  -1.00135803E-04
   0.00000000    
   0.00000000    
   0.00000000    
   1.00135803E-04
   1.00135803E-04
   1.99317932E-04
   2.00271606E-04
   3.00407410E-04
   3.00407410E-04
   3.99589539E-04
   4.00543213E-04
   4.99725342E-04
   4.99725342E-04
   5.99861145E-04
   5.99861145E-04
   6.99996948E-04
   6.99996948E-04
   6.99996948E-04
   6.99996948E-04
   8.00132751E-04
   9.00268555E-04
   9.00268555E-04
   9.00268555E-04
   1.00040436E-03
   1.09958649E-03
   1.19972229E-03
   1.19972229E-03
   1.29985809E-03
   1.29985809E-03
   1.29985809E-03
   1.29985809E-03
   1.30081177E-03
   1.39999390E-03
   1.39999390E-03
   1.49917603E-03
   1.50012970E-03
   1.50012970E-03
   1.60026550E-03
   1.60026550E-03
   1.60026550E-03
   1.69944763E-03
   1.70040131E-03
   1.70040131E-03
   1.89971924E-03
   1.99985504E-03
   1.99985504E-03
   2.00080872E-03
   2.09999084E-03
   2.39944458E-03
   2.40039825E-03
   2.40039825E-03
   2.60066986E-03
   2.79998779E-03
   2.99930573E-03
   3.00025940E-03
   3.00025940E-03
   3.00025940E-03
   3.00025940E-03
   3.09944153E-03
   3.10039520E-03
   3.19957733E-03
   3.20053101E-03
   3.39984894E-03
   3.60012054E-03
   3.89957428E-03
   3.99971008E-03
   4.09984589E-03
   4.19998169E-03
   4.69970703E-03
   4.79984283E-03
   4.79984283E-03
   4.89997864E-03
   5.00011444E-03
   5.00011444E-03
   5.09929657E-03
   5.19943237E-03
   5.29956818E-03
   5.39970398E-03
   5.39970398E-03
   5.40065765E-03
   5.59997559E-03
   5.59997559E-03
   6.99996948E-03
   7.40051270E-03
   7.69996643E-03
   7.69996643E-03
   8.20064545E-03
   8.39996338E-03
   8.50009918E-03
   9.00077820E-03
   1.00994110E-02
   1.59997940E-02
   1.85995102E-02
   1.99995041E-02
   2.14996338E-02
   2.60992050E-02
   2.67000198E-02
   2.90994644E-02
   7.09991455E-02
  0.152600288    
