#Npts     Radius    Mag      Completeness
#  322 1639.3685  -13.808333 0.996904
# Verr
  -5.69000244E-02
  -2.05993652E-02
  -1.90000534E-02
  -1.62000656E-02
  -1.22003555E-02
  -1.08995438E-02
  -1.01003647E-02
  -9.90009308E-03
  -9.69982147E-03
  -6.50024414E-03
  -6.09970093E-03
  -4.79984283E-03
  -4.69970703E-03
  -4.69970703E-03
  -4.59957123E-03
  -4.39929962E-03
  -4.19998169E-03
  -3.60012054E-03
  -3.29971313E-03
  -3.19957733E-03
  -3.19957733E-03
  -3.09944153E-03
  -3.00025940E-03
  -2.90012360E-03
  -2.90012360E-03
  -2.79998779E-03
  -2.69985199E-03
  -2.50053406E-03
  -2.49958038E-03
  -2.49958038E-03
  -2.39944458E-03
  -2.30026245E-03
  -2.29930878E-03
  -2.29930878E-03
  -2.20012665E-03
  -2.09999084E-03
  -2.09999084E-03
  -2.09999084E-03
  -1.99985504E-03
  -1.99985504E-03
  -1.99985504E-03
  -1.90067291E-03
  -1.89971924E-03
  -1.89971924E-03
  -1.79958344E-03
  -1.79958344E-03
  -1.70040131E-03
  -1.70040131E-03
  -1.69944763E-03
  -1.60026550E-03
  -1.60026550E-03
  -1.60026550E-03
  -1.60026550E-03
  -1.60026550E-03
  -1.60026550E-03
  -1.59931183E-03
  -1.50012970E-03
  -1.50012970E-03
  -1.50012970E-03
  -1.50012970E-03
  -1.50012970E-03
  -1.50012970E-03
  -1.49917603E-03
  -1.29985809E-03
  -1.29985809E-03
  -1.29985809E-03
  -1.29985809E-03
  -1.20067596E-03
  -1.20067596E-03
  -1.19972229E-03
  -1.19972229E-03
  -1.10054016E-03
  -1.10054016E-03
  -1.09958649E-03
  -1.00040436E-03
  -1.00040436E-03
  -9.99450684E-04
  -9.00268555E-04
  -9.00268555E-04
  -9.00268555E-04
  -8.99314880E-04
  -8.00132751E-04
  -8.00132751E-04
  -8.00132751E-04
  -8.00132751E-04
  -8.00132751E-04
  -8.00132751E-04
  -8.00132751E-04
  -7.99179077E-04
  -6.99996948E-04
  -6.99996948E-04
  -6.99996948E-04
  -6.99996948E-04
  -6.00814819E-04
  -6.00814819E-04
  -5.99861145E-04
  -5.99861145E-04
  -5.99861145E-04
  -5.99861145E-04
  -5.99861145E-04
  -5.00679016E-04
  -5.00679016E-04
  -5.00679016E-04
  -4.99725342E-04
  -4.99725342E-04
  -4.99725342E-04
  -4.99725342E-04
  -4.99725342E-04
  -4.99725342E-04
  -4.99725342E-04
  -4.99725342E-04
  -4.99725342E-04
  -4.00543213E-04
  -4.00543213E-04
  -4.00543213E-04
  -3.99589539E-04
  -3.99589539E-04
  -3.99589539E-04
  -3.00407410E-04
  -3.00407410E-04
  -3.00407410E-04
  -3.00407410E-04
  -3.00407410E-04
  -2.99453735E-04
  -2.99453735E-04
  -2.99453735E-04
  -2.99453735E-04
  -2.99453735E-04
  -2.99453735E-04
  -2.00271606E-04
  -2.00271606E-04
  -2.00271606E-04
  -2.00271606E-04
  -2.00271606E-04
  -2.00271606E-04
  -2.00271606E-04
  -1.99317932E-04
  -1.00135803E-04
  -1.00135803E-04
  -1.00135803E-04
  -1.00135803E-04
  -1.00135803E-04
  -1.00135803E-04
  -9.91821289E-05
   0.00000000    
   0.00000000    
   0.00000000    
   0.00000000    
   1.00135803E-04
   1.00135803E-04
   1.00135803E-04
   1.00135803E-04
   1.99317932E-04
   1.99317932E-04
   1.99317932E-04
   2.00271606E-04
   2.00271606E-04
   2.00271606E-04
   2.00271606E-04
   2.00271606E-04
   2.00271606E-04
   2.00271606E-04
   2.99453735E-04
   2.99453735E-04
   2.99453735E-04
   2.99453735E-04
   3.00407410E-04
   3.00407410E-04
   3.00407410E-04
   3.00407410E-04
   3.99589539E-04
   3.99589539E-04
   4.00543213E-04
   4.00543213E-04
   4.00543213E-04
   4.00543213E-04
   4.00543213E-04
   4.99725342E-04
   4.99725342E-04
   4.99725342E-04
   4.99725342E-04
   4.99725342E-04
   4.99725342E-04
   4.99725342E-04
   4.99725342E-04
   5.00679016E-04
   5.00679016E-04
   5.00679016E-04
   5.00679016E-04
   5.99861145E-04
   5.99861145E-04
   5.99861145E-04
   5.99861145E-04
   5.99861145E-04
   5.99861145E-04
   6.99996948E-04
   6.99996948E-04
   6.99996948E-04
   6.99996948E-04
   6.99996948E-04
   6.99996948E-04
   6.99996948E-04
   6.99996948E-04
   8.00132751E-04
   8.00132751E-04
   8.99314880E-04
   9.00268555E-04
   1.00040436E-03
   1.00040436E-03
   1.09958649E-03
   1.09958649E-03
   1.09958649E-03
   1.09958649E-03
   1.09958649E-03
   1.09958649E-03
   1.09958649E-03
   1.10054016E-03
   1.19972229E-03
   1.19972229E-03
   1.20067596E-03
   1.20067596E-03
   1.20067596E-03
   1.20067596E-03
   1.29985809E-03
   1.29985809E-03
   1.29985809E-03
   1.29985809E-03
   1.29985809E-03
   1.30081177E-03
   1.39999390E-03
   1.39999390E-03
   1.39999390E-03
   1.39999390E-03
   1.39999390E-03
   1.50012970E-03
   1.50012970E-03
   1.50012970E-03
   1.50012970E-03
   1.50012970E-03
   1.50012970E-03
   1.50012970E-03
   1.50012970E-03
   1.60026550E-03
   1.60026550E-03
   1.69944763E-03
   1.69944763E-03
   1.69944763E-03
   1.70040131E-03
   1.70040131E-03
   1.79958344E-03
   1.80053711E-03
   1.89971924E-03
   1.89971924E-03
   1.90067291E-03
   1.99985504E-03
   2.00080872E-03
   2.09999084E-03
   2.09999084E-03
   2.20012665E-03
   2.20012665E-03
   2.29930878E-03
   2.30026245E-03
   2.39944458E-03
   2.49958038E-03
   2.50053406E-03
   2.50053406E-03
   2.69985199E-03
   2.69985199E-03
   2.79998779E-03
   2.79998779E-03
   2.90012360E-03
   2.99930573E-03
   3.09944153E-03
   3.19957733E-03
   3.20053101E-03
   3.40080261E-03
   3.60012054E-03
   3.60012054E-03
   3.70025635E-03
   3.79943848E-03
   3.79943848E-03
   4.19998169E-03
   4.49943542E-03
   4.69970703E-03
   4.70066071E-03
   5.20038605E-03
   5.29956818E-03
   6.09970093E-03
   6.10065460E-03
   6.10065460E-03
   6.39915466E-03
   6.50024414E-03
   6.69956207E-03
   6.70051575E-03
   6.79969788E-03
   7.20024109E-03
   7.59983063E-03
   7.59983063E-03
   7.80010223E-03
   8.20064545E-03
   8.39996338E-03
   8.60023499E-03
   9.19914246E-03
   9.20009613E-03
   9.69982147E-03
   1.04999542E-02
   1.15995407E-02
   1.28002167E-02
   1.38998032E-02
   1.38998032E-02
   1.42002106E-02
   1.48000717E-02
   1.70001984E-02
   1.76000595E-02
   1.91001892E-02
   1.99003220E-02
   2.82993317E-02
   3.38001251E-02
   3.63998413E-02
   5.46998978E-02
  0.118000031    
  0.352100372    
