#Npts     Radius    Mag      Completeness
#  336 2876.0854  -14.769700 0.960000
# Verr
  -2.07996368E-02
  -1.78995132E-02
  -1.70001984E-02
  -1.60999298E-02
  -1.49002075E-02
  -1.44004822E-02
  -1.44004822E-02
  -1.43003464E-02
  -1.39999390E-02
  -1.39007568E-02
  -1.37996674E-02
  -1.35993958E-02
  -1.25999451E-02
  -1.16996765E-02
  -1.14994049E-02
  -1.13000870E-02
  -1.12991333E-02
  -1.12991333E-02
  -1.11999512E-02
  -1.07002258E-02
  -1.04999542E-02
  -1.02005005E-02
  -1.01003647E-02
  -1.00002289E-02
  -1.00002289E-02
  -1.00002289E-02
  -9.90009308E-03
  -9.50050354E-03
  -9.40036774E-03
  -9.20009613E-03
  -9.09996033E-03
  -8.89968872E-03
  -8.80050659E-03
  -8.60023499E-03
  -8.60023499E-03
  -8.20064545E-03
  -8.19969177E-03
  -8.19969177E-03
  -8.09955597E-03
  -8.09955597E-03
  -7.80010223E-03
  -7.59983063E-03
  -7.49969482E-03
  -7.39955902E-03
  -7.20024109E-03
  -7.20024109E-03
  -7.19928741E-03
  -6.99996948E-03
  -6.99996948E-03
  -6.89983368E-03
  -6.79969788E-03
  -6.60037994E-03
  -6.50024414E-03
  -6.49929047E-03
  -6.40010834E-03
  -6.39915466E-03
  -6.29997253E-03
  -6.29997253E-03
  -6.19983673E-03
  -5.90038300E-03
  -5.90038300E-03
  -5.90038300E-03
  -5.89942932E-03
  -5.80024719E-03
  -5.60092926E-03
  -5.59997559E-03
  -5.49983978E-03
  -5.29956818E-03
  -5.20038605E-03
  -5.20038605E-03
  -5.20038605E-03
  -5.10025024E-03
  -5.09929657E-03
  -4.89997864E-03
  -4.89997864E-03
  -4.69970703E-03
  -4.59957123E-03
  -4.50038910E-03
  -4.50038910E-03
  -4.40025330E-03
  -4.40025330E-03
  -4.39929962E-03
  -4.30011749E-03
  -4.30011749E-03
  -4.30011749E-03
  -4.30011749E-03
  -4.30011749E-03
  -4.29916382E-03
  -4.19998169E-03
  -4.09984589E-03
  -4.00066376E-03
  -4.00066376E-03
  -3.99971008E-03
  -3.90052795E-03
  -3.89957428E-03
  -3.89957428E-03
  -3.89957428E-03
  -3.89957428E-03
  -3.80039215E-03
  -3.70025635E-03
  -3.60012054E-03
  -3.60012054E-03
  -3.49998474E-03
  -3.49998474E-03
  -3.49998474E-03
  -3.39984894E-03
  -3.30066681E-03
  -2.90012360E-03
  -2.69985199E-03
  -2.60066986E-03
  -2.60066986E-03
  -2.50053406E-03
  -2.50053406E-03
  -2.49958038E-03
  -2.49958038E-03
  -2.40039825E-03
  -2.39944458E-03
  -2.39944458E-03
  -2.30026245E-03
  -2.30026245E-03
  -2.30026245E-03
  -2.20012665E-03
  -2.09999084E-03
  -2.09999084E-03
  -2.09999084E-03
  -2.09999084E-03
  -1.99985504E-03
  -1.99985504E-03
  -1.80053711E-03
  -1.70040131E-03
  -1.70040131E-03
  -1.69944763E-03
  -1.60026550E-03
  -1.50012970E-03
  -1.49917603E-03
  -1.29985809E-03
  -1.29985809E-03
  -1.29985809E-03
  -1.29985809E-03
  -9.99450684E-04
  -9.99450684E-04
  -8.00132751E-04
  -8.00132751E-04
  -8.00132751E-04
  -8.00132751E-04
  -8.00132751E-04
  -6.99996948E-04
  -6.99996948E-04
  -6.99996948E-04
  -5.99861145E-04
  -5.99861145E-04
  -5.00679016E-04
  -4.99725342E-04
  -4.99725342E-04
  -2.00271606E-04
  -2.00271606E-04
  -1.00135803E-04
  -1.00135803E-04
  -1.00135803E-04
  -1.00135803E-04
   0.00000000    
   0.00000000    
   9.91821289E-05
   1.00135803E-04
   1.00135803E-04
   1.99317932E-04
   2.99453735E-04
   3.00407410E-04
   4.99725342E-04
   4.99725342E-04
   5.99861145E-04
   6.99996948E-04
   6.99996948E-04
   6.99996948E-04
   7.99179077E-04
   8.00132751E-04
   8.00132751E-04
   9.00268555E-04
   9.00268555E-04
   9.99450684E-04
   1.09958649E-03
   1.10054016E-03
   1.10054016E-03
   1.10054016E-03
   1.19972229E-03
   1.19972229E-03
   1.19972229E-03
   1.19972229E-03
   1.29985809E-03
   1.29985809E-03
   1.29985809E-03
   1.29985809E-03
   1.29985809E-03
   1.29985809E-03
   1.29985809E-03
   1.39999390E-03
   1.39999390E-03
   1.39999390E-03
   1.39999390E-03
   1.50012970E-03
   1.69944763E-03
   1.70040131E-03
   1.70040131E-03
   1.79958344E-03
   2.09999084E-03
   2.09999084E-03
   2.09999084E-03
   2.20012665E-03
   2.20012665E-03
   2.30026245E-03
   2.40039825E-03
   2.49958038E-03
   2.60066986E-03
   2.69985199E-03
   2.79998779E-03
   2.79998779E-03
   2.89916992E-03
   2.90012360E-03
   2.90012360E-03
   3.10039520E-03
   3.10039520E-03
   3.10039520E-03
   3.19957733E-03
   3.29971313E-03
   3.30066681E-03
   3.39984894E-03
   3.49998474E-03
   3.59916687E-03
   3.59916687E-03
   3.70025635E-03
   3.79943848E-03
   3.80039215E-03
   3.89957428E-03
   3.99971008E-03
   4.09984589E-03
   4.09984589E-03
   4.09984589E-03
   4.19998169E-03
   4.19998169E-03
   4.30011749E-03
   4.30011749E-03
   4.30011749E-03
   4.30011749E-03
   4.39929962E-03
   4.40025330E-03
   4.40025330E-03
   4.59957123E-03
   4.60052490E-03
   4.69970703E-03
   4.69970703E-03
   4.69970703E-03
   4.79984283E-03
   4.89997864E-03
   4.89997864E-03
   5.00011444E-03
   5.00011444E-03
   5.09929657E-03
   5.10025024E-03
   5.10025024E-03
   5.10025024E-03
   5.10025024E-03
   5.19943237E-03
   5.20038605E-03
   5.20038605E-03
   5.30052185E-03
   5.39970398E-03
   5.40065765E-03
   5.49983978E-03
   5.59997559E-03
   5.59997559E-03
   5.69915771E-03
   5.70011139E-03
   5.79929352E-03
   5.90038300E-03
   6.19983673E-03
   6.19983673E-03
   6.29997253E-03
   6.49929047E-03
   6.99996948E-03
   7.10010529E-03
   7.19928741E-03
   7.20024109E-03
   7.20024109E-03
   7.20024109E-03
   7.20024109E-03
   7.29942322E-03
   7.40051270E-03
   7.59983063E-03
   7.59983063E-03
   7.59983063E-03
   7.69996643E-03
   7.90023804E-03
   7.99942017E-03
   7.99942017E-03
   8.09955597E-03
   8.10050964E-03
   8.10050964E-03
   8.39996338E-03
   8.50009918E-03
   8.60023499E-03
   8.69941711E-03
   8.89968872E-03
   9.09996033E-03
   9.19914246E-03
   9.50050354E-03
   9.60063934E-03
   9.69982147E-03
   1.00994110E-02
   1.02005005E-02
   1.02996826E-02
   1.02996826E-02
   1.11007690E-02
   1.15003586E-02
   1.15995407E-02
   1.16996765E-02
   1.18999481E-02
   1.18999481E-02
   1.23004913E-02
   1.30996704E-02
   1.39007568E-02
   1.41000748E-02
   1.42002106E-02
   1.48000717E-02
   1.49002075E-02
   1.52997971E-02
   1.53999329E-02
   1.56993866E-02
   1.58004761E-02
   1.76000595E-02
   2.28996277E-02
   2.98004150E-02
   3.04002762E-02
   3.19004059E-02
   5.15003204E-02
   7.64999390E-02
  0.220800400    
