#Npts     Radius    Mag      Completeness
#  121  431.4128  -14.180000 1.000000
# Verr
  -8.02001953E-02
  -2.14996338E-02
  -1.81999207E-02
  -1.71003342E-02
  -1.66006088E-02
  -1.63002014E-02
  -1.58004761E-02
  -1.46999359E-02
  -1.46999359E-02
  -1.31998062E-02
  -1.06000900E-02
  -9.20009613E-03
  -9.09996033E-03
  -8.89968872E-03
  -8.50009918E-03
  -8.39996338E-03
  -8.39996338E-03
  -8.20064545E-03
  -7.69996643E-03
  -7.30037689E-03
  -7.10010529E-03
  -6.80065155E-03
  -5.50079346E-03
  -5.20038605E-03
  -5.20038605E-03
  -5.10025024E-03
  -5.10025024E-03
  -4.69970703E-03
  -4.59957123E-03
  -4.59957123E-03
  -4.49943542E-03
  -4.30011749E-03
  -3.99971008E-03
  -3.90052795E-03
  -3.89957428E-03
  -3.89957428E-03
  -3.49998474E-03
  -3.20053101E-03
  -3.10039520E-03
  -2.59971619E-03
  -2.49958038E-03
  -2.39944458E-03
  -2.09999084E-03
  -1.99985504E-03
  -1.79958344E-03
  -1.69944763E-03
  -1.39999390E-03
  -1.29985809E-03
  -1.29985809E-03
  -1.29985809E-03
  -7.99179077E-04
  -6.99996948E-04
  -6.99996948E-04
  -4.99725342E-04
  -4.99725342E-04
   0.00000000    
   1.00135803E-04
   2.00271606E-04
   2.00271606E-04
   2.99453735E-04
   3.99589539E-04
   5.99861145E-04
   5.99861145E-04
   8.00132751E-04
   9.00268555E-04
   1.00040436E-03
   1.09958649E-03
   1.09958649E-03
   1.09958649E-03
   1.19972229E-03
   1.39999390E-03
   1.39999390E-03
   1.50012970E-03
   1.60026550E-03
   1.60026550E-03
   1.60026550E-03
   1.80053711E-03
   1.89971924E-03
   1.89971924E-03
   1.89971924E-03
   1.99985504E-03
   2.39944458E-03
   2.69985199E-03
   2.69985199E-03
   2.79998779E-03
   2.90012360E-03
   3.19957733E-03
   3.40080261E-03
   3.59916687E-03
   3.89957428E-03
   4.19998169E-03
   4.40025330E-03
   4.49943542E-03
   4.50038910E-03
   4.69970703E-03
   4.89997864E-03
   6.29997253E-03
   7.50064850E-03
   7.69996643E-03
   7.69996643E-03
   7.90023804E-03
   8.29982758E-03
   8.89968872E-03
   8.89968872E-03
   1.01003647E-02
   1.06000900E-02
   1.07002258E-02
   1.14994049E-02
   1.21994019E-02
   1.35002136E-02
   1.46999359E-02
   1.48000717E-02
   2.18000412E-02
   2.30998993E-02
   4.12998199E-02
   4.38003540E-02
   4.45995331E-02
   5.55992126E-02
   6.66999817E-02
   9.81006622E-02
  0.196400642    
