#Npts     Radius    Mag      Completeness
#  167  431.4128  -11.950000 1.000000
# Verr
  -6.20994568E-02
  -4.80995178E-02
  -4.59995270E-02
  -2.79998779E-02
  -2.57005692E-02
  -2.43997574E-02
  -2.43997574E-02
  -1.49993896E-02
  -1.17998123E-02
  -1.06000900E-02
  -9.39941406E-03
  -8.99982452E-03
  -8.00037384E-03
  -7.10010529E-03
  -6.69956207E-03
  -5.90038300E-03
  -5.49983978E-03
  -5.30052185E-03
  -5.20038605E-03
  -5.20038605E-03
  -5.00011444E-03
  -5.00011444E-03
  -5.00011444E-03
  -4.89997864E-03
  -4.69970703E-03
  -4.40025330E-03
  -4.19998169E-03
  -4.19998169E-03
  -4.09984589E-03
  -3.69930267E-03
  -3.60012054E-03
  -3.49998474E-03
  -3.39984894E-03
  -3.29971313E-03
  -3.19957733E-03
  -3.19957733E-03
  -2.90012360E-03
  -2.90012360E-03
  -2.69985199E-03
  -2.59971619E-03
  -2.50053406E-03
  -2.49958038E-03
  -2.40039825E-03
  -2.39944458E-03
  -2.30026245E-03
  -2.30026245E-03
  -2.29930878E-03
  -2.20012665E-03
  -2.09999084E-03
  -2.09999084E-03
  -2.09999084E-03
  -1.99985504E-03
  -1.89971924E-03
  -1.89971924E-03
  -1.79958344E-03
  -1.79958344E-03
  -1.69944763E-03
  -1.50012970E-03
  -1.50012970E-03
  -1.39999390E-03
  -1.39999390E-03
  -1.29985809E-03
  -1.29985809E-03
  -1.29985809E-03
  -1.20067596E-03
  -1.19972229E-03
  -1.19972229E-03
  -1.19972229E-03
  -1.10054016E-03
  -1.09958649E-03
  -9.00268555E-04
  -8.00132751E-04
  -8.00132751E-04
  -6.99996948E-04
  -6.99996948E-04
  -6.99996948E-04
  -6.99996948E-04
  -6.00814819E-04
  -5.00679016E-04
  -4.99725342E-04
  -3.99589539E-04
  -3.00407410E-04
  -2.00271606E-04
  -1.99317932E-04
  -1.00135803E-04
   0.00000000    
   0.00000000    
   0.00000000    
   1.00135803E-04
   2.00271606E-04
   2.00271606E-04
   2.99453735E-04
   5.99861145E-04
   5.99861145E-04
   6.99996948E-04
   9.00268555E-04
   1.09958649E-03
   1.10054016E-03
   1.19972229E-03
   1.20067596E-03
   1.29985809E-03
   1.29985809E-03
   1.39999390E-03
   1.49917603E-03
   1.50012970E-03
   1.60026550E-03
   1.60026550E-03
   1.70040131E-03
   1.70040131E-03
   1.79958344E-03
   1.99985504E-03
   1.99985504E-03
   2.09999084E-03
   2.20012665E-03
   2.20012665E-03
   2.20012665E-03
   2.30026245E-03
   2.49958038E-03
   2.50053406E-03
   2.50053406E-03
   2.99930573E-03
   3.00025940E-03
   3.00025940E-03
   3.39984894E-03
   3.59916687E-03
   3.60012054E-03
   3.60012054E-03
   3.60012054E-03
   3.70025635E-03
   3.70025635E-03
   3.99971008E-03
   3.99971008E-03
   4.40025330E-03
   4.40025330E-03
   4.59957123E-03
   4.79984283E-03
   5.00011444E-03
   5.20038605E-03
   5.29956818E-03
   5.49983978E-03
   5.80024719E-03
   5.89942932E-03
   6.00051880E-03
   6.20079041E-03
   6.80065155E-03
   7.30037689E-03
   7.79914856E-03
   7.90023804E-03
   8.79955292E-03
   9.20009613E-03
   9.90009308E-03
   1.06000900E-02
   1.09996796E-02
   1.10998154E-02
   1.10998154E-02
   1.20000839E-02
   1.68008804E-02
   1.70001984E-02
   1.75991058E-02
   1.83000565E-02
   2.81991959E-02
   2.89001465E-02
   2.99005508E-02
   4.96997833E-02
   7.08999634E-02
   7.97996521E-02
  0.105099678    
