#Npts     Radius    Mag      Completeness
#  262 1438.0426  -15.359400 1.000000
# Verr
  -1.43995285E-02
  -1.43003464E-02
  -1.16996765E-02
  -1.11999512E-02
  -1.06000900E-02
  -9.90009308E-03
  -9.19914246E-03
  -8.39996338E-03
  -8.29982758E-03
  -8.20064545E-03
  -8.00037384E-03
  -8.00037384E-03
  -7.99942017E-03
  -7.69996643E-03
  -7.69996643E-03
  -7.69996643E-03
  -7.40051270E-03
  -7.30037689E-03
  -7.09915161E-03
  -6.99996948E-03
  -6.99996948E-03
  -6.99996948E-03
  -6.90078735E-03
  -6.90078735E-03
  -6.79969788E-03
  -6.70051575E-03
  -6.40010834E-03
  -6.40010834E-03
  -6.20079041E-03
  -6.19983673E-03
  -6.09970093E-03
  -6.00051880E-03
  -6.00051880E-03
  -6.00051880E-03
  -5.90038300E-03
  -5.59997559E-03
  -5.59997559E-03
  -5.40065765E-03
  -5.10025024E-03
  -5.10025024E-03
  -4.59957123E-03
  -4.59957123E-03
  -4.50038910E-03
  -4.49943542E-03
  -4.30011749E-03
  -4.19998169E-03
  -4.09984589E-03
  -4.09984589E-03
  -4.09984589E-03
  -3.99971008E-03
  -3.79943848E-03
  -3.69930267E-03
  -3.60012054E-03
  -3.49998474E-03
  -3.39984894E-03
  -3.29971313E-03
  -3.10039520E-03
  -3.10039520E-03
  -2.90012360E-03
  -2.90012360E-03
  -2.89916992E-03
  -2.79998779E-03
  -2.79998779E-03
  -2.79998779E-03
  -2.79998779E-03
  -2.69985199E-03
  -2.59971619E-03
  -2.59971619E-03
  -2.50053406E-03
  -2.49958038E-03
  -2.49958038E-03
  -2.49958038E-03
  -2.49958038E-03
  -2.40039825E-03
  -2.40039825E-03
  -2.30026245E-03
  -2.30026245E-03
  -2.20012665E-03
  -2.09999084E-03
  -2.09999084E-03
  -2.09999084E-03
  -2.09999084E-03
  -1.89971924E-03
  -1.60026550E-03
  -1.60026550E-03
  -1.59931183E-03
  -1.50012970E-03
  -1.39999390E-03
  -1.29985809E-03
  -1.29985809E-03
  -1.29985809E-03
  -1.29985809E-03
  -1.20067596E-03
  -1.19972229E-03
  -9.00268555E-04
  -8.99314880E-04
  -8.00132751E-04
  -7.99179077E-04
  -6.99996948E-04
  -6.99996948E-04
  -5.99861145E-04
  -5.99861145E-04
  -4.99725342E-04
  -4.99725342E-04
  -4.00543213E-04
  -2.99453735E-04
  -2.99453735E-04
  -2.00271606E-04
  -2.00271606E-04
  -1.99317932E-04
  -1.00135803E-04
  -1.00135803E-04
   0.00000000    
   0.00000000    
   9.91821289E-05
   1.00135803E-04
   1.00135803E-04
   1.00135803E-04
   1.99317932E-04
   2.00271606E-04
   2.00271606E-04
   2.00271606E-04
   2.00271606E-04
   2.99453735E-04
   2.99453735E-04
   3.00407410E-04
   3.00407410E-04
   3.00407410E-04
   3.99589539E-04
   4.99725342E-04
   5.99861145E-04
   6.00814819E-04
   6.99996948E-04
   6.99996948E-04
   6.99996948E-04
   6.99996948E-04
   8.00132751E-04
   8.00132751E-04
   8.00132751E-04
   8.00132751E-04
   9.00268555E-04
   9.99450684E-04
   9.99450684E-04
   1.00040436E-03
   1.00040436E-03
   1.00040436E-03
   1.09958649E-03
   1.19972229E-03
   1.20067596E-03
   1.20067596E-03
   1.29985809E-03
   1.29985809E-03
   1.29985809E-03
   1.30081177E-03
   1.39999390E-03
   1.39999390E-03
   1.39999390E-03
   1.50012970E-03
   1.50012970E-03
   1.60026550E-03
   1.69944763E-03
   1.70040131E-03
   1.79958344E-03
   1.89971924E-03
   1.90067291E-03
   1.99985504E-03
   1.99985504E-03
   1.99985504E-03
   2.09999084E-03
   2.09999084E-03
   2.09999084E-03
   2.20012665E-03
   2.29930878E-03
   2.39944458E-03
   2.40039825E-03
   2.49958038E-03
   2.50053406E-03
   2.69985199E-03
   2.69985199E-03
   2.79998779E-03
   2.99930573E-03
   3.00025940E-03
   3.00025940E-03
   3.00025940E-03
   3.00025940E-03
   3.10039520E-03
   3.19957733E-03
   3.20053101E-03
   3.20053101E-03
   3.39984894E-03
   3.39984894E-03
   3.49998474E-03
   3.49998474E-03
   3.49998474E-03
   3.49998474E-03
   3.49998474E-03
   3.49998474E-03
   3.60012054E-03
   3.60012054E-03
   3.70025635E-03
   3.90052795E-03
   3.99971008E-03
   4.09984589E-03
   4.09984589E-03
   4.19998169E-03
   4.19998169E-03
   4.59957123E-03
   4.79984283E-03
   4.89997864E-03
   4.89997864E-03
   4.89997864E-03
   5.29956818E-03
   5.29956818E-03
   5.29956818E-03
   5.29956818E-03
   5.49983978E-03
   5.49983978E-03
   5.49983978E-03
   5.49983978E-03
   5.70011139E-03
   5.89942932E-03
   5.99956512E-03
   6.09970093E-03
   6.09970093E-03
   6.09970093E-03
   6.19983673E-03
   6.29997253E-03
   6.50024414E-03
   6.59942627E-03
   6.99996948E-03
   7.10010529E-03
   7.39955902E-03
   7.59983063E-03
   7.80010223E-03
   7.80010223E-03
   7.80010223E-03
   8.00037384E-03
   8.00037384E-03
   8.10050964E-03
   8.19969177E-03
   8.50009918E-03
   8.89968872E-03
   9.09996033E-03
   9.79995728E-03
   1.00002289E-02
   1.01995468E-02
   1.04999542E-02
   1.04999542E-02
   1.07994080E-02
   1.08003616E-02
   1.10006332E-02
   1.22995377E-02
   1.43003464E-02
   1.51996613E-02
   1.58004761E-02
   1.76000595E-02
   1.77993774E-02
   2.20003128E-02
   2.35996246E-02
   3.06997299E-02
   3.35998535E-02
   3.84006500E-02
