#   4801
   31.9042721    
   43.7153168    
   44.6964302    
   61.9036636    
   68.9884949    
   72.2523193    
   73.6256561    
   77.7247543    
   84.9176941    
   94.2552338    
   97.7236023    
   99.5319824    
   99.6698685    
   103.063927    
   103.142792    
   108.126030    
   108.403641    
   109.829590    
   110.063309    
   114.248070    
   114.680984    
   116.868462    
   120.894135    
   122.758827    
   124.231361    
   127.463539    
   128.726578    
   129.790314    
   136.058258    
   138.894836    
   146.905212    
   149.609375    
   152.321091    
   152.757858    
   157.385574    
   161.345612    
   164.507660    
   170.927979    
   183.419205    
   184.600311    
   186.222824    
   188.019836    
   188.194778    
   188.689804    
   189.689484    
   192.224167    
   193.553162    
   194.754471    
   195.851181    
   198.855301    
   199.997101    
   200.205643    
   201.738571    
   209.819427    
   210.203262    
   211.796082    
   213.169937    
   213.425735    
   219.735046    
   221.198318    
   224.061859    
   225.381088    
   225.454727    
   228.389435    
   230.125336    
   232.207031    
   234.403137    
   240.049942    
   242.360977    
   242.958954    
   245.649246    
   250.277771    
   252.432480    
   253.320648    
   254.444244    
   256.925751    
   258.296204    
   259.341034    
   259.671783    
   262.833160    
   263.318695    
   268.834808    
   268.861084    
   269.291718    
   269.386505    
   270.648743    
   272.225983    
   273.955048    
   277.960327    
   279.923065    
   280.575958    
   280.962128    
   281.116333    
   281.130432    
   283.671265    
   283.877686    
   284.024445    
   284.448486    
   286.094818    
   288.636749    
   292.361908    
   292.432220    
   297.490784    
   299.992401    
   300.880707    
   300.902435    
   302.555969    
   304.459625    
   304.550690    
   304.655670    
   305.501495    
   305.939850    
   306.819275    
   307.744049    
   308.665009    
   308.860138    
   308.952728    
   309.892548    
   310.826172    
   312.399506    
   312.932404    
   313.504761    
   316.807129    
   319.279175    
   319.983246    
   320.352570    
   320.769897    
   322.728333    
   325.454559    
   325.548676    
   328.519226    
   330.042053    
   330.700348    
   331.111053    
   334.595093    
   334.924805    
   338.397705    
   338.638000    
   339.086060    
   339.447388    
   339.530670    
   340.183868    
   340.456146    
   340.525940    
   340.630310    
   343.265930    
   344.486389    
   344.880432    
   346.617859    
   347.344208    
   349.642700    
   350.494110    
   350.683807    
   351.116089    
   353.022034    
   355.202179    
   356.538483    
   357.823730    
   361.338348    
   363.074890    
   366.880035    
   367.570770    
   368.032135    
   370.323944    
   370.327576    
   373.627106    
   374.074860    
   375.240448    
   376.352844    
   376.613953    
   376.833862    
   377.251526    
   378.505981    
   379.378754    
   379.804810    
   382.324158    
   382.476135    
   383.300659    
   383.646027    
   383.900330    
   385.335052    
   388.233551    
   388.713776    
   389.017944    
   389.053284    
   389.056335    
   389.271301    
   391.053467    
   394.572968    
   395.375641    
   395.808411    
   396.730194    
   398.876984    
   399.004730    
   399.110352    
   400.513763    
   401.153931    
   401.370239    
   402.057739    
   402.620911    
   403.436462    
   404.549744    
   404.913910    
   405.406067    
   405.523224    
   405.766205    
   406.576874    
   407.033295    
   407.749451    
   409.080841    
   409.328552    
   410.063904    
   411.446381    
   411.745148    
   411.792694    
   415.249786    
   416.928528    
   417.056824    
   417.160309    
   417.283539    
   417.454407    
   418.650635    
   420.997742    
   421.009735    
   421.012177    
   421.024872    
   421.484497    
   423.498535    
   424.477356    
   424.808289    
   425.062103    
   425.232819    
   425.291748    
   426.049591    
   426.607758    
   426.732361    
   426.765991    
   429.077667    
   429.817108    
   429.925323    
   432.089447    
   433.668518    
   434.761688    
   434.872314    
   437.078339    
   438.054779    
   438.348755    
   439.131042    
   439.166748    
   439.216522    
   440.736572    
   442.873016    
   443.116516    
   443.825562    
   443.833862    
   443.880859    
   444.242798    
   445.473450    
   447.000671    
   447.685638    
   450.536896    
   450.572906    
   450.587921    
   451.272034    
   454.557587    
   454.810577    
   455.343536    
   455.430664    
   456.051178    
   456.693176    
   458.187958    
   458.588470    
   458.978241    
   459.883698    
   460.080688    
   465.888489    
   467.073059    
   467.588959    
   468.383362    
   468.795349    
   469.275299    
   469.924072    
   470.732697    
   470.881622    
   470.972107    
   471.150452    
   472.481415    
   472.682129    
   472.884155    
   473.681305    
   474.296539    
   475.368256    
   476.175659    
   476.507233    
   477.337189    
   477.784149    
   478.855316    
   480.322784    
   480.892487    
   481.152252    
   482.314880    
   482.442749    
   483.171082    
   483.525635    
   483.634674    
   485.788971    
   486.026611    
   486.399567    
   486.920441    
   487.144501    
   488.231964    
   488.333282    
   488.473663    
   488.683105    
   490.954315    
   491.792297    
   491.853760    
   492.643921    
   493.462067    
   493.501343    
   494.610443    
   495.335938    
   495.508575    
   496.392487    
   496.631134    
   497.063934    
   498.297119    
   499.021027    
   499.152008    
   499.269897    
   501.481140    
   502.731689    
   503.657959    
   504.492828    
   504.535339    
   505.162140    
   505.849182    
   506.660217    
   508.905975    
   509.816223    
   510.345093    
   510.580475    
   510.808472    
   510.838806    
   511.428741    
   512.644653    
   513.397766    
   514.788696    
   517.820007    
   518.277344    
   519.709778    
   522.671631    
   522.929749    
   523.802734    
   524.609619    
   524.965576    
   526.059387    
   528.619934    
   528.897949    
   529.027344    
   531.397217    
   532.945068    
   533.150696    
   533.370300    
   534.029785    
   534.763733    
   535.408569    
   535.758911    
   537.077393    
   537.265381    
   538.106384    
   538.179626    
   538.285767    
   539.195862    
   542.548950    
   543.297729    
   543.707275    
   544.628601    
   545.137024    
   545.472534    
   545.857117    
   546.358948    
   546.593872    
   547.459839    
   547.922302    
   548.348206    
   549.294373    
   550.019348    
   551.257568    
   551.312134    
   551.699341    
   552.096741    
   552.187561    
   552.903320    
   553.251831    
   553.484985    
   555.198975    
   555.875854    
   556.271118    
   557.423096    
   557.531128    
   559.205688    
   559.796875    
   560.204773    
   560.462769    
   560.514465    
   560.938965    
   561.337708    
   562.391357    
   562.414551    
   562.500000    
   563.515564    
   563.842529    
   564.019165    
   564.360474    
   564.722778    
   565.195923    
   566.814941    
   566.970947    
   567.087097    
   567.088318    
   567.190063    
   567.264709    
   567.552002    
   567.852539    
   568.433472    
   568.934753    
   569.450867    
   570.230896    
   570.668457    
   573.419556    
   573.646301    
   575.279724    
   575.414062    
   576.181580    
   577.134949    
   579.064026    
   579.229309    
   579.973877    
   580.134033    
   580.186584    
   581.311890    
   581.364380    
   581.945374    
   582.238464    
   583.165039    
   583.898376    
   586.290466    
   586.719910    
   587.032288    
   588.962219    
   589.065186    
   589.272583    
   589.732849    
   590.751526    
   591.090881    
   591.356445    
   592.235657    
   592.805603    
   593.140198    
   593.429260    
   593.864136    
   594.278015    
   594.362793    
   596.705200    
   597.927612    
   598.216309    
   598.561829    
   598.639587    
   599.415649    
   600.505859    
   600.867737    
   601.598999    
   602.050293    
   602.436279    
   602.603638    
   602.790649    
   603.109985    
   603.138489    
   606.330505    
   606.413147    
   606.795166    
   607.268250    
   607.654053    
   607.766052    
   610.619690    
   611.017334    
   612.757080    
   612.807800    
   612.964905    
   617.482605    
   618.153625    
   619.772339    
   619.932922    
   619.987122    
   621.584290    
   622.527771    
   623.953369    
   624.632446    
   624.889465    
   624.968811    
   625.021973    
   625.142029    
   626.444580    
   629.680542    
   630.464294    
   631.845825    
   631.977295    
   632.566772    
   633.478333    
   634.513977    
   634.566711    
   634.837219    
   635.127869    
   636.062256    
   637.017700    
   637.491272    
   638.013367    
   639.622681    
   639.721619    
   640.570129    
   640.830322    
   641.327209    
   641.377808    
   641.625977    
   642.332336    
   642.598755    
   642.794250    
   643.517090    
   643.796021    
   645.658813    
   646.135620    
   646.267883    
   647.065735    
   647.534180    
   647.570007    
   647.626831    
   647.955322    
   647.955566    
   649.647522    
   649.962036    
   651.105957    
   651.528381    
   652.119263    
   652.433594    
   655.944702    
   656.035156    
   656.100952    
   656.367737    
   656.434570    
   658.616943    
   658.949707    
   658.973938    
   659.189880    
   659.636169    
   659.999512    
   660.155457    
   660.290833    
   660.466064    
   660.901611    
   662.426758    
   662.642700    
   662.657043    
   663.508301    
   663.544983    
   665.822083    
   665.834229    
   667.373169    
   667.697632    
   669.513184    
   669.864258    
   670.122009    
   671.339722    
   671.881226    
   672.529846    
   672.570618    
   672.577087    
   673.207886    
   673.241882    
   675.438904    
   675.581116    
   676.344788    
   678.089844    
   679.225342    
   680.336975    
   680.815979    
   681.039490    
   681.598083    
   682.806641    
   683.275391    
   683.818054    
   683.875610    
   684.685364    
   686.059692    
   686.522400    
   686.633301    
   687.345520    
   688.375916    
   688.636414    
   688.666931    
   688.790833    
   688.851868    
   690.856018    
   690.907227    
   691.021423    
   691.644348    
   692.196472    
   692.625488    
   692.658569    
   693.045105    
   693.283752    
   693.291504    
   693.553650    
   693.799744    
   694.154175    
   694.283936    
   695.557312    
   695.676453    
   697.746948    
   698.001587    
   698.268066    
   698.903442    
   699.454041    
   699.848450    
   700.256592    
   700.275208    
   700.642822    
   702.572083    
   703.089233    
   703.357117    
   703.376404    
   703.896301    
   704.057861    
   704.319763    
   704.715637    
   704.824158    
   705.243347    
   705.464478    
   706.327026    
   706.342896    
   707.214172    
   707.701843    
   708.231384    
   709.146362    
   709.227051    
   710.532654    
   713.309082    
   714.363159    
   714.657776    
   714.794800    
   714.846619    
   715.034729    
   715.122437    
   715.277039    
   715.522949    
   716.373413    
   717.381104    
   717.416260    
   717.639221    
   717.655762    
   718.247498    
   718.290588    
   718.305176    
   718.510376    
   718.706604    
   720.356873    
   720.436462    
   721.008667    
   721.160889    
   721.467285    
   722.010132    
   722.199158    
   722.368286    
   723.792847    
   723.964172    
   724.475281    
   725.681519    
   727.354553    
   727.707031    
   727.926697    
   727.932922    
   728.264893    
   728.308044    
   728.814392    
   729.421509    
   729.801270    
   730.818848    
   732.681946    
   735.078674    
   735.112000    
   735.638000    
   736.712891    
   738.488525    
   738.664917    
   739.605774    
   740.177002    
   740.618225    
   740.841187    
   742.451599    
   742.619324    
   743.079468    
   743.552063    
   743.560913    
   744.506897    
   747.373169    
   748.408630    
   748.880798    
   749.169250    
   750.047180    
   750.085938    
   750.175964    
   750.678223    
   750.701904    
   750.901978    
   751.489746    
   751.523804    
   752.128540    
   752.145203    
   752.446899    
   752.591431    
   752.914734    
   754.924805    
   755.514282    
   755.621033    
   755.711243    
   755.844849    
   756.403564    
   756.536194    
   757.060242    
   757.229980    
   758.043701    
   759.667908    
   759.795959    
   760.406738    
   760.409607    
   761.812500    
   762.999695    
   763.954895    
   763.964722    
   764.697693    
   765.181702    
   765.511902    
   765.880981    
   766.360657    
   766.427612    
   766.969055    
   767.083435    
   768.921875    
   769.158508    
   769.225098    
   770.362488    
   770.794861    
   771.078491    
   771.117432    
   771.261414    
   771.531372    
   771.579224    
   771.939697    
   772.363037    
   772.479309    
   772.585693    
   774.894165    
   774.979614    
   775.935791    
   776.366882    
   776.686829    
   777.967163    
   778.321350    
   779.184937    
   779.669006    
   779.940063    
   780.155518    
   780.749146    
   782.142944    
   782.493408    
   782.577698    
   783.617126    
   784.721985    
   785.447571    
   785.544739    
   785.701965    
   785.727234    
   786.001648    
   786.565857    
   788.123779    
   789.249512    
   789.826355    
   790.240417    
   790.866699    
   791.874573    
   791.942200    
   792.133301    
   792.253967    
   793.052185    
   793.151062    
   793.892090    
   794.365173    
   794.932617    
   795.156067    
   795.341187    
   795.996338    
   796.038757    
   796.129456    
   796.259094    
   797.292725    
   797.435242    
   797.931885    
   798.047913    
   799.163208    
   799.965698    
   800.692383    
   802.432373    
   804.028625    
   804.735291    
   804.789307    
   805.118896    
   807.406982    
   807.443542    
   807.923584    
   808.720398    
   808.890503    
   809.295349    
   809.371155    
   809.478638    
   809.771790    
   810.015808    
   811.098938    
   811.434326    
   811.581848    
   811.586121    
   812.244141    
   812.583435    
   813.003662    
   813.567749    
   813.758667    
   814.141296    
   814.551514    
   815.046448    
   815.237671    
   817.054993    
   818.557434    
   818.682434    
   819.220337    
   819.702209    
   820.022217    
   820.505066    
   821.233826    
   821.249268    
   821.330566    
   821.375916    
   821.575745    
   822.509888    
   822.638184    
   822.686462    
   823.244629    
   823.345642    
   823.830933    
   824.307129    
   824.941345    
   825.223206    
   825.420776    
   825.751099    
   826.415955    
   826.824463    
   827.072021    
   827.640076    
   828.120300    
   828.552368    
   828.620972    
   828.661377    
   828.704590    
   828.780334    
   828.813965    
   828.882507    
   829.119385    
   829.446716    
   829.487427    
   830.039490    
   830.125610    
   830.348450    
   830.841125    
   831.045349    
   831.124634    
   831.382202    
   831.400085    
   831.759155    
   831.919189    
   832.005615    
   833.725342    
   833.917847    
   834.270691    
   834.815125    
   834.870300    
   835.599609    
   836.577698    
   837.214539    
   837.294006    
   838.420288    
   839.318970    
   840.416565    
   840.542847    
   840.803711    
   841.421021    
   841.637085    
   841.933899    
   842.009094    
   842.524841    
   844.130981    
   844.736267    
   844.923096    
   845.835144    
   847.241333    
   847.293396    
   850.543274    
   850.622864    
   851.179871    
   851.205994    
   851.560242    
   852.006104    
   852.160950    
   853.976746    
   854.071411    
   854.072449    
   856.500000    
   856.555420    
   856.756104    
   857.717163    
   857.792297    
   858.290283    
   858.760864    
   859.309875    
   859.327148    
   860.370911    
   861.296997    
   861.402466    
   863.068542    
   863.110779    
   863.526245    
   864.278992    
   864.609436    
   864.680542    
   865.388184    
   866.495544    
   868.145691    
   868.259399    
   868.495911    
   869.158691    
   869.496521    
   870.630005    
   870.715698    
   870.802490    
   870.906372    
   871.025024    
   871.347961    
   871.529236    
   872.496277    
   874.231323    
   874.861389    
   874.996704    
   875.592163    
   875.771118    
   875.825806    
   875.899963    
   876.759155    
   877.146423    
   879.180359    
   879.525818    
   879.735901    
   881.136780    
   881.605225    
   881.679810    
   881.799744    
   881.886841    
   882.827759    
   883.441650    
   883.611450    
   883.902832    
   884.032288    
   884.244568    
   884.937805    
   885.067322    
   885.787659    
   886.540100    
   887.966797    
   887.999207    
   888.506592    
   889.112915    
   889.154663    
   889.768066    
   890.322144    
   890.945068    
   891.411011    
   892.189697    
   892.414978    
   892.616882    
   893.211304    
   893.279968    
   893.456543    
   893.564087    
   894.155334    
   894.766113    
   894.830261    
   894.971863    
   894.972351    
   895.923218    
   896.571594    
   898.119080    
   898.466064    
   898.575012    
   899.178589    
   899.318237    
   900.075928    
   900.617493    
   900.728333    
   900.861633    
   900.945251    
   903.667419    
   903.863098    
   904.455505    
   904.858337    
   905.643066    
   905.858032    
   906.152954    
   906.696472    
   906.869751    
   908.732300    
   908.960938    
   909.683289    
   909.919678    
   909.939758    
   910.070435    
   910.382019    
   910.699036    
   911.932495    
   912.475830    
   914.488464    
   914.808960    
   915.823120    
   916.503540    
   918.117859    
   918.202820    
   919.380920    
   919.451904    
   919.547485    
   920.206604    
   921.012024    
   921.059265    
   921.347595    
   921.392273    
   922.071228    
   922.349487    
   922.511292    
   922.760315    
   923.149658    
   923.525757    
   923.951172    
   924.066650    
   924.863281    
   925.210022    
   925.425903    
   927.330322    
   927.975403    
   929.932983    
   930.260132    
   930.623901    
   931.536194    
   931.743164    
   931.877502    
   932.245789    
   932.253296    
   932.348572    
   933.218262    
   934.623840    
   935.659851    
   937.491272    
   938.144531    
   939.985168    
   940.369690    
   940.437561    
   940.946777    
   941.010620    
   942.018494    
   942.456543    
   943.709717    
   944.971191    
   945.682861    
   946.295959    
   946.935852    
   946.941467    
   947.116699    
   947.153625    
   948.501953    
   949.457825    
   950.039917    
   950.060059    
   950.779602    
   950.955078    
   951.293701    
   951.975830    
   952.239014    
   952.268616    
   952.300232    
   953.060181    
   953.298523    
   953.535095    
   954.125183    
   954.194397    
   954.874084    
   955.476685    
   955.753052    
   955.947632    
   956.003662    
   957.470764    
   957.494141    
   958.014893    
   958.264038    
   958.324707    
   958.346008    
   958.390564    
   958.642639    
   958.877625    
   959.093140    
   959.131042    
   959.282593    
   959.534119    
   959.536133    
   960.818359    
   960.962097    
   961.678284    
   961.696411    
   961.735413    
   962.238403    
   962.262329    
   962.511475    
   962.581360    
   962.671204    
   963.640808    
   963.937561    
   964.510315    
   964.696045    
   965.277710    
   965.942017    
   966.041687    
   966.256775    
   966.391602    
   967.137329    
   967.147156    
   967.284912    
   967.370300    
   967.817505    
   967.828247    
   967.883911    
   968.005188    
   969.659363    
   969.842468    
   970.137756    
   970.190552    
   971.519958    
   971.917847    
   972.091614    
   972.905701    
   972.940125    
   973.478149    
   974.996521    
   975.234863    
   975.376892    
   975.711731    
   976.087708    
   976.500977    
   976.873108    
   976.938477    
   977.156372    
   977.393127    
   977.484619    
   977.599609    
   978.173096    
   978.234436    
   978.597839    
   978.661499    
   979.908325    
   980.774536    
   980.910950    
   981.379272    
   982.773987    
   982.792664    
   982.994263    
   984.307678    
   984.884888    
   985.573120    
   988.195557    
   988.711304    
   988.861084    
   988.962524    
   989.050110    
   989.348328    
   989.445496    
   989.820007    
   990.120178    
   991.064026    
   991.510803    
   991.999817    
   992.534790    
   994.423706    
   995.173889    
   995.329041    
   995.694824    
   996.014160    
   996.095337    
   996.511780    
   996.726379    
   996.757690    
   997.194275    
   997.206421    
   997.912598    
   998.173523    
   998.371277    
   998.417542    
   998.683899    
   998.864197    
   999.635071    
   1000.42316    
   1000.81256    
   1000.93054    
   1001.15765    
   1001.22778    
   1001.57007    
   1002.98254    
   1003.05792    
   1003.26001    
   1003.67975    
   1004.06012    
   1004.07990    
   1004.10590    
   1004.71094    
   1005.54919    
   1005.98993    
   1006.41876    
   1007.20007    
   1007.30212    
   1007.31506    
   1007.50439    
   1007.84753    
   1008.15570    
   1008.54718    
   1008.92371    
   1008.97095    
   1009.47900    
   1009.58588    
   1009.65369    
   1010.20929    
   1011.24481    
   1011.41016    
   1011.66199    
   1011.72705    
   1012.23163    
   1012.43671    
   1013.80493    
   1013.96710    
   1014.78912    
   1015.47400    
   1016.16132    
   1016.26093    
   1019.25958    
   1020.19873    
   1020.41693    
   1020.49316    
   1020.52924    
   1021.47235    
   1021.86255    
   1022.36023    
   1022.83295    
   1023.16986    
   1023.37366    
   1025.17542    
   1025.32764    
   1025.40576    
   1026.77710    
   1027.17261    
   1027.65942    
   1028.12952    
   1028.40161    
   1028.50757    
   1028.78650    
   1028.94983    
   1029.62097    
   1030.56665    
   1031.79382    
   1031.81848    
   1032.16614    
   1032.35217    
   1032.73450    
   1033.12012    
   1033.48083    
   1033.78357    
   1034.05396    
   1034.08813    
   1034.76477    
   1034.81335    
   1035.35107    
   1036.57239    
   1037.22009    
   1038.10010    
   1038.46399    
   1038.54834    
   1039.20142    
   1039.67639    
   1041.61230    
   1041.79492    
   1042.17432    
   1042.89258    
   1044.43823    
   1044.77625    
   1044.83105    
   1045.04724    
   1045.35486    
   1046.88660    
   1046.90186    
   1047.23254    
   1047.66235    
   1047.70679    
   1047.74084    
   1048.34729    
   1048.41284    
   1048.92358    
   1048.97693    
   1049.83484    
   1050.35376    
   1050.52808    
   1050.58936    
   1050.82861    
   1051.15857    
   1051.70178    
   1052.22290    
   1052.57764    
   1052.61536    
   1052.89832    
   1053.88733    
   1054.20435    
   1054.48889    
   1055.24792    
   1056.39038    
   1057.25293    
   1057.45447    
   1058.08386    
   1058.17566    
   1058.34326    
   1058.67212    
   1059.00476    
   1059.09717    
   1059.35583    
   1059.89111    
   1059.89929    
   1060.11963    
   1060.31384    
   1061.24377    
   1063.59265    
   1064.02600    
   1064.35156    
   1064.42639    
   1064.50928    
   1064.51428    
   1065.21838    
   1066.49377    
   1066.88208    
   1067.36584    
   1068.08594    
   1068.15393    
   1068.28528    
   1069.01526    
   1069.67004    
   1069.68372    
   1069.86206    
   1070.17163    
   1070.60071    
   1071.08789    
   1071.81262    
   1072.29224    
   1072.38342    
   1072.68347    
   1073.21179    
   1073.54224    
   1074.67407    
   1075.15198    
   1075.20776    
   1075.30188    
   1075.87097    
   1075.88086    
   1075.93799    
   1076.82300    
   1077.65735    
   1078.39539    
   1079.52014    
   1080.40015    
   1080.60242    
   1080.64087    
   1080.80237    
   1081.37036    
   1081.60901    
   1082.25513    
   1082.41846    
   1082.78345    
   1083.18506    
   1083.96667    
   1084.35803    
   1085.15417    
   1086.48267    
   1086.65002    
   1086.75403    
   1087.09302    
   1087.72083    
   1088.67749    
   1090.35925    
   1090.43213    
   1091.52441    
   1092.07056    
   1092.10645    
   1092.54285    
   1092.70605    
   1092.79260    
   1092.86108    
   1093.62891    
   1094.41736    
   1094.56506    
   1094.65027    
   1095.33508    
   1095.44507    
   1095.69080    
   1095.73022    
   1095.82629    
   1096.24414    
   1096.46118    
   1096.87744    
   1096.98865    
   1097.38953    
   1097.40039    
   1097.85535    
   1098.31738    
   1098.76672    
   1098.88806    
   1099.10291    
   1099.31726    
   1099.37256    
   1099.56030    
   1100.05664    
   1101.12842    
   1102.07861    
   1102.28284    
   1102.98462    
   1103.20166    
   1103.52917    
   1103.55725    
   1103.99573    
   1104.35889    
   1105.80151    
   1105.88733    
   1106.46997    
   1107.03186    
   1107.46826    
   1108.92749    
   1109.50037    
   1109.99243    
   1110.04187    
   1110.08386    
   1110.63696    
   1110.68994    
   1110.80701    
   1111.23401    
   1111.30298    
   1112.16504    
   1112.24597    
   1113.05896    
   1113.16357    
   1113.72852    
   1114.22998    
   1115.81128    
   1115.95520    
   1116.35608    
   1116.77551    
   1116.81299    
   1117.71790    
   1117.99182    
   1118.00635    
   1119.12268    
   1119.51050    
   1119.92651    
   1120.31787    
   1120.80652    
   1121.53394    
   1121.54651    
   1121.58899    
   1122.12378    
   1122.18750    
   1124.15735    
   1124.51501    
   1124.55579    
   1124.55652    
   1125.56824    
   1125.59668    
   1126.44019    
   1127.04114    
   1127.60339    
   1128.26709    
   1130.56824    
   1130.67188    
   1130.75208    
   1131.04468    
   1131.08679    
   1131.74402    
   1131.79565    
   1131.96643    
   1132.51819    
   1133.90796    
   1134.33545    
   1135.25171    
   1135.26831    
   1135.74854    
   1138.60742    
   1139.11243    
   1139.17456    
   1139.35669    
   1139.84460    
   1140.07690    
   1140.10559    
   1140.43896    
   1140.53381    
   1140.62634    
   1140.94885    
   1141.42395    
   1141.88855    
   1141.89355    
   1142.72742    
   1142.91858    
   1143.38635    
   1144.29590    
   1144.58875    
   1146.18896    
   1147.18701    
   1147.22998    
   1147.35461    
   1147.49255    
   1147.74927    
   1148.81128    
   1149.22217    
   1150.20105    
   1150.28735    
   1151.50500    
   1151.77271    
   1152.03174    
   1152.25891    
   1152.73975    
   1152.79260    
   1152.92200    
   1153.24976    
   1154.21082    
   1155.16931    
   1155.37158    
   1155.42944    
   1155.84106    
   1155.98682    
   1156.25537    
   1156.31934    
   1156.73987    
   1156.91748    
   1157.13306    
   1157.81152    
   1158.67358    
   1159.04382    
   1159.28552    
   1159.49658    
   1159.59302    
   1160.45618    
   1160.79260    
   1160.90356    
   1161.00610    
   1161.32678    
   1162.21912    
   1162.86792    
   1163.47095    
   1163.67200    
   1163.93542    
   1164.17615    
   1164.73022    
   1165.13013    
   1165.57092    
   1165.61389    
   1165.63379    
   1165.98901    
   1166.37585    
   1166.55835    
   1166.90210    
   1167.50696    
   1167.52026    
   1167.61401    
   1167.78503    
   1167.94360    
   1168.14795    
   1168.56873    
   1169.51135    
   1170.06970    
   1170.14978    
   1170.43872    
   1170.88867    
   1170.98718    
   1172.40015    
   1172.45044    
   1172.78821    
   1174.12012    
   1175.49219    
   1175.75427    
   1175.98242    
   1176.34045    
   1176.89478    
   1177.05811    
   1177.19775    
   1177.25195    
   1177.66370    
   1177.67505    
   1178.02954    
   1178.25500    
   1178.98108    
   1179.21875    
   1179.81287    
   1179.94153    
   1180.59521    
   1180.82642    
   1181.62732    
   1181.64783    
   1181.77356    
   1182.40967    
   1182.54956    
   1182.85522    
   1184.10486    
   1184.26550    
   1185.04175    
   1186.15698    
   1186.25806    
   1186.80554    
   1187.88501    
   1188.59290    
   1188.84863    
   1189.46924    
   1190.53613    
   1190.61633    
   1190.70740    
   1191.35767    
   1191.59436    
   1192.21594    
   1192.30017    
   1192.51025    
   1193.12280    
   1193.99109    
   1194.15515    
   1194.36853    
   1195.24902    
   1195.72791    
   1195.74109    
   1196.29541    
   1196.57935    
   1196.76001    
   1197.19031    
   1197.54321    
   1197.63794    
   1197.70935    
   1198.70398    
   1198.80237    
   1198.80872    
   1199.10144    
   1200.45667    
   1200.68738    
   1201.09424    
   1202.01306    
   1202.85278    
   1203.41284    
   1204.67456    
   1205.34888    
   1205.82654    
   1207.16675    
   1207.19177    
   1207.46802    
   1207.53748    
   1207.58765    
   1208.29285    
   1209.75073    
   1210.62183    
   1210.64856    
   1210.84961    
   1211.36047    
   1211.50806    
   1211.69531    
   1211.86255    
   1212.02722    
   1212.03479    
   1212.93652    
   1213.51892    
   1213.94690    
   1214.97937    
   1215.54346    
   1215.75146    
   1215.88354    
   1216.75281    
   1219.00647    
   1219.13440    
   1219.28906    
   1221.09680    
   1221.28931    
   1221.50317    
   1222.87085    
   1223.65881    
   1223.97778    
   1224.30164    
   1224.41174    
   1224.74097    
   1224.99292    
   1225.19763    
   1225.89233    
   1226.07178    
   1226.25171    
   1226.56238    
   1226.56360    
   1227.62988    
   1227.88684    
   1227.96228    
   1227.96790    
   1228.72119    
   1229.28882    
   1229.88660    
   1229.94324    
   1229.97729    
   1230.74292    
   1231.10510    
   1231.27551    
   1231.73218    
   1232.25256    
   1232.97778    
   1234.68250    
   1234.70337    
   1235.52759    
   1235.74585    
   1236.47302    
   1236.52063    
   1236.87732    
   1236.91907    
   1237.78589    
   1237.95129    
   1238.25098    
   1238.47034    
   1240.32446    
   1240.37219    
   1240.50146    
   1241.07397    
   1241.43604    
   1241.91968    
   1241.96460    
   1242.90637    
   1242.94556    
   1243.08948    
   1243.17615    
   1243.24438    
   1243.39111    
   1243.65149    
   1243.78589    
   1244.17358    
   1244.32104    
   1245.62378    
   1245.96387    
   1247.85315    
   1248.41943    
   1248.69031    
   1249.02637    
   1249.33325    
   1249.49121    
   1250.45972    
   1250.51013    
   1250.98474    
   1251.03601    
   1252.43408    
   1253.39648    
   1253.78662    
   1254.98901    
   1255.80786    
   1256.24939    
   1256.34875    
   1256.65405    
   1256.76648    
   1257.70459    
   1257.78455    
   1258.74036    
   1259.50378    
   1259.73730    
   1260.01794    
   1260.65613    
   1260.85913    
   1260.90393    
   1261.57202    
   1261.88049    
   1262.22705    
   1262.46313    
   1262.90979    
   1263.10291    
   1263.54919    
   1263.96252    
   1264.33337    
   1264.82544    
   1265.03979    
   1265.76599    
   1266.02649    
   1266.17664    
   1267.01331    
   1267.05103    
   1268.83606    
   1269.33105    
   1269.37976    
   1270.25464    
   1270.52490    
   1270.63635    
   1273.30859    
   1273.35535    
   1273.43628    
   1273.56091    
   1273.81616    
   1274.11572    
   1274.63696    
   1275.67615    
   1275.78345    
   1276.03223    
   1276.36609    
   1276.78711    
   1278.24194    
   1278.47363    
   1278.50989    
   1278.51477    
   1279.76013    
   1281.26941    
   1281.45410    
   1281.55872    
   1281.56885    
   1282.02991    
   1282.45557    
   1284.40430    
   1284.47498    
   1284.81567    
   1284.89514    
   1285.50452    
   1285.96460    
   1286.03650    
   1286.53235    
   1287.33582    
   1287.61377    
   1287.71436    
   1288.03674    
   1288.31165    
   1288.33154    
   1288.38062    
   1288.50854    
   1289.02942    
   1289.27087    
   1289.77490    
   1290.39038    
   1291.13391    
   1291.34973    
   1292.26990    
   1292.53088    
   1293.03687    
   1293.27234    
   1293.38477    
   1293.97095    
   1294.58044    
   1294.64587    
   1295.32983    
   1295.38196    
   1296.19458    
   1296.27637    
   1296.35596    
   1296.41980    
   1297.27551    
   1297.39771    
   1297.46887    
   1298.47131    
   1298.52588    
   1298.54675    
   1298.70642    
   1298.97229    
   1299.12219    
   1299.48621    
   1299.60950    
   1299.87561    
   1300.08789    
   1300.15295    
   1301.87329    
   1302.30945    
   1302.37170    
   1302.96777    
   1303.43176    
   1303.49329    
   1303.88721    
   1306.00244    
   1306.19336    
   1306.31482    
   1307.14307    
   1307.43286    
   1307.63123    
   1307.79272    
   1308.58655    
   1308.82227    
   1309.57129    
   1309.96814    
   1310.40747    
   1310.66431    
   1311.80701    
   1313.24573    
   1313.41528    
   1313.52051    
   1313.52234    
   1313.56458    
   1313.84546    
   1313.92090    
   1314.53918    
   1315.29993    
   1315.60876    
   1315.72522    
   1316.23340    
   1317.30164    
   1317.32642    
   1317.85876    
   1318.63611    
   1318.67627    
   1319.00452    
   1319.22119    
   1319.51318    
   1319.55334    
   1319.76025    
   1320.31482    
   1320.56873    
   1320.80432    
   1320.99976    
   1321.44019    
   1321.63611    
   1322.57751    
   1323.25989    
   1323.64282    
   1323.74426    
   1323.84949    
   1323.94141    
   1324.18640    
   1324.38562    
   1324.67932    
   1324.90723    
   1325.41016    
   1325.84485    
   1327.06604    
   1327.17102    
   1327.20483    
   1327.28967    
   1328.65588    
   1328.74475    
   1328.76550    
   1329.05286    
   1329.13489    
   1329.15076    
   1330.40540    
   1332.75464    
   1332.99573    
   1334.23584    
   1334.81006    
   1335.07507    
   1336.18250    
   1336.27039    
   1336.33350    
   1336.57422    
   1336.67957    
   1336.69861    
   1336.85571    
   1337.15991    
   1337.25854    
   1337.46448    
   1337.61926    
   1337.93201    
   1338.38538    
   1338.58350    
   1340.07520    
   1340.32959    
   1340.64331    
   1340.82922    
   1341.39661    
   1341.90820    
   1342.35217    
   1342.51270    
   1343.00598    
   1343.16833    
   1344.13879    
   1344.19788    
   1344.40295    
   1344.59766    
   1345.70715    
   1345.73438    
   1345.88391    
   1346.24658    
   1346.34534    
   1346.78735    
   1347.75513    
   1348.07446    
   1348.34412    
   1348.38367    
   1349.64697    
   1349.85986    
   1350.00073    
   1350.05420    
   1350.06848    
   1350.21509    
   1352.35193    
   1352.95154    
   1353.38147    
   1353.43262    
   1353.85999    
   1354.46472    
   1354.51465    
   1354.95203    
   1354.95264    
   1355.20825    
   1356.89282    
   1357.22876    
   1358.21643    
   1358.50830    
   1358.62427    
   1360.03723    
   1360.27441    
   1360.43774    
   1360.92151    
   1361.02649    
   1361.13342    
   1361.16858    
   1361.45386    
   1361.57678    
   1361.81409    
   1362.89966    
   1362.91553    
   1363.08142    
   1363.26575    
   1363.27966    
   1363.62268    
   1363.65820    
   1365.16602    
   1366.08752    
   1366.24109    
   1366.58582    
   1366.69702    
   1367.11475    
   1367.42224    
   1368.03442    
   1368.74536    
   1369.31555    
   1370.17725    
   1370.54590    
   1370.95007    
   1373.13257    
   1373.57544    
   1374.20178    
   1375.14685    
   1375.22009    
   1376.17383    
   1376.62366    
   1376.66797    
   1376.72290    
   1376.91577    
   1377.37866    
   1378.46411    
   1379.58716    
   1381.14502    
   1381.19861    
   1382.23511    
   1382.24207    
   1382.30078    
   1382.42358    
   1382.47192    
   1383.00830    
   1383.67468    
   1383.96558    
   1384.07227    
   1384.13367    
   1384.33911    
   1384.56189    
   1384.56799    
   1384.82654    
   1384.98999    
   1385.70667    
   1385.81396    
   1387.46228    
   1387.54578    
   1387.98242    
   1388.21948    
   1388.44629    
   1388.82483    
   1388.98083    
   1390.13477    
   1390.15112    
   1390.18225    
   1390.39111    
   1391.91077    
   1392.71509    
   1394.07825    
   1394.56616    
   1394.81470    
   1395.12488    
   1395.66162    
   1395.67395    
   1396.07715    
   1396.90564    
   1397.07446    
   1397.37598    
   1397.47229    
   1397.48303    
   1397.56641    
   1397.63770    
   1397.90674    
   1398.16553    
   1398.42896    
   1398.77466    
   1398.99683    
   1399.34900    
   1400.03015    
   1400.40430    
   1400.76782    
   1402.24207    
   1403.07104    
   1404.00964    
   1404.35657    
   1404.37683    
   1404.61023    
   1404.87866    
   1404.95935    
   1405.21594    
   1405.33960    
   1405.77747    
   1406.30017    
   1406.46265    
   1406.65576    
   1407.06702    
   1407.38965    
   1407.65710    
   1407.69019    
   1407.82031    
   1407.83533    
   1408.88147    
   1409.60986    
   1409.74817    
   1410.20630    
   1410.44946    
   1410.46533    
   1411.25061    
   1411.51965    
   1412.10718    
   1413.55945    
   1413.83301    
   1413.97351    
   1414.01648    
   1414.42358    
   1414.56519    
   1414.80090    
   1414.99561    
   1415.38147    
   1415.47351    
   1416.34277    
   1416.88293    
   1417.06714    
   1417.21313    
   1417.94128    
   1418.19873    
   1418.21155    
   1418.70178    
   1418.85168    
   1418.96057    
   1419.05518    
   1419.27808    
   1419.83459    
   1419.92261    
   1420.42737    
   1420.79041    
   1421.40576    
   1421.49109    
   1421.96582    
   1423.22021    
   1423.35364    
   1423.39624    
   1424.47156    
   1424.52173    
   1424.64624    
   1424.80151    
   1426.29150    
   1426.74268    
   1426.98901    
   1427.18726    
   1427.99097    
   1428.50793    
   1429.40918    
   1429.45911    
   1430.34705    
   1430.58398    
   1431.70068    
   1431.70105    
   1431.75134    
   1432.23645    
   1433.89722    
   1434.02979    
   1434.42603    
   1434.56482    
   1434.66663    
   1434.78906    
   1435.23181    
   1435.24438    
   1435.27991    
   1435.29102    
   1435.57776    
   1437.31506    
   1437.58008    
   1438.53662    
   1438.60193    
   1438.75537    
   1439.18274    
   1439.40979    
   1439.44373    
   1439.72546    
   1440.03894    
   1440.07922    
   1440.79724    
   1441.68787    
   1442.12146    
   1442.77881    
   1442.79102    
   1442.99902    
   1443.09387    
   1443.49731    
   1443.58875    
   1443.97473    
   1444.28333    
   1444.68066    
   1444.68701    
   1445.12390    
   1445.42822    
   1445.71594    
   1445.84778    
   1446.51135    
   1447.35925    
   1447.56494    
   1448.60352    
   1449.17456    
   1449.33508    
   1449.51331    
   1449.51660    
   1449.81128    
   1449.96021    
   1450.47900    
   1452.37378    
   1452.95935    
   1453.12280    
   1454.33765    
   1454.96021    
   1455.38391    
   1455.49866    
   1455.70752    
   1456.15027    
   1456.49512    
   1457.64197    
   1457.65479    
   1457.91833    
   1458.49451    
   1458.68604    
   1459.16504    
   1459.59509    
   1459.93738    
   1460.04834    
   1460.33826    
   1461.28857    
   1461.90344    
   1462.18945    
   1462.50256    
   1462.63306    
   1462.75488    
   1463.46033    
   1463.97742    
   1464.41174    
   1464.42725    
   1465.06116    
   1465.14160    
   1465.29272    
   1465.47412    
   1465.61597    
   1465.93091    
   1466.65149    
   1467.45312    
   1467.65491    
   1468.07471    
   1468.30994    
   1468.62097    
   1468.70312    
   1469.02258    
   1469.13892    
   1469.19226    
   1469.81152    
   1470.91101    
   1471.38257    
   1471.46191    
   1471.56836    
   1472.27148    
   1472.56848    
   1473.75171    
   1473.78064    
   1473.86011    
   1474.08179    
   1474.33643    
   1475.17224    
   1475.31238    
   1475.33716    
   1475.66541    
   1475.93567    
   1475.94788    
   1476.60730    
   1476.85913    
   1477.06372    
   1477.13477    
   1477.44556    
   1477.46008    
   1477.72986    
   1478.48987    
   1478.74487    
   1479.77307    
   1479.87891    
   1479.90894    
   1480.42285    
   1480.88831    
   1481.52686    
   1481.67725    
   1481.83423    
   1482.25354    
   1482.70337    
   1483.72375    
   1484.36743    
   1485.11609    
   1485.14392    
   1485.64722    
   1487.13831    
   1487.18994    
   1489.71765    
   1490.68640    
   1490.79004    
   1490.97046    
   1491.32275    
   1491.74707    
   1492.07544    
   1492.27673    
   1492.47668    
   1493.05469    
   1493.47339    
   1493.94153    
   1493.98596    
   1495.14026    
   1495.45642    
   1495.73352    
   1495.82263    
   1496.25720    
   1496.40356    
   1496.60767    
   1496.62622    
   1496.77759    
   1497.43457    
   1497.47766    
   1497.62183    
   1498.14148    
   1499.14404    
   1499.92651    
   1500.02185    
   1500.81458    
   1501.43518    
   1501.87427    
   1501.91663    
   1502.65881    
   1502.88904    
   1502.97400    
   1504.20398    
   1504.32324    
   1504.49255    
   1504.83643    
   1505.28894    
   1505.52966    
   1505.86169    
   1505.87610    
   1505.95166    
   1506.56885    
   1506.91003    
   1507.00452    
   1507.37244    
   1507.42847    
   1507.45020    
   1507.49475    
   1507.51807    
   1507.69275    
   1508.21692    
   1508.31030    
   1508.34058    
   1508.98523    
   1509.19238    
   1509.21033    
   1509.50891    
   1509.67542    
   1510.25195    
   1510.26013    
   1510.56677    
   1510.60645    
   1511.27917    
   1511.69019    
   1512.01501    
   1512.20471    
   1512.28357    
   1512.45996    
   1512.48840    
   1512.67761    
   1514.10425    
   1514.31091    
   1514.79700    
   1515.27515    
   1515.74927    
   1516.23206    
   1516.58008    
   1516.58203    
   1517.67004    
   1519.10120    
   1519.20093    
   1519.91907    
   1520.53613    
   1520.77075    
   1521.20117    
   1521.46472    
   1521.72485    
   1522.13916    
   1522.44800    
   1522.50110    
   1523.00208    
   1524.07300    
   1524.52185    
   1524.52856    
   1525.06274    
   1525.24023    
   1525.47571    
   1525.83435    
   1526.48267    
   1526.48547    
   1526.88159    
   1526.95593    
   1527.18713    
   1527.40125    
   1527.71851    
   1527.93237    
   1529.13513    
   1529.16589    
   1529.41809    
   1529.46973    
   1529.54285    
   1529.74451    
   1529.91455    
   1531.22742    
   1532.32910    
   1532.79333    
   1533.21667    
   1533.26746    
   1534.04175    
   1534.80127    
   1535.43445    
   1535.53223    
   1535.91785    
   1536.58691    
   1537.35083    
   1537.43250    
   1537.46924    
   1538.05469    
   1538.55334    
   1538.55750    
   1539.12708    
   1539.13232    
   1539.30627    
   1539.70459    
   1539.81372    
   1540.25415    
   1540.55334    
   1540.72388    
   1540.84900    
   1541.25830    
   1541.55786    
   1542.85779    
   1542.94958    
   1543.96118    
   1544.35693    
   1544.60632    
   1544.63892    
   1544.74524    
   1545.79639    
   1545.92175    
   1546.59009    
   1546.72546    
   1547.13916    
   1547.30981    
   1547.67773    
   1547.68958    
   1547.99158    
   1548.63428    
   1548.72839    
   1548.76257    
   1548.98560    
   1549.18420    
   1549.50940    
   1550.44934    
   1550.50818    
   1550.54749    
   1550.97632    
   1551.92126    
   1552.16052    
   1552.21558    
   1553.72717    
   1553.89343    
   1553.95142    
   1554.01355    
   1554.03357    
   1554.11243    
   1554.32141    
   1554.50073    
   1555.03503    
   1555.42822    
   1556.13208    
   1556.68201    
   1556.81335    
   1556.92578    
   1557.42871    
   1557.80518    
   1557.98254    
   1558.21948    
   1558.75354    
   1559.75012    
   1559.80664    
   1559.98608    
   1560.00391    
   1560.04395    
   1561.88098    
   1562.06104    
   1562.96606    
   1563.32935    
   1564.17456    
   1565.03064    
   1565.09570    
   1565.53748    
   1565.56470    
   1565.67090    
   1565.73279    
   1565.87439    
   1566.30347    
   1566.97571    
   1567.02588    
   1567.15833    
   1567.72388    
   1568.61633    
   1569.21497    
   1569.23315    
   1569.26831    
   1569.61938    
   1569.81799    
   1569.83044    
   1570.47449    
   1571.12854    
   1571.17126    
   1571.21570    
   1572.46118    
   1572.58215    
   1572.85193    
   1573.47217    
   1574.34155    
   1575.79065    
   1575.94299    
   1576.14868    
   1576.58533    
   1576.71350    
   1576.76526    
   1576.91577    
   1576.97510    
   1577.09314    
   1577.26819    
   1577.34192    
   1577.99048    
   1578.40369    
   1578.58264    
   1579.35205    
   1579.58826    
   1580.29431    
   1580.41663    
   1580.56104    
   1580.68066    
   1581.01917    
   1581.20886    
   1581.79016    
   1582.01843    
   1582.19031    
   1582.81396    
   1583.18433    
   1583.20825    
   1584.04956    
   1584.36450    
   1584.51514    
   1584.64856    
   1584.76062    
   1585.48291    
   1585.63293    
   1585.74561    
   1586.17944    
   1586.37537    
   1586.42896    
   1587.20398    
   1588.73535    
   1589.41345    
   1589.46765    
   1589.79248    
   1590.03943    
   1590.15271    
   1590.68347    
   1590.86414    
   1591.50732    
   1591.67969    
   1591.77429    
   1593.52856    
   1594.44531    
   1594.45300    
   1594.94604    
   1595.09558    
   1595.61780    
   1595.68445    
   1596.23169    
   1596.79895    
   1597.22009    
   1597.65808    
   1597.85852    
   1598.09509    
   1599.02393    
   1599.39514    
   1600.36523    
   1600.83582    
   1601.22998    
   1601.42407    
   1601.91248    
   1602.05200    
   1602.28577    
   1603.06030    
   1604.48486    
   1604.82190    
   1604.90002    
   1605.60986    
   1605.64880    
   1606.01453    
   1606.56677    
   1606.81470    
   1606.86169    
   1607.23254    
   1608.06897    
   1608.26794    
   1608.72510    
   1608.92725    
   1608.93152    
   1609.56970    
   1610.38025    
   1612.02368    
   1612.73120    
   1613.33984    
   1613.44592    
   1613.47021    
   1613.56201    
   1613.84473    
   1614.19409    
   1614.20203    
   1614.98572    
   1615.15869    
   1615.23901    
   1615.32959    
   1616.16345    
   1616.33154    
   1616.58264    
   1617.25867    
   1617.29614    
   1617.69092    
   1617.87378    
   1618.32178    
   1618.44739    
   1618.67273    
   1618.82532    
   1619.77686    
   1620.25903    
   1621.52490    
   1622.28149    
   1623.70605    
   1623.93640    
   1623.99548    
   1624.24426    
   1624.31458    
   1624.61902    
   1624.68286    
   1625.52063    
   1625.52917    
   1625.73071    
   1625.85925    
   1625.86157    
   1626.10913    
   1626.87695    
   1627.12830    
   1627.94495    
   1628.39661    
   1628.66504    
   1628.87268    
   1629.01428    
   1629.14343    
   1629.25024    
   1630.31226    
   1630.52808    
   1630.66003    
   1630.78674    
   1630.97485    
   1632.34961    
   1632.38171    
   1632.67285    
   1634.01465    
   1634.03796    
   1634.16174    
   1634.17224    
   1634.33752    
   1634.94556    
   1635.33569    
   1635.40466    
   1635.42273    
   1635.78503    
   1636.47974    
   1637.38757    
   1637.69507    
   1637.76172    
   1638.18652    
   1638.19727    
   1638.27881    
   1639.12366    
   1639.37048    
   1639.46350    
   1639.85889    
   1640.55640    
   1640.94641    
   1641.62952    
   1641.71118    
   1642.12695    
   1642.39026    
   1642.39844    
   1642.68579    
   1642.79565    
   1643.13416    
   1643.31006    
   1643.48718    
   1643.61255    
   1643.62891    
   1643.92371    
   1644.13440    
   1644.62793    
   1644.73145    
   1644.82874    
   1645.06384    
   1645.37842    
   1646.18103    
   1646.67969    
   1647.00586    
   1647.08911    
   1648.60376    
   1648.70764    
   1649.01697    
   1649.08069    
   1649.44641    
   1649.64197    
   1649.74805    
   1649.77356    
   1650.34692    
   1651.23633    
   1651.30505    
   1651.33496    
   1651.89954    
   1651.94360    
   1651.98694    
   1652.45898    
   1652.67334    
   1652.93933    
   1652.98633    
   1653.52393    
   1654.09399    
   1654.43823    
   1655.23352    
   1655.33582    
   1655.44287    
   1656.40308    
   1656.49524    
   1656.62830    
   1657.11707    
   1657.74731    
   1658.04639    
   1658.17017    
   1658.17712    
   1658.91687    
   1659.05359    
   1659.52161    
   1659.59167    
   1659.86389    
   1660.01343    
   1660.19604    
   1660.28625    
   1660.51904    
   1660.78320    
   1660.88489    
   1661.85120    
   1661.88684    
   1662.02893    
   1662.04346    
   1663.48071    
   1664.26819    
   1664.60388    
   1664.64539    
   1664.79053    
   1665.58423    
   1666.08594    
   1666.73743    
   1666.85205    
   1667.34216    
   1667.59668    
   1667.75415    
   1667.89746    
   1668.34802    
   1668.40210    
   1668.58655    
   1668.59045    
   1668.63623    
   1668.88196    
   1669.45325    
   1669.75757    
   1670.69946    
   1671.46191    
   1671.76379    
   1671.91333    
   1671.96765    
   1672.12012    
   1673.49841    
   1673.67615    
   1674.83362    
   1675.27344    
   1675.34277    
   1675.49255    
   1675.61462    
   1675.98340    
   1676.01050    
   1676.12671    
   1676.87048    
   1677.01709    
   1677.10901    
   1677.22729    
   1677.33215    
   1677.89001    
   1679.00012    
   1679.49133    
   1679.76819    
   1680.05615    
   1680.11816    
   1680.13611    
   1680.42297    
   1680.53015    
   1680.73352    
   1681.25769    
   1681.46155    
   1681.74890    
   1681.76575    
   1682.66992    
   1682.81421    
   1683.19299    
   1683.96960    
   1685.08655    
   1685.43958    
   1685.45081    
   1685.51819    
   1686.02161    
   1686.80359    
   1686.96130    
   1687.15674    
   1687.21069    
   1688.06250    
   1688.54846    
   1688.60107    
   1688.71155    
   1689.61987    
   1689.74890    
   1689.79041    
   1689.87708    
   1690.36902    
   1690.67859    
   1690.77966    
   1692.10425    
   1692.52161    
   1693.45593    
   1693.87158    
   1694.31238    
   1694.78320    
   1695.43591    
   1695.63721    
   1696.01648    
   1696.61975    
   1696.82178    
   1698.62097    
   1698.74036    
   1698.86731    
   1699.77966    
   1700.60388    
   1700.83606    
   1701.35999    
   1701.87781    
   1701.88916    
   1702.41650    
   1702.49084    
   1702.67505    
   1703.03430    
   1703.93115    
   1704.60901    
   1704.80981    
   1705.12329    
   1705.89526    
   1705.97314    
   1706.75879    
   1706.93127    
   1707.23450    
   1707.45508    
   1707.55896    
   1707.64893    
   1707.78601    
   1707.89294    
   1708.54968    
   1709.17786    
   1709.36768    
   1709.70508    
   1709.87073    
   1710.15039    
   1710.18811    
   1710.25403    
   1710.75037    
   1711.22424    
   1711.56958    
   1711.59412    
   1712.09802    
   1712.38098    
   1712.73145    
   1713.16833    
   1713.53052    
   1713.65112    
   1714.24780    
   1715.35876    
   1715.55432    
   1715.76526    
   1715.77795    
   1715.81531    
   1715.87878    
   1716.31201    
   1716.78540    
   1717.19141    
   1717.36658    
   1717.58569    
   1717.62537    
   1717.74817    
   1717.79468    
   1717.92566    
   1717.99561    
   1718.67468    
   1719.23804    
   1719.49988    
   1720.49023    
   1720.73206    
   1720.80139    
   1720.91370    
   1720.92102    
   1721.13379    
   1721.21765    
   1721.46057    
   1721.92346    
   1722.06226    
   1722.22778    
   1722.56616    
   1723.23047    
   1723.25098    
   1723.60596    
   1723.81714    
   1724.00732    
   1724.50110    
   1725.10193    
   1725.31641    
   1725.38220    
   1725.54224    
   1725.70435    
   1725.87415    
   1726.18567    
   1726.63501    
   1727.33020    
   1728.44727    
   1728.75928    
   1728.80383    
   1729.76904    
   1729.77002    
   1730.19397    
   1732.06506    
   1732.11780    
   1733.67688    
   1734.67102    
   1734.67151    
   1735.09399    
   1735.19702    
   1735.22522    
   1735.65186    
   1735.70825    
   1735.76160    
   1735.89954    
   1735.93726    
   1736.75525    
   1736.87720    
   1736.92273    
   1737.35767    
   1738.06018    
   1738.61499    
   1738.94189    
   1739.69250    
   1739.69824    
   1740.72144    
   1740.73767    
   1740.87207    
   1741.08289    
   1741.86011    
   1742.13586    
   1742.44263    
   1744.24109    
   1744.52808    
   1745.34949    
   1745.52844    
   1745.57446    
   1745.65027    
   1746.11230    
   1746.25879    
   1747.07507    
   1747.48975    
   1747.53223    
   1747.60352    
   1748.26318    
   1749.22632    
   1749.31628    
   1749.36011    
   1749.86292    
   1749.99744    
   1750.08887    
   1750.09241    
   1750.40442    
   1750.88672    
   1751.45081    
   1752.58435    
   1752.62939    
   1752.68286    
   1753.23975    
   1753.26624    
   1754.29407    
   1754.37842    
   1754.42371    
   1754.45691    
   1755.06946    
   1755.54065    
   1755.60608    
   1756.57983    
   1757.16663    
   1757.16687    
   1757.17627    
   1757.30823    
   1757.83374    
   1758.68262    
   1758.75183    
   1758.87256    
   1760.01794    
   1760.28064    
   1760.48376    
   1760.70020    
   1761.15015    
   1761.75952    
   1761.88696    
   1762.26514    
   1762.27576    
   1762.67676    
   1762.88708    
   1763.33337    
   1763.63025    
   1763.99927    
   1764.88501    
   1766.02112    
   1766.55212    
   1767.50854    
   1767.76282    
   1767.97205    
   1768.40259    
   1768.67773    
   1769.56567    
   1769.75256    
   1770.13733    
   1770.31604    
   1770.37695    
   1770.76538    
   1770.89563    
   1771.45508    
   1771.84680    
   1772.34436    
   1772.46362    
   1772.87195    
   1773.02234    
   1773.06665    
   1773.65417    
   1774.46777    
   1774.98108    
   1775.48132    
   1775.66626    
   1775.83789    
   1775.99878    
   1776.15759    
   1776.39661    
   1776.51111    
   1776.72791    
   1777.30945    
   1777.45325    
   1777.47388    
   1778.04919    
   1778.09851    
   1778.58191    
   1779.71179    
   1780.77625    
   1780.77783    
   1780.97693    
   1781.07129    
   1781.41992    
   1781.49170    
   1781.65247    
   1781.71448    
   1782.28430    
   1782.32092    
   1782.33521    
   1783.35327    
   1784.00623    
   1784.27502    
   1784.81628    
   1785.20093    
   1785.44458    
   1786.06030    
   1786.58362    
   1786.62964    
   1787.01501    
   1787.39819    
   1787.65540    
   1787.71399    
   1787.96509    
   1787.98242    
   1788.19690    
   1788.69739    
   1788.71021    
   1788.71033    
   1788.77161    
   1789.19617    
   1789.61829    
   1789.77148    
   1789.98804    
   1790.65625    
   1791.01038    
   1791.06445    
   1791.75635    
   1791.80151    
   1793.21655    
   1793.47266    
   1793.96143    
   1794.11719    
   1794.33301    
   1794.74207    
   1795.05994    
   1795.12866    
   1795.95361    
   1796.07544    
   1796.45569    
   1796.51746    
   1797.38513    
   1797.42822    
   1797.81409    
   1798.36963    
   1799.51160    
   1799.57251    
   1799.94397    
   1800.05151    
   1800.60962    
   1800.62207    
   1800.73877    
   1801.05994    
   1801.07666    
   1801.36279    
   1801.52441    
   1801.56323    
   1801.79211    
   1802.00024    
   1802.20215    
   1802.28491    
   1802.44446    
   1802.57263    
   1802.58728    
   1802.79480    
   1802.93848    
   1803.18787    
   1803.63342    
   1804.15759    
   1804.43604    
   1804.55957    
   1804.71680    
   1804.83374    
   1805.19336    
   1805.35547    
   1805.37805    
   1805.86035    
   1805.92725    
   1806.26465    
   1807.30457    
   1807.73865    
   1808.04712    
   1808.11292    
   1808.85791    
   1809.42285    
   1809.51477    
   1809.59204    
   1810.13049    
   1810.41895    
   1810.76440    
   1810.95557    
   1811.25781    
   1811.35901    
   1811.38867    
   1811.91626    
   1812.04333    
   1812.25403    
   1812.33740    
   1812.40222    
   1812.81702    
   1814.04285    
   1814.27917    
   1814.41711    
   1814.64160    
   1815.10864    
   1815.14294    
   1815.21826    
   1815.44421    
   1815.48181    
   1815.57056    
   1816.90869    
   1817.20789    
   1819.65894    
   1819.87695    
   1820.18188    
   1820.24829    
   1820.28259    
   1820.56848    
   1820.85645    
   1821.03259    
   1821.08105    
   1821.50256    
   1822.29211    
   1822.75208    
   1822.81165    
   1823.42273    
   1823.42358    
   1823.57361    
   1824.65173    
   1824.66992    
   1824.68933    
   1825.23840    
   1825.85974    
   1825.89661    
   1825.98059    
   1827.72742    
   1828.50146    
   1829.25110    
   1829.43286    
   1829.49854    
   1830.18506    
   1830.29163    
   1830.34900    
   1831.44250    
   1831.67407    
   1832.45618    
   1833.04639    
   1833.37744    
   1833.55457    
   1833.91516    
   1834.49817    
   1835.33606    
   1835.57202    
   1835.59717    
   1835.79321    
   1835.90125    
   1836.01807    
   1836.31226    
   1836.41248    
   1836.89172    
   1837.08862    
   1837.12170    
   1837.26074    
   1837.86511    
   1837.87781    
   1838.31909    
   1839.71875    
   1839.83765    
   1840.70715    
   1841.06287    
   1841.31702    
   1841.42700    
   1841.53699    
   1842.18201    
   1842.95349    
   1843.61548    
   1843.75330    
   1844.07202    
   1844.15149    
   1844.26477    
   1844.38770    
   1844.52502    
   1844.53113    
   1844.75891    
   1844.77063    
   1845.16333    
   1845.68018    
   1845.91821    
   1847.11658    
   1847.12134    
   1847.29846    
   1847.39783    
   1847.95276    
   1849.05750    
   1849.18506    
   1849.34338    
   1851.69104    
   1851.81421    
   1851.98035    
   1852.14197    
   1852.27551    
   1852.44092    
   1852.77112    
   1854.01758    
   1854.45105    
   1854.51794    
   1854.56689    
   1854.78406    
   1855.35376    
   1855.54187    
   1855.55127    
   1855.55225    
   1856.41174    
   1857.04980    
   1857.16846    
   1857.54602    
   1857.58875    
   1857.69617    
   1858.06055    
   1858.37964    
   1858.44238    
   1858.73242    
   1859.05139    
   1859.39087    
   1859.62134    
   1860.65161    
   1860.97131    
   1861.06445    
   1861.91089    
   1862.06665    
   1862.37341    
   1862.52258    
   1862.84473    
   1863.16809    
   1863.34644    
   1863.40576    
   1863.66553    
   1864.57007    
   1864.96399    
   1865.90918    
   1866.35779    
   1866.54578    
   1867.95764    
   1868.22839    
   1868.27661    
   1868.60742    
   1869.80884    
   1869.97437    
   1870.18604    
   1870.80396    
   1871.97290    
   1872.36255    
   1872.93530    
   1873.72266    
   1875.17712    
   1875.28503    
   1875.35791    
   1875.84595    
   1876.00842    
   1876.14050    
   1876.51086    
   1876.53882    
   1876.94019    
   1878.25488    
   1879.14636    
   1879.57080    
   1880.03687    
   1881.11865    
   1882.46484    
   1882.48010    
   1883.22083    
   1883.43640    
   1883.56250    
   1883.97876    
   1884.44165    
   1884.45166    
   1885.27039    
   1885.48853    
   1885.59827    
   1885.92383    
   1885.97595    
   1886.28748    
   1886.64270    
   1887.20020    
   1887.21362    
   1887.32117    
   1887.66357    
   1887.67664    
   1888.46277    
   1889.04358    
   1889.12732    
   1889.19934    
   1889.56921    
   1889.66309    
   1890.21399    
   1890.66492    
   1891.16260    
   1892.88586    
   1892.99548    
   1893.08154    
   1893.57983    
   1893.72632    
   1893.85864    
   1893.96851    
   1893.98816    
   1894.23730    
   1894.74268    
   1895.28394    
   1895.54553    
   1895.75391    
   1897.15320    
   1897.97900    
   1898.15649    
   1898.31653    
   1898.45117    
   1899.67993    
   1900.45984    
   1900.67847    
   1901.11365    
   1902.03162    
   1902.27124    
   1902.49023    
   1902.79822    
   1903.17822    
   1903.42957    
   1903.77002    
   1903.92346    
   1904.22717    
   1904.58228    
   1904.71472    
   1904.83508    
   1904.85864    
   1905.12634    
   1905.84741    
   1905.95667    
   1906.26794    
   1906.74292    
   1906.75220    
   1906.80420    
   1907.98962    
   1908.27869    
   1908.45190    
   1908.47937    
   1908.91650    
   1908.92334    
   1909.21558    
   1909.68713    
   1910.42761    
   1910.92456    
   1911.82886    
   1912.28003    
   1912.48694    
   1912.52393    
   1913.18469    
   1913.64441    
   1914.20056    
   1914.44373    
   1915.10840    
   1915.21704    
   1915.37244    
   1915.45020    
   1915.50293    
   1915.57275    
   1915.77954    
   1915.90234    
   1915.90430    
   1916.61377    
   1916.72607    
   1916.94958    
   1917.02527    
   1917.68066    
   1918.30835    
   1918.35657    
   1918.64844    
   1918.94214    
   1919.14880    
   1920.39929    
   1920.62927    
   1920.85364    
   1920.94519    
   1921.35474    
   1921.69519    
   1921.70728    
   1921.74988    
   1921.83911    
   1923.25500    
   1924.03931    
   1924.19983    
   1924.24597    
   1924.51868    
   1924.53381    
   1925.00720    
   1925.04199    
   1925.09399    
   1925.39136    
   1925.46753    
   1926.31506    
   1926.46765    
   1927.54626    
   1928.50879    
   1929.63989    
   1929.77112    
   1930.47876    
   1930.70850    
   1931.30347    
   1931.96509    
   1932.10547    
   1932.50439    
   1932.72400    
   1933.08643    
   1933.31555    
   1933.60571    
   1934.15698    
   1934.21680    
   1934.31824    
   1934.38135    
   1934.40723    
   1934.46265    
   1935.02563    
   1935.20544    
   1935.23230    
   1935.99487    
   1936.08301    
   1936.38647    
   1937.11267    
   1937.13586    
   1937.95789    
   1938.07288    
   1938.08252    
   1938.18982    
   1938.48499    
   1939.65063    
   1939.65344    
   1940.42517    
   1940.51611    
   1940.96680    
   1941.64417    
   1941.87463    
   1942.36877    
   1942.93701    
   1943.53003    
   1943.63391    
   1943.77991    
   1944.00305    
   1945.79272    
   1945.86304    
   1946.02454    
   1946.83228    
   1946.84351    
   1946.90125    
   1947.19116    
   1947.67029    
   1947.86731    
   1947.93567    
   1948.49707    
   1948.66479    
   1948.95667    
   1949.96362    
   1950.24780    
   1950.39807    
   1950.55457    
   1950.92517    
   1952.32886    
   1952.38794    
   1953.49561    
   1953.95227    
   1954.46680    
   1954.98706    
   1955.21106    
   1955.79285    
   1955.92590    
   1956.29785    
   1957.30908    
   1957.71875    
   1957.93823    
   1958.45374    
   1958.48914    
   1958.65491    
   1958.98401    
   1959.59216    
   1959.61670    
   1959.79517    
   1959.80457    
   1960.31030    
   1960.57056    
   1961.64075    
   1961.66248    
   1961.92871    
   1961.93054    
   1962.35413    
   1963.02161    
   1963.69507    
   1963.81946    
   1964.26514    
   1964.84192    
   1965.05847    
   1965.32581    
   1965.33557    
   1965.76904    
   1965.97363    
   1966.69666    
   1966.75574    
   1967.17896    
   1967.57898    
   1967.62122    
   1967.74402    
   1968.08826    
   1968.95032    
   1969.30273    
   1969.68921    
   1970.44019    
   1970.70374    
   1970.80200    
   1971.54968    
   1971.86658    
   1972.49463    
   1973.06860    
   1974.72034    
   1974.78418    
   1974.88159    
   1975.34192    
   1975.83911    
   1976.10876    
   1976.51135    
   1976.88049    
   1977.43848    
   1978.38599    
   1978.67175    
   1978.82312    
   1979.05383    
   1979.17200    
   1979.20569    
   1979.93555    
   1980.07971    
   1980.44800    
   1981.03101    
   1981.75903    
   1981.90039    
   1982.60962    
   1982.91016    
   1982.94922    
   1983.01843    
   1983.13342    
   1983.18237    
   1983.19629    
   1983.86353    
   1984.04761    
   1984.17371    
   1984.77917    
   1985.47461    
   1986.10315    
   1986.11169    
   1986.59668    
   1986.64185    
   1986.85632    
   1986.91907    
   1987.76953    
   1988.01306    
   1988.84265    
   1988.84961    
   1989.07263    
   1989.69873    
   1990.07214    
   1990.30432    
   1990.77490    
   1992.30505    
   1992.88916    
   1993.14258    
   1993.66919    
   1993.99707    
   1995.50134    
   1995.66028    
   1995.73157    
   1996.51062    
   1996.74915    
   1997.26636    
   1999.13074    
   1999.13171    
   1999.99548    
   2000.00684    
   2000.27747    
   2000.38391    
   2000.55005    
   2000.55396    
   2002.22876    
   2002.48352    
   2002.53906    
   2002.56970    
   2002.65784    
   2003.87195    
   2003.89600    
   2004.65381    
   2005.34131    
   2005.66797    
   2005.69861    
   2006.09143    
   2006.10217    
   2006.12927    
   2007.03149    
   2007.13843    
   2007.44458    
   2008.20801    
   2008.88611    
   2008.94141    
   2010.55713    
   2010.83838    
   2010.84216    
   2010.95959    
   2011.16565    
   2011.27979    
   2011.45996    
   2011.95044    
   2011.96936    
   2012.22986    
   2012.63696    
   2012.72412    
   2012.81213    
   2012.92188    
   2012.93347    
   2013.18323    
   2013.76843    
   2013.94507    
   2015.00928    
   2015.17798    
   2015.90845    
   2016.00525    
   2016.27087    
   2016.53796    
   2016.86768    
   2017.67981    
   2017.80286    
   2018.14819    
   2018.28064    
   2018.75598    
   2019.07605    
   2019.45911    
   2019.51453    
   2019.88696    
   2019.90869    
   2020.26746    
   2020.30701    
   2021.19885    
   2021.39624    
   2021.47388    
   2021.67529    
   2021.74988    
   2022.12305    
   2022.28674    
   2022.69507    
   2022.74121    
   2023.62451    
   2023.72705    
   2024.03870    
   2024.62878    
   2024.91846    
   2026.50720    
   2026.70898    
   2027.57996    
   2027.70544    
   2028.81177    
   2029.21997    
   2029.90466    
   2030.20520    
   2031.15845    
   2032.54590    
   2034.46265    
   2034.55627    
   2034.83569    
   2035.90479    
   2036.00146    
   2036.64429    
   2036.81909    
   2037.66577    
   2038.09607    
   2038.40796    
   2039.13367    
   2039.29907    
   2039.47498    
   2040.43506    
   2041.07275    
   2041.14795    
   2041.52429    
   2041.80298    
   2041.83276    
   2042.90039    
   2042.96179    
   2043.31677    
   2044.22400    
   2044.39746    
   2045.61548    
   2045.76489    
   2046.30615    
   2046.36462    
   2046.43140    
   2046.61255    
   2047.81970    
   2048.01343    
   2048.64380    
   2049.61304    
   2050.59180    
   2050.79956    
   2051.90454    
   2052.09302    
   2052.21436    
   2052.36255    
   2052.65405    
   2053.08423    
   2053.52979    
   2053.92529    
   2054.24219    
   2054.56616    
   2054.88232    
   2055.27026    
   2055.34741    
   2055.65210    
   2055.76294    
   2056.55273    
   2056.63354    
   2056.87158    
   2056.89087    
   2058.31201    
   2058.84082    
   2059.11328    
   2059.25586    
   2059.42334    
   2059.56348    
   2060.24731    
   2060.36694    
   2060.75586    
   2060.76318    
   2061.20459    
   2061.49707    
   2061.78125    
   2062.52783    
   2062.74097    
   2063.08105    
   2063.14746    
   2063.16748    
   2063.41089    
   2063.65918    
   2064.52124    
   2065.12524    
   2065.30542    
   2065.93750    
   2066.67725    
   2067.01440    
   2067.18237    
   2067.80981    
   2068.98560    
   2069.04565    
   2069.19653    
   2069.29028    
   2069.62231    
   2069.82666    
   2070.39844    
   2070.42725    
   2071.06421    
   2072.01514    
   2072.18213    
   2072.50854    
   2072.52612    
   2072.68018    
   2073.00220    
   2073.59106    
   2073.63354    
   2073.88745    
   2074.15552    
   2074.25342    
   2074.64331    
   2075.44434    
   2075.67090    
   2075.78760    
   2076.00073    
   2076.23267    
   2076.47729    
   2076.66650    
   2077.36401    
   2077.60889    
   2077.80176    
   2077.86328    
   2078.11768    
   2078.46240    
   2078.52710    
   2078.69775    
   2078.72095    
   2078.83667    
   2078.94312    
   2080.60376    
   2080.86646    
   2082.16724    
   2082.82031    
   2082.88550    
   2084.22510    
   2084.43970    
   2084.86572    
   2085.19165    
   2085.38550    
   2085.84521    
   2086.04199    
   2086.61426    
   2086.62280    
   2087.11499    
   2088.62842    
   2090.19312    
   2091.77686    
   2092.56250    
   2092.56250    
   2092.62891    
   2093.74023    
   2093.82227    
   2094.27417    
   2094.96533    
   2095.08545    
   2095.25928    
   2096.19995    
   2096.81567    
   2097.82471    
   2098.15137    
   2098.43457    
   2098.54614    
   2098.57788    
   2098.72803    
   2099.81226    
   2100.06934    
   2100.52588    
   2100.54688    
   2100.73193    
   2101.18823    
   2101.62476    
   2101.74683    
   2101.86279    
   2102.20630    
   2102.50415    
   2102.63208    
   2102.88257    
   2103.61206    
   2104.54541    
   2104.92920    
   2105.06543    
   2105.51807    
   2105.66650    
   2106.09790    
   2106.14697    
   2106.95654    
   2107.21924    
   2107.26392    
   2107.34912    
   2107.74634    
   2108.29639    
   2108.61133    
   2108.72363    
   2109.40430    
   2109.46948    
   2110.32812    
   2110.35327    
   2110.53320    
   2112.25488    
   2112.68799    
   2113.04956    
   2113.06616    
   2113.24731    
   2114.57544    
   2115.49170    
   2115.62305    
   2115.76709    
   2116.85034    
   2116.94653    
   2118.44312    
   2118.92163    
   2119.36548    
   2119.52197    
   2120.09961    
   2121.18237    
   2121.60205    
   2121.96069    
   2122.46362    
   2122.59521    
   2122.70532    
   2122.72827    
   2122.87158    
   2122.95654    
   2123.25391    
   2123.97729    
   2124.09253    
   2124.58276    
   2125.25269    
   2125.41479    
   2125.57520    
   2125.74756    
   2126.31616    
   2127.09766    
   2127.38501    
   2128.48242    
   2129.04126    
   2129.83130    
   2130.02686    
   2131.38770    
   2132.22974    
   2132.87427    
   2134.04541    
   2134.72607    
   2134.96899    
   2135.58081    
   2135.60059    
   2135.75757    
   2136.45386    
   2137.11719    
   2137.32495    
   2137.50220    
   2138.31445    
   2138.89917    
   2139.30786    
   2140.02124    
   2140.02905    
   2140.25952    
   2140.90552    
   2141.21484    
   2141.36353    
   2141.38281    
   2141.53174    
   2141.64282    
   2141.90552    
   2142.01099    
   2142.83374    
   2143.59814    
   2143.62695    
   2143.73999    
   2143.87256    
   2144.66357    
   2145.09644    
   2145.38306    
   2145.49951    
   2145.66919    
   2146.08398    
   2146.36963    
   2148.01318    
   2148.89136    
   2148.90625    
   2149.12622    
   2149.13062    
   2149.27563    
   2149.73364    
   2149.78394    
   2150.50708    
   2150.60474    
   2150.79077    
   2151.53223    
   2152.04980    
   2152.15576    
   2152.58008    
   2153.27661    
   2154.38281    
   2154.63306    
   2155.53540    
   2156.39014    
   2156.48950    
   2156.88062    
   2157.08911    
   2157.74512    
   2158.04272    
   2158.09961    
   2158.52783    
   2158.54761    
   2158.89819    
   2159.77661    
   2160.14087    
   2160.50586    
   2161.38916    
   2161.90308    
   2162.11108    
   2162.17749    
   2162.39380    
   2162.40894    
   2162.47534    
   2162.70117    
   2162.95215    
   2164.08838    
   2164.85400    
   2165.60181    
   2167.02637    
   2167.34814    
   2167.63599    
   2168.17822    
   2169.71631    
   2169.80078    
   2171.63916    
   2172.15967    
   2172.86206    
   2173.24121    
   2173.34790    
   2173.53271    
   2173.93359    
   2173.96631    
   2173.97021    
   2175.32080    
   2175.58423    
   2175.83813    
   2176.38110    
   2176.57275    
   2176.62964    
   2176.91479    
   2177.08887    
   2178.34790    
   2178.53394    
   2178.54785    
   2179.42920    
   2180.30444    
   2180.98291    
   2181.10889    
   2181.42871    
   2181.54663    
   2182.40479    
   2182.45557    
   2182.46606    
   2182.67480    
   2183.42578    
   2184.38916    
   2184.86768    
   2185.16479    
   2188.06274    
   2189.96777    
   2190.26001    
   2190.53125    
   2190.82373    
   2191.32471    
   2191.62549    
   2191.88574    
   2192.28271    
   2193.48779    
   2193.81128    
   2194.14868    
   2194.80151    
   2194.96631    
   2196.16260    
   2196.16333    
   2196.32056    
   2197.70996    
   2200.22461    
   2200.49878    
   2200.95947    
   2201.42944    
   2203.33667    
   2203.51245    
   2204.40234    
   2204.79468    
   2205.38232    
   2205.50513    
   2205.92261    
   2206.31396    
   2206.50146    
   2206.51611    
   2206.78931    
   2207.78418    
   2208.47412    
   2208.54102    
   2208.54126    
   2209.27051    
   2209.79126    
   2211.40356    
   2211.43091    
   2211.67480    
   2212.28931    
   2212.69531    
   2212.89453    
   2213.16943    
   2213.20605    
   2213.42188    
   2213.59961    
   2213.99365    
   2214.07739    
   2214.10376    
   2214.16333    
   2214.45923    
   2215.05420    
   2216.47461    
   2217.33569    
   2217.53906    
   2217.70996    
   2218.27393    
   2218.37012    
   2218.82104    
   2218.99854    
   2219.50073    
   2219.85229    
   2220.10229    
   2220.58984    
   2220.59668    
   2220.64233    
   2220.94507    
   2221.19141    
   2221.43384    
   2221.53662    
   2221.54102    
   2221.56616    
   2221.79370    
   2221.96118    
   2222.87500    
   2222.87817    
   2223.02368    
   2224.00146    
   2224.06714    
   2224.20093    
   2224.94141    
   2226.55811    
   2226.74048    
   2227.11743    
   2228.65747    
   2228.81250    
   2229.38843    
   2230.17261    
   2231.15283    
   2232.95605    
   2233.52930    
   2234.41333    
   2234.77930    
   2235.02686    
   2235.77368    
   2235.80322    
   2235.85498    
   2237.24585    
   2237.34204    
   2237.47852    
   2237.54858    
   2237.64819    
   2238.06567    
   2238.78467    
   2239.36963    
   2240.98608    
   2241.67651    
   2243.18945    
   2243.43213    
   2243.82837    
   2244.35596    
   2244.79468    
   2245.48291    
   2245.71118    
   2246.61719    
   2246.92310    
   2247.40894    
   2247.53540    
   2247.72900    
   2247.87183    
   2248.32324    
   2248.34790    
   2248.72607    
   2249.45410    
   2249.62842    
   2250.03125    
   2250.21851    
   2250.97144    
   2251.09692    
   2251.54614    
   2252.01587    
   2252.03979    
   2252.74854    
   2252.86060    
   2252.91455    
   2253.68994    
   2253.71655    
   2253.94214    
   2255.09839    
   2255.31787    
   2255.80249    
   2256.51050    
   2256.79883    
   2257.37524    
   2258.27612    
   2258.89111    
   2258.92749    
   2258.96851    
   2260.40479    
   2261.63330    
   2261.64160    
   2262.14575    
   2263.04517    
   2263.40430    
   2264.73462    
   2266.75659    
   2267.66455    
   2268.60303    
   2270.95288    
   2271.52148    
   2271.83813    
   2271.87183    
   2271.89111    
   2272.51538    
   2272.61206    
   2272.75659    
   2273.37109    
   2274.06592    
   2274.13403    
   2274.88818    
   2277.66138    
   2277.71924    
   2278.19849    
   2278.24536    
   2278.95142    
   2279.01514    
   2279.32373    
   2279.56909    
   2279.66187    
   2280.25073    
   2281.42798    
   2282.85327    
   2283.44507    
   2283.66577    
   2283.80420    
   2283.97876    
   2284.50903    
   2284.77075    
   2284.98877    
   2285.06470    
   2285.54077    
   2285.62915    
   2286.14233    
   2286.31079    
   2286.77393    
   2287.15576    
   2287.36377    
   2287.54907    
   2288.32690    
   2289.44922    
   2291.06836    
   2291.33936    
   2291.70825    
   2292.10352    
   2292.58350    
   2293.27246    
   2295.34155    
   2295.42993    
   2295.97290    
   2296.80005    
   2297.08130    
   2297.13184    
   2298.11353    
   2299.46362    
   2299.47217    
   2300.11841    
   2300.43188    
   2301.30835    
   2301.83228    
   2302.40845    
   2303.69922    
   2303.80859    
   2303.92432    
   2304.17236    
   2304.23120    
   2304.23267    
   2305.05444    
   2305.14233    
   2306.39014    
   2306.73657    
   2307.42993    
   2307.75391    
   2307.82764    
   2308.77295    
   2309.27832    
   2311.03906    
   2311.57446    
   2311.98584    
   2312.31274    
   2312.61499    
   2313.25684    
   2313.45337    
   2313.65112    
   2314.46753    
   2317.71216    
   2318.04712    
   2318.68896    
   2320.16699    
   2322.38647    
   2323.70190    
   2324.44702    
   2324.75537    
   2324.99463    
   2325.00537    
   2325.31958    
   2325.77173    
   2325.85254    
   2325.85986    
   2326.77271    
   2326.88623    
   2328.30151    
   2329.22290    
   2329.29321    
   2329.60962    
   2330.45972    
   2331.34692    
   2332.42041    
   2332.43970    
   2332.64185    
   2333.69946    
   2334.78345    
   2334.92773    
   2335.02197    
   2335.35156    
   2335.54272    
   2335.61426    
   2335.64746    
   2336.90283    
   2337.44409    
   2338.33398    
   2338.86743    
   2340.17749    
   2341.57544    
   2341.78564    
   2342.57764    
   2344.02588    
   2344.20776    
   2344.42188    
   2344.86230    
   2345.18164    
   2346.00830    
   2346.72754    
   2347.40649    
   2347.59668    
   2350.12866    
   2352.39307    
   2352.48657    
   2353.81494    
   2354.89990    
   2355.19946    
   2356.95679    
   2358.24951    
   2358.69775    
   2358.91455    
   2359.31763    
   2360.94580    
   2361.65942    
   2363.97510    
   2366.86011    
   2367.14551    
   2367.82715    
   2368.44531    
   2368.59521    
   2369.51196    
   2370.71973    
   2372.55859    
   2372.79297    
   2372.83081    
   2374.08838    
   2375.87891    
   2377.21045    
   2377.99316    
   2379.06030    
   2379.91211    
   2381.06860    
   2381.67163    
   2381.93481    
   2382.38452    
   2382.69141    
   2384.16553    
   2386.83691    
   2388.25684    
   2388.34009    
   2390.28491    
   2390.48877    
   2390.82715    
   2391.56445    
   2392.01099    
   2395.07349    
   2395.98926    
   2396.62842    
   2397.04834    
   2398.76978    
   2399.49683    
   2399.89697    
   2399.96631    
   2402.43530    
   2402.78662    
   2405.59863    
   2405.62036    
   2405.78076    
   2407.07642    
   2407.43066    
   2409.73584    
   2411.39966    
   2411.57886    
   2414.01562    
   2415.46777    
   2416.14038    
   2416.22803    
   2418.18335    
   2419.06274    
   2419.36401    
   2421.01733    
   2421.90723    
   2422.45483    
   2423.79517    
   2425.45068    
   2426.46606    
   2427.27295    
   2428.12451    
   2431.21533    
   2435.33472    
   2436.14429    
   2436.70752    
   2437.69092    
   2438.27100    
   2438.89551    
   2442.81567    
   2443.21558    
   2443.50415    
   2443.50806    
   2443.83398    
   2444.52979    
   2444.91064    
   2447.62183    
   2448.73877    
   2449.18018    
   2449.97998    
   2453.03613    
   2453.23022    
   2454.60693    
   2455.70020    
   2456.12500    
   2456.89062    
   2457.63159    
   2457.78589    
   2457.86768    
   2458.14966    
   2459.51099    
   2460.35669    
   2460.69482    
   2460.78491    
   2460.99902    
   2461.42285    
   2461.67188    
   2462.59595    
   2462.76929    
   2462.93970    
   2465.14258    
   2467.61572    
   2468.00073    
   2468.71069    
   2468.78369    
   2469.87329    
   2471.14893    
   2471.47168    
   2474.61987    
   2475.96021    
   2476.11084    
   2477.48853    
   2479.66553    
   2480.29395    
   2480.70581    
   2480.82886    
   2480.86890    
   2481.73999    
   2483.48901    
   2484.36548    
   2485.50024    
   2485.74341    
   2487.39673    
   2488.64819    
   2490.05249    
   2490.35449    
   2490.62817    
   2491.56958    
   2491.58154    
   2492.19629    
   2494.17700    
   2494.48853    
   2497.07520    
   2499.60034    
   2503.61426    
   2505.50415    
   2506.15991    
   2506.79126    
   2506.91724    
   2507.11938    
   2507.60156    
   2507.71387    
   2508.93921    
   2511.36426    
   2511.86597    
   2512.06445    
   2515.73486    
   2516.48584    
   2517.57568    
   2519.48901    
   2519.57202    
   2520.34790    
   2524.99097    
   2526.17578    
   2528.16016    
   2528.77686    
   2529.73193    
   2531.17383    
   2535.85181    
   2537.26831    
   2537.45239    
   2537.55591    
   2538.88501    
   2539.15674    
   2543.20337    
   2544.34937    
   2546.18555    
   2547.20996    
   2548.46826    
   2548.70898    
   2551.01660    
   2555.39062    
   2560.07178    
   2561.15967    
   2562.60938    
   2567.63477    
   2568.40967    
   2569.69751    
   2569.95386    
   2574.42212    
   2574.86792    
   2574.98120    
   2576.68799    
   2582.03613    
   2583.17725    
   2586.14551    
   2589.24683    
   2591.79614    
   2592.90869    
   2593.67236    
   2595.89893    
   2597.48242    
   2599.62354    
   2600.02051    
   2603.00220    
   2604.30029    
   2604.61255    
   2605.33716    
   2605.40649    
   2606.18848    
   2607.35132    
   2607.57129    
   2610.67627    
   2611.02344    
   2612.06396    
   2613.37231    
   2615.63232    
   2617.46411    
   2617.50098    
   2617.97412    
   2623.14819    
   2624.43774    
   2628.49463    
   2628.92969    
   2630.17529    
   2631.07886    
   2632.73364    
   2633.77075    
   2634.09521    
   2636.03931    
   2640.39258    
   2640.60352    
   2644.37036    
   2647.06714    
   2648.00122    
   2649.50537    
   2650.22754    
   2657.03833    
   2660.66992    
   2664.47461    
   2667.92480    
   2668.28247    
   2668.61328    
   2668.61353    
   2668.68701    
   2668.86328    
   2670.02148    
   2674.71509    
   2675.18384    
   2677.19434    
   2678.53662    
   2681.75342    
   2681.87183    
   2682.29468    
   2682.43115    
   2683.63354    
   2686.66284    
   2686.75708    
   2686.77563    
   2691.07227    
   2694.91260    
   2695.45093    
   2695.63062    
   2700.06470    
   2700.60864    
   2710.34814    
   2711.12158    
   2713.07568    
   2721.78271    
   2727.92529    
   2735.39453    
   2736.39307    
   2736.75122    
   2740.68042    
   2741.18188    
   2746.48511    
   2748.09448    
   2749.42041    
   2752.98828    
   2753.33936    
   2754.46411    
   2755.73535    
   2759.16504    
   2762.11841    
   2767.21753    
   2769.22583    
   2776.22290    
   2783.60181    
   2786.12720    
   2787.57788    
   2791.58154    
   2792.40820    
   2792.82642    
   2792.90625    
   2794.88379    
   2806.85010    
   2807.11719    
   2807.30811    
   2808.65283    
   2816.63086    
   2817.09985    
   2817.34302    
   2819.31738    
   2822.64062    
   2827.43628    
   2827.99829    
   2828.02173    
   2828.90454    
   2833.47046    
   2835.84595    
   2836.75513    
   2840.32080    
   2845.56934    
   2849.68604    
   2852.52002    
   2854.71240    
   2855.27246    
   2861.88550    
   2866.70654    
   2879.80542    
   2880.51050    
   2885.47974    
   2889.04004    
   2889.25684    
   2899.31567    
   2905.11597    
   2905.14087    
   2905.84790    
   2906.98755    
   2913.67798    
   2927.94434    
   2928.73608    
   2929.13354    
   2931.60986    
   2944.97437    
   2946.33423    
   2975.11450    
   2975.77881    
