#Npts     Radius    Mag      Completeness
#  109 1668.8821  -14.147000 1.000000
# Ierr
  -1.45998001E-02
  -1.24998093E-02
  -1.12009048E-02
  -1.03006363E-02
  -1.03006363E-02
  -9.69982147E-03
  -9.09996033E-03
  -9.09996033E-03
  -8.39996338E-03
  -7.10010529E-03
  -6.99996948E-03
  -6.99996948E-03
  -6.79969788E-03
  -6.60037994E-03
  -5.50079346E-03
  -5.39970398E-03
  -5.20038605E-03
  -4.89997864E-03
  -4.60052490E-03
  -4.40025330E-03
  -4.39929962E-03
  -3.79943848E-03
  -3.70025635E-03
  -3.49998474E-03
  -3.40080261E-03
  -3.39984894E-03
  -3.20053101E-03
  -2.90012360E-03
  -2.90012360E-03
  -2.30026245E-03
  -2.30026245E-03
  -2.29930878E-03
  -1.89971924E-03
  -1.80053711E-03
  -1.80053711E-03
  -1.80053711E-03
  -1.79958344E-03
  -1.79958344E-03
  -1.79958344E-03
  -1.60026550E-03
  -1.59931183E-03
  -1.39999390E-03
  -1.19972229E-03
  -9.00268555E-04
  -8.00132751E-04
  -6.99996948E-04
  -6.99996948E-04
  -5.99861145E-04
  -5.99861145E-04
  -4.99725342E-04
  -4.00543213E-04
  -3.99589539E-04
  -2.99453735E-04
  -1.00135803E-04
   0.00000000    
   1.00135803E-04
   3.99589539E-04
   3.99589539E-04
   4.00543213E-04
   6.99996948E-04
   6.99996948E-04
   6.99996948E-04
   6.99996948E-04
   6.99996948E-04
   8.00132751E-04
   1.00040436E-03
   1.09958649E-03
   1.29985809E-03
   1.39999390E-03
   1.39999390E-03
   1.39999390E-03
   2.30026245E-03
   2.40039825E-03
   2.59971619E-03
   2.59971619E-03
   2.79998779E-03
   3.19957733E-03
   3.80039215E-03
   3.99971008E-03
   4.10079956E-03
   4.19998169E-03
   4.30011749E-03
   4.30011749E-03
   4.60052490E-03
   5.00011444E-03
   5.29956818E-03
   5.49983978E-03
   5.99956512E-03
   6.09970093E-03
   6.89983368E-03
   6.90078735E-03
   7.10010529E-03
   7.69996643E-03
   7.79914856E-03
   7.80010223E-03
   7.90023804E-03
   8.00037384E-03
   8.10050964E-03
   8.50009918E-03
   8.89968872E-03
   9.19914246E-03
   9.30023193E-03
   9.50050354E-03
   1.00002289E-02
   1.03998184E-02
   1.10006332E-02
   1.44004822E-02
   5.29003143E-02
  0.242599487    
