#Npts     Radius    Mag      Completeness
#  272  644.1299  -13.594017 1.000000
# Ierr
  -1.83000565E-02
  -1.00002289E-02
  -5.10025024E-03
  -4.50038910E-03
  -4.09984589E-03
  -3.70025635E-03
  -3.00025940E-03
  -2.40039825E-03
  -2.00080872E-03
  -1.99985504E-03
  -1.79958344E-03
  -1.79958344E-03
  -1.70040131E-03
  -1.69944763E-03
  -1.60026550E-03
  -1.60026550E-03
  -1.60026550E-03
  -1.59931183E-03
  -1.50012970E-03
  -1.50012970E-03
  -1.50012970E-03
  -1.50012970E-03
  -1.40094757E-03
  -1.39999390E-03
  -1.39999390E-03
  -1.39999390E-03
  -1.30081177E-03
  -1.29985809E-03
  -1.29985809E-03
  -1.29985809E-03
  -1.20067596E-03
  -1.19972229E-03
  -1.19972229E-03
  -1.19972229E-03
  -1.00040436E-03
  -1.00040436E-03
  -9.00268555E-04
  -9.00268555E-04
  -9.00268555E-04
  -9.00268555E-04
  -9.00268555E-04
  -8.99314880E-04
  -8.00132751E-04
  -8.00132751E-04
  -8.00132751E-04
  -8.00132751E-04
  -8.00132751E-04
  -7.99179077E-04
  -6.99996948E-04
  -6.99996948E-04
  -6.99996948E-04
  -6.99996948E-04
  -6.99996948E-04
  -6.99996948E-04
  -6.99996948E-04
  -6.99996948E-04
  -6.99996948E-04
  -6.99996948E-04
  -6.00814819E-04
  -5.99861145E-04
  -5.99861145E-04
  -5.99861145E-04
  -5.99861145E-04
  -5.99861145E-04
  -5.99861145E-04
  -5.00679016E-04
  -5.00679016E-04
  -4.99725342E-04
  -4.99725342E-04
  -4.99725342E-04
  -4.99725342E-04
  -4.99725342E-04
  -4.99725342E-04
  -4.99725342E-04
  -4.99725342E-04
  -4.00543213E-04
  -4.00543213E-04
  -4.00543213E-04
  -4.00543213E-04
  -3.99589539E-04
  -3.99589539E-04
  -3.99589539E-04
  -3.99589539E-04
  -3.00407410E-04
  -3.00407410E-04
  -3.00407410E-04
  -3.00407410E-04
  -3.00407410E-04
  -3.00407410E-04
  -2.99453735E-04
  -2.99453735E-04
  -2.99453735E-04
  -2.99453735E-04
  -2.99453735E-04
  -2.99453735E-04
  -2.00271606E-04
  -2.00271606E-04
  -1.99317932E-04
  -1.99317932E-04
  -1.99317932E-04
  -1.00135803E-04
  -1.00135803E-04
  -1.00135803E-04
  -9.91821289E-05
   0.00000000    
   0.00000000    
   0.00000000    
   0.00000000    
   0.00000000    
   0.00000000    
   0.00000000    
   0.00000000    
   0.00000000    
   0.00000000    
   0.00000000    
   0.00000000    
   9.91821289E-05
   9.91821289E-05
   9.91821289E-05
   9.91821289E-05
   1.00135803E-04
   1.00135803E-04
   1.00135803E-04
   1.00135803E-04
   1.00135803E-04
   1.99317932E-04
   1.99317932E-04
   1.99317932E-04
   2.00271606E-04
   2.00271606E-04
   2.00271606E-04
   2.00271606E-04
   2.00271606E-04
   2.99453735E-04
   2.99453735E-04
   2.99453735E-04
   2.99453735E-04
   2.99453735E-04
   2.99453735E-04
   3.00407410E-04
   3.00407410E-04
   3.00407410E-04
   3.00407410E-04
   3.00407410E-04
   3.00407410E-04
   3.99589539E-04
   3.99589539E-04
   4.00543213E-04
   4.00543213E-04
   4.00543213E-04
   4.00543213E-04
   4.99725342E-04
   4.99725342E-04
   4.99725342E-04
   4.99725342E-04
   5.00679016E-04
   5.00679016E-04
   5.00679016E-04
   5.00679016E-04
   5.99861145E-04
   5.99861145E-04
   5.99861145E-04
   5.99861145E-04
   6.00814819E-04
   6.99996948E-04
   6.99996948E-04
   6.99996948E-04
   6.99996948E-04
   6.99996948E-04
   6.99996948E-04
   6.99996948E-04
   6.99996948E-04
   6.99996948E-04
   6.99996948E-04
   7.99179077E-04
   8.00132751E-04
   8.00132751E-04
   8.00132751E-04
   8.00132751E-04
   8.00132751E-04
   8.00132751E-04
   8.00132751E-04
   8.99314880E-04
   8.99314880E-04
   8.99314880E-04
   8.99314880E-04
   9.00268555E-04
   9.00268555E-04
   9.00268555E-04
   9.00268555E-04
   1.00040436E-03
   1.00040436E-03
   1.00040436E-03
   1.00040436E-03
   1.00040436E-03
   1.09958649E-03
   1.09958649E-03
   1.09958649E-03
   1.10054016E-03
   1.10054016E-03
   1.19972229E-03
   1.19972229E-03
   1.19972229E-03
   1.19972229E-03
   1.20067596E-03
   1.29985809E-03
   1.29985809E-03
   1.30081177E-03
   1.39999390E-03
   1.39999390E-03
   1.39999390E-03
   1.50012970E-03
   1.50012970E-03
   1.59931183E-03
   1.60026550E-03
   1.60026550E-03
   1.60026550E-03
   1.79958344E-03
   1.80053711E-03
   1.80053711E-03
   1.89971924E-03
   1.89971924E-03
   1.89971924E-03
   1.90067291E-03
   1.99985504E-03
   1.99985504E-03
   1.99985504E-03
   1.99985504E-03
   1.99985504E-03
   2.09999084E-03
   2.09999084E-03
   2.20012665E-03
   2.20012665E-03
   2.30026245E-03
   2.39944458E-03
   2.49958038E-03
   2.59971619E-03
   2.60066986E-03
   3.00025940E-03
   3.09944153E-03
   3.29971313E-03
   3.39984894E-03
   3.49998474E-03
   3.59916687E-03
   3.60012054E-03
   3.69930267E-03
   3.69930267E-03
   3.89957428E-03
   4.19998169E-03
   4.19998169E-03
   4.50038910E-03
   4.79984283E-03
   4.80079651E-03
   5.00011444E-03
   5.09929657E-03
   5.30052185E-03
   5.49983978E-03
   6.20079041E-03
   6.50024414E-03
   6.59942627E-03
   6.70051575E-03
   7.40051270E-03
   7.40051270E-03
   7.49969482E-03
   7.50064850E-03
   9.39941406E-03
   1.01003647E-02
   1.17998123E-02
   1.20000839E-02
   1.65996552E-02
   3.80001068E-02
   5.25999069E-02
