#Npts     Radius    Mag      Completeness
#   66  439.1795  -14.429200 1.000000
# Ierr
  -1.71995163E-02
  -1.38998032E-02
  -1.32999420E-02
  -9.09996033E-03
  -8.60023499E-03
  -8.60023499E-03
  -7.69996643E-03
  -7.19928741E-03
  -6.40010834E-03
  -6.29997253E-03
  -5.90038300E-03
  -5.49983978E-03
  -4.60052490E-03
  -4.49943542E-03
  -4.30011749E-03
  -3.99971008E-03
  -3.29971313E-03
  -3.00025940E-03
  -2.49958038E-03
  -2.30026245E-03
  -2.09999084E-03
  -1.80053711E-03
  -1.30081177E-03
  -1.29985809E-03
  -9.00268555E-04
  -8.99314880E-04
  -6.99996948E-04
  -3.00407410E-04
  -9.91821289E-05
   0.00000000    
   0.00000000    
   9.91821289E-05
   3.99589539E-04
   3.99589539E-04
   4.00543213E-04
   6.99996948E-04
   6.99996948E-04
   8.00132751E-04
   8.00132751E-04
   1.59931183E-03
   1.60026550E-03
   1.99985504E-03
   2.09999084E-03
   2.39944458E-03
   2.59971619E-03
   2.99930573E-03
   3.00025940E-03
   3.00025940E-03
   3.10039520E-03
   3.60012054E-03
   4.89997864E-03
   4.89997864E-03
   5.00011444E-03
   5.80024719E-03
   6.19983673E-03
   6.20079041E-03
   6.89983368E-03
   6.89983368E-03
   6.99996948E-03
   6.99996948E-03
   1.07002258E-02
   1.07994080E-02
   1.28993988E-02
   1.66997910E-02
   3.91006470E-02
  0.124099731    
