#Npts     Radius    Mag      Completeness
#  105 1873.8325  -14.288100 1.000000
# Ierr
  -1.48000717E-02
  -1.08003616E-02
  -1.04999542E-02
  -9.90009308E-03
  -9.49954987E-03
  -9.49954987E-03
  -8.99982452E-03
  -7.90023804E-03
  -7.90023804E-03
  -7.80010223E-03
  -7.20024109E-03
  -6.99996948E-03
  -6.60037994E-03
  -6.09970093E-03
  -6.09970093E-03
  -5.90038300E-03
  -5.80024719E-03
  -5.00011444E-03
  -4.30011749E-03
  -4.19998169E-03
  -4.00066376E-03
  -3.79943848E-03
  -3.20053101E-03
  -3.09944153E-03
  -3.09944153E-03
  -2.79998779E-03
  -2.69985199E-03
  -2.69985199E-03
  -2.59971619E-03
  -2.40039825E-03
  -2.20012665E-03
  -2.09999084E-03
  -1.89971924E-03
  -1.80053711E-03
  -1.79958344E-03
  -1.60026550E-03
  -1.50012970E-03
  -1.49917603E-03
  -1.29985809E-03
  -1.09958649E-03
  -9.99450684E-04
  -5.00679016E-04
  -2.00271606E-04
  -1.00135803E-04
  -1.00135803E-04
  -1.00135803E-04
  -1.00135803E-04
   0.00000000    
   0.00000000    
   1.00135803E-04
   3.99589539E-04
   4.99725342E-04
   4.99725342E-04
   7.99179077E-04
   1.09958649E-03
   1.19972229E-03
   1.39999390E-03
   1.50012970E-03
   1.50012970E-03
   1.69944763E-03
   1.69944763E-03
   1.70040131E-03
   1.89971924E-03
   1.99985504E-03
   2.20012665E-03
   2.40039825E-03
   2.49958038E-03
   2.60066986E-03
   2.79998779E-03
   3.00025940E-03
   3.10039520E-03
   3.20053101E-03
   3.49998474E-03
   3.60012054E-03
   3.79943848E-03
   3.80039215E-03
   3.80039215E-03
   3.89957428E-03
   4.19998169E-03
   4.49943542E-03
   4.60052490E-03
   4.69970703E-03
   4.99916077E-03
   5.10025024E-03
   5.30052185E-03
   5.59997559E-03
   5.70011139E-03
   5.70011139E-03
   5.90038300E-03
   6.09970093E-03
   6.19983673E-03
   6.89983368E-03
   6.90078735E-03
   6.99996948E-03
   6.99996948E-03
   7.39955902E-03
   7.50064850E-03
   7.69996643E-03
   8.00037384E-03
   8.69941711E-03
   9.19914246E-03
   9.40036774E-03
   1.01003647E-02
   1.02005005E-02
   1.11999512E-02
