#Npts     Radius    Mag      Completeness
#   84  849.0804  -14.852500 0.988235
# Ierr
  -1.20992661E-02
  -8.19969177E-03
  -8.19969177E-03
  -8.10050964E-03
  -7.10010529E-03
  -6.99996948E-03
  -6.80065155E-03
  -6.50024414E-03
  -6.00051880E-03
  -5.89942932E-03
  -4.89997864E-03
  -4.40025330E-03
  -4.30011749E-03
  -3.99971008E-03
  -3.60012054E-03
  -3.20053101E-03
  -2.90012360E-03
  -2.79998779E-03
  -2.60066986E-03
  -2.20012665E-03
  -1.79958344E-03
  -1.70040131E-03
  -1.39999390E-03
  -1.20067596E-03
  -1.09958649E-03
  -6.99996948E-04
  -6.00814819E-04
  -4.00543213E-04
   0.00000000    
   2.00271606E-04
   2.00271606E-04
   2.00271606E-04
   2.99453735E-04
   3.00407410E-04
   3.00407410E-04
   3.99589539E-04
   5.00679016E-04
   5.99861145E-04
   6.00814819E-04
   6.99996948E-04
   8.00132751E-04
   8.00132751E-04
   8.00132751E-04
   9.99450684E-04
   1.29985809E-03
   1.39999390E-03
   1.59931183E-03
   1.60026550E-03
   1.60026550E-03
   1.69944763E-03
   1.69944763E-03
   1.70040131E-03
   1.79958344E-03
   1.89971924E-03
   1.99985504E-03
   1.99985504E-03
   2.39944458E-03
   2.49958038E-03
   2.69985199E-03
   2.69985199E-03
   2.79998779E-03
   3.00025940E-03
   3.00025940E-03
   3.39984894E-03
   3.39984894E-03
   3.39984894E-03
   3.60012054E-03
   4.40025330E-03
   4.60052490E-03
   4.89997864E-03
   4.89997864E-03
   5.30052185E-03
   5.39970398E-03
   5.40065765E-03
   5.89942932E-03
   6.19983673E-03
   6.40010834E-03
   6.79969788E-03
   7.19928741E-03
   7.50064850E-03
   9.79995728E-03
   1.20000839E-02
   1.25999451E-02
   3.27997208E-02
