#Npts     Radius    Mag      Completeness
#  127 1258.9812  -14.711400 1.000000
# Ierr
  -1.31998062E-02
  -1.03998184E-02
  -9.50050354E-03
  -9.39941406E-03
  -9.09996033E-03
  -8.79955292E-03
  -8.39996338E-03
  -7.60078430E-03
  -7.30037689E-03
  -6.89983368E-03
  -6.50024414E-03
  -6.50024414E-03
  -6.39915466E-03
  -6.29997253E-03
  -6.09970093E-03
  -6.09970093E-03
  -5.80024719E-03
  -5.59997559E-03
  -5.49983978E-03
  -5.10025024E-03
  -4.89997864E-03
  -4.79984283E-03
  -4.70066071E-03
  -4.69970703E-03
  -4.59957123E-03
  -4.40025330E-03
  -4.39929962E-03
  -3.99971008E-03
  -3.89957428E-03
  -3.60012054E-03
  -3.60012054E-03
  -3.59916687E-03
  -3.49998474E-03
  -3.39984894E-03
  -3.10039520E-03
  -2.99930573E-03
  -2.90012360E-03
  -2.90012360E-03
  -2.59971619E-03
  -2.49958038E-03
  -2.49958038E-03
  -2.40039825E-03
  -2.40039825E-03
  -2.30026245E-03
  -2.29930878E-03
  -2.19917297E-03
  -1.79958344E-03
  -1.50012970E-03
  -1.50012970E-03
  -1.30081177E-03
  -1.20067596E-03
  -1.19972229E-03
  -1.00040436E-03
  -9.99450684E-04
  -9.00268555E-04
  -7.99179077E-04
  -5.99861145E-04
  -5.99861145E-04
  -4.99725342E-04
  -4.99725342E-04
  -4.99725342E-04
  -3.99589539E-04
  -1.99317932E-04
  -1.00135803E-04
  -1.00135803E-04
  -9.91821289E-05
   0.00000000    
   0.00000000    
   1.00135803E-04
   2.00271606E-04
   3.00407410E-04
   3.99589539E-04
   4.99725342E-04
   5.00679016E-04
   5.99861145E-04
   8.00132751E-04
   1.00040436E-03
   1.10054016E-03
   1.10054016E-03
   1.19972229E-03
   1.20067596E-03
   1.29985809E-03
   1.50012970E-03
   1.59931183E-03
   1.70040131E-03
   1.80053711E-03
   1.89971924E-03
   2.09999084E-03
   2.20012665E-03
   2.20012665E-03
   2.20012665E-03
   2.29930878E-03
   2.29930878E-03
   2.39944458E-03
   2.40039825E-03
   2.49958038E-03
   2.69985199E-03
   2.79998779E-03
   2.90012360E-03
   2.99930573E-03
   3.00025940E-03
   3.00025940E-03
   3.29971313E-03
   3.29971313E-03
   3.60012054E-03
   3.70025635E-03
   4.09984589E-03
   4.09984589E-03
   4.60052490E-03
   4.79984283E-03
   4.89997864E-03
   5.00011444E-03
   5.70011139E-03
   5.90038300E-03
   6.70051575E-03
   7.49969482E-03
   7.59983063E-03
   7.59983063E-03
   7.80010223E-03
   8.29982758E-03
   8.39996338E-03
   9.29927826E-03
   9.40036774E-03
   9.49954987E-03
   9.90009308E-03
   1.71995163E-02
   2.26001740E-02
