#Npts     Radius    Mag      Completeness
#  108 1873.8325  -14.570300 1.000000
# Ierr
  -1.23996735E-02
  -1.13000870E-02
  -1.11999512E-02
  -1.04999542E-02
  -9.90009308E-03
  -9.70077515E-03
  -9.20009613E-03
  -9.09996033E-03
  -9.00077820E-03
  -8.80050659E-03
  -8.60023499E-03
  -8.19969177E-03
  -7.89928436E-03
  -6.59942627E-03
  -6.00051880E-03
  -5.90038300E-03
  -5.89942932E-03
  -5.59997559E-03
  -5.10025024E-03
  -5.09929657E-03
  -5.00011444E-03
  -5.00011444E-03
  -5.00011444E-03
  -4.89997864E-03
  -4.79984283E-03
  -4.69970703E-03
  -4.60052490E-03
  -4.40025330E-03
  -4.19998169E-03
  -4.19998169E-03
  -4.09984589E-03
  -4.09984589E-03
  -3.90052795E-03
  -3.79943848E-03
  -3.60012054E-03
  -3.20053101E-03
  -3.19957733E-03
  -2.99930573E-03
  -2.90012360E-03
  -2.79998779E-03
  -2.69985199E-03
  -2.40039825E-03
  -2.30026245E-03
  -1.99985504E-03
  -1.99985504E-03
  -1.89971924E-03
  -1.70040131E-03
  -1.69944763E-03
  -1.60026550E-03
  -1.60026550E-03
  -1.50012970E-03
  -1.50012970E-03
  -1.50012970E-03
  -1.09958649E-03
  -8.00132751E-04
  -8.00132751E-04
  -6.00814819E-04
  -4.00543213E-04
  -4.00543213E-04
  -3.00407410E-04
  -2.00271606E-04
  -1.00135803E-04
   0.00000000    
   1.00135803E-04
   1.99317932E-04
   4.00543213E-04
   8.00132751E-04
   1.00040436E-03
   1.00040436E-03
   1.39999390E-03
   1.79958344E-03
   1.80053711E-03
   1.89971924E-03
   1.99985504E-03
   1.99985504E-03
   1.99985504E-03
   1.99985504E-03
   2.20012665E-03
   2.20012665E-03
   2.40039825E-03
   2.90012360E-03
   2.99930573E-03
   3.09944153E-03
   3.20053101E-03
   3.29971313E-03
   3.70025635E-03
   3.80039215E-03
   3.80039215E-03
   3.89957428E-03
   3.99971008E-03
   4.19998169E-03
   4.59957123E-03
   4.60052490E-03
   5.10025024E-03
   5.30052185E-03
   6.09970093E-03
   6.40010834E-03
   6.49929047E-03
   6.60037994E-03
   7.10010529E-03
   7.10010529E-03
   7.90023804E-03
   8.19969177E-03
   8.19969177E-03
   8.19969177E-03
   8.99982452E-03
   1.03998184E-02
   1.24998093E-02
