#Npts     Radius    Mag      Completeness
#  145 1668.8821  -14.570300 1.000000
# Ierr
  -1.58004761E-02
  -1.29995346E-02
  -1.09004974E-02
  -1.04999542E-02
  -1.01003647E-02
  -9.49954987E-03
  -9.40036774E-03
  -9.30023193E-03
  -9.29927826E-03
  -8.99982452E-03
  -8.69941711E-03
  -8.60023499E-03
  -8.59928131E-03
  -7.59983063E-03
  -7.39955902E-03
  -7.30037689E-03
  -7.20024109E-03
  -7.19928741E-03
  -6.90078735E-03
  -6.89983368E-03
  -6.69956207E-03
  -6.19983673E-03
  -6.10065460E-03
  -5.80024719E-03
  -5.49983978E-03
  -5.30052185E-03
  -5.20038605E-03
  -5.00011444E-03
  -4.89997864E-03
  -4.40025330E-03
  -4.30011749E-03
  -4.19998169E-03
  -4.00066376E-03
  -3.89957428E-03
  -3.69930267E-03
  -3.60012054E-03
  -3.49998474E-03
  -3.39984894E-03
  -3.30066681E-03
  -3.10039520E-03
  -3.09944153E-03
  -2.90012360E-03
  -2.79998779E-03
  -2.59971619E-03
  -2.49958038E-03
  -2.40039825E-03
  -2.39944458E-03
  -2.30026245E-03
  -2.20012665E-03
  -2.20012665E-03
  -1.90067291E-03
  -1.79958344E-03
  -1.79958344E-03
  -1.60026550E-03
  -1.59931183E-03
  -1.39999390E-03
  -1.20067596E-03
  -9.00268555E-04
  -5.99861145E-04
  -3.99589539E-04
  -3.99589539E-04
  -2.99453735E-04
  -1.99317932E-04
  -1.00135803E-04
  -1.00135803E-04
   0.00000000    
   0.00000000    
   0.00000000    
   9.91821289E-05
   2.00271606E-04
   2.00271606E-04
   3.99589539E-04
   3.99589539E-04
   3.99589539E-04
   4.00543213E-04
   5.00679016E-04
   8.00132751E-04
   8.00132751E-04
   8.99314880E-04
   9.00268555E-04
   9.00268555E-04
   9.99450684E-04
   9.99450684E-04
   1.19972229E-03
   1.29985809E-03
   1.29985809E-03
   1.29985809E-03
   1.39999390E-03
   1.39999390E-03
   1.60026550E-03
   1.79958344E-03
   1.80053711E-03
   1.80053711E-03
   2.09999084E-03
   2.09999084E-03
   2.09999084E-03
   2.10094452E-03
   2.19917297E-03
   2.49958038E-03
   2.79998779E-03
   2.79998779E-03
   2.90012360E-03
   3.00025940E-03
   3.29971313E-03
   3.29971313E-03
   3.29971313E-03
   3.30066681E-03
   3.40080261E-03
   3.79943848E-03
   3.89957428E-03
   4.09984589E-03
   4.19998169E-03
   4.39929962E-03
   4.49943542E-03
   4.59957123E-03
   4.59957123E-03
   4.69970703E-03
   4.79984283E-03
   5.00011444E-03
   5.19943237E-03
   5.30052185E-03
   5.39970398E-03
   5.50079346E-03
   5.59997559E-03
   5.70011139E-03
   6.40010834E-03
   6.69956207E-03
   6.79969788E-03
   7.30037689E-03
   7.39955902E-03
   7.79914856E-03
   7.90023804E-03
   7.90023804E-03
   7.99942017E-03
   7.99942017E-03
   8.19969177E-03
   9.09996033E-03
   9.20009613E-03
   9.29927826E-03
   1.07994080E-02
   1.46007538E-02
   1.56993866E-02
   1.57995224E-02
   8.73003006E-02
  0.101299286    
