#Npts     Radius    Mag      Completeness
#  118 2078.7830  -14.429200 1.000000
# Ierr
  -1.63002014E-02
  -1.32007599E-02
  -1.31998062E-02
  -1.10998154E-02
  -1.09996796E-02
  -9.50050354E-03
  -9.09996033E-03
  -8.80050659E-03
  -8.19969177E-03
  -7.50064850E-03
  -7.49969482E-03
  -7.19928741E-03
  -7.00092316E-03
  -6.70051575E-03
  -6.29997253E-03
  -6.10065460E-03
  -5.89942932E-03
  -5.79929352E-03
  -5.59997559E-03
  -5.59997559E-03
  -5.59997559E-03
  -5.50079346E-03
  -4.49943542E-03
  -4.40025330E-03
  -4.40025330E-03
  -4.39929962E-03
  -4.30011749E-03
  -4.29916382E-03
  -4.19998169E-03
  -3.90052795E-03
  -3.89957428E-03
  -3.49998474E-03
  -3.19957733E-03
  -3.00025940E-03
  -3.00025940E-03
  -2.90012360E-03
  -2.79998779E-03
  -2.79998779E-03
  -2.59971619E-03
  -2.59971619E-03
  -2.20012665E-03
  -2.20012665E-03
  -2.09999084E-03
  -1.99985504E-03
  -1.89971924E-03
  -1.89971924E-03
  -1.69944763E-03
  -1.39999390E-03
  -1.29985809E-03
  -1.20067596E-03
  -1.09958649E-03
  -1.09958649E-03
  -9.00268555E-04
  -8.00132751E-04
  -8.00132751E-04
  -6.99996948E-04
  -5.00679016E-04
  -4.00543213E-04
  -3.99589539E-04
  -3.00407410E-04
  -1.99317932E-04
  -1.00135803E-04
   3.99589539E-04
   6.99996948E-04
   8.00132751E-04
   8.00132751E-04
   9.99450684E-04
   9.99450684E-04
   1.00040436E-03
   1.19972229E-03
   1.29985809E-03
   1.39999390E-03
   1.50012970E-03
   1.59931183E-03
   1.60026550E-03
   1.80053711E-03
   1.89971924E-03
   1.99985504E-03
   2.09999084E-03
   2.09999084E-03
   2.40039825E-03
   2.59971619E-03
   2.69985199E-03
   3.19957733E-03
   3.40080261E-03
   3.60012054E-03
   3.70025635E-03
   3.80039215E-03
   4.19998169E-03
   4.19998169E-03
   4.30011749E-03
   4.60052490E-03
   4.79984283E-03
   4.89997864E-03
   5.10025024E-03
   5.20038605E-03
   5.39970398E-03
   5.70011139E-03
   5.80024719E-03
   6.19983673E-03
   6.39915466E-03
   6.60037994E-03
   6.99996948E-03
   6.99996948E-03
   7.69996643E-03
   7.80010223E-03
   7.90023804E-03
   7.99942017E-03
   8.19969177E-03
   9.20009613E-03
   9.79995728E-03
   1.01995468E-02
   1.07002258E-02
   1.08995438E-02
   1.17998123E-02
   1.20000839E-02
   1.35002136E-02
  0.325500488    
