#Npts     Radius    Mag      Completeness
#  132 1668.8821  -14.288100 1.000000
# Ierr
  -1.71995163E-02
  -1.29003525E-02
  -1.23996735E-02
  -1.20992661E-02
  -1.10998154E-02
  -1.04999542E-02
  -1.02996826E-02
  -9.79995728E-03
  -9.69982147E-03
  -9.19914246E-03
  -8.60023499E-03
  -8.49914551E-03
  -8.20064545E-03
  -8.19969177E-03
  -8.10050964E-03
  -8.00037384E-03
  -7.90023804E-03
  -7.90023804E-03
  -6.60037994E-03
  -6.60037994E-03
  -6.49929047E-03
  -6.40010834E-03
  -6.19983673E-03
  -5.80024719E-03
  -5.70011139E-03
  -5.59997559E-03
  -5.40065765E-03
  -5.29956818E-03
  -4.89997864E-03
  -4.79984283E-03
  -4.19998169E-03
  -4.09984589E-03
  -4.09984589E-03
  -4.09984589E-03
  -4.00066376E-03
  -3.90052795E-03
  -3.89957428E-03
  -3.80039215E-03
  -3.79943848E-03
  -3.60012054E-03
  -3.49998474E-03
  -3.39984894E-03
  -3.19957733E-03
  -3.19957733E-03
  -3.00025940E-03
  -2.79998779E-03
  -2.70080566E-03
  -2.60066986E-03
  -2.59971619E-03
  -2.59971619E-03
  -2.39944458E-03
  -2.30026245E-03
  -2.20012665E-03
  -2.20012665E-03
  -2.19917297E-03
  -2.09999084E-03
  -1.90067291E-03
  -1.90067291E-03
  -1.89971924E-03
  -1.70040131E-03
  -1.70040131E-03
  -1.60026550E-03
  -1.50012970E-03
  -1.50012970E-03
  -1.39999390E-03
  -1.39999390E-03
  -1.20067596E-03
  -1.19972229E-03
  -1.09958649E-03
  -8.99314880E-04
  -6.99996948E-04
  -6.99996948E-04
  -3.99589539E-04
  -3.00407410E-04
  -2.00271606E-04
  -1.00135803E-04
   0.00000000    
   0.00000000    
   9.91821289E-05
   1.00135803E-04
   3.99589539E-04
   8.00132751E-04
   1.00040436E-03
   1.09958649E-03
   1.10054016E-03
   1.19972229E-03
   1.29985809E-03
   1.29985809E-03
   1.29985809E-03
   1.69944763E-03
   1.70040131E-03
   1.79958344E-03
   1.89971924E-03
   1.89971924E-03
   1.99985504E-03
   2.09999084E-03
   2.09999084E-03
   2.39944458E-03
   2.49958038E-03
   2.49958038E-03
   2.59971619E-03
   2.79998779E-03
   2.90012360E-03
   3.19957733E-03
   3.49998474E-03
   3.60012054E-03
   4.30011749E-03
   4.59957123E-03
   4.60052490E-03
   4.69970703E-03
   5.10025024E-03
   5.30052185E-03
   5.39970398E-03
   5.49983978E-03
   5.80024719E-03
   5.80024719E-03
   5.80024719E-03
   6.29997253E-03
   7.10010529E-03
   7.10010529E-03
   7.20024109E-03
   8.60023499E-03
   9.49954987E-03
   9.60063934E-03
   1.03998184E-02
   1.09004974E-02
   1.11999512E-02
   1.17006302E-02
   1.42002106E-02
   1.57003403E-02
   1.87997818E-02
   2.60000229E-02
