#Npts     Radius    Mag      Completeness
#   99  849.0804  -14.570300 0.990000
# Ierr
  -1.21994019E-02
  -9.79995728E-03
  -9.30023193E-03
  -8.19969177E-03
  -7.69996643E-03
  -7.29942322E-03
  -6.89983368E-03
  -6.69956207E-03
  -6.00051880E-03
  -5.80024719E-03
  -5.79929352E-03
  -5.70011139E-03
  -5.70011139E-03
  -5.59997559E-03
  -5.29956818E-03
  -5.19943237E-03
  -5.10025024E-03
  -4.89997864E-03
  -4.50038910E-03
  -3.79943848E-03
  -3.49998474E-03
  -3.49998474E-03
  -3.39984894E-03
  -3.29971313E-03
  -3.20053101E-03
  -3.00025940E-03
  -2.99930573E-03
  -2.99930573E-03
  -2.90012360E-03
  -2.69985199E-03
  -2.20012665E-03
  -2.20012665E-03
  -1.80053711E-03
  -1.70040131E-03
  -1.60026550E-03
  -1.50012970E-03
  -9.00268555E-04
  -8.00132751E-04
  -6.99996948E-04
  -3.99589539E-04
  -1.00135803E-04
   0.00000000    
   0.00000000    
   9.91821289E-05
   1.00135803E-04
   1.99317932E-04
   2.00271606E-04
   6.00814819E-04
   8.00132751E-04
   8.99314880E-04
   9.00268555E-04
   1.10054016E-03
   1.29985809E-03
   1.39999390E-03
   1.50012970E-03
   1.50012970E-03
   1.60026550E-03
   1.60026550E-03
   1.60026550E-03
   1.69944763E-03
   2.39944458E-03
   2.40039825E-03
   2.60066986E-03
   3.00025940E-03
   3.00025940E-03
   3.10039520E-03
   3.39984894E-03
   3.60012054E-03
   3.80039215E-03
   3.99971008E-03
   4.10079956E-03
   4.30011749E-03
   4.40025330E-03
   4.69970703E-03
   4.89997864E-03
   5.00011444E-03
   5.20038605E-03
   5.29956818E-03
   5.89942932E-03
   5.99956512E-03
   6.10065460E-03
   6.19983673E-03
   6.50024414E-03
   6.89983368E-03
   7.09915161E-03
   7.30037689E-03
   7.39955902E-03
   7.49969482E-03
   7.69996643E-03
   8.19969177E-03
   8.99982452E-03
   9.00077820E-03
   1.01995468E-02
   1.03998184E-02
   1.08003616E-02
   1.50995255E-02
   2.30007172E-02
   2.89001465E-02
   8.11996460E-02
