#Npts     Radius    Mag      Completeness
#  122 1463.9316  -14.429200 1.000000
# Ierr
  -1.22995377E-02
  -1.17006302E-02
  -1.05991364E-02
  -1.00994110E-02
  -9.09996033E-03
  -9.09996033E-03
  -9.00077820E-03
  -8.90064240E-03
  -8.69941711E-03
  -8.60023499E-03
  -7.89928436E-03
  -7.29942322E-03
  -6.70051575E-03
  -6.49929047E-03
  -6.00051880E-03
  -6.00051880E-03
  -5.80024719E-03
  -5.70011139E-03
  -5.59997559E-03
  -5.49983978E-03
  -5.20038605E-03
  -5.10025024E-03
  -4.80079651E-03
  -4.60052490E-03
  -4.50038910E-03
  -4.29916382E-03
  -4.19998169E-03
  -4.19998169E-03
  -3.90052795E-03
  -3.70025635E-03
  -3.70025635E-03
  -3.60012054E-03
  -3.20053101E-03
  -3.20053101E-03
  -3.09944153E-03
  -2.79998779E-03
  -2.59971619E-03
  -2.50053406E-03
  -2.30026245E-03
  -1.89971924E-03
  -1.80053711E-03
  -1.70040131E-03
  -1.60026550E-03
  -1.60026550E-03
  -1.29985809E-03
  -9.99450684E-04
  -9.00268555E-04
  -8.99314880E-04
  -8.00132751E-04
  -7.99179077E-04
  -6.99996948E-04
  -6.99996948E-04
  -4.99725342E-04
  -3.99589539E-04
  -9.91821289E-05
   0.00000000    
   9.91821289E-05
   4.99725342E-04
   5.99861145E-04
   8.00132751E-04
   8.00132751E-04
   9.99450684E-04
   1.09958649E-03
   1.19972229E-03
   1.20067596E-03
   1.20067596E-03
   1.29985809E-03
   1.29985809E-03
   1.50012970E-03
   1.50012970E-03
   1.59931183E-03
   1.59931183E-03
   1.60026550E-03
   1.69944763E-03
   1.80053711E-03
   1.89971924E-03
   1.90067291E-03
   1.99985504E-03
   1.99985504E-03
   2.00080872E-03
   2.09999084E-03
   2.39944458E-03
   2.59971619E-03
   2.60066986E-03
   2.69985199E-03
   2.69985199E-03
   2.79998779E-03
   3.29971313E-03
   3.60012054E-03
   3.60012054E-03
   3.79943848E-03
   3.79943848E-03
   3.80039215E-03
   3.90052795E-03
   4.00066376E-03
   4.00066376E-03
   4.09984589E-03
   4.39929962E-03
   5.20038605E-03
   5.30052185E-03
   5.30052185E-03
   6.29997253E-03
   6.29997253E-03
   6.30092621E-03
   6.70051575E-03
   6.99996948E-03
   7.10010529E-03
   7.50064850E-03
   7.59983063E-03
   7.60078430E-03
   7.69996643E-03
   8.09955597E-03
   8.20064545E-03
   8.29982758E-03
   8.29982758E-03
   8.89968872E-03
   9.09996033E-03
   1.18999481E-02
   1.20000839E-02
   1.30004883E-02
   2.21996307E-02
   3.20005417E-02
