#Npts     Radius    Mag      Completeness
#   58  644.1299  -14.852500 1.000000
# Ierr
  -1.34000778E-02
  -1.17998123E-02
  -1.08003616E-02
  -1.03998184E-02
  -8.50009918E-03
  -8.09955597E-03
  -7.80010223E-03
  -7.50064850E-03
  -7.30037689E-03
  -7.20024109E-03
  -7.10010529E-03
  -6.29997253E-03
  -6.19983673E-03
  -5.59997559E-03
  -5.59997559E-03
  -3.99971008E-03
  -3.69930267E-03
  -3.60012054E-03
  -3.20053101E-03
  -3.19957733E-03
  -2.79998779E-03
  -2.69985199E-03
  -2.69985199E-03
  -2.09999084E-03
  -1.99985504E-03
  -1.69944763E-03
  -1.59931183E-03
  -1.39999390E-03
  -1.19972229E-03
  -8.99314880E-04
  -8.00132751E-04
  -4.99725342E-04
  -3.00407410E-04
  -2.00271606E-04
  -1.00135803E-04
   0.00000000    
   2.00271606E-04
   4.99725342E-04
   5.00679016E-04
   5.99861145E-04
   6.99996948E-04
   9.00268555E-04
   1.00040436E-03
   1.39999390E-03
   2.09999084E-03
   2.09999084E-03
   2.20012665E-03
   2.69985199E-03
   2.69985199E-03
   2.79998779E-03
   3.80039215E-03
   3.80039215E-03
   3.90052795E-03
   6.29997253E-03
   7.10010529E-03
   8.19969177E-03
   8.39996338E-03
   1.04999542E-02
