#Npts     Radius    Mag      Completeness
#   60  439.1795  -14.288100 1.000000
# Ierr
  -1.78995132E-02
  -1.62000656E-02
  -7.80010223E-03
  -7.69996643E-03
  -7.30037689E-03
  -7.20024109E-03
  -6.99996948E-03
  -5.70011139E-03
  -5.49983978E-03
  -4.79984283E-03
  -4.50038910E-03
  -4.40025330E-03
  -3.89957428E-03
  -3.70025635E-03
  -3.49998474E-03
  -3.19957733E-03
  -2.79998779E-03
  -1.79958344E-03
  -1.70040131E-03
  -1.29985809E-03
  -1.29985809E-03
  -1.29985809E-03
  -1.20067596E-03
  -1.09958649E-03
  -1.00135803E-04
  -1.00135803E-04
   2.00271606E-04
   3.00407410E-04
   4.99725342E-04
   4.99725342E-04
   5.99861145E-04
   8.00132751E-04
   9.00268555E-04
   1.39999390E-03
   1.49917603E-03
   1.50012970E-03
   1.59931183E-03
   2.09999084E-03
   2.20012665E-03
   2.20012665E-03
   2.59971619E-03
   2.60066986E-03
   2.69985199E-03
   3.00025940E-03
   3.29971313E-03
   3.80039215E-03
   4.30011749E-03
   4.59957123E-03
   4.89997864E-03
   4.89997864E-03
   5.00011444E-03
   5.80024719E-03
   6.09970093E-03
   6.19983673E-03
   6.19983673E-03
   7.69996643E-03
   8.39996338E-03
   1.17998123E-02
   1.35002136E-02
   2.93998718E-02
