#Npts     Radius    Mag      Completeness
#  136 2927.8635  -14.288100 0.992701
# Ierr
  -1.64003372E-02
  -1.03998184E-02
  -1.01995468E-02
  -8.99982452E-03
  -8.89968872E-03
  -8.50009918E-03
  -7.90023804E-03
  -7.80010223E-03
  -6.60037994E-03
  -6.30092621E-03
  -5.79929352E-03
  -5.40065765E-03
  -5.29956818E-03
  -4.79984283E-03
  -4.79984283E-03
  -4.79984283E-03
  -4.50038910E-03
  -4.50038910E-03
  -4.30011749E-03
  -4.19998169E-03
  -4.09984589E-03
  -4.09984589E-03
  -3.89957428E-03
  -3.69930267E-03
  -3.49998474E-03
  -3.20053101E-03
  -3.20053101E-03
  -2.99930573E-03
  -2.50053406E-03
  -2.20012665E-03
  -2.00080872E-03
  -1.99985504E-03
  -1.69944763E-03
  -1.69944763E-03
  -1.69944763E-03
  -1.50012970E-03
  -1.39999390E-03
  -1.29985809E-03
  -1.29985809E-03
  -1.10054016E-03
  -1.09958649E-03
  -9.99450684E-04
  -9.00268555E-04
  -8.99314880E-04
  -5.99861145E-04
  -4.00543213E-04
  -3.99589539E-04
  -3.00407410E-04
  -2.99453735E-04
  -1.00135803E-04
  -1.00135803E-04
  -9.91821289E-05
   0.00000000    
   1.99317932E-04
   4.99725342E-04
   4.99725342E-04
   6.99996948E-04
   9.00268555E-04
   1.09958649E-03
   1.10054016E-03
   1.19972229E-03
   1.19972229E-03
   1.29985809E-03
   1.39999390E-03
   1.50012970E-03
   1.69944763E-03
   1.70040131E-03
   1.70040131E-03
   1.79958344E-03
   2.19917297E-03
   2.20012665E-03
   2.39944458E-03
   2.39944458E-03
   2.40039825E-03
   2.40039825E-03
   2.40039825E-03
   2.60066986E-03
   2.79998779E-03
   2.80094147E-03
   3.00025940E-03
   3.00025940E-03
   3.09944153E-03
   3.19957733E-03
   3.49998474E-03
   3.49998474E-03
   3.49998474E-03
   3.90052795E-03
   3.90052795E-03
   3.90052795E-03
   3.99971008E-03
   3.99971008E-03
   4.00066376E-03
   4.09984589E-03
   4.30011749E-03
   4.30011749E-03
   4.40025330E-03
   4.49943542E-03
   4.59957123E-03
   4.60052490E-03
   5.00011444E-03
   5.00011444E-03
   5.09929657E-03
   5.09929657E-03
   5.39970398E-03
   5.70011139E-03
   5.70011139E-03
   6.00051880E-03
   6.00051880E-03
   6.09970093E-03
   6.50024414E-03
   6.60037994E-03
   6.70051575E-03
   6.79969788E-03
   6.79969788E-03
   7.10010529E-03
   7.40051270E-03
   7.59983063E-03
   7.59983063E-03
   7.80010223E-03
   7.99942017E-03
   8.19969177E-03
   9.39941406E-03
   9.60063934E-03
   9.69982147E-03
   1.00002289E-02
   1.00994110E-02
   1.13000870E-02
   1.13000870E-02
   1.16996765E-02
   1.16996765E-02
   1.21994019E-02
   1.36995316E-02
   2.72006989E-02
   2.82001495E-02
   4.44002151E-02
   5.65004349E-02
