#Npts     Radius    Mag      Completeness
#   65  644.1299  -14.429200 1.000000
# Ierr
  -9.40036774E-03
  -9.30023193E-03
  -7.49969482E-03
  -7.30037689E-03
  -6.69956207E-03
  -6.09970093E-03
  -6.09970093E-03
  -5.39970398E-03
  -5.00011444E-03
  -4.69970703E-03
  -4.69970703E-03
  -4.59957123E-03
  -3.99971008E-03
  -3.99971008E-03
  -3.60012054E-03
  -3.49998474E-03
  -3.49998474E-03
  -3.19957733E-03
  -3.10039520E-03
  -3.00025940E-03
  -2.79998779E-03
  -2.30026245E-03
  -2.09999084E-03
  -1.99985504E-03
  -1.29985809E-03
  -1.00040436E-03
  -9.99450684E-04
  -9.00268555E-04
  -8.99314880E-04
  -4.00543213E-04
  -3.00407410E-04
   1.00135803E-04
   2.99453735E-04
   3.00407410E-04
   5.00679016E-04
   5.00679016E-04
   6.99996948E-04
   9.00268555E-04
   1.30081177E-03
   1.60026550E-03
   1.79958344E-03
   1.99985504E-03
   1.99985504E-03
   2.09999084E-03
   2.20012665E-03
   2.70080566E-03
   2.79998779E-03
   2.79998779E-03
   2.90012360E-03
   3.79943848E-03
   3.80039215E-03
   4.19998169E-03
   4.79984283E-03
   4.79984283E-03
   5.29956818E-03
   5.39970398E-03
   5.80024719E-03
   7.10010529E-03
   7.30037689E-03
   8.00037384E-03
   8.19969177E-03
   1.04007721E-02
   1.07002258E-02
   1.23996735E-02
   2.78005600E-02
