#Npts     Radius    Mag      Completeness
#  129 1668.8821  -14.852500 1.000000
# Ierr
  -1.34000778E-02
  -1.06000900E-02
  -1.03998184E-02
  -1.00002289E-02
  -8.89968872E-03
  -8.20064545E-03
  -8.00037384E-03
  -7.80010223E-03
  -7.49969482E-03
  -7.10010529E-03
  -6.89983368E-03
  -6.89983368E-03
  -6.60037994E-03
  -6.40010834E-03
  -6.20079041E-03
  -6.19983673E-03
  -6.09970093E-03
  -5.99956512E-03
  -5.49983978E-03
  -5.40065765E-03
  -4.89997864E-03
  -4.79984283E-03
  -4.79984283E-03
  -4.50038910E-03
  -4.30011749E-03
  -4.19998169E-03
  -4.19998169E-03
  -3.70025635E-03
  -3.70025635E-03
  -3.60012054E-03
  -3.49998474E-03
  -3.49998474E-03
  -3.40080261E-03
  -3.19957733E-03
  -3.00025940E-03
  -2.99930573E-03
  -2.69985199E-03
  -2.69985199E-03
  -2.40039825E-03
  -2.20012665E-03
  -2.09999084E-03
  -1.80053711E-03
  -1.59931183E-03
  -1.30081177E-03
  -1.20067596E-03
  -1.19972229E-03
  -1.00040436E-03
  -1.00040436E-03
  -9.00268555E-04
  -9.00268555E-04
  -8.99314880E-04
  -6.99996948E-04
  -4.99725342E-04
  -4.00543213E-04
  -3.99589539E-04
  -3.99589539E-04
   1.00135803E-04
   1.99317932E-04
   1.99317932E-04
   3.99589539E-04
   4.99725342E-04
   5.99861145E-04
   6.00814819E-04
   1.00040436E-03
   1.09958649E-03
   1.29985809E-03
   1.49917603E-03
   1.50012970E-03
   1.59931183E-03
   1.60026550E-03
   1.60026550E-03
   1.79958344E-03
   1.80053711E-03
   1.89971924E-03
   1.89971924E-03
   1.99985504E-03
   1.99985504E-03
   2.00080872E-03
   2.09999084E-03
   2.19917297E-03
   2.30026245E-03
   2.30026245E-03
   2.39944458E-03
   2.39944458E-03
   2.39944458E-03
   2.59971619E-03
   2.79998779E-03
   3.19957733E-03
   3.20053101E-03
   3.29971313E-03
   3.29971313E-03
   3.40080261E-03
   3.49998474E-03
   3.49998474E-03
   3.69930267E-03
   3.69930267E-03
   3.70025635E-03
   3.70025635E-03
   3.99971008E-03
   4.09984589E-03
   4.19998169E-03
   4.30011749E-03
   4.79984283E-03
   5.00011444E-03
   5.19943237E-03
   5.49983978E-03
   5.50079346E-03
   6.29997253E-03
   6.40010834E-03
   6.40010834E-03
   7.10010529E-03
   7.49969482E-03
   7.50064850E-03
   7.80010223E-03
   7.80010223E-03
   8.09955597E-03
   8.69941711E-03
   8.99982452E-03
   9.69982147E-03
   9.69982147E-03
   1.02996826E-02
   1.03998184E-02
   1.04999542E-02
   1.22003555E-02
   1.29995346E-02
   1.36995316E-02
   1.69000626E-02
   2.33001709E-02
   3.56998444E-02
