#Npts     Radius    Mag      Completeness
#   96  849.0804  -14.147000 1.000000
# Ierr
  -1.73997879E-02
  -1.73006058E-02
  -1.60007477E-02
  -1.30996704E-02
  -1.06992722E-02
  -9.50050354E-03
  -9.09996033E-03
  -8.60023499E-03
  -8.39996338E-03
  -8.29982758E-03
  -7.60078430E-03
  -7.40051270E-03
  -7.10010529E-03
  -6.50024414E-03
  -6.29997253E-03
  -5.90038300E-03
  -5.30052185E-03
  -5.09929657E-03
  -4.89997864E-03
  -4.50038910E-03
  -3.89957428E-03
  -3.70025635E-03
  -3.60012054E-03
  -3.10039520E-03
  -2.70080566E-03
  -2.49958038E-03
  -2.40039825E-03
  -2.40039825E-03
  -2.20012665E-03
  -2.20012665E-03
  -2.09999084E-03
  -1.89971924E-03
  -1.89971924E-03
  -1.80053711E-03
  -1.50012970E-03
  -1.50012970E-03
  -1.19972229E-03
  -1.10054016E-03
  -1.10054016E-03
  -1.09958649E-03
  -9.00268555E-04
  -8.00132751E-04
  -7.99179077E-04
  -6.99996948E-04
  -3.99589539E-04
  -3.00407410E-04
  -1.00135803E-04
  -1.00135803E-04
  -1.00135803E-04
   1.00135803E-04
   1.00135803E-04
   2.00271606E-04
   2.00271606E-04
   4.99725342E-04
   9.00268555E-04
   9.00268555E-04
   1.00040436E-03
   1.10054016E-03
   1.19972229E-03
   1.49917603E-03
   1.60026550E-03
   1.99985504E-03
   2.09999084E-03
   2.09999084E-03
   2.50053406E-03
   2.50053406E-03
   2.99930573E-03
   3.49998474E-03
   4.09984589E-03
   4.10079956E-03
   4.30011749E-03
   4.50038910E-03
   4.69970703E-03
   4.79984283E-03
   5.00011444E-03
   5.00011444E-03
   5.29956818E-03
   5.40065765E-03
   5.90038300E-03
   6.40010834E-03
   6.59942627E-03
   6.79969788E-03
   6.89983368E-03
   7.69996643E-03
   7.80010223E-03
   8.10050964E-03
   8.99982452E-03
   9.59968567E-03
   1.11999512E-02
   1.16996765E-02
   1.21002197E-02
   1.32999420E-02
   1.45006180E-02
   1.74999237E-02
   5.22003174E-02
  0.260000229    
