#Npts     Radius    Mag      Completeness
#  144 1054.0308  -14.429200 1.000000
# Ierr
  -1.53007507E-02
  -1.25999451E-02
  -1.21994019E-02
  -1.07002258E-02
  -1.03998184E-02
  -9.79995728E-03
  -9.69982147E-03
  -9.59968567E-03
  -9.30023193E-03
  -9.09996033E-03
  -8.79955292E-03
  -8.70037079E-03
  -8.60023499E-03
  -8.00037384E-03
  -7.80010223E-03
  -7.80010223E-03
  -7.69996643E-03
  -7.69996643E-03
  -6.99996948E-03
  -6.99996948E-03
  -6.79969788E-03
  -6.40010834E-03
  -6.29997253E-03
  -6.29997253E-03
  -6.19983673E-03
  -6.19983673E-03
  -6.00051880E-03
  -5.99956512E-03
  -5.89942932E-03
  -5.80024719E-03
  -5.39970398E-03
  -5.20038605E-03
  -5.20038605E-03
  -5.10025024E-03
  -4.89997864E-03
  -4.80079651E-03
  -4.80079651E-03
  -4.79984283E-03
  -4.79984283E-03
  -4.59957123E-03
  -4.40025330E-03
  -4.39929962E-03
  -3.99971008E-03
  -3.99971008E-03
  -3.80039215E-03
  -3.79943848E-03
  -3.70025635E-03
  -3.60012054E-03
  -3.40080261E-03
  -3.39984894E-03
  -3.29971313E-03
  -3.29971313E-03
  -3.10039520E-03
  -3.10039520E-03
  -3.09944153E-03
  -2.90012360E-03
  -2.90012360E-03
  -2.90012360E-03
  -2.79998779E-03
  -2.49958038E-03
  -2.29930878E-03
  -2.20012665E-03
  -1.99985504E-03
  -1.99985504E-03
  -1.89971924E-03
  -1.79958344E-03
  -1.70040131E-03
  -1.60026550E-03
  -1.50012970E-03
  -1.50012970E-03
  -1.39999390E-03
  -1.10054016E-03
  -1.00040436E-03
  -9.99450684E-04
  -9.00268555E-04
  -9.00268555E-04
  -7.99179077E-04
  -6.99996948E-04
  -5.99861145E-04
  -5.99861145E-04
  -1.00135803E-04
   9.91821289E-05
   1.99317932E-04
   3.00407410E-04
   3.99589539E-04
   4.00543213E-04
   8.00132751E-04
   9.99450684E-04
   1.00040436E-03
   1.09958649E-03
   1.19972229E-03
   1.39999390E-03
   1.39999390E-03
   1.50012970E-03
   1.60026550E-03
   1.69944763E-03
   1.70040131E-03
   1.89971924E-03
   1.89971924E-03
   2.20012665E-03
   2.29930878E-03
   2.30026245E-03
   2.39944458E-03
   2.49958038E-03
   2.59971619E-03
   2.79998779E-03
   2.79998779E-03
   2.90012360E-03
   3.20053101E-03
   3.39984894E-03
   3.39984894E-03
   3.79943848E-03
   4.00066376E-03
   4.30011749E-03
   4.30011749E-03
   4.39929962E-03
   4.49943542E-03
   4.79984283E-03
   4.99916077E-03
   5.29956818E-03
   5.39970398E-03
   5.59997559E-03
   5.70011139E-03
   5.80024719E-03
   6.29997253E-03
   6.29997253E-03
   6.29997253E-03
   6.50024414E-03
   6.69956207E-03
   6.89983368E-03
   7.30037689E-03
   8.59928131E-03
   8.60023499E-03
   8.79955292E-03
   8.99982452E-03
   9.20009613E-03
   9.20009613E-03
   9.20009613E-03
   9.30023193E-03
   9.30023193E-03
   1.06000900E-02
   1.10998154E-02
   1.10998154E-02
   3.39994431E-02
