#Npts     Radius    Mag      Completeness
#  123 1054.0308  -14.852500 1.000000
# Ierr
  -1.06000900E-02
  -9.59968567E-03
  -9.30023193E-03
  -8.50009918E-03
  -8.39996338E-03
  -7.90023804E-03
  -7.59983063E-03
  -7.50064850E-03
  -7.50064850E-03
  -7.40051270E-03
  -6.79969788E-03
  -6.70051575E-03
  -6.50024414E-03
  -6.50024414E-03
  -6.40010834E-03
  -6.10065460E-03
  -5.90038300E-03
  -5.80024719E-03
  -5.80024719E-03
  -5.39970398E-03
  -5.29956818E-03
  -5.19943237E-03
  -5.10025024E-03
  -4.99916077E-03
  -4.89997864E-03
  -4.89997864E-03
  -4.70066071E-03
  -4.59957123E-03
  -4.40025330E-03
  -4.19998169E-03
  -3.70025635E-03
  -3.70025635E-03
  -3.60012054E-03
  -3.49998474E-03
  -3.49998474E-03
  -3.39984894E-03
  -3.39984894E-03
  -3.10039520E-03
  -3.10039520E-03
  -3.00025940E-03
  -2.99930573E-03
  -2.99930573E-03
  -2.90012360E-03
  -2.69985199E-03
  -2.30026245E-03
  -2.00080872E-03
  -1.89971924E-03
  -1.50012970E-03
  -1.50012970E-03
  -1.40094757E-03
  -1.39999390E-03
  -1.29985809E-03
  -1.29985809E-03
  -1.29985809E-03
  -1.09958649E-03
  -1.00040436E-03
  -1.00040436E-03
  -9.00268555E-04
  -8.00132751E-04
  -6.99996948E-04
  -6.99996948E-04
  -5.99861145E-04
  -5.99861145E-04
  -4.99725342E-04
  -4.99725342E-04
  -4.00543213E-04
  -2.00271606E-04
  -1.99317932E-04
   0.00000000    
   1.99317932E-04
   2.00271606E-04
   2.99453735E-04
   3.99589539E-04
   3.99589539E-04
   3.99589539E-04
   4.00543213E-04
   1.09958649E-03
   1.29985809E-03
   1.39999390E-03
   1.79958344E-03
   1.89971924E-03
   1.89971924E-03
   1.89971924E-03
   1.99985504E-03
   2.09999084E-03
   2.20012665E-03
   2.30026245E-03
   2.30026245E-03
   2.40039825E-03
   2.40039825E-03
   2.49958038E-03
   2.60066986E-03
   2.60066986E-03
   2.69985199E-03
   2.69985199E-03
   2.90012360E-03
   3.00025940E-03
   3.10039520E-03
   3.49998474E-03
   3.70025635E-03
   3.70025635E-03
   3.70025635E-03
   3.79943848E-03
   3.80039215E-03
   3.80039215E-03
   3.90052795E-03
   3.99971008E-03
   4.19998169E-03
   4.20093536E-03
   4.30011749E-03
   4.40025330E-03
   4.60052490E-03
   4.89997864E-03
   5.19943237E-03
   5.20038605E-03
   5.49983978E-03
   5.70011139E-03
   5.70011139E-03
   5.89942932E-03
   6.89983368E-03
   7.30037689E-03
   7.69996643E-03
   5.90000153E-02
