#Npts     Radius    Mag      Completeness
#  122 2078.7830  -14.711400 1.000000
# Ierr
  -1.63002014E-02
  -1.51004791E-02
  -1.38998032E-02
  -1.19991302E-02
  -1.10006332E-02
  -1.02996826E-02
  -9.30023193E-03
  -8.99982452E-03
  -8.39996338E-03
  -8.39996338E-03
  -7.69996643E-03
  -7.29942322E-03
  -6.99996948E-03
  -6.89983368E-03
  -6.60037994E-03
  -6.40010834E-03
  -6.29997253E-03
  -5.49983978E-03
  -4.99916077E-03
  -4.79984283E-03
  -4.10079956E-03
  -4.00066376E-03
  -3.90052795E-03
  -3.39984894E-03
  -3.10039520E-03
  -2.79998779E-03
  -2.79998779E-03
  -2.59971619E-03
  -2.49958038E-03
  -2.40039825E-03
  -2.09999084E-03
  -1.99985504E-03
  -1.79958344E-03
  -1.50012970E-03
  -1.29985809E-03
  -1.19972229E-03
  -1.19972229E-03
  -1.09958649E-03
  -9.99450684E-04
  -8.00132751E-04
  -7.99179077E-04
  -5.00679016E-04
  -5.00679016E-04
  -4.00543213E-04
  -3.99589539E-04
  -1.99317932E-04
  -1.00135803E-04
  -1.00135803E-04
   0.00000000    
   1.00135803E-04
   1.99317932E-04
   1.99317932E-04
   2.99453735E-04
   2.99453735E-04
   3.99589539E-04
   4.99725342E-04
   5.99861145E-04
   5.99861145E-04
   6.99996948E-04
   6.99996948E-04
   8.00132751E-04
   9.00268555E-04
   1.09958649E-03
   1.09958649E-03
   1.10054016E-03
   1.50012970E-03
   1.50012970E-03
   1.50012970E-03
   1.69944763E-03
   1.79958344E-03
   1.89971924E-03
   2.09999084E-03
   2.09999084E-03
   2.20012665E-03
   2.20012665E-03
   2.39944458E-03
   2.60066986E-03
   2.79998779E-03
   3.20053101E-03
   3.20053101E-03
   3.29971313E-03
   3.29971313E-03
   3.39984894E-03
   3.49998474E-03
   3.49998474E-03
   3.69930267E-03
   3.80039215E-03
   3.90052795E-03
   4.19998169E-03
   4.19998169E-03
   4.40025330E-03
   4.50038910E-03
   4.60052490E-03
   4.60052490E-03
   4.89997864E-03
   5.00011444E-03
   5.70011139E-03
   5.80024719E-03
   5.80024719E-03
   5.90038300E-03
   6.19983673E-03
   6.19983673E-03
   6.89983368E-03
   7.30037689E-03
   7.30037689E-03
   7.59983063E-03
   7.80010223E-03
   8.09955597E-03
   8.10050964E-03
   8.39996338E-03
   8.50009918E-03
   8.50009918E-03
   8.79955292E-03
   1.03006363E-02
   1.09996796E-02
   1.13000870E-02
   1.15995407E-02
   1.16004944E-02
   1.18999481E-02
   1.44004822E-02
   1.76000595E-02
   4.26998138E-02
