#Npts     Radius    Mag      Completeness
#   64  644.1299  -14.711400 1.000000
# Ierr
  -1.11999512E-02
  -1.09004974E-02
  -9.30023193E-03
  -8.10050964E-03
  -7.30037689E-03
  -7.29942322E-03
  -7.20024109E-03
  -6.49929047E-03
  -5.99956512E-03
  -5.29956818E-03
  -5.20038605E-03
  -5.09929657E-03
  -5.00011444E-03
  -4.89997864E-03
  -4.00066376E-03
  -3.79943848E-03
  -2.99930573E-03
  -2.80094147E-03
  -2.30026245E-03
  -2.09999084E-03
  -1.60026550E-03
  -1.60026550E-03
  -1.59931183E-03
  -1.59931183E-03
  -1.39999390E-03
  -1.39999390E-03
  -1.29985809E-03
  -9.00268555E-04
  -8.00132751E-04
  -5.99861145E-04
  -5.99861145E-04
  -3.99589539E-04
   1.00135803E-04
   3.99589539E-04
   5.00679016E-04
   5.99861145E-04
   6.99996948E-04
   1.00040436E-03
   1.19972229E-03
   1.19972229E-03
   1.79958344E-03
   2.09999084E-03
   2.09999084E-03
   2.49958038E-03
   2.49958038E-03
   2.89916992E-03
   3.19957733E-03
   3.39984894E-03
   4.09984589E-03
   4.19998169E-03
   4.89997864E-03
   5.00011444E-03
   5.00011444E-03
   5.19943237E-03
   5.20038605E-03
   5.49983978E-03
   5.69915771E-03
   5.70011139E-03
   5.90038300E-03
   6.70051575E-03
   8.20064545E-03
   8.79955292E-03
   9.20009613E-03
   1.25999451E-02
