#Npts     Radius    Mag      Completeness
#   61  439.1795  -14.147000 1.000000
# Ierr
  -1.28002167E-02
  -1.24998093E-02
  -1.09004974E-02
  -1.03998184E-02
  -9.79995728E-03
  -8.70037079E-03
  -8.39996338E-03
  -8.29982758E-03
  -7.20024109E-03
  -6.79969788E-03
  -6.40010834E-03
  -5.99956512E-03
  -5.49983978E-03
  -5.10025024E-03
  -4.90093231E-03
  -3.90052795E-03
  -3.89957428E-03
  -3.30066681E-03
  -2.99930573E-03
  -2.90012360E-03
  -2.89916992E-03
  -2.79998779E-03
  -2.49958038E-03
  -2.20012665E-03
  -1.60026550E-03
  -1.50012970E-03
  -1.50012970E-03
  -1.39999390E-03
  -1.30081177E-03
  -1.20067596E-03
  -6.99996948E-04
  -4.99725342E-04
  -4.99725342E-04
  -1.00135803E-04
   0.00000000    
   1.00135803E-04
   1.99317932E-04
   3.00407410E-04
   4.99725342E-04
   6.00814819E-04
   1.00040436E-03
   1.09958649E-03
   1.10054016E-03
   1.19972229E-03
   1.29985809E-03
   1.39999390E-03
   1.79958344E-03
   2.20012665E-03
   3.00025940E-03
   3.70025635E-03
   3.79943848E-03
   4.09984589E-03
   5.80024719E-03
   6.10065460E-03
   6.29997253E-03
   6.60037994E-03
   8.80050659E-03
   9.30023193E-03
   1.31998062E-02
   1.39999390E-02
   3.22999954E-02
