#Npts     Radius    Mag      Completeness
#  128 1873.8325  -14.429200 1.000000
# Ierr
  -1.36995316E-02
  -1.36003494E-02
  -1.24998093E-02
  -1.22003555E-02
  -1.13000870E-02
  -1.11999512E-02
  -1.10006332E-02
  -1.09004974E-02
  -1.04999542E-02
  -1.04007721E-02
  -9.80091095E-03
  -9.59968567E-03
  -9.39941406E-03
  -9.39941406E-03
  -9.09996033E-03
  -8.89968872E-03
  -8.59928131E-03
  -8.19969177E-03
  -8.10050964E-03
  -8.10050964E-03
  -7.80010223E-03
  -6.99996948E-03
  -6.79969788E-03
  -6.79969788E-03
  -6.59942627E-03
  -6.40010834E-03
  -6.29997253E-03
  -5.90038300E-03
  -5.70011139E-03
  -5.59997559E-03
  -5.40065765E-03
  -5.10025024E-03
  -5.10025024E-03
  -4.70066071E-03
  -4.19998169E-03
  -4.19998169E-03
  -4.00066376E-03
  -3.70025635E-03
  -3.69930267E-03
  -3.59916687E-03
  -3.40080261E-03
  -3.20053101E-03
  -2.90012360E-03
  -2.60066986E-03
  -2.50053406E-03
  -2.49958038E-03
  -2.49958038E-03
  -1.99985504E-03
  -1.89971924E-03
  -1.79958344E-03
  -1.70040131E-03
  -1.69944763E-03
  -1.69944763E-03
  -1.69944763E-03
  -1.39999390E-03
  -1.39999390E-03
  -1.29985809E-03
  -1.29985809E-03
  -1.20067596E-03
  -1.10054016E-03
  -1.10054016E-03
  -1.09958649E-03
  -1.09958649E-03
  -9.00268555E-04
  -9.00268555E-04
  -6.99996948E-04
  -5.99861145E-04
  -4.00543213E-04
  -4.00543213E-04
  -4.00543213E-04
  -1.99317932E-04
   1.99317932E-04
   4.99725342E-04
   4.99725342E-04
   5.99861145E-04
   5.99861145E-04
   1.19972229E-03
   1.19972229E-03
   1.39999390E-03
   1.49917603E-03
   1.60026550E-03
   1.80053711E-03
   1.80053711E-03
   2.00080872E-03
   2.19917297E-03
   2.30026245E-03
   2.39944458E-03
   2.49958038E-03
   2.50053406E-03
   2.60066986E-03
   2.69985199E-03
   2.79998779E-03
   2.90012360E-03
   3.49998474E-03
   3.70025635E-03
   3.79943848E-03
   3.89957428E-03
   3.90052795E-03
   3.90052795E-03
   3.99971008E-03
   4.09984589E-03
   4.09984589E-03
   4.09984589E-03
   4.30011749E-03
   4.40025330E-03
   4.59957123E-03
   4.60052490E-03
   4.79984283E-03
   4.79984283E-03
   4.89997864E-03
   5.00011444E-03
   5.49983978E-03
   6.29997253E-03
   6.70051575E-03
   7.19928741E-03
   7.20024109E-03
   7.20024109E-03
   7.30037689E-03
   7.39955902E-03
   8.00037384E-03
   8.69941711E-03
   1.00002289E-02
   1.00002289E-02
   1.25007629E-02
   1.25999451E-02
   1.25999451E-02
   5.22994995E-02
  0.184000015    
