#Npts     Radius    Mag      Completeness
#  128 2927.8635  -14.711400 0.934307
# Ierr
  -1.17998123E-02
  -1.14002228E-02
  -1.00002289E-02
  -8.90064240E-03
  -8.29982758E-03
  -8.00037384E-03
  -7.90023804E-03
  -7.90023804E-03
  -7.80010223E-03
  -7.10010529E-03
  -7.10010529E-03
  -6.80065155E-03
  -6.50024414E-03
  -6.40010834E-03
  -6.19983673E-03
  -6.00051880E-03
  -6.00051880E-03
  -5.39970398E-03
  -4.80079651E-03
  -4.70066071E-03
  -4.69970703E-03
  -4.20093536E-03
  -4.09984589E-03
  -4.09984589E-03
  -4.00066376E-03
  -3.90052795E-03
  -3.90052795E-03
  -3.60012054E-03
  -3.60012054E-03
  -3.39984894E-03
  -3.39984894E-03
  -3.39984894E-03
  -3.09944153E-03
  -2.90012360E-03
  -2.90012360E-03
  -2.79998779E-03
  -2.69985199E-03
  -2.59971619E-03
  -2.40039825E-03
  -2.40039825E-03
  -2.30026245E-03
  -2.29930878E-03
  -2.19917297E-03
  -2.19917297E-03
  -2.09999084E-03
  -1.89971924E-03
  -1.89971924E-03
  -1.80053711E-03
  -1.79958344E-03
  -1.59931183E-03
  -1.29985809E-03
  -1.19972229E-03
  -1.09958649E-03
  -8.99314880E-04
  -8.00132751E-04
  -8.00132751E-04
  -6.99996948E-04
  -5.99861145E-04
  -5.99861145E-04
  -5.99861145E-04
  -5.99861145E-04
  -4.99725342E-04
  -2.00271606E-04
   0.00000000    
   1.00135803E-04
   1.00135803E-04
   2.00271606E-04
   2.00271606E-04
   3.99589539E-04
   4.00543213E-04
   4.99725342E-04
   4.99725342E-04
   4.99725342E-04
   6.00814819E-04
   6.00814819E-04
   6.00814819E-04
   9.99450684E-04
   1.19972229E-03
   1.29985809E-03
   1.29985809E-03
   1.59931183E-03
   1.60026550E-03
   1.79958344E-03
   1.79958344E-03
   2.20012665E-03
   2.20012665E-03
   2.39944458E-03
   2.40039825E-03
   2.40039825E-03
   2.59971619E-03
   3.00025940E-03
   3.00025940E-03
   3.10039520E-03
   3.29971313E-03
   3.39984894E-03
   3.49998474E-03
   3.49998474E-03
   3.60012054E-03
   3.80039215E-03
   3.80039215E-03
   3.89957428E-03
   3.89957428E-03
   4.30011749E-03
   4.30011749E-03
   4.40025330E-03
   4.49943542E-03
   4.50038910E-03
   4.59957123E-03
   4.79984283E-03
   5.10025024E-03
   5.39970398E-03
   5.49983978E-03
   5.80024719E-03
   5.80024719E-03
   6.09970093E-03
   6.10065460E-03
   6.40010834E-03
   6.49929047E-03
   6.49929047E-03
   6.79969788E-03
   6.89983368E-03
   6.99996948E-03
   7.59983063E-03
   7.70092010E-03
   7.90023804E-03
   8.20064545E-03
   8.79955292E-03
   1.31998062E-02
