#Npts     Radius    Mag      Completeness
#   81  644.2618  -14.833600 1.000000
# Verr
  -1.95999146E-02
  -1.22003555E-02
  -1.07994080E-02
  -9.59968567E-03
  -8.89968872E-03
  -8.10050964E-03
  -6.99996948E-03
  -6.50024414E-03
  -5.90038300E-03
  -5.19943237E-03
  -5.00011444E-03
  -5.00011444E-03
  -4.49943542E-03
  -3.29971313E-03
  -3.29971313E-03
  -2.80094147E-03
  -2.39944458E-03
  -1.80053711E-03
  -1.79958344E-03
  -1.50012970E-03
  -1.50012970E-03
  -1.09958649E-03
  -1.00040436E-03
  -8.00132751E-04
  -5.99861145E-04
  -4.99725342E-04
  -4.99725342E-04
  -3.99589539E-04
  -1.99317932E-04
   1.00135803E-04
   1.00135803E-04
   2.00271606E-04
   2.99453735E-04
   3.00407410E-04
   4.99725342E-04
   5.99861145E-04
   5.99861145E-04
   9.99450684E-04
   1.00040436E-03
   1.10054016E-03
   1.19972229E-03
   1.29985809E-03
   1.39999390E-03
   1.50012970E-03
   1.70040131E-03
   1.70040131E-03
   1.79958344E-03
   1.89971924E-03
   1.90067291E-03
   2.09999084E-03
   2.20012665E-03
   2.30026245E-03
   2.30026245E-03
   2.30026245E-03
   2.39944458E-03
   2.40039825E-03
   2.50053406E-03
   2.59971619E-03
   2.59971619E-03
   2.69985199E-03
   2.89916992E-03
   2.89916992E-03
   2.99930573E-03
   3.40080261E-03
   3.90052795E-03
   4.10079956E-03
   4.39929962E-03
   4.40025330E-03
   4.70066071E-03
   4.79984283E-03
   5.49983978E-03
   5.90038300E-03
   5.99956512E-03
   6.40010834E-03
   6.99996948E-03
   7.30037689E-03
   7.69996643E-03
   1.00994110E-02
   1.35993958E-02
   1.37996674E-02
   1.53999329E-02
