#Npts     Radius    Mag      Completeness
#  167 1464.2314  -14.833600 1.000000
# Verr
  -1.00994110E-02
  -9.40036774E-03
  -9.09996033E-03
  -8.79955292E-03
  -8.60023499E-03
  -7.59983063E-03
  -7.29942322E-03
  -6.90078735E-03
  -6.70051575E-03
  -6.50024414E-03
  -6.50024414E-03
  -6.40010834E-03
  -6.29997253E-03
  -6.00051880E-03
  -5.90038300E-03
  -5.59997559E-03
  -5.49983978E-03
  -5.39970398E-03
  -5.20038605E-03
  -4.99916077E-03
  -4.89997864E-03
  -4.89997864E-03
  -4.79984283E-03
  -4.59957123E-03
  -4.59957123E-03
  -4.50038910E-03
  -4.40025330E-03
  -4.19998169E-03
  -4.10079956E-03
  -4.09984589E-03
  -4.09984589E-03
  -3.90052795E-03
  -3.79943848E-03
  -3.70025635E-03
  -3.60012054E-03
  -3.39984894E-03
  -3.20053101E-03
  -3.19957733E-03
  -3.19957733E-03
  -3.10039520E-03
  -3.10039520E-03
  -3.10039520E-03
  -3.00025940E-03
  -2.79998779E-03
  -2.79998779E-03
  -2.79998779E-03
  -2.70080566E-03
  -2.59971619E-03
  -2.49958038E-03
  -2.49958038E-03
  -2.40039825E-03
  -2.30026245E-03
  -2.09999084E-03
  -1.89971924E-03
  -1.80053711E-03
  -1.79958344E-03
  -1.70040131E-03
  -1.69944763E-03
  -1.69944763E-03
  -1.60026550E-03
  -1.60026550E-03
  -1.60026550E-03
  -1.50012970E-03
  -1.29985809E-03
  -1.20067596E-03
  -1.19972229E-03
  -1.19972229E-03
  -1.10054016E-03
  -1.09958649E-03
  -1.09958649E-03
  -1.00040436E-03
  -9.99450684E-04
  -9.99450684E-04
  -9.99450684E-04
  -8.99314880E-04
  -7.99179077E-04
  -6.99996948E-04
  -5.99861145E-04
  -4.99725342E-04
  -4.00543213E-04
  -4.00543213E-04
  -1.99317932E-04
  -1.00135803E-04
   0.00000000    
   0.00000000    
   1.00135803E-04
   3.99589539E-04
   3.99589539E-04
   6.99996948E-04
   8.00132751E-04
   8.99314880E-04
   9.00268555E-04
   1.09958649E-03
   1.09958649E-03
   1.10054016E-03
   1.19972229E-03
   1.19972229E-03
   1.19972229E-03
   1.20067596E-03
   1.29985809E-03
   1.29985809E-03
   1.29985809E-03
   1.39999390E-03
   1.39999390E-03
   1.50012970E-03
   1.50012970E-03
   1.59931183E-03
   1.60026550E-03
   1.70040131E-03
   1.80053711E-03
   1.89971924E-03
   2.00080872E-03
   2.19917297E-03
   2.20012665E-03
   2.20012665E-03
   2.59971619E-03
   2.69985199E-03
   2.69985199E-03
   2.79998779E-03
   3.00025940E-03
   3.10039520E-03
   3.10039520E-03
   3.19957733E-03
   3.30066681E-03
   3.39984894E-03
   3.60012054E-03
   3.80039215E-03
   4.09984589E-03
   4.49943542E-03
   4.59957123E-03
   4.60052490E-03
   4.79984283E-03
   4.80079651E-03
   4.89997864E-03
   5.00011444E-03
   5.20038605E-03
   5.39970398E-03
   5.40065765E-03
   5.59997559E-03
   5.70011139E-03
   5.80024719E-03
   5.80024719E-03
   5.99956512E-03
   6.09970093E-03
   6.29997253E-03
   6.40010834E-03
   6.50024414E-03
   6.50024414E-03
   6.79969788E-03
   6.89983368E-03
   6.89983368E-03
   6.90078735E-03
   7.20024109E-03
   7.80010223E-03
   7.80010223E-03
   8.00037384E-03
   8.09955597E-03
   8.10050964E-03
   8.30078125E-03
   8.50009918E-03
   8.99982452E-03
   9.09996033E-03
   1.13000870E-02
   3.01008224E-02
   4.20999527E-02
  0.107999802    
  0.114600182    
