#Npts     Radius    Mag      Completeness
#  157 1054.2466  -14.103000 1.000000
# Verr
  -1.46999359E-02
  -1.22995377E-02
  -1.21994019E-02
  -1.17998123E-02
  -1.15003586E-02
  -1.15003586E-02
  -1.14002228E-02
  -1.07002258E-02
  -1.00002289E-02
  -9.59968567E-03
  -8.99982452E-03
  -8.80050659E-03
  -7.69996643E-03
  -7.69996643E-03
  -7.30037689E-03
  -7.30037689E-03
  -7.10010529E-03
  -6.89983368E-03
  -6.60037994E-03
  -6.50024414E-03
  -6.50024414E-03
  -5.90038300E-03
  -5.40065765E-03
  -5.00011444E-03
  -4.79984283E-03
  -4.79984283E-03
  -4.40025330E-03
  -4.30011749E-03
  -4.29916382E-03
  -3.99971008E-03
  -3.99971008E-03
  -3.90052795E-03
  -3.70025635E-03
  -3.60012054E-03
  -3.60012054E-03
  -3.60012054E-03
  -3.39984894E-03
  -3.29971313E-03
  -3.09944153E-03
  -3.00025940E-03
  -2.79998779E-03
  -2.79998779E-03
  -2.69985199E-03
  -2.59971619E-03
  -2.49958038E-03
  -2.20012665E-03
  -2.09999084E-03
  -2.09999084E-03
  -2.09999084E-03
  -1.89971924E-03
  -1.89971924E-03
  -1.80053711E-03
  -1.79958344E-03
  -1.69944763E-03
  -1.60026550E-03
  -1.39999390E-03
  -1.29985809E-03
  -1.29985809E-03
  -1.19972229E-03
  -1.10054016E-03
  -1.10054016E-03
  -1.00040436E-03
  -9.99450684E-04
  -8.00132751E-04
  -8.00132751E-04
  -6.99996948E-04
  -5.99861145E-04
  -4.99725342E-04
  -4.00543213E-04
  -3.00407410E-04
  -2.99453735E-04
  -2.00271606E-04
  -1.99317932E-04
   0.00000000    
   0.00000000    
   0.00000000    
   9.91821289E-05
   3.99589539E-04
   3.99589539E-04
   3.99589539E-04
   4.00543213E-04
   5.99861145E-04
   5.99861145E-04
   5.99861145E-04
   6.99996948E-04
   8.00132751E-04
   8.00132751E-04
   8.00132751E-04
   1.00040436E-03
   1.00040436E-03
   1.09958649E-03
   1.09958649E-03
   1.39999390E-03
   1.60026550E-03
   1.60026550E-03
   1.60026550E-03
   1.70040131E-03
   1.70040131E-03
   1.89971924E-03
   1.99985504E-03
   2.00080872E-03
   2.09999084E-03
   2.09999084E-03
   2.09999084E-03
   2.29930878E-03
   2.49958038E-03
   2.49958038E-03
   2.69985199E-03
   2.69985199E-03
   2.79998779E-03
   3.00025940E-03
   3.00025940E-03
   3.09944153E-03
   3.30066681E-03
   3.39984894E-03
   4.10079956E-03
   4.30011749E-03
   4.30011749E-03
   4.79984283E-03
   4.99916077E-03
   5.10025024E-03
   5.10025024E-03
   5.20038605E-03
   5.20038605E-03
   5.39970398E-03
   5.59997559E-03
   5.59997559E-03
   5.80024719E-03
   5.89942932E-03
   6.09970093E-03
   6.59942627E-03
   6.70051575E-03
   6.79969788E-03
   7.10010529E-03
   7.19928741E-03
   7.29942322E-03
   7.50064850E-03
   7.69996643E-03
   8.29982758E-03
   8.50009918E-03
   8.99982452E-03
   9.09996033E-03
   9.20009613E-03
   9.40036774E-03
   9.50050354E-03
   9.79995728E-03
   1.02996826E-02
   1.10998154E-02
   1.17998123E-02
   1.38998032E-02
   1.51996613E-02
   1.60999298E-02
   1.66997910E-02
   1.74999237E-02
   1.90000534E-02
   3.48005295E-02
   3.95002365E-02
