#Npts     Radius    Mag      Completeness
#  194 2928.4626  -15.016251 0.950980
# Verr
  -2.43005753E-02
  -2.42996216E-02
  -1.38998032E-02
  -1.37996674E-02
  -1.24998093E-02
  -1.21994019E-02
  -1.07994080E-02
  -1.06000900E-02
  -1.04007721E-02
  -8.39996338E-03
  -8.29982758E-03
  -8.10050964E-03
  -7.99942017E-03
  -7.89928436E-03
  -7.80010223E-03
  -7.69996643E-03
  -6.69956207E-03
  -6.50024414E-03
  -6.40010834E-03
  -6.40010834E-03
  -6.40010834E-03
  -6.29997253E-03
  -6.19983673E-03
  -6.09970093E-03
  -5.80024719E-03
  -5.79929352E-03
  -5.70011139E-03
  -5.70011139E-03
  -5.70011139E-03
  -5.59997559E-03
  -5.49983978E-03
  -5.40065765E-03
  -5.40065765E-03
  -5.29956818E-03
  -5.29956818E-03
  -5.10025024E-03
  -4.89997864E-03
  -4.70066071E-03
  -4.70066071E-03
  -4.69970703E-03
  -4.30011749E-03
  -3.80039215E-03
  -3.70025635E-03
  -3.49998474E-03
  -3.39984894E-03
  -3.30066681E-03
  -3.30066681E-03
  -3.29971313E-03
  -3.29971313E-03
  -3.20053101E-03
  -3.20053101E-03
  -3.10039520E-03
  -3.09944153E-03
  -3.00025940E-03
  -2.89916992E-03
  -2.79998779E-03
  -2.50053406E-03
  -2.49958038E-03
  -2.49958038E-03
  -2.40039825E-03
  -2.30026245E-03
  -2.30026245E-03
  -2.29930878E-03
  -2.20012665E-03
  -1.99985504E-03
  -1.89971924E-03
  -1.69944763E-03
  -1.60026550E-03
  -1.50012970E-03
  -1.50012970E-03
  -1.39999390E-03
  -1.39999390E-03
  -1.29985809E-03
  -1.29985809E-03
  -1.29985809E-03
  -1.09958649E-03
  -1.00040436E-03
  -9.00268555E-04
  -8.00132751E-04
  -8.00132751E-04
  -6.99996948E-04
  -6.99996948E-04
  -6.00814819E-04
  -5.99861145E-04
  -5.00679016E-04
  -4.99725342E-04
  -4.99725342E-04
  -3.99589539E-04
  -3.99589539E-04
  -3.00407410E-04
  -3.00407410E-04
  -3.00407410E-04
  -2.00271606E-04
  -2.00271606E-04
  -2.00271606E-04
  -2.00271606E-04
  -1.99317932E-04
  -1.00135803E-04
   2.00271606E-04
   4.00543213E-04
   6.99996948E-04
   6.99996948E-04
   8.99314880E-04
   9.00268555E-04
   1.09958649E-03
   1.10054016E-03
   1.20067596E-03
   1.20067596E-03
   1.29985809E-03
   1.29985809E-03
   1.29985809E-03
   1.30081177E-03
   1.30081177E-03
   1.39999390E-03
   1.39999390E-03
   1.49917603E-03
   1.49917603E-03
   1.70040131E-03
   1.79958344E-03
   1.80053711E-03
   1.89971924E-03
   1.90067291E-03
   1.90067291E-03
   2.20012665E-03
   2.30026245E-03
   2.40039825E-03
   2.49958038E-03
   2.50053406E-03
   2.59971619E-03
   2.59971619E-03
   2.69985199E-03
   2.79998779E-03
   2.79998779E-03
   2.99930573E-03
   3.00025940E-03
   3.00025940E-03
   3.00025940E-03
   3.09944153E-03
   3.10039520E-03
   3.20053101E-03
   3.20053101E-03
   3.29971313E-03
   3.49998474E-03
   3.60012054E-03
   3.99971008E-03
   3.99971008E-03
   4.00066376E-03
   4.00066376E-03
   4.10079956E-03
   4.19998169E-03
   4.19998169E-03
   4.49943542E-03
   4.50038910E-03
   4.89997864E-03
   5.00011444E-03
   5.00011444E-03
   5.10025024E-03
   5.19943237E-03
   5.20038605E-03
   5.30052185E-03
   5.49983978E-03
   5.50079346E-03
   5.59997559E-03
   5.70011139E-03
   6.09970093E-03
   6.19983673E-03
   6.20079041E-03
   6.20079041E-03
   6.29997253E-03
   6.39915466E-03
   6.40010834E-03
   6.59942627E-03
   6.69956207E-03
   6.89983368E-03
   7.29942322E-03
   7.69996643E-03
   8.99982452E-03
   1.00002289E-02
   1.00994110E-02
   1.09996796E-02
   1.20000839E-02
   1.22003555E-02
   1.23996735E-02
   1.23996735E-02
   1.29995346E-02
   1.42993927E-02
   1.52006149E-02
   1.72996521E-02
   1.76000595E-02
   2.26001740E-02
   2.27994919E-02
   2.42004395E-02
   2.44998932E-02
  0.160400391    
