#Npts     Radius    Mag      Completeness
#  196 1464.2314  -14.285650 1.000000
# Verr
  -1.55000687E-02
  -1.46999359E-02
  -1.32007599E-02
  -1.23996735E-02
  -1.08003616E-02
  -1.06000900E-02
  -1.06000900E-02
  -1.01995468E-02
  -1.00994110E-02
  -9.90009308E-03
  -9.40036774E-03
  -9.30023193E-03
  -9.09996033E-03
  -8.10050964E-03
  -7.90023804E-03
  -7.89928436E-03
  -7.80010223E-03
  -7.60078430E-03
  -7.40051270E-03
  -7.39955902E-03
  -7.20024109E-03
  -7.10010529E-03
  -6.99996948E-03
  -6.99996948E-03
  -6.89983368E-03
  -6.69956207E-03
  -6.29997253E-03
  -6.29997253E-03
  -6.29997253E-03
  -6.29997253E-03
  -6.00051880E-03
  -5.89942932E-03
  -5.80024719E-03
  -5.70011139E-03
  -5.49983978E-03
  -5.39970398E-03
  -5.39970398E-03
  -5.19943237E-03
  -5.09929657E-03
  -5.00011444E-03
  -4.89997864E-03
  -4.89997864E-03
  -4.79984283E-03
  -4.70066071E-03
  -4.69970703E-03
  -4.49943542E-03
  -3.99971008E-03
  -3.89957428E-03
  -3.60012054E-03
  -3.60012054E-03
  -3.39984894E-03
  -3.29971313E-03
  -3.29971313E-03
  -3.20053101E-03
  -3.10039520E-03
  -2.90012360E-03
  -2.90012360E-03
  -2.69985199E-03
  -2.60066986E-03
  -2.50053406E-03
  -2.49958038E-03
  -2.40039825E-03
  -2.39944458E-03
  -2.39944458E-03
  -2.30026245E-03
  -2.30026245E-03
  -2.09999084E-03
  -2.09999084E-03
  -1.99985504E-03
  -1.69944763E-03
  -1.69944763E-03
  -1.60026550E-03
  -1.39999390E-03
  -1.19972229E-03
  -1.10054016E-03
  -1.00040436E-03
  -1.00040436E-03
  -9.99450684E-04
  -9.00268555E-04
  -8.99314880E-04
  -8.00132751E-04
  -8.00132751E-04
  -6.99996948E-04
  -5.99861145E-04
  -4.99725342E-04
  -4.99725342E-04
  -3.99589539E-04
  -3.99589539E-04
  -1.99317932E-04
   0.00000000    
   1.00135803E-04
   1.00135803E-04
   1.00135803E-04
   3.99589539E-04
   4.99725342E-04
   6.99996948E-04
   6.99996948E-04
   8.00132751E-04
   8.00132751E-04
   8.00132751E-04
   8.99314880E-04
   9.00268555E-04
   1.00040436E-03
   1.09958649E-03
   1.09958649E-03
   1.19972229E-03
   1.39999390E-03
   1.50012970E-03
   1.60026550E-03
   1.70040131E-03
   1.89971924E-03
   1.99985504E-03
   1.99985504E-03
   2.20012665E-03
   2.29930878E-03
   2.30026245E-03
   2.30026245E-03
   2.39944458E-03
   2.40039825E-03
   2.59971619E-03
   2.69985199E-03
   2.70080566E-03
   2.79998779E-03
   2.90012360E-03
   2.90012360E-03
   3.09944153E-03
   3.10039520E-03
   3.10039520E-03
   3.19957733E-03
   3.19957733E-03
   3.19957733E-03
   3.29971313E-03
   3.30066681E-03
   3.49998474E-03
   3.70025635E-03
   3.79943848E-03
   3.80039215E-03
   3.90052795E-03
   3.90052795E-03
   4.00066376E-03
   4.09984589E-03
   4.30011749E-03
   4.69970703E-03
   4.70066071E-03
   4.79984283E-03
   4.79984283E-03
   4.79984283E-03
   5.00011444E-03
   5.00011444E-03
   5.00011444E-03
   5.20038605E-03
   5.39970398E-03
   5.59997559E-03
   5.59997559E-03
   5.79929352E-03
   5.80024719E-03
   6.00051880E-03
   6.09970093E-03
   6.19983673E-03
   6.20079041E-03
   6.29997253E-03
   6.29997253E-03
   6.29997253E-03
   6.40010834E-03
   6.40010834E-03
   6.40010834E-03
   6.49929047E-03
   6.50024414E-03
   6.80065155E-03
   6.89983368E-03
   6.89983368E-03
   6.99996948E-03
   6.99996948E-03
   7.20024109E-03
   7.49969482E-03
   7.99942017E-03
   8.29982758E-03
   8.30078125E-03
   8.50009918E-03
   8.50009918E-03
   8.60023499E-03
   8.79955292E-03
   8.89968872E-03
   9.49954987E-03
   9.90009308E-03
   1.01995468E-02
   1.05991364E-02
   1.06000900E-02
   1.11999512E-02
   1.18999481E-02
   1.22995377E-02
   1.62000656E-02
   1.71995163E-02
   2.53992081E-02
   4.14009094E-02
  0.156399727    
