#Npts     Radius    Mag      Completeness
#   85  644.2618  -14.285650 1.000000
# Verr
  -1.68008804E-02
  -1.36003494E-02
  -1.16004944E-02
  -1.03998184E-02
  -1.00002289E-02
  -8.70037079E-03
  -7.90023804E-03
  -7.80010223E-03
  -7.59983063E-03
  -6.89983368E-03
  -6.69956207E-03
  -6.50024414E-03
  -6.09970093E-03
  -5.99956512E-03
  -5.19943237E-03
  -5.19943237E-03
  -5.10025024E-03
  -5.10025024E-03
  -4.89997864E-03
  -4.79984283E-03
  -4.19998169E-03
  -4.19998169E-03
  -4.09984589E-03
  -3.90052795E-03
  -3.90052795E-03
  -3.79943848E-03
  -3.70025635E-03
  -3.39984894E-03
  -3.10039520E-03
  -2.49958038E-03
  -2.29930878E-03
  -1.89971924E-03
  -1.80053711E-03
  -1.60026550E-03
  -1.39999390E-03
  -1.29985809E-03
  -1.29985809E-03
  -1.19972229E-03
  -1.19972229E-03
  -1.00040436E-03
  -9.99450684E-04
  -8.99314880E-04
  -3.99589539E-04
  -1.00135803E-04
  -1.00135803E-04
   1.00135803E-04
   1.00135803E-04
   2.99453735E-04
   3.99589539E-04
   4.00543213E-04
   4.00543213E-04
   6.99996948E-04
   9.99450684E-04
   1.09958649E-03
   1.09958649E-03
   1.09958649E-03
   1.20067596E-03
   1.60026550E-03
   2.30026245E-03
   2.40039825E-03
   2.79998779E-03
   3.00025940E-03
   3.29971313E-03
   3.39984894E-03
   3.60012054E-03
   3.60012054E-03
   3.80039215E-03
   4.19998169E-03
   4.19998169E-03
   4.19998169E-03
   4.69970703E-03
   5.09929657E-03
   5.10025024E-03
   5.19943237E-03
   5.59997559E-03
   5.79929352E-03
   5.80024719E-03
   5.90038300E-03
   5.90038300E-03
   6.49929047E-03
   6.49929047E-03
   7.49969482E-03
   8.29982758E-03
   1.07002258E-02
   1.15995407E-02
