#Npts     Radius    Mag      Completeness
#  168 1054.2466  -14.468300 1.000000
# Verr
  -1.53999329E-02
  -1.23996735E-02
  -1.08003616E-02
  -1.06992722E-02
  -9.99927521E-03
  -9.59968567E-03
  -9.39941406E-03
  -9.39941406E-03
  -9.30023193E-03
  -8.09955597E-03
  -8.09955597E-03
  -8.00037384E-03
  -6.99996948E-03
  -6.29997253E-03
  -6.19983673E-03
  -6.00051880E-03
  -5.89942932E-03
  -5.79929352E-03
  -5.70011139E-03
  -5.29956818E-03
  -5.10025024E-03
  -5.00011444E-03
  -4.89997864E-03
  -4.59957123E-03
  -4.59957123E-03
  -4.40025330E-03
  -4.30011749E-03
  -4.30011749E-03
  -4.30011749E-03
  -3.99971008E-03
  -3.90052795E-03
  -3.89957428E-03
  -3.70025635E-03
  -3.60012054E-03
  -3.60012054E-03
  -3.49998474E-03
  -3.49998474E-03
  -3.09944153E-03
  -2.69985199E-03
  -2.50053406E-03
  -2.49958038E-03
  -2.30026245E-03
  -2.20012665E-03
  -2.20012665E-03
  -2.20012665E-03
  -2.09999084E-03
  -1.90067291E-03
  -1.79958344E-03
  -1.79958344E-03
  -1.69944763E-03
  -1.60026550E-03
  -1.50012970E-03
  -1.39999390E-03
  -1.39999390E-03
  -1.30081177E-03
  -1.29985809E-03
  -1.29985809E-03
  -1.29985809E-03
  -1.29985809E-03
  -1.29985809E-03
  -1.19972229E-03
  -1.10054016E-03
  -1.10054016E-03
  -1.09958649E-03
  -9.00268555E-04
  -9.00268555E-04
  -8.00132751E-04
  -8.00132751E-04
  -6.99996948E-04
  -6.99996948E-04
  -4.99725342E-04
  -4.00543213E-04
  -4.00543213E-04
  -4.00543213E-04
  -3.99589539E-04
  -3.99589539E-04
  -3.00407410E-04
  -2.99453735E-04
  -2.00271606E-04
  -2.00271606E-04
  -2.00271606E-04
  -1.00135803E-04
  -9.91821289E-05
   0.00000000    
   0.00000000    
   1.00135803E-04
   2.00271606E-04
   3.00407410E-04
   3.99589539E-04
   4.00543213E-04
   4.99725342E-04
   4.99725342E-04
   5.00679016E-04
   5.99861145E-04
   5.99861145E-04
   5.99861145E-04
   5.99861145E-04
   8.00132751E-04
   9.00268555E-04
   9.00268555E-04
   1.19972229E-03
   1.39999390E-03
   1.49917603E-03
   1.50012970E-03
   1.50012970E-03
   1.69944763E-03
   1.69944763E-03
   1.79958344E-03
   1.89971924E-03
   1.90067291E-03
   1.99985504E-03
   2.00080872E-03
   2.09999084E-03
   2.09999084E-03
   2.19917297E-03
   2.20012665E-03
   2.49958038E-03
   2.49958038E-03
   2.50053406E-03
   2.69985199E-03
   2.79998779E-03
   3.20053101E-03
   3.20053101E-03
   3.20053101E-03
   3.29971313E-03
   3.29971313E-03
   3.49998474E-03
   3.80039215E-03
   3.90052795E-03
   3.99971008E-03
   4.00066376E-03
   4.09984589E-03
   4.09984589E-03
   4.30011749E-03
   4.69970703E-03
   4.69970703E-03
   4.69970703E-03
   4.69970703E-03
   4.79984283E-03
   5.00011444E-03
   5.39970398E-03
   5.49983978E-03
   5.99956512E-03
   6.00051880E-03
   6.10065460E-03
   6.49929047E-03
   6.79969788E-03
   6.79969788E-03
   7.90023804E-03
   8.19969177E-03
   8.29982758E-03
   8.29982758E-03
   8.49914551E-03
   8.79955292E-03
   9.39941406E-03
   9.49954987E-03
   9.59968567E-03
   9.99927521E-03
   1.05009079E-02
   1.13000870E-02
   1.14002228E-02
   1.23996735E-02
   1.27000809E-02
   1.43995285E-02
   1.93004608E-02
   2.88000107E-02
   9.77993011E-02
  0.123499870    
