#Npts     Radius    Mag      Completeness
#  168 1669.2239  -14.468300 1.000000
# Verr
  -1.63002014E-02
  -1.25999451E-02
  -1.23996735E-02
  -1.21002197E-02
  -1.20000839E-02
  -1.20000839E-02
  -1.08003616E-02
  -1.04999542E-02
  -1.01003647E-02
  -8.99982452E-03
  -8.80050659E-03
  -8.79955292E-03
  -8.50009918E-03
  -8.10050964E-03
  -8.09955597E-03
  -7.99942017E-03
  -7.80010223E-03
  -7.69996643E-03
  -7.59983063E-03
  -7.59983063E-03
  -7.50064850E-03
  -6.59942627E-03
  -6.50024414E-03
  -6.40010834E-03
  -6.40010834E-03
  -6.29997253E-03
  -6.09970093E-03
  -6.09970093E-03
  -5.99956512E-03
  -5.70011139E-03
  -5.30052185E-03
  -5.29956818E-03
  -5.20038605E-03
  -5.10025024E-03
  -4.80079651E-03
  -4.79984283E-03
  -4.50038910E-03
  -4.19998169E-03
  -3.70025635E-03
  -3.40080261E-03
  -3.30066681E-03
  -3.29971313E-03
  -3.19957733E-03
  -3.00025940E-03
  -2.99930573E-03
  -2.90012360E-03
  -2.90012360E-03
  -2.59971619E-03
  -2.59971619E-03
  -2.59971619E-03
  -2.50053406E-03
  -2.49958038E-03
  -2.39944458E-03
  -2.39944458E-03
  -2.30026245E-03
  -2.30026245E-03
  -1.90067291E-03
  -1.80053711E-03
  -1.69944763E-03
  -1.59931183E-03
  -1.19972229E-03
  -1.10054016E-03
  -1.00040436E-03
  -8.00132751E-04
  -8.00132751E-04
  -5.99861145E-04
  -4.99725342E-04
  -4.99725342E-04
  -4.99725342E-04
  -2.99453735E-04
  -2.99453735E-04
  -2.00271606E-04
  -2.00271606E-04
  -1.99317932E-04
  -1.00135803E-04
   0.00000000    
   0.00000000    
   0.00000000    
   1.99317932E-04
   2.99453735E-04
   3.00407410E-04
   5.99861145E-04
   5.99861145E-04
   6.99996948E-04
   6.99996948E-04
   6.99996948E-04
   7.99179077E-04
   8.00132751E-04
   8.00132751E-04
   9.00268555E-04
   1.19972229E-03
   1.20067596E-03
   1.39999390E-03
   1.39999390E-03
   1.50012970E-03
   1.59931183E-03
   1.60026550E-03
   1.60026550E-03
   1.69944763E-03
   1.70040131E-03
   1.89971924E-03
   1.99985504E-03
   1.99985504E-03
   2.09999084E-03
   2.09999084E-03
   2.19917297E-03
   2.19917297E-03
   2.20012665E-03
   2.29930878E-03
   2.29930878E-03
   2.30026245E-03
   2.50053406E-03
   2.50053406E-03
   2.69985199E-03
   2.69985199E-03
   2.69985199E-03
   2.79998779E-03
   3.19957733E-03
   3.20053101E-03
   3.39984894E-03
   3.49998474E-03
   3.59916687E-03
   3.79943848E-03
   4.09984589E-03
   4.19998169E-03
   4.39929962E-03
   4.50038910E-03
   4.59957123E-03
   4.79984283E-03
   4.89997864E-03
   5.00011444E-03
   5.09929657E-03
   5.09929657E-03
   5.20038605E-03
   5.20038605E-03
   5.29956818E-03
   5.50079346E-03
   5.80024719E-03
   6.09970093E-03
   6.09970093E-03
   6.19983673E-03
   6.40010834E-03
   6.49929047E-03
   6.50024414E-03
   6.70051575E-03
   6.79969788E-03
   7.20024109E-03
   7.30037689E-03
   7.69996643E-03
   7.80010223E-03
   8.20064545E-03
   8.30078125E-03
   8.49914551E-03
   8.69941711E-03
   8.99982452E-03
   9.50050354E-03
   1.00002289E-02
   1.03998184E-02
   1.06000900E-02
   1.06000900E-02
   1.10998154E-02
   1.43003464E-02
   1.56993866E-02
   1.93004608E-02
   2.51998901E-02
   5.75008392E-02
   9.23004150E-02
  0.221699715    
