#Npts     Radius    Mag      Completeness
#   99  644.2618  -14.103000 1.000000
# Verr
  -1.55000687E-02
  -1.10998154E-02
  -1.00994110E-02
  -9.09996033E-03
  -8.99982452E-03
  -8.69941711E-03
  -8.29982758E-03
  -6.89983368E-03
  -6.60037994E-03
  -6.50024414E-03
  -6.40010834E-03
  -6.19983673E-03
  -5.99956512E-03
  -5.49983978E-03
  -5.20038605E-03
  -5.00011444E-03
  -4.10079956E-03
  -3.59916687E-03
  -3.40080261E-03
  -3.20053101E-03
  -3.19957733E-03
  -3.19957733E-03
  -3.09944153E-03
  -2.69985199E-03
  -2.50053406E-03
  -2.40039825E-03
  -2.29930878E-03
  -2.20012665E-03
  -1.89971924E-03
  -1.79958344E-03
  -1.69944763E-03
  -1.39999390E-03
  -1.29985809E-03
  -1.10054016E-03
  -1.10054016E-03
  -1.09958649E-03
  -8.00132751E-04
  -5.99861145E-04
  -5.99861145E-04
  -3.99589539E-04
  -3.00407410E-04
  -1.00135803E-04
   0.00000000    
   0.00000000    
   9.91821289E-05
   1.00135803E-04
   3.00407410E-04
   3.00407410E-04
   3.99589539E-04
   5.99861145E-04
   8.00132751E-04
   8.99314880E-04
   1.00040436E-03
   1.19972229E-03
   1.19972229E-03
   1.29985809E-03
   1.50012970E-03
   1.50012970E-03
   1.60026550E-03
   1.79958344E-03
   1.79958344E-03
   1.80053711E-03
   1.80053711E-03
   2.09999084E-03
   2.20012665E-03
   2.20012665E-03
   2.40039825E-03
   2.49958038E-03
   2.69985199E-03
   2.79998779E-03
   2.79998779E-03
   2.89916992E-03
   3.29971313E-03
   3.80039215E-03
   3.89957428E-03
   4.00066376E-03
   4.09984589E-03
   4.30011749E-03
   4.39929962E-03
   4.59957123E-03
   4.69970703E-03
   5.00011444E-03
   5.40065765E-03
   6.09970093E-03
   6.19983673E-03
   6.60037994E-03
   6.89983368E-03
   7.19928741E-03
   7.40051270E-03
   7.80010223E-03
   7.80010223E-03
   8.10050964E-03
   8.39996338E-03
   8.50009918E-03
   8.79955292E-03
   1.23996735E-02
   3.25002670E-02
   9.22994614E-02
  0.124799728    
