#Npts     Radius    Mag      Completeness
#   70  439.2694  -14.833600 1.000000
# Verr
  -1.23004913E-02
  -1.09996796E-02
  -1.00994110E-02
  -9.69982147E-03
  -9.40036774E-03
  -8.39996338E-03
  -8.19969177E-03
  -7.90023804E-03
  -7.09915161E-03
  -6.89983368E-03
  -6.80065155E-03
  -6.29997253E-03
  -6.00051880E-03
  -5.39970398E-03
  -3.99971008E-03
  -3.49998474E-03
  -3.29971313E-03
  -2.69985199E-03
  -2.59971619E-03
  -2.49958038E-03
  -2.39944458E-03
  -2.30026245E-03
  -2.30026245E-03
  -1.89971924E-03
  -1.79958344E-03
  -1.79958344E-03
  -1.79958344E-03
  -1.70040131E-03
  -1.70040131E-03
  -1.10054016E-03
  -1.09958649E-03
  -9.99450684E-04
  -8.00132751E-04
  -6.99996948E-04
  -6.99996948E-04
   0.00000000    
   0.00000000    
   2.99453735E-04
   4.00543213E-04
   4.99725342E-04
   6.99996948E-04
   1.09958649E-03
   1.29985809E-03
   1.29985809E-03
   1.39999390E-03
   1.60026550E-03
   1.89971924E-03
   1.99985504E-03
   2.09999084E-03
   2.59971619E-03
   2.59971619E-03
   3.09944153E-03
   3.29971313E-03
   3.29971313E-03
   3.59916687E-03
   3.60012054E-03
   4.19998169E-03
   4.39929962E-03
   4.39929962E-03
   4.40025330E-03
   5.59997559E-03
   5.99956512E-03
   6.29997253E-03
   6.59942627E-03
   7.10010529E-03
   7.80010223E-03
   1.02005005E-02
   1.03998184E-02
   2.06003189E-02
   4.20999527E-02
