#Npts     Radius    Mag      Completeness
#   80  439.2694  -14.468300 1.000000
# Verr
  -1.56002045E-02
  -1.28002167E-02
  -1.07994080E-02
  -1.00994110E-02
  -9.30023193E-03
  -8.80050659E-03
  -8.39996338E-03
  -8.29982758E-03
  -8.29982758E-03
  -7.39955902E-03
  -7.30037689E-03
  -6.89983368E-03
  -6.69956207E-03
  -6.60037994E-03
  -5.79929352E-03
  -5.30052185E-03
  -5.09929657E-03
  -4.99916077E-03
  -4.89997864E-03
  -4.79984283E-03
  -4.69970703E-03
  -4.69970703E-03
  -4.50038910E-03
  -4.49943542E-03
  -4.40025330E-03
  -4.10079956E-03
  -4.09984589E-03
  -3.89957428E-03
  -3.70025635E-03
  -3.30066681E-03
  -3.29971313E-03
  -3.20053101E-03
  -2.90012360E-03
  -2.79998779E-03
  -2.59971619E-03
  -2.29930878E-03
  -1.59931183E-03
  -1.50012970E-03
  -1.50012970E-03
  -1.29985809E-03
  -1.09958649E-03
  -1.09958649E-03
  -2.00271606E-04
   0.00000000    
   0.00000000    
   0.00000000    
   6.99996948E-04
   9.00268555E-04
   9.99450684E-04
   1.09958649E-03
   1.19972229E-03
   1.29985809E-03
   1.79958344E-03
   1.80053711E-03
   1.80053711E-03
   2.09999084E-03
   2.20012665E-03
   2.29930878E-03
   2.59971619E-03
   2.99930573E-03
   3.20053101E-03
   3.39984894E-03
   3.59916687E-03
   3.60012054E-03
   3.70025635E-03
   3.89957428E-03
   4.19998169E-03
   4.49943542E-03
   5.49983978E-03
   5.70011139E-03
   5.99956512E-03
   6.79969788E-03
   6.99996948E-03
   7.80010223E-03
   8.29982758E-03
   8.70037079E-03
   1.18999481E-02
   1.36003494E-02
   3.69997025E-02
   4.25996780E-02
