#Npts     Radius    Mag      Completeness
#   90  439.2694  -14.650949 1.000000
# Verr
  -1.84001923E-02
  -1.35002136E-02
  -1.34000778E-02
  -1.02005005E-02
  -7.49969482E-03
  -7.10010529E-03
  -6.70051575E-03
  -6.20079041E-03
  -5.79929352E-03
  -5.59997559E-03
  -5.59997559E-03
  -5.40065765E-03
  -5.10025024E-03
  -4.69970703E-03
  -4.60052490E-03
  -4.59957123E-03
  -4.50038910E-03
  -4.49943542E-03
  -3.89957428E-03
  -3.80039215E-03
  -3.60012054E-03
  -3.40080261E-03
  -3.39984894E-03
  -3.20053101E-03
  -3.19957733E-03
  -2.90012360E-03
  -2.79998779E-03
  -2.69985199E-03
  -2.69985199E-03
  -2.59971619E-03
  -2.59971619E-03
  -2.49958038E-03
  -2.40039825E-03
  -2.20012665E-03
  -1.90067291E-03
  -1.89971924E-03
  -1.20067596E-03
  -9.99450684E-04
  -8.00132751E-04
  -8.00132751E-04
  -5.99861145E-04
  -5.99861145E-04
  -5.99861145E-04
  -5.00679016E-04
  -1.00135803E-04
   1.00135803E-04
   2.00271606E-04
   4.99725342E-04
   6.99996948E-04
   9.00268555E-04
   9.00268555E-04
   9.99450684E-04
   9.99450684E-04
   1.39999390E-03
   1.39999390E-03
   1.39999390E-03
   1.50012970E-03
   1.60026550E-03
   1.80053711E-03
   2.50053406E-03
   2.79998779E-03
   2.90012360E-03
   3.00025940E-03
   3.29971313E-03
   3.89957428E-03
   3.90052795E-03
   3.90052795E-03
   4.10079956E-03
   4.50038910E-03
   4.60052490E-03
   4.70066071E-03
   4.79984283E-03
   5.09929657E-03
   5.20038605E-03
   5.99956512E-03
   6.09970093E-03
   6.40010834E-03
   6.69956207E-03
   6.99996948E-03
   7.20024109E-03
   7.40051270E-03
   7.59983063E-03
   9.59968567E-03
   1.02005005E-02
   1.42002106E-02
   1.46999359E-02
   1.53999329E-02
   2.13003159E-02
   2.79998779E-02
  0.497700691    
