#Npts     Radius    Mag      Completeness
#  193 2928.4626  -14.468300 0.994845
# Verr
  -2.37998962E-02
  -2.04000473E-02
  -2.04000473E-02
  -1.85003281E-02
  -1.51004791E-02
  -1.48000717E-02
  -1.45998001E-02
  -1.37004852E-02
  -1.29995346E-02
  -1.27000809E-02
  -1.13992691E-02
  -1.06000900E-02
  -1.00994110E-02
  -9.69982147E-03
  -9.19914246E-03
  -8.70037079E-03
  -8.60023499E-03
  -8.50009918E-03
  -8.50009918E-03
  -8.50009918E-03
  -8.10050964E-03
  -8.00037384E-03
  -7.89928436E-03
  -7.69996643E-03
  -7.69996643E-03
  -7.49969482E-03
  -7.20024109E-03
  -7.10010529E-03
  -6.90078735E-03
  -6.70051575E-03
  -6.59942627E-03
  -6.19983673E-03
  -6.09970093E-03
  -5.89942932E-03
  -5.49983978E-03
  -5.40065765E-03
  -5.29956818E-03
  -5.29956818E-03
  -5.19943237E-03
  -5.10025024E-03
  -5.00011444E-03
  -4.89997864E-03
  -4.79984283E-03
  -4.69970703E-03
  -4.69970703E-03
  -4.40025330E-03
  -4.09984589E-03
  -3.89957428E-03
  -3.79943848E-03
  -3.69930267E-03
  -3.60012054E-03
  -3.60012054E-03
  -3.49998474E-03
  -3.29971313E-03
  -3.19957733E-03
  -3.10039520E-03
  -3.10039520E-03
  -3.00025940E-03
  -3.00025940E-03
  -2.79998779E-03
  -2.69985199E-03
  -2.69985199E-03
  -2.59971619E-03
  -2.49958038E-03
  -2.30026245E-03
  -2.29930878E-03
  -2.20012665E-03
  -2.09999084E-03
  -1.99985504E-03
  -1.80053711E-03
  -1.79958344E-03
  -1.70040131E-03
  -1.60026550E-03
  -1.60026550E-03
  -1.59931183E-03
  -1.59931183E-03
  -1.50012970E-03
  -1.50012970E-03
  -1.50012970E-03
  -1.49917603E-03
  -1.39999390E-03
  -1.39999390E-03
  -1.10054016E-03
  -1.10054016E-03
  -1.00040436E-03
  -1.00040436E-03
  -8.99314880E-04
  -6.99996948E-04
  -6.99996948E-04
  -6.99996948E-04
  -5.99861145E-04
  -5.99861145E-04
  -4.99725342E-04
  -4.99725342E-04
  -1.00135803E-04
  -1.00135803E-04
   0.00000000    
   2.00271606E-04
   3.00407410E-04
   3.00407410E-04
   3.99589539E-04
   5.99861145E-04
   6.00814819E-04
   6.99996948E-04
   6.99996948E-04
   7.99179077E-04
   8.00132751E-04
   8.00132751E-04
   9.99450684E-04
   9.99450684E-04
   1.09958649E-03
   1.09958649E-03
   1.10054016E-03
   1.19972229E-03
   1.20067596E-03
   1.29985809E-03
   1.50012970E-03
   1.60026550E-03
   1.79958344E-03
   1.99985504E-03
   2.00080872E-03
   2.09999084E-03
   2.09999084E-03
   2.09999084E-03
   2.09999084E-03
   2.20012665E-03
   2.20012665E-03
   2.39944458E-03
   2.59971619E-03
   2.59971619E-03
   2.69985199E-03
   2.69985199E-03
   2.70080566E-03
   2.79998779E-03
   3.00025940E-03
   3.10039520E-03
   3.29971313E-03
   3.29971313E-03
   3.29971313E-03
   3.49998474E-03
   3.49998474E-03
   3.70025635E-03
   4.09984589E-03
   4.09984589E-03
   4.10079956E-03
   4.59957123E-03
   4.79984283E-03
   4.80079651E-03
   5.00011444E-03
   5.00011444E-03
   5.10025024E-03
   5.10025024E-03
   5.29956818E-03
   5.99956512E-03
   6.10065460E-03
   6.50024414E-03
   6.50024414E-03
   6.59942627E-03
   6.60037994E-03
   6.99996948E-03
   6.99996948E-03
   6.99996948E-03
   6.99996948E-03
   7.10010529E-03
   7.20024109E-03
   7.30037689E-03
   7.50064850E-03
   7.90023804E-03
   7.90023804E-03
   8.29982758E-03
   8.39996338E-03
   8.50009918E-03
   8.70037079E-03
   9.09996033E-03
   9.09996033E-03
   9.20009613E-03
   1.00002289E-02
   1.03998184E-02
   1.07002258E-02
   1.11999512E-02
   1.13992691E-02
   1.17998123E-02
   1.18999481E-02
   1.28002167E-02
   1.45006180E-02
   1.52997971E-02
   1.55000687E-02
   1.64995193E-02
   1.83000565E-02
   2.03008652E-02
   2.11000443E-02
   5.04999161E-02
   6.61001205E-02
