#Npts     Radius    Mag      Completeness
#  130  849.2542  -14.468300 1.000000
# Verr
  -1.30004883E-02
  -1.14002228E-02
  -1.07994080E-02
  -8.69941711E-03
  -8.60023499E-03
  -8.39996338E-03
  -8.10050964E-03
  -7.99942017E-03
  -7.49969482E-03
  -7.39955902E-03
  -6.80065155E-03
  -6.50024414E-03
  -6.40010834E-03
  -6.20079041E-03
  -6.10065460E-03
  -6.10065460E-03
  -5.90038300E-03
  -5.49983978E-03
  -5.39970398E-03
  -5.19943237E-03
  -5.00011444E-03
  -4.79984283E-03
  -4.79984283E-03
  -4.60052490E-03
  -4.49943542E-03
  -4.40025330E-03
  -4.09984589E-03
  -3.99971008E-03
  -3.70025635E-03
  -3.60012054E-03
  -3.49998474E-03
  -3.49998474E-03
  -3.49998474E-03
  -3.30066681E-03
  -3.19957733E-03
  -2.90012360E-03
  -2.79998779E-03
  -2.40039825E-03
  -2.09999084E-03
  -2.09999084E-03
  -1.99985504E-03
  -1.99985504E-03
  -1.89971924E-03
  -1.79958344E-03
  -1.60026550E-03
  -1.60026550E-03
  -1.29985809E-03
  -1.29985809E-03
  -1.10054016E-03
  -1.00040436E-03
  -6.99996948E-04
  -3.00407410E-04
  -1.00135803E-04
   1.00135803E-04
   1.00135803E-04
   1.00135803E-04
   1.00135803E-04
   2.00271606E-04
   2.99453735E-04
   2.99453735E-04
   4.00543213E-04
   8.99314880E-04
   1.10054016E-03
   1.10054016E-03
   1.19972229E-03
   1.50012970E-03
   1.50012970E-03
   1.60026550E-03
   1.70040131E-03
   1.70040131E-03
   1.80053711E-03
   1.90067291E-03
   1.99985504E-03
   2.09999084E-03
   2.20012665E-03
   2.20012665E-03
   2.49958038E-03
   2.49958038E-03
   2.50053406E-03
   2.69985199E-03
   2.90012360E-03
   2.90012360E-03
   2.90012360E-03
   3.00025940E-03
   3.00025940E-03
   3.09944153E-03
   3.20053101E-03
   3.40080261E-03
   3.60012054E-03
   3.70025635E-03
   3.70025635E-03
   3.70025635E-03
   3.80039215E-03
   3.99971008E-03
   4.19998169E-03
   4.29916382E-03
   4.40025330E-03
   4.40025330E-03
   4.69970703E-03
   5.10025024E-03
   5.19943237E-03
   5.19943237E-03
   5.59997559E-03
   5.90038300E-03
   6.79969788E-03
   6.90078735E-03
   7.10010529E-03
   7.39955902E-03
   7.49969482E-03
   7.80010223E-03
   7.80010223E-03
   7.80010223E-03
   7.90023804E-03
   8.50009918E-03
   8.80050659E-03
   9.20009613E-03
   9.30023193E-03
   9.40036774E-03
   9.40036774E-03
   9.49954987E-03
   9.49954987E-03
   9.69982147E-03
   1.06992722E-02
   1.08003616E-02
   1.08003616E-02
   1.10006332E-02
   1.15003586E-02
   1.68008804E-02
   4.24995422E-02
  0.130299568    
