#Npts     Radius    Mag      Completeness
#  145 2079.2087  -14.468300 1.000000
# Verr
  -2.74000168E-02
  -1.42002106E-02
  -1.39999390E-02
  -1.31998062E-02
  -1.29003525E-02
  -1.10998154E-02
  -1.07994080E-02
  -1.07002258E-02
  -1.01003647E-02
  -1.00002289E-02
  -9.69982147E-03
  -9.59968567E-03
  -8.60023499E-03
  -8.00037384E-03
  -7.69996643E-03
  -7.40051270E-03
  -7.39955902E-03
  -6.80065155E-03
  -6.79969788E-03
  -6.10065460E-03
  -6.09970093E-03
  -5.80024719E-03
  -5.70011139E-03
  -5.59997559E-03
  -5.49983978E-03
  -5.39970398E-03
  -5.30052185E-03
  -5.29956818E-03
  -5.19943237E-03
  -5.10025024E-03
  -5.00011444E-03
  -4.89997864E-03
  -4.79984283E-03
  -4.79984283E-03
  -4.40025330E-03
  -4.39929962E-03
  -4.09984589E-03
  -4.09984589E-03
  -3.90052795E-03
  -3.90052795E-03
  -3.89957428E-03
  -3.89957428E-03
  -3.80039215E-03
  -3.80039215E-03
  -3.80039215E-03
  -3.70025635E-03
  -3.70025635E-03
  -3.69930267E-03
  -3.39984894E-03
  -3.29971313E-03
  -3.29971313E-03
  -3.29971313E-03
  -3.20053101E-03
  -3.20053101E-03
  -2.79998779E-03
  -2.69985199E-03
  -2.40039825E-03
  -2.20012665E-03
  -2.09999084E-03
  -2.09999084E-03
  -1.99985504E-03
  -1.99985504E-03
  -1.90067291E-03
  -1.80053711E-03
  -1.70040131E-03
  -1.69944763E-03
  -1.60026550E-03
  -1.59931183E-03
  -1.49917603E-03
  -1.19972229E-03
  -1.09958649E-03
  -1.09958649E-03
  -8.00132751E-04
  -8.00132751E-04
  -7.99179077E-04
  -6.99996948E-04
  -5.99861145E-04
  -5.00679016E-04
  -4.99725342E-04
  -4.99725342E-04
  -4.00543213E-04
  -3.00407410E-04
  -2.99453735E-04
  -1.00135803E-04
   0.00000000    
   9.91821289E-05
   1.00135803E-04
   2.99453735E-04
   3.99589539E-04
   5.99861145E-04
   6.00814819E-04
   6.99996948E-04
   6.99996948E-04
   6.99996948E-04
   6.99996948E-04
   1.00040436E-03
   1.09958649E-03
   1.29985809E-03
   1.29985809E-03
   1.49917603E-03
   1.50012970E-03
   1.70040131E-03
   1.89971924E-03
   1.89971924E-03
   1.90067291E-03
   1.99985504E-03
   2.40039825E-03
   2.60066986E-03
   2.89916992E-03
   3.39984894E-03
   3.49998474E-03
   3.70025635E-03
   3.70025635E-03
   3.89957428E-03
   4.09984589E-03
   4.19998169E-03
   4.29916382E-03
   4.50038910E-03
   4.69970703E-03
   4.70066071E-03
   4.79984283E-03
   5.10025024E-03
   5.30052185E-03
   5.49983978E-03
   5.50079346E-03
   5.79929352E-03
   5.90038300E-03
   5.90038300E-03
   6.19983673E-03
   6.50024414E-03
   6.69956207E-03
   6.79969788E-03
   7.39955902E-03
   9.40036774E-03
   9.90009308E-03
   1.00002289E-02
   1.07002258E-02
   1.08003616E-02
   1.21002197E-02
   1.41000748E-02
   1.50995255E-02
   1.70993805E-02
   2.48003006E-02
   2.99997330E-02
   3.97996902E-02
