#Npts     Radius    Mag      Completeness
#  146 2079.2087  -14.103000 1.000000
# Verr
  -1.35993958E-02
  -1.34000778E-02
  -1.24006271E-02
  -1.17998123E-02
  -1.16996765E-02
  -9.69982147E-03
  -9.69982147E-03
  -9.30023193E-03
  -8.50009918E-03
  -7.90023804E-03
  -7.69996643E-03
  -7.49969482E-03
  -6.59942627E-03
  -6.40010834E-03
  -6.20079041E-03
  -6.00051880E-03
  -5.99956512E-03
  -5.50079346E-03
  -5.49983978E-03
  -5.49983978E-03
  -5.39970398E-03
  -5.39970398E-03
  -5.30052185E-03
  -5.09929657E-03
  -4.89997864E-03
  -4.89997864E-03
  -4.80079651E-03
  -4.80079651E-03
  -4.79984283E-03
  -4.69970703E-03
  -4.50038910E-03
  -4.40025330E-03
  -4.40025330E-03
  -4.30011749E-03
  -3.99971008E-03
  -3.89957428E-03
  -3.89957428E-03
  -3.70025635E-03
  -3.70025635E-03
  -3.49998474E-03
  -3.39984894E-03
  -3.10039520E-03
  -2.90012360E-03
  -2.90012360E-03
  -2.79998779E-03
  -2.79998779E-03
  -2.79998779E-03
  -2.69985199E-03
  -2.49958038E-03
  -2.29930878E-03
  -1.99985504E-03
  -1.39999390E-03
  -1.29985809E-03
  -1.19972229E-03
  -1.10054016E-03
  -1.09958649E-03
  -1.09958649E-03
  -1.00040436E-03
  -9.99450684E-04
  -9.00268555E-04
  -9.00268555E-04
  -8.99314880E-04
  -8.00132751E-04
  -6.99996948E-04
  -5.99861145E-04
  -4.99725342E-04
  -4.99725342E-04
  -3.99589539E-04
  -2.00271606E-04
  -2.00271606E-04
  -2.00271606E-04
  -1.99317932E-04
  -1.00135803E-04
  -1.00135803E-04
  -1.00135803E-04
  -9.91821289E-05
   9.91821289E-05
   1.00135803E-04
   1.00135803E-04
   1.99317932E-04
   3.99589539E-04
   4.00543213E-04
   5.00679016E-04
   5.99861145E-04
   5.99861145E-04
   6.00814819E-04
   6.99996948E-04
   6.99996948E-04
   8.99314880E-04
   9.00268555E-04
   9.00268555E-04
   9.99450684E-04
   9.99450684E-04
   9.99450684E-04
   1.00040436E-03
   1.09958649E-03
   1.09958649E-03
   1.10054016E-03
   1.29985809E-03
   1.39999390E-03
   1.60026550E-03
   1.69944763E-03
   2.09999084E-03
   2.20012665E-03
   2.29930878E-03
   2.29930878E-03
   2.30026245E-03
   2.39944458E-03
   2.49958038E-03
   2.69985199E-03
   2.79998779E-03
   2.79998779E-03
   2.90012360E-03
   2.90012360E-03
   3.00025940E-03
   3.00025940E-03
   3.00025940E-03
   3.00025940E-03
   3.09944153E-03
   3.19957733E-03
   3.49998474E-03
   3.70025635E-03
   3.89957428E-03
   4.00066376E-03
   4.19998169E-03
   4.40025330E-03
   4.60052490E-03
   5.00011444E-03
   5.00011444E-03
   5.19943237E-03
   5.30052185E-03
   5.39970398E-03
   5.49983978E-03
   5.70011139E-03
   5.99956512E-03
   5.99956512E-03
   6.19983673E-03
   7.99942017E-03
   8.30078125E-03
   8.49914551E-03
   8.89968872E-03
   9.69982147E-03
   1.00994110E-02
   1.01003647E-02
   1.64003372E-02
   2.62994766E-02
