#Npts     Radius    Mag      Completeness
#  183 1874.2163  -14.285650 1.000000
# Verr
  -1.97000504E-02
  -1.42993927E-02
  -1.35993958E-02
  -1.25999451E-02
  -1.24006271E-02
  -1.20000839E-02
  -1.14002228E-02
  -1.06000900E-02
  -1.05991364E-02
  -9.60063934E-03
  -9.60063934E-03
  -9.49954987E-03
  -9.30023193E-03
  -9.29927826E-03
  -9.09996033E-03
  -8.69941711E-03
  -8.50009918E-03
  -8.50009918E-03
  -8.39996338E-03
  -8.29982758E-03
  -8.09955597E-03
  -8.09955597E-03
  -7.90023804E-03
  -7.80010223E-03
  -7.30037689E-03
  -7.30037689E-03
  -6.59942627E-03
  -6.50024414E-03
  -6.49929047E-03
  -6.40010834E-03
  -6.29997253E-03
  -6.19983673E-03
  -6.10065460E-03
  -6.09970093E-03
  -6.09970093E-03
  -5.70011139E-03
  -5.49983978E-03
  -5.40065765E-03
  -5.39970398E-03
  -5.19943237E-03
  -5.19943237E-03
  -5.10025024E-03
  -4.89997864E-03
  -4.89997864E-03
  -4.89997864E-03
  -4.79984283E-03
  -4.60052490E-03
  -4.50038910E-03
  -4.30011749E-03
  -4.30011749E-03
  -4.19998169E-03
  -4.00066376E-03
  -3.99971008E-03
  -3.70025635E-03
  -3.70025635E-03
  -3.49998474E-03
  -3.39984894E-03
  -3.29971313E-03
  -3.20053101E-03
  -3.10039520E-03
  -3.10039520E-03
  -3.00025940E-03
  -3.00025940E-03
  -2.69985199E-03
  -2.49958038E-03
  -2.49958038E-03
  -2.39944458E-03
  -2.30026245E-03
  -2.29930878E-03
  -1.89971924E-03
  -1.79958344E-03
  -1.79958344E-03
  -1.69944763E-03
  -1.69944763E-03
  -1.59931183E-03
  -1.50012970E-03
  -1.49917603E-03
  -1.39999390E-03
  -1.39999390E-03
  -1.29985809E-03
  -1.19972229E-03
  -1.19972229E-03
  -1.19972229E-03
  -1.10054016E-03
  -8.99314880E-04
  -8.00132751E-04
  -7.99179077E-04
  -7.99179077E-04
  -6.99996948E-04
  -6.99996948E-04
  -4.99725342E-04
  -4.00543213E-04
  -3.00407410E-04
  -2.99453735E-04
  -1.99317932E-04
  -1.00135803E-04
   0.00000000    
   0.00000000    
   0.00000000    
   9.91821289E-05
   1.99317932E-04
   2.00271606E-04
   2.00271606E-04
   2.99453735E-04
   3.99589539E-04
   3.99589539E-04
   3.99589539E-04
   4.00543213E-04
   4.99725342E-04
   5.99861145E-04
   5.99861145E-04
   9.00268555E-04
   9.00268555E-04
   9.00268555E-04
   1.10054016E-03
   1.19972229E-03
   1.19972229E-03
   1.20067596E-03
   1.29985809E-03
   1.39999390E-03
   1.50012970E-03
   1.50012970E-03
   1.60026550E-03
   1.79958344E-03
   2.09999084E-03
   2.09999084E-03
   2.09999084E-03
   2.29930878E-03
   2.40039825E-03
   2.40039825E-03
   2.40039825E-03
   2.69985199E-03
   2.79998779E-03
   2.90012360E-03
   2.90012360E-03
   3.00025940E-03
   3.00025940E-03
   3.09944153E-03
   3.10039520E-03
   3.10039520E-03
   3.39984894E-03
   3.39984894E-03
   3.49998474E-03
   3.49998474E-03
   3.60012054E-03
   3.80039215E-03
   3.80039215E-03
   4.09984589E-03
   4.19998169E-03
   4.40025330E-03
   4.59957123E-03
   4.69970703E-03
   4.89997864E-03
   4.89997864E-03
   5.20038605E-03
   5.30052185E-03
   5.30052185E-03
   5.59997559E-03
   5.59997559E-03
   6.10065460E-03
   6.29997253E-03
   6.40010834E-03
   6.50024414E-03
   6.79969788E-03
   6.99996948E-03
   7.29942322E-03
   7.30037689E-03
   7.50064850E-03
   8.09955597E-03
   8.50009918E-03
   9.00077820E-03
   9.49954987E-03
   1.06992722E-02
   1.09996796E-02
   1.09996796E-02
   1.11999512E-02
   1.14002228E-02
   1.21002197E-02
   1.24998093E-02
   1.58996582E-02
   2.47993469E-02
   3.50999832E-02
   3.83996964E-02
