#Npts     Radius    Mag      Completeness
#  246  635.7338  -11.163417 0.987952
# Ierr
  -3.54995728E-02
  -3.26995850E-02
  -3.14998627E-02
  -3.05995941E-02
  -2.91004181E-02
  -2.60000229E-02
  -2.53000259E-02
  -2.04000473E-02
  -1.74999237E-02
  -1.74007416E-02
  -1.70001984E-02
  -1.41992569E-02
  -1.38998032E-02
  -1.37004852E-02
  -1.17998123E-02
  -1.15995407E-02
  -1.08995438E-02
  -1.07002258E-02
  -1.07002258E-02
  -1.07002258E-02
  -1.06000900E-02
  -1.06000900E-02
  -9.79995728E-03
  -9.40036774E-03
  -9.20009613E-03
  -8.90064240E-03
  -8.79955292E-03
  -8.60023499E-03
  -8.59928131E-03
  -8.19969177E-03
  -8.10050964E-03
  -7.89928436E-03
  -7.59983063E-03
  -7.39955902E-03
  -7.29942322E-03
  -7.20024109E-03
  -6.99996948E-03
  -6.99996948E-03
  -6.99996948E-03
  -6.60037994E-03
  -6.40010834E-03
  -6.19983673E-03
  -6.19983673E-03
  -6.09970093E-03
  -5.99956512E-03
  -5.89942932E-03
  -5.80024719E-03
  -5.70011139E-03
  -5.59997559E-03
  -5.59997559E-03
  -5.30052185E-03
  -5.29956818E-03
  -5.20038605E-03
  -5.20038605E-03
  -5.20038605E-03
  -5.10025024E-03
  -5.00011444E-03
  -4.89997864E-03
  -4.89997864E-03
  -4.69970703E-03
  -4.60052490E-03
  -4.59957123E-03
  -4.59957123E-03
  -4.50038910E-03
  -4.50038910E-03
  -4.50038910E-03
  -4.49943542E-03
  -4.40025330E-03
  -4.40025330E-03
  -4.29916382E-03
  -4.19998169E-03
  -4.19998169E-03
  -4.19998169E-03
  -4.19998169E-03
  -4.09984589E-03
  -4.00066376E-03
  -3.99971008E-03
  -3.99971008E-03
  -3.89957428E-03
  -3.80039215E-03
  -3.79943848E-03
  -3.60012054E-03
  -3.60012054E-03
  -3.49998474E-03
  -3.39984894E-03
  -3.39984894E-03
  -3.39984894E-03
  -3.29971313E-03
  -3.29971313E-03
  -3.29971313E-03
  -3.20053101E-03
  -3.19957733E-03
  -3.19957733E-03
  -2.79998779E-03
  -2.79998779E-03
  -2.70080566E-03
  -2.69985199E-03
  -2.59971619E-03
  -2.50053406E-03
  -2.49958038E-03
  -2.40039825E-03
  -2.40039825E-03
  -2.39944458E-03
  -2.30026245E-03
  -2.30026245E-03
  -2.20012665E-03
  -2.20012665E-03
  -2.19917297E-03
  -2.09999084E-03
  -2.09999084E-03
  -2.09999084E-03
  -2.09999084E-03
  -1.90067291E-03
  -1.89971924E-03
  -1.80053711E-03
  -1.80053711E-03
  -1.79958344E-03
  -1.69944763E-03
  -1.60026550E-03
  -1.60026550E-03
  -1.59931183E-03
  -1.50012970E-03
  -1.39999390E-03
  -1.39999390E-03
  -1.39999390E-03
  -1.30081177E-03
  -1.09958649E-03
  -1.00040436E-03
  -1.00040436E-03
  -1.00040436E-03
  -9.99450684E-04
  -8.00132751E-04
  -6.99996948E-04
  -5.99861145E-04
  -5.99861145E-04
  -5.99861145E-04
  -4.99725342E-04
  -4.99725342E-04
  -3.99589539E-04
  -3.00407410E-04
  -2.99453735E-04
  -2.00271606E-04
  -2.00271606E-04
  -2.00271606E-04
  -1.99317932E-04
  -1.00135803E-04
  -1.00135803E-04
  -1.00135803E-04
   0.00000000    
   0.00000000    
   2.00271606E-04
   2.99453735E-04
   3.00407410E-04
   3.99589539E-04
   3.99589539E-04
   3.99589539E-04
   4.00543213E-04
   4.00543213E-04
   4.00543213E-04
   4.99725342E-04
   4.99725342E-04
   5.99861145E-04
   6.99996948E-04
   8.00132751E-04
   9.00268555E-04
   9.99450684E-04
   1.00040436E-03
   1.09958649E-03
   1.10054016E-03
   1.29985809E-03
   1.39999390E-03
   1.50012970E-03
   1.59931183E-03
   1.60026550E-03
   1.69944763E-03
   1.70040131E-03
   1.79958344E-03
   1.79958344E-03
   1.80053711E-03
   1.89971924E-03
   2.20012665E-03
   2.20012665E-03
   2.39944458E-03
   2.39944458E-03
   2.49958038E-03
   2.59971619E-03
   2.69985199E-03
   2.69985199E-03
   2.79998779E-03
   2.90012360E-03
   3.00025940E-03
   3.09944153E-03
   3.09944153E-03
   3.10039520E-03
   3.40080261E-03
   3.49998474E-03
   3.60012054E-03
   3.60012054E-03
   3.60012054E-03
   3.69930267E-03
   3.80039215E-03
   3.89957428E-03
   4.09984589E-03
   4.19998169E-03
   4.40025330E-03
   4.69970703E-03
   4.69970703E-03
   4.69970703E-03
   4.79984283E-03
   4.99916077E-03
   5.00011444E-03
   5.00011444E-03
   5.10025024E-03
   5.10025024E-03
   5.19943237E-03
   5.39970398E-03
   6.69956207E-03
   6.99996948E-03
   7.19928741E-03
   7.30037689E-03
   7.30037689E-03
   7.30037689E-03
   7.49969482E-03
   7.49969482E-03
   7.59983063E-03
   7.79914856E-03
   8.00037384E-03
   8.50009918E-03
   9.09996033E-03
   9.39941406E-03
   9.49954987E-03
   9.90009308E-03
   1.19009018E-02
   1.21002197E-02
   1.24006271E-02
   1.29003525E-02
   1.30996704E-02
   1.70993805E-02
   1.91001892E-02
   4.18996811E-02
   5.07001877E-02
   5.90000153E-02
   6.09998703E-02
   6.64997101E-02
  0.113600731    
  0.143799782    
