#Npts     Radius    Mag      Completeness
#  157  635.7338  -15.005633 1.000000
# Ierr
  -1.72996521E-02
  -1.42993927E-02
  -1.23996735E-02
  -1.20992661E-02
  -1.00002289E-02
  -9.40036774E-03
  -8.89968872E-03
  -8.50009918E-03
  -8.10050964E-03
  -7.40051270E-03
  -7.20024109E-03
  -7.10010529E-03
  -6.99996948E-03
  -6.89983368E-03
  -6.79969788E-03
  -6.79969788E-03
  -6.59942627E-03
  -6.50024414E-03
  -6.49929047E-03
  -6.29997253E-03
  -6.19983673E-03
  -6.10065460E-03
  -5.99956512E-03
  -5.90038300E-03
  -5.79929352E-03
  -5.69915771E-03
  -5.29956818E-03
  -5.29956818E-03
  -4.89997864E-03
  -4.79984283E-03
  -4.69970703E-03
  -4.50038910E-03
  -4.19998169E-03
  -3.99971008E-03
  -3.99971008E-03
  -3.90052795E-03
  -3.90052795E-03
  -3.90052795E-03
  -3.90052795E-03
  -3.49998474E-03
  -3.39984894E-03
  -3.39984894E-03
  -3.29971313E-03
  -3.29971313E-03
  -3.10039520E-03
  -3.09944153E-03
  -2.99930573E-03
  -2.99930573E-03
  -2.90012360E-03
  -2.59971619E-03
  -2.30026245E-03
  -1.89971924E-03
  -1.80053711E-03
  -1.79958344E-03
  -1.79958344E-03
  -1.50012970E-03
  -1.50012970E-03
  -1.50012970E-03
  -1.29985809E-03
  -1.19972229E-03
  -1.10054016E-03
  -8.00132751E-04
  -6.99996948E-04
  -6.99996948E-04
  -5.99861145E-04
  -4.99725342E-04
  -3.99589539E-04
  -2.00271606E-04
  -2.00271606E-04
  -1.00135803E-04
  -1.00135803E-04
  -1.00135803E-04
  -9.91821289E-05
   0.00000000    
   0.00000000    
   1.00135803E-04
   1.00135803E-04
   2.00271606E-04
   3.00407410E-04
   3.99589539E-04
   4.99725342E-04
   4.99725342E-04
   5.99861145E-04
   5.99861145E-04
   6.99996948E-04
   6.99996948E-04
   6.99996948E-04
   8.99314880E-04
   9.00268555E-04
   1.09958649E-03
   1.09958649E-03
   1.20067596E-03
   1.39999390E-03
   1.59931183E-03
   1.99985504E-03
   2.09999084E-03
   2.29930878E-03
   2.29930878E-03
   2.30026245E-03
   2.39944458E-03
   2.59971619E-03
   2.79998779E-03
   2.90012360E-03
   2.90012360E-03
   2.90012360E-03
   3.00025940E-03
   3.09944153E-03
   3.10039520E-03
   3.19957733E-03
   3.29971313E-03
   3.30066681E-03
   3.39984894E-03
   3.49998474E-03
   3.60012054E-03
   3.69930267E-03
   3.89957428E-03
   4.00066376E-03
   4.09984589E-03
   4.19998169E-03
   4.40025330E-03
   4.49943542E-03
   5.00011444E-03
   5.00011444E-03
   5.00011444E-03
   5.09929657E-03
   5.49983978E-03
   5.80024719E-03
   5.80024719E-03
   5.90038300E-03
   6.10065460E-03
   6.20079041E-03
   6.60037994E-03
   6.69956207E-03
   6.70051575E-03
   6.89983368E-03
   6.90078735E-03
   6.99996948E-03
   6.99996948E-03
   7.39955902E-03
   7.69996643E-03
   7.80010223E-03
   7.99942017E-03
   8.39996338E-03
   8.70037079E-03
   8.70037079E-03
   8.79955292E-03
   8.80050659E-03
   8.99982452E-03
   9.30023193E-03
   9.69982147E-03
   1.04999542E-02
   1.07002258E-02
   2.04000473E-02
   2.09999084E-02
   3.04994583E-02
   3.80001068E-02
  0.491799355    
