#Npts     Radius    Mag      Completeness
#  152  635.6383  -16.660000 0.993464
# Ierr
  -7.30133057E-03
  -6.09970093E-03
  -5.89942932E-03
  -5.20133972E-03
  -5.10025024E-03
  -4.60052490E-03
  -3.79943848E-03
  -3.70025635E-03
  -3.69834900E-03
  -3.59916687E-03
  -3.39889526E-03
  -3.29971313E-03
  -3.29971313E-03
  -3.20053101E-03
  -3.09944153E-03
  -3.00025940E-03
  -3.00025940E-03
  -2.90107727E-03
  -2.69889832E-03
  -2.69889832E-03
  -2.59971619E-03
  -2.59971619E-03
  -2.59971619E-03
  -2.30026245E-03
  -2.19917297E-03
  -2.09999084E-03
  -1.80053711E-03
  -1.69944763E-03
  -1.59835815E-03
  -1.39999390E-03
  -1.39999390E-03
  -1.30081177E-03
  -1.29890442E-03
  -1.29890442E-03
  -1.19972229E-03
  -1.10054016E-03
  -1.10054016E-03
  -1.09863281E-03
  -9.00268555E-04
  -9.00268555E-04
  -8.98361206E-04
  -8.01086426E-04
  -6.99996948E-04
  -6.99996948E-04
  -6.99996948E-04
  -6.99996948E-04
  -6.99996948E-04
  -6.99996948E-04
  -6.99996948E-04
  -6.00814819E-04
  -6.00814819E-04
  -6.00814819E-04
  -5.98907471E-04
  -4.99725342E-04
  -4.99725342E-04
  -4.00543213E-04
  -4.00543213E-04
  -4.00543213E-04
  -4.00543213E-04
  -3.98635864E-04
  -3.01361084E-04
  -2.00271606E-04
  -2.00271606E-04
  -2.00271606E-04
  -1.01089478E-04
  -9.91821289E-05
   0.00000000    
   0.00000000    
   0.00000000    
   9.91821289E-05
   1.01089478E-04
   1.01089478E-04
   1.98364258E-04
   2.00271606E-04
   2.99453735E-04
   2.99453735E-04
   2.99453735E-04
   2.99453735E-04
   4.00543213E-04
   4.99725342E-04
   4.99725342E-04
   4.99725342E-04
   4.99725342E-04
   5.98907471E-04
   6.00814819E-04
   6.99996948E-04
   6.99996948E-04
   6.99996948E-04
   6.99996948E-04
   7.99179077E-04
   7.99179077E-04
   8.98361206E-04
   8.98361206E-04
   9.00268555E-04
   9.00268555E-04
   9.99450684E-04
   1.00135803E-03
   1.10054016E-03
   1.10054016E-03
   1.10054016E-03
   1.10054016E-03
   1.19972229E-03
   1.19972229E-03
   1.19972229E-03
   1.19972229E-03
   1.30081177E-03
   1.39999390E-03
   1.39999390E-03
   1.49917603E-03
   1.49917603E-03
   1.50108337E-03
   1.50108337E-03
   1.60026550E-03
   1.60026550E-03
   1.60026550E-03
   1.69944763E-03
   1.69944763E-03
   1.80053711E-03
   2.09999084E-03
   2.19917297E-03
   2.30026245E-03
   2.39944458E-03
   2.40135193E-03
   2.50053406E-03
   2.50053406E-03
   2.50053406E-03
   2.79998779E-03
   2.89916992E-03
   2.89916992E-03
   2.89916992E-03
   2.99835205E-03
   3.09944153E-03
   3.10134888E-03
   3.20053101E-03
   3.29971313E-03
   3.70025635E-03
   3.90052795E-03
   3.99971008E-03
   4.19998169E-03
   4.19998169E-03
   4.49943542E-03
   4.60052490E-03
   4.69970703E-03
   5.19943237E-03
   5.39970398E-03
   5.59997559E-03
   7.20024109E-03
   7.59887695E-03
   1.05991364E-02
   1.16004944E-02
   1.25999451E-02
   2.77004242E-02
