#Npts     Radius    Mag      Completeness
#  208  837.2189  -14.938450 0.985782
# Ierr
  -3.14006805E-02
  -2.02999115E-02
  -1.63002014E-02
  -1.31998062E-02
  -1.27000809E-02
  -1.27000809E-02
  -1.20000839E-02
  -1.10998154E-02
  -1.08003616E-02
  -1.07002258E-02
  -1.05991364E-02
  -1.04999542E-02
  -1.02005005E-02
  -1.01003647E-02
  -9.30023193E-03
  -8.80050659E-03
  -8.29982758E-03
  -8.29982758E-03
  -7.99942017E-03
  -7.50064850E-03
  -7.30037689E-03
  -6.99996948E-03
  -6.89983368E-03
  -6.70051575E-03
  -6.59942627E-03
  -6.40010834E-03
  -6.29997253E-03
  -6.10065460E-03
  -5.90038300E-03
  -5.89942932E-03
  -5.70011139E-03
  -5.70011139E-03
  -5.70011139E-03
  -5.59997559E-03
  -5.40065765E-03
  -5.20038605E-03
  -5.19943237E-03
  -4.89997864E-03
  -4.89997864E-03
  -4.79984283E-03
  -4.79984283E-03
  -4.69970703E-03
  -4.60052490E-03
  -4.60052490E-03
  -4.59957123E-03
  -4.59957123E-03
  -4.49943542E-03
  -4.19998169E-03
  -4.09984589E-03
  -4.09984589E-03
  -4.00066376E-03
  -3.49998474E-03
  -3.29971313E-03
  -3.09944153E-03
  -3.09944153E-03
  -3.00025940E-03
  -2.99930573E-03
  -2.90012360E-03
  -2.90012360E-03
  -2.90012360E-03
  -2.90012360E-03
  -2.80094147E-03
  -2.79998779E-03
  -2.59971619E-03
  -2.50053406E-03
  -2.50053406E-03
  -2.40039825E-03
  -2.20012665E-03
  -2.09999084E-03
  -1.99985504E-03
  -1.99985504E-03
  -1.79958344E-03
  -1.69944763E-03
  -1.59931183E-03
  -1.50012970E-03
  -1.39999390E-03
  -1.30081177E-03
  -1.29985809E-03
  -1.19972229E-03
  -1.19972229E-03
  -1.19972229E-03
  -1.09958649E-03
  -1.09958649E-03
  -1.00040436E-03
  -1.00040436E-03
  -9.99450684E-04
  -9.00268555E-04
  -8.99314880E-04
  -8.99314880E-04
  -6.99996948E-04
  -6.99996948E-04
  -6.99996948E-04
  -6.00814819E-04
  -5.00679016E-04
  -4.99725342E-04
  -4.99725342E-04
  -4.99725342E-04
  -4.99725342E-04
  -4.00543213E-04
  -3.00407410E-04
  -2.00271606E-04
  -2.00271606E-04
  -1.00135803E-04
   0.00000000    
   1.00135803E-04
   1.99317932E-04
   2.00271606E-04
   2.00271606E-04
   2.00271606E-04
   6.99996948E-04
   6.99996948E-04
   6.99996948E-04
   7.99179077E-04
   8.99314880E-04
   9.00268555E-04
   1.00040436E-03
   1.10054016E-03
   1.39999390E-03
   1.39999390E-03
   1.50012970E-03
   1.59931183E-03
   1.60026550E-03
   1.69944763E-03
   1.70040131E-03
   1.79958344E-03
   2.09999084E-03
   2.20012665E-03
   2.20012665E-03
   2.30026245E-03
   2.40039825E-03
   2.40039825E-03
   2.49958038E-03
   2.49958038E-03
   2.69985199E-03
   2.90012360E-03
   2.90012360E-03
   2.99930573E-03
   3.00025940E-03
   3.00025940E-03
   3.20053101E-03
   3.29971313E-03
   3.39984894E-03
   3.39984894E-03
   3.49998474E-03
   3.60012054E-03
   3.60012054E-03
   3.70025635E-03
   3.70025635E-03
   3.70025635E-03
   3.70025635E-03
   3.90052795E-03
   3.99971008E-03
   3.99971008E-03
   4.09984589E-03
   4.09984589E-03
   4.49943542E-03
   4.49943542E-03
   4.50038910E-03
   4.70066071E-03
   4.79984283E-03
   4.89997864E-03
   4.89997864E-03
   5.09929657E-03
   5.40065765E-03
   5.49983978E-03
   5.49983978E-03
   5.50079346E-03
   5.50079346E-03
   5.89942932E-03
   6.19983673E-03
   6.19983673E-03
   6.39915466E-03
   6.50024414E-03
   6.60037994E-03
   6.70051575E-03
   6.79969788E-03
   6.79969788E-03
   6.99996948E-03
   7.80010223E-03
   8.00037384E-03
   8.10050964E-03
   8.39996338E-03
   8.39996338E-03
   8.70037079E-03
   8.90064240E-03
   8.99982452E-03
   9.09996033E-03
   9.09996033E-03
   9.09996033E-03
   9.59968567E-03
   9.89913940E-03
   9.90009308E-03
   1.02996826E-02
   1.03998184E-02
   1.04999542E-02
   1.06000900E-02
   1.36995316E-02
   1.42002106E-02
   1.45998001E-02
   1.57003403E-02
   1.84001923E-02
   2.72998810E-02
   3.31001282E-02
   3.95002365E-02
   5.39999008E-02
   5.78002930E-02
   8.32996368E-02
  0.141300201    
