#Npts     Radius    Mag      Completeness
#  225  433.3898  -10.774857 0.995575
# Ierr
  -8.08000565E-02
  -4.36000824E-02
  -2.12993622E-02
  -2.04000473E-02
  -1.85003281E-02
  -1.62000656E-02
  -1.58996582E-02
  -1.52006149E-02
  -1.50003433E-02
  -1.34000778E-02
  -1.33008957E-02
  -1.28002167E-02
  -1.24006271E-02
  -1.23004913E-02
  -1.21002197E-02
  -1.18999481E-02
  -1.18999481E-02
  -1.18999481E-02
  -1.16996765E-02
  -1.10006332E-02
  -1.07994080E-02
  -1.03998184E-02
  -1.00994110E-02
  -9.49954987E-03
  -8.90064240E-03
  -8.89968872E-03
  -8.50009918E-03
  -8.39996338E-03
  -8.19969177E-03
  -8.09955597E-03
  -8.09955597E-03
  -8.00037384E-03
  -7.90023804E-03
  -7.90023804E-03
  -7.79914856E-03
  -7.69996643E-03
  -7.69996643E-03
  -7.59983063E-03
  -7.49969482E-03
  -7.20024109E-03
  -7.10010529E-03
  -6.99996948E-03
  -6.70051575E-03
  -6.40010834E-03
  -6.29997253E-03
  -6.29997253E-03
  -6.09970093E-03
  -5.90038300E-03
  -5.89942932E-03
  -5.59997559E-03
  -5.49983978E-03
  -5.49983978E-03
  -5.39970398E-03
  -5.30052185E-03
  -5.29956818E-03
  -5.20038605E-03
  -5.19943237E-03
  -5.10025024E-03
  -4.79984283E-03
  -4.60052490E-03
  -4.59957123E-03
  -4.19998169E-03
  -4.19998169E-03
  -4.09984589E-03
  -4.09984589E-03
  -4.09984589E-03
  -3.99971008E-03
  -3.99971008E-03
  -3.90052795E-03
  -3.80039215E-03
  -3.70025635E-03
  -3.70025635E-03
  -3.60012054E-03
  -3.50093842E-03
  -3.49998474E-03
  -3.39984894E-03
  -3.39984894E-03
  -3.39984894E-03
  -3.20053101E-03
  -3.00025940E-03
  -2.90012360E-03
  -2.79998779E-03
  -2.59971619E-03
  -2.40039825E-03
  -2.39944458E-03
  -2.39944458E-03
  -2.30026245E-03
  -2.30026245E-03
  -2.20012665E-03
  -2.09999084E-03
  -2.09999084E-03
  -2.00080872E-03
  -1.99985504E-03
  -1.89971924E-03
  -1.80053711E-03
  -1.80053711E-03
  -1.50012970E-03
  -1.29985809E-03
  -1.20067596E-03
  -1.19972229E-03
  -1.10054016E-03
  -1.10054016E-03
  -1.09958649E-03
  -1.00040436E-03
  -9.00268555E-04
  -9.00268555E-04
  -8.00132751E-04
  -8.00132751E-04
  -6.99996948E-04
  -6.99996948E-04
  -6.99996948E-04
  -5.99861145E-04
  -5.99861145E-04
  -2.00271606E-04
  -1.99317932E-04
  -1.00135803E-04
  -1.00135803E-04
   0.00000000    
   1.99317932E-04
   1.99317932E-04
   2.00271606E-04
   2.99453735E-04
   2.99453735E-04
   3.99589539E-04
   4.00543213E-04
   4.00543213E-04
   4.00543213E-04
   6.99996948E-04
   6.99996948E-04
   8.00132751E-04
   9.00268555E-04
   1.00040436E-03
   1.19972229E-03
   1.29985809E-03
   1.69944763E-03
   1.69944763E-03
   1.69944763E-03
   1.79958344E-03
   1.80053711E-03
   1.99985504E-03
   2.09999084E-03
   2.09999084E-03
   2.09999084E-03
   2.19917297E-03
   2.20012665E-03
   2.20012665E-03
   2.20012665E-03
   2.20012665E-03
   2.30026245E-03
   2.30026245E-03
   2.50053406E-03
   2.50053406E-03
   2.60066986E-03
   2.69985199E-03
   2.69985199E-03
   2.79998779E-03
   2.99930573E-03
   3.09944153E-03
   3.10039520E-03
   3.19957733E-03
   3.30066681E-03
   3.49998474E-03
   3.49998474E-03
   3.60012054E-03
   3.70025635E-03
   3.80039215E-03
   3.80039215E-03
   3.90052795E-03
   3.99971008E-03
   3.99971008E-03
   4.30011749E-03
   4.30011749E-03
   4.39929962E-03
   4.50038910E-03
   4.59957123E-03
   4.60052490E-03
   4.60052490E-03
   4.69970703E-03
   4.70066071E-03
   4.79984283E-03
   5.00011444E-03
   5.10025024E-03
   5.10025024E-03
   5.39970398E-03
   5.59997559E-03
   5.59997559E-03
   5.59997559E-03
   5.70011139E-03
   6.29997253E-03
   6.50024414E-03
   6.50024414E-03
   6.80065155E-03
   7.20024109E-03
   7.59983063E-03
   7.69996643E-03
   7.79914856E-03
   7.80010223E-03
   7.90023804E-03
   7.99942017E-03
   8.19969177E-03
   8.39996338E-03
   8.49914551E-03
   8.50009918E-03
   8.79955292E-03
   8.79955292E-03
   9.09996033E-03
   9.29927826E-03
   9.59968567E-03
   9.99927521E-03
   1.00002289E-02
   1.00994110E-02
   1.16996765E-02
   1.24998093E-02
   1.27992630E-02
   1.32999420E-02
   1.65996552E-02
   1.67999268E-02
   1.74007416E-02
   1.90000534E-02
   1.95999146E-02
   2.21004486E-02
   3.32002640E-02
   5.95998764E-02
   6.25000000E-02
   7.38000870E-02
