#Npts     Radius    Mag      Completeness
#  145  433.3898  -14.560000 1.000000
# Ierr
  -1.56002045E-02
  -1.41000748E-02
  -1.38998032E-02
  -1.35002136E-02
  -1.28002167E-02
  -1.17006302E-02
  -1.13000870E-02
  -1.01995468E-02
  -1.00994110E-02
  -9.99927521E-03
  -9.69982147E-03
  -9.59968567E-03
  -9.40036774E-03
  -9.30023193E-03
  -8.99982452E-03
  -8.60023499E-03
  -8.50009918E-03
  -8.10050964E-03
  -7.80010223E-03
  -7.59983063E-03
  -7.59983063E-03
  -7.50064850E-03
  -7.30037689E-03
  -7.30037689E-03
  -7.20024109E-03
  -7.10010529E-03
  -6.50024414E-03
  -6.39915466E-03
  -5.90038300E-03
  -5.80024719E-03
  -5.70011139E-03
  -5.59997559E-03
  -5.39970398E-03
  -5.00011444E-03
  -4.89997864E-03
  -4.89997864E-03
  -4.39929962E-03
  -3.70025635E-03
  -3.70025635E-03
  -3.49998474E-03
  -3.19957733E-03
  -3.19957733E-03
  -3.00025940E-03
  -2.79998779E-03
  -2.69985199E-03
  -2.59971619E-03
  -2.49958038E-03
  -2.49958038E-03
  -2.40039825E-03
  -2.30026245E-03
  -2.30026245E-03
  -2.09999084E-03
  -2.09999084E-03
  -1.99985504E-03
  -1.99985504E-03
  -1.99985504E-03
  -1.90067291E-03
  -1.69944763E-03
  -1.60026550E-03
  -1.59931183E-03
  -1.39999390E-03
  -1.29985809E-03
  -1.29985809E-03
  -1.10054016E-03
  -8.00132751E-04
  -5.99861145E-04
  -3.00407410E-04
  -1.00135803E-04
   0.00000000    
   4.00543213E-04
   6.99996948E-04
   8.00132751E-04
   1.10054016E-03
   1.10054016E-03
   1.20067596E-03
   1.20067596E-03
   1.29985809E-03
   1.60026550E-03
   1.89971924E-03
   1.89971924E-03
   1.89971924E-03
   2.09999084E-03
   2.49958038E-03
   2.50053406E-03
   2.69985199E-03
   2.69985199E-03
   2.79998779E-03
   2.90012360E-03
   3.00025940E-03
   3.29971313E-03
   3.29971313E-03
   3.39984894E-03
   3.39984894E-03
   3.49998474E-03
   3.49998474E-03
   3.49998474E-03
   3.60012054E-03
   3.69930267E-03
   3.70025635E-03
   3.79943848E-03
   3.90052795E-03
   4.00066376E-03
   4.09984589E-03
   4.09984589E-03
   4.40025330E-03
   4.40025330E-03
   4.60052490E-03
   4.69970703E-03
   4.89997864E-03
   5.20038605E-03
   5.29956818E-03
   5.30052185E-03
   5.50079346E-03
   5.59997559E-03
   6.29997253E-03
   6.50024414E-03
   6.89983368E-03
   6.89983368E-03
   7.20024109E-03
   7.29942322E-03
   7.30037689E-03
   7.49969482E-03
   8.10050964E-03
   8.50009918E-03
   8.59928131E-03
   8.99982452E-03
   9.20009613E-03
   9.60063934E-03
   9.79995728E-03
   9.89913940E-03
   1.01003647E-02
   1.04007721E-02
   1.08003616E-02
   1.23004913E-02
   1.32007599E-02
   1.63993835E-02
   1.72004700E-02
   1.81999207E-02
   2.18000412E-02
   2.47001648E-02
   4.27999496E-02
   4.83999252E-02
   5.11999130E-02
   5.85994720E-02
  0.103300095    
