#Npts     Radius    Mag      Completeness
#  166  635.7338  -14.572817 1.000000
# Ierr
  -2.30998993E-02
  -1.97000504E-02
  -1.58004761E-02
  -1.37996674E-02
  -1.36995316E-02
  -1.34992599E-02
  -1.31998062E-02
  -1.27000809E-02
  -1.19991302E-02
  -1.16004944E-02
  -1.15003586E-02
  -1.13000870E-02
  -1.08995438E-02
  -1.04999542E-02
  -1.02996826E-02
  -9.80091095E-03
  -9.79995728E-03
  -9.79995728E-03
  -9.20009613E-03
  -8.80050659E-03
  -8.80050659E-03
  -8.60023499E-03
  -8.09955597E-03
  -7.39955902E-03
  -7.39955902E-03
  -7.30037689E-03
  -7.29942322E-03
  -7.10010529E-03
  -6.60037994E-03
  -6.59942627E-03
  -6.40010834E-03
  -6.19983673E-03
  -6.19983673E-03
  -6.09970093E-03
  -5.80024719E-03
  -5.80024719E-03
  -5.80024719E-03
  -5.80024719E-03
  -5.70011139E-03
  -5.70011139E-03
  -5.40065765E-03
  -5.30052185E-03
  -5.29956818E-03
  -5.29956818E-03
  -5.00011444E-03
  -4.79984283E-03
  -4.79984283E-03
  -4.60052490E-03
  -3.99971008E-03
  -3.99971008E-03
  -3.90052795E-03
  -3.90052795E-03
  -3.90052795E-03
  -3.89957428E-03
  -3.89957428E-03
  -3.89957428E-03
  -3.69930267E-03
  -3.60012054E-03
  -3.29971313E-03
  -3.20053101E-03
  -3.10039520E-03
  -3.00025940E-03
  -3.00025940E-03
  -2.69985199E-03
  -2.59971619E-03
  -2.50053406E-03
  -2.40039825E-03
  -2.39944458E-03
  -1.90067291E-03
  -1.69944763E-03
  -1.50012970E-03
  -1.39999390E-03
  -1.29985809E-03
  -1.29985809E-03
  -1.29985809E-03
  -1.09958649E-03
  -8.00132751E-04
  -7.99179077E-04
  -4.99725342E-04
  -4.99725342E-04
  -4.99725342E-04
  -4.00543213E-04
  -3.99589539E-04
  -3.00407410E-04
  -1.99317932E-04
  -1.00135803E-04
  -1.00135803E-04
  -1.00135803E-04
   0.00000000    
   0.00000000    
   1.00135803E-04
   2.00271606E-04
   2.00271606E-04
   2.00271606E-04
   3.00407410E-04
   3.99589539E-04
   3.99589539E-04
   4.00543213E-04
   5.00679016E-04
   5.99861145E-04
   6.99996948E-04
   9.99450684E-04
   1.10054016E-03
   1.69944763E-03
   1.70040131E-03
   1.79958344E-03
   1.80053711E-03
   1.80053711E-03
   1.99985504E-03
   1.99985504E-03
   1.99985504E-03
   2.09999084E-03
   2.20012665E-03
   2.39944458E-03
   2.40039825E-03
   2.59971619E-03
   2.90012360E-03
   2.90012360E-03
   2.90012360E-03
   3.00025940E-03
   3.09944153E-03
   3.09944153E-03
   3.20053101E-03
   3.49998474E-03
   3.89957428E-03
   4.09984589E-03
   4.19998169E-03
   4.60052490E-03
   4.60052490E-03
   4.89997864E-03
   4.89997864E-03
   4.89997864E-03
   5.49983978E-03
   5.49983978E-03
   5.59997559E-03
   5.70011139E-03
   5.90038300E-03
   5.90038300E-03
   5.90038300E-03
   6.19983673E-03
   6.19983673E-03
   6.50024414E-03
   6.50024414E-03
   6.60037994E-03
   7.40051270E-03
   7.50064850E-03
   7.59983063E-03
   7.69996643E-03
   7.80010223E-03
   8.10050964E-03
   8.59928131E-03
   8.99982452E-03
   9.79995728E-03
   1.07002258E-02
   1.14002228E-02
   1.21994019E-02
   1.27000809E-02
   1.43995285E-02
   1.53007507E-02
   3.60002518E-02
   3.63006592E-02
   4.10003662E-02
   4.82006073E-02
   4.96997833E-02
  0.118400574    
  0.137499809    
