#Npts     Radius    Mag      Completeness
#  701 1444.8495  -10.568100 0.992918
# Ierr
 -0.405799866    
 -0.394199371    
 -0.206899643    
 -0.194200516    
 -0.192500114    
 -0.166500092    
 -0.134699821    
 -0.100899696    
  -7.74002075E-02
  -7.61003494E-02
  -7.25002289E-02
  -5.27992249E-02
  -5.24997711E-02
  -4.86001968E-02
  -4.36992645E-02
  -4.33998108E-02
  -3.82995605E-02
  -3.81002426E-02
  -3.57999802E-02
  -3.38001251E-02
  -3.22008133E-02
  -2.76002884E-02
  -2.67000198E-02
  -2.58998871E-02
  -2.54001617E-02
  -2.50005722E-02
  -2.40001678E-02
  -2.39000320E-02
  -2.39000320E-02
  -2.39000320E-02
  -2.35996246E-02
  -2.28996277E-02
  -2.28996277E-02
  -2.25000381E-02
  -2.23007202E-02
  -2.22997665E-02
  -2.19001770E-02
  -2.13994980E-02
  -2.10008621E-02
  -2.01997757E-02
  -1.99003220E-02
  -1.87005997E-02
  -1.85003281E-02
  -1.84001923E-02
  -1.83000565E-02
  -1.76000595E-02
  -1.71003342E-02
  -1.69000626E-02
  -1.55000687E-02
  -1.52006149E-02
  -1.47008896E-02
  -1.42002106E-02
  -1.39999390E-02
  -1.38998032E-02
  -1.35002136E-02
  -1.35002136E-02
  -1.32999420E-02
  -1.29003525E-02
  -1.28993988E-02
  -1.27000809E-02
  -1.26991272E-02
  -1.26008987E-02
  -1.23996735E-02
  -1.22995377E-02
  -1.22003555E-02
  -1.21994019E-02
  -1.20992661E-02
  -1.20000839E-02
  -1.18999481E-02
  -1.17998123E-02
  -1.17006302E-02
  -1.15003586E-02
  -1.14994049E-02
  -1.13992691E-02
  -1.13992691E-02
  -1.13000870E-02
  -1.11999512E-02
  -1.10998154E-02
  -1.09996796E-02
  -1.07002258E-02
  -1.06000900E-02
  -1.04999542E-02
  -1.03998184E-02
  -1.03006363E-02
  -1.03006363E-02
  -1.02996826E-02
  -1.02005005E-02
  -1.00002289E-02
  -9.90009308E-03
  -9.90009308E-03
  -9.90009308E-03
  -9.79995728E-03
  -9.79995728E-03
  -9.79995728E-03
  -9.69982147E-03
  -9.59968567E-03
  -9.59968567E-03
  -9.50050354E-03
  -9.40036774E-03
  -9.30023193E-03
  -9.30023193E-03
  -9.20009613E-03
  -9.20009613E-03
  -9.10091400E-03
  -8.80050659E-03
  -8.79955292E-03
  -8.60023499E-03
  -8.60023499E-03
  -8.59928131E-03
  -8.50009918E-03
  -8.50009918E-03
  -8.50009918E-03
  -8.50009918E-03
  -8.39996338E-03
  -8.39996338E-03
  -8.29982758E-03
  -8.20064545E-03
  -8.19969177E-03
  -8.19969177E-03
  -8.19969177E-03
  -8.00037384E-03
  -7.99942017E-03
  -7.99942017E-03
  -7.90023804E-03
  -7.89928436E-03
  -7.89928436E-03
  -7.89928436E-03
  -7.69996643E-03
  -7.59983063E-03
  -7.50064850E-03
  -7.49969482E-03
  -7.40051270E-03
  -7.30037689E-03
  -7.30037689E-03
  -7.10010529E-03
  -7.10010529E-03
  -7.10010529E-03
  -6.99996948E-03
  -6.99996948E-03
  -6.90078735E-03
  -6.90078735E-03
  -6.89983368E-03
  -6.89983368E-03
  -6.89983368E-03
  -6.89983368E-03
  -6.89983368E-03
  -6.89983368E-03
  -6.89983368E-03
  -6.80065155E-03
  -6.79969788E-03
  -6.79969788E-03
  -6.79969788E-03
  -6.79969788E-03
  -6.59942627E-03
  -6.59942627E-03
  -6.50024414E-03
  -6.50024414E-03
  -6.49929047E-03
  -6.49929047E-03
  -6.40010834E-03
  -6.29997253E-03
  -6.29997253E-03
  -6.29997253E-03
  -6.29997253E-03
  -6.19983673E-03
  -6.19983673E-03
  -6.19983673E-03
  -6.10065460E-03
  -6.10065460E-03
  -6.09970093E-03
  -6.09970093E-03
  -6.00051880E-03
  -6.00051880E-03
  -6.00051880E-03
  -5.99956512E-03
  -5.90038300E-03
  -5.90038300E-03
  -5.89942932E-03
  -5.89942932E-03
  -5.89942932E-03
  -5.80024719E-03
  -5.70011139E-03
  -5.70011139E-03
  -5.59997559E-03
  -5.59997559E-03
  -5.40065765E-03
  -5.40065765E-03
  -5.39970398E-03
  -5.30052185E-03
  -5.30052185E-03
  -5.30052185E-03
  -5.30052185E-03
  -5.30052185E-03
  -5.30052185E-03
  -5.30052185E-03
  -5.29956818E-03
  -5.29956818E-03
  -5.20038605E-03
  -5.19943237E-03
  -5.19943237E-03
  -5.10025024E-03
  -5.10025024E-03
  -5.10025024E-03
  -5.10025024E-03
  -5.00011444E-03
  -5.00011444E-03
  -5.00011444E-03
  -5.00011444E-03
  -4.89997864E-03
  -4.89997864E-03
  -4.79984283E-03
  -4.79984283E-03
  -4.79984283E-03
  -4.79984283E-03
  -4.79984283E-03
  -4.70066071E-03
  -4.69970703E-03
  -4.69970703E-03
  -4.69970703E-03
  -4.69970703E-03
  -4.60052490E-03
  -4.60052490E-03
  -4.60052490E-03
  -4.59957123E-03
  -4.50038910E-03
  -4.50038910E-03
  -4.50038910E-03
  -4.49943542E-03
  -4.49943542E-03
  -4.40025330E-03
  -4.30011749E-03
  -4.30011749E-03
  -4.30011749E-03
  -4.19998169E-03
  -4.19998169E-03
  -4.19998169E-03
  -4.09984589E-03
  -4.09984589E-03
  -4.09984589E-03
  -4.09984589E-03
  -3.99971008E-03
  -3.99971008E-03
  -3.99971008E-03
  -3.99971008E-03
  -3.99971008E-03
  -3.90052795E-03
  -3.79943848E-03
  -3.60012054E-03
  -3.60012054E-03
  -3.59916687E-03
  -3.49998474E-03
  -3.49998474E-03
  -3.39984894E-03
  -3.30066681E-03
  -3.30066681E-03
  -3.29971313E-03
  -3.20053101E-03
  -3.19957733E-03
  -3.10039520E-03
  -3.09944153E-03
  -3.09944153E-03
  -3.00025940E-03
  -3.00025940E-03
  -3.00025940E-03
  -3.00025940E-03
  -2.99930573E-03
  -2.90012360E-03
  -2.90012360E-03
  -2.79998779E-03
  -2.79998779E-03
  -2.79998779E-03
  -2.69985199E-03
  -2.69985199E-03
  -2.59971619E-03
  -2.59971619E-03
  -2.59971619E-03
  -2.59971619E-03
  -2.50053406E-03
  -2.50053406E-03
  -2.50053406E-03
  -2.49958038E-03
  -2.49958038E-03
  -2.40039825E-03
  -2.40039825E-03
  -2.40039825E-03
  -2.39944458E-03
  -2.39944458E-03
  -2.30026245E-03
  -2.30026245E-03
  -2.30026245E-03
  -2.30026245E-03
  -2.20012665E-03
  -2.20012665E-03
  -2.20012665E-03
  -2.20012665E-03
  -2.20012665E-03
  -2.20012665E-03
  -2.20012665E-03
  -2.20012665E-03
  -2.20012665E-03
  -2.19917297E-03
  -2.09999084E-03
  -2.09999084E-03
  -2.09999084E-03
  -2.09999084E-03
  -2.00080872E-03
  -1.99985504E-03
  -1.99985504E-03
  -1.99985504E-03
  -1.99985504E-03
  -1.99985504E-03
  -1.99985504E-03
  -1.90067291E-03
  -1.89971924E-03
  -1.89971924E-03
  -1.89971924E-03
  -1.89971924E-03
  -1.89971924E-03
  -1.80053711E-03
  -1.79958344E-03
  -1.79958344E-03
  -1.70040131E-03
  -1.70040131E-03
  -1.70040131E-03
  -1.69944763E-03
  -1.50012970E-03
  -1.50012970E-03
  -1.50012970E-03
  -1.39999390E-03
  -1.39999390E-03
  -1.39999390E-03
  -1.30081177E-03
  -1.29985809E-03
  -1.29985809E-03
  -1.29985809E-03
  -1.29985809E-03
  -1.29985809E-03
  -1.20067596E-03
  -1.19972229E-03
  -1.19972229E-03
  -1.19972229E-03
  -1.19972229E-03
  -1.19972229E-03
  -1.10054016E-03
  -1.10054016E-03
  -1.09958649E-03
  -1.09958649E-03
  -1.00040436E-03
  -1.00040436E-03
  -9.99450684E-04
  -9.99450684E-04
  -9.99450684E-04
  -9.00268555E-04
  -9.00268555E-04
  -9.00268555E-04
  -8.00132751E-04
  -8.00132751E-04
  -8.00132751E-04
  -6.99996948E-04
  -6.99996948E-04
  -6.00814819E-04
  -5.99861145E-04
  -5.99861145E-04
  -4.00543213E-04
  -3.99589539E-04
  -3.99589539E-04
  -3.99589539E-04
  -3.99589539E-04
  -3.99589539E-04
  -3.00407410E-04
  -3.00407410E-04
  -2.99453735E-04
  -2.99453735E-04
  -2.99453735E-04
  -2.00271606E-04
  -2.00271606E-04
  -2.00271606E-04
  -2.00271606E-04
  -1.99317932E-04
  -1.00135803E-04
  -1.00135803E-04
  -1.00135803E-04
  -1.00135803E-04
  -9.91821289E-05
  -9.91821289E-05
   0.00000000    
   0.00000000    
   9.91821289E-05
   1.00135803E-04
   1.00135803E-04
   1.00135803E-04
   1.00135803E-04
   2.00271606E-04
   3.00407410E-04
   3.99589539E-04
   4.00543213E-04
   4.00543213E-04
   4.99725342E-04
   4.99725342E-04
   5.99861145E-04
   5.99861145E-04
   5.99861145E-04
   6.99996948E-04
   6.99996948E-04
   6.99996948E-04
   6.99996948E-04
   6.99996948E-04
   7.99179077E-04
   8.00132751E-04
   8.00132751E-04
   8.00132751E-04
   9.00268555E-04
   9.00268555E-04
   9.99450684E-04
   9.99450684E-04
   9.99450684E-04
   1.00040436E-03
   1.00040436E-03
   1.09958649E-03
   1.10054016E-03
   1.10054016E-03
   1.10054016E-03
   1.10054016E-03
   1.10054016E-03
   1.19972229E-03
   1.19972229E-03
   1.29985809E-03
   1.29985809E-03
   1.29985809E-03
   1.29985809E-03
   1.29985809E-03
   1.29985809E-03
   1.29985809E-03
   1.30081177E-03
   1.30081177E-03
   1.39999390E-03
   1.39999390E-03
   1.39999390E-03
   1.50012970E-03
   1.50012970E-03
   1.59931183E-03
   1.60026550E-03
   1.60026550E-03
   1.69944763E-03
   1.69944763E-03
   1.70040131E-03
   1.79958344E-03
   1.80053711E-03
   1.80053711E-03
   1.89971924E-03
   1.89971924E-03
   1.99985504E-03
   1.99985504E-03
   2.00080872E-03
   2.09999084E-03
   2.09999084E-03
   2.20012665E-03
   2.20012665E-03
   2.29930878E-03
   2.30026245E-03
   2.30026245E-03
   2.30026245E-03
   2.30026245E-03
   2.39944458E-03
   2.40039825E-03
   2.40039825E-03
   2.40039825E-03
   2.50053406E-03
   2.59971619E-03
   2.60066986E-03
   2.60066986E-03
   2.69985199E-03
   2.69985199E-03
   2.79998779E-03
   2.79998779E-03
   2.79998779E-03
   2.79998779E-03
   2.90012360E-03
   3.00025940E-03
   3.00025940E-03
   3.09944153E-03
   3.09944153E-03
   3.09944153E-03
   3.10039520E-03
   3.19957733E-03
   3.19957733E-03
   3.20053101E-03
   3.20053101E-03
   3.29971313E-03
   3.29971313E-03
   3.29971313E-03
   3.39984894E-03
   3.39984894E-03
   3.39984894E-03
   3.39984894E-03
   3.39984894E-03
   3.49998474E-03
   3.60012054E-03
   3.60012054E-03
   3.79943848E-03
   3.79943848E-03
   3.80039215E-03
   3.80039215E-03
   3.80039215E-03
   3.80039215E-03
   3.80039215E-03
   3.89957428E-03
   3.89957428E-03
   3.90052795E-03
   3.90052795E-03
   3.99971008E-03
   3.99971008E-03
   3.99971008E-03
   3.99971008E-03
   3.99971008E-03
   3.99971008E-03
   3.99971008E-03
   4.10079956E-03
   4.19998169E-03
   4.19998169E-03
   4.19998169E-03
   4.29916382E-03
   4.30011749E-03
   4.30011749E-03
   4.30011749E-03
   4.30011749E-03
   4.39929962E-03
   4.40025330E-03
   4.40025330E-03
   4.40025330E-03
   4.40025330E-03
   4.40025330E-03
   4.40025330E-03
   4.49943542E-03
   4.49943542E-03
   4.50038910E-03
   4.50038910E-03
   4.59957123E-03
   4.59957123E-03
   4.59957123E-03
   4.59957123E-03
   4.59957123E-03
   4.59957123E-03
   4.60052490E-03
   4.69970703E-03
   4.69970703E-03
   4.69970703E-03
   4.69970703E-03
   4.70066071E-03
   4.79984283E-03
   4.79984283E-03
   4.80079651E-03
   4.89997864E-03
   4.89997864E-03
   4.99916077E-03
   5.00011444E-03
   5.00011444E-03
   5.09929657E-03
   5.09929657E-03
   5.09929657E-03
   5.10025024E-03
   5.10025024E-03
   5.10025024E-03
   5.10025024E-03
   5.10025024E-03
   5.10025024E-03
   5.19943237E-03
   5.20038605E-03
   5.20038605E-03
   5.29956818E-03
   5.30052185E-03
   5.40065765E-03
   5.50079346E-03
   5.70011139E-03
   5.80024719E-03
   5.80024719E-03
   5.80024719E-03
   5.80024719E-03
   5.89942932E-03
   5.90038300E-03
   6.00051880E-03
   6.09970093E-03
   6.10065460E-03
   6.19983673E-03
   6.19983673E-03
   6.19983673E-03
   6.29997253E-03
   6.29997253E-03
   6.29997253E-03
   6.29997253E-03
   6.40010834E-03
   6.50024414E-03
   6.50024414E-03
   6.60037994E-03
   6.60037994E-03
   6.70051575E-03
   6.70051575E-03
   6.79969788E-03
   6.80065155E-03
   7.20024109E-03
   7.20024109E-03
   7.20024109E-03
   7.29942322E-03
   7.39955902E-03
   7.49969482E-03
   7.50064850E-03
   7.59983063E-03
   7.69996643E-03
   7.99942017E-03
   8.00037384E-03
   8.09955597E-03
   8.19969177E-03
   8.29982758E-03
   8.39996338E-03
   8.60023499E-03
   8.70037079E-03
   8.79955292E-03
   8.89968872E-03
   8.99982452E-03
   8.99982452E-03
   9.09996033E-03
   9.09996033E-03
   9.20009613E-03
   9.20009613E-03
   9.30023193E-03
   9.49954987E-03
   9.59968567E-03
   9.69982147E-03
   9.69982147E-03
   9.79995728E-03
   9.90009308E-03
   9.90009308E-03
   9.99927521E-03
   1.00002289E-02
   1.00002289E-02
   1.00994110E-02
   1.06992722E-02
   1.08003616E-02
   1.09004974E-02
   1.09004974E-02
   1.11999512E-02
   1.14002228E-02
   1.14994049E-02
   1.16996765E-02
   1.17006302E-02
   1.17998123E-02
   1.18007660E-02
   1.20992661E-02
   1.21994019E-02
   1.23004913E-02
   1.24998093E-02
   1.25999451E-02
   1.25999451E-02
   1.28993988E-02
   1.30996704E-02
   1.43003464E-02
   1.45006180E-02
   1.45998001E-02
   1.56002045E-02
   1.79996490E-02
   1.81999207E-02
   1.84001923E-02
   1.86996460E-02
   1.92995071E-02
   2.00996399E-02
   2.07004547E-02
   2.09999084E-02
   2.20003128E-02
   2.35996246E-02
   2.42004395E-02
   2.46992111E-02
   2.49996185E-02
   2.60000229E-02
   2.68001556E-02
   2.72006989E-02
   2.74000168E-02
   3.48005295E-02
   4.51993942E-02
   5.08003235E-02
   5.37004471E-02
   5.37996292E-02
   5.43003082E-02
   5.46998978E-02
   5.51004410E-02
   5.81998825E-02
   5.97991943E-02
   6.01005554E-02
   6.02998734E-02
   6.40993118E-02
   6.54001236E-02
   7.73000717E-02
   9.71994400E-02
  0.136699677    
  0.143600464    
  0.154399872    
  0.159299850    
  0.170499802    
  0.179300308    
  0.372300148    
  0.406599998    
  0.667399406    
