#Npts     Radius    Mag      Completeness
#  830 2889.2651  -10.214000 0.991637
# Ierr
 -0.193599701    
 -0.110599518    
  -7.91006088E-02
  -7.21998215E-02
  -6.57997131E-02
  -6.19001389E-02
  -6.01997375E-02
  -5.90000153E-02
  -5.31005859E-02
  -4.68006134E-02
  -4.47006226E-02
  -3.97005081E-02
  -2.91996002E-02
  -2.69994736E-02
  -2.67000198E-02
  -2.61001587E-02
  -2.50997543E-02
  -2.46992111E-02
  -2.39000320E-02
  -2.37007141E-02
  -2.30998993E-02
  -2.30998993E-02
  -2.30998993E-02
  -2.20994949E-02
  -2.18000412E-02
  -2.17990875E-02
  -2.13003159E-02
  -2.13003159E-02
  -2.07004547E-02
  -2.05993652E-02
  -2.04992294E-02
  -2.01997757E-02
  -2.00996399E-02
  -1.99995041E-02
  -1.99003220E-02
  -1.84001923E-02
  -1.83992386E-02
  -1.83992386E-02
  -1.81999207E-02
  -1.80997849E-02
  -1.79004669E-02
  -1.79004669E-02
  -1.79004669E-02
  -1.75991058E-02
  -1.71995163E-02
  -1.71003342E-02
  -1.65004730E-02
  -1.64003372E-02
  -1.59997940E-02
  -1.59997940E-02
  -1.57003403E-02
  -1.57003403E-02
  -1.56002045E-02
  -1.56002045E-02
  -1.53999329E-02
  -1.53007507E-02
  -1.52997971E-02
  -1.52006149E-02
  -1.50995255E-02
  -1.48000717E-02
  -1.46999359E-02
  -1.46999359E-02
  -1.46007538E-02
  -1.45998001E-02
  -1.44004822E-02
  -1.42993927E-02
  -1.42993927E-02
  -1.42002106E-02
  -1.42002106E-02
  -1.39999390E-02
  -1.39999390E-02
  -1.39999390E-02
  -1.38998032E-02
  -1.38998032E-02
  -1.38006210E-02
  -1.37996674E-02
  -1.35993958E-02
  -1.35002136E-02
  -1.34000778E-02
  -1.32999420E-02
  -1.31998062E-02
  -1.31998062E-02
  -1.31006241E-02
  -1.28993988E-02
  -1.26008987E-02
  -1.25999451E-02
  -1.25007629E-02
  -1.24998093E-02
  -1.24998093E-02
  -1.23004913E-02
  -1.22003555E-02
  -1.22003555E-02
  -1.20992661E-02
  -1.20000839E-02
  -1.18999481E-02
  -1.18007660E-02
  -1.17998123E-02
  -1.17006302E-02
  -1.17006302E-02
  -1.16996765E-02
  -1.16996765E-02
  -1.16004944E-02
  -1.15995407E-02
  -1.14002228E-02
  -1.14002228E-02
  -1.14002228E-02
  -1.13992691E-02
  -1.13000870E-02
  -1.13000870E-02
  -1.11999512E-02
  -1.11007690E-02
  -1.10998154E-02
  -1.10998154E-02
  -1.10998154E-02
  -1.08995438E-02
  -1.08003616E-02
  -1.08003616E-02
  -1.07994080E-02
  -1.07002258E-02
  -1.06992722E-02
  -1.06000900E-02
  -1.06000900E-02
  -1.06000900E-02
  -1.05991364E-02
  -1.03998184E-02
  -1.03998184E-02
  -1.03006363E-02
  -1.02996826E-02
  -1.02005005E-02
  -1.01003647E-02
  -1.00994110E-02
  -9.90009308E-03
  -9.79995728E-03
  -9.79995728E-03
  -9.59968567E-03
  -9.59968567E-03
  -9.59968567E-03
  -9.59968567E-03
  -9.59968567E-03
  -9.49954987E-03
  -9.49954987E-03
  -9.40036774E-03
  -9.30023193E-03
  -9.30023193E-03
  -9.20009613E-03
  -9.20009613E-03
  -9.20009613E-03
  -9.09996033E-03
  -9.09996033E-03
  -8.99982452E-03
  -8.89968872E-03
  -8.89968872E-03
  -8.80050659E-03
  -8.80050659E-03
  -8.79955292E-03
  -8.70037079E-03
  -8.60023499E-03
  -8.60023499E-03
  -8.60023499E-03
  -8.50009918E-03
  -8.50009918E-03
  -8.50009918E-03
  -8.50009918E-03
  -8.29982758E-03
  -8.10050964E-03
  -8.09955597E-03
  -8.09955597E-03
  -8.00037384E-03
  -7.90023804E-03
  -7.80010223E-03
  -7.80010223E-03
  -7.69996643E-03
  -7.69996643E-03
  -7.69996643E-03
  -7.69996643E-03
  -7.69996643E-03
  -7.59983063E-03
  -7.59983063E-03
  -7.50064850E-03
  -7.40051270E-03
  -7.39955902E-03
  -7.39955902E-03
  -7.39955902E-03
  -7.39955902E-03
  -7.39955902E-03
  -7.20024109E-03
  -7.20024109E-03
  -7.20024109E-03
  -7.20024109E-03
  -7.10010529E-03
  -7.10010529E-03
  -6.99996948E-03
  -6.99996948E-03
  -6.99996948E-03
  -6.99996948E-03
  -6.99996948E-03
  -6.89983368E-03
  -6.89983368E-03
  -6.79969788E-03
  -6.70051575E-03
  -6.70051575E-03
  -6.69956207E-03
  -6.60037994E-03
  -6.60037994E-03
  -6.50024414E-03
  -6.49929047E-03
  -6.49929047E-03
  -6.49929047E-03
  -6.40010834E-03
  -6.40010834E-03
  -6.40010834E-03
  -6.40010834E-03
  -6.40010834E-03
  -6.29997253E-03
  -6.29997253E-03
  -6.19983673E-03
  -6.19983673E-03
  -6.19983673E-03
  -6.19983673E-03
  -6.19983673E-03
  -6.10065460E-03
  -6.10065460E-03
  -6.09970093E-03
  -6.09970093E-03
  -6.09970093E-03
  -6.09970093E-03
  -5.99956512E-03
  -5.99956512E-03
  -5.99956512E-03
  -5.90038300E-03
  -5.90038300E-03
  -5.90038300E-03
  -5.90038300E-03
  -5.90038300E-03
  -5.90038300E-03
  -5.90038300E-03
  -5.89942932E-03
  -5.80024719E-03
  -5.80024719E-03
  -5.80024719E-03
  -5.80024719E-03
  -5.80024719E-03
  -5.70011139E-03
  -5.70011139E-03
  -5.70011139E-03
  -5.59997559E-03
  -5.59997559E-03
  -5.59997559E-03
  -5.59997559E-03
  -5.59997559E-03
  -5.50079346E-03
  -5.49983978E-03
  -5.49983978E-03
  -5.49983978E-03
  -5.49983978E-03
  -5.40065765E-03
  -5.39970398E-03
  -5.29956818E-03
  -5.20038605E-03
  -5.19943237E-03
  -5.10025024E-03
  -5.10025024E-03
  -5.10025024E-03
  -5.10025024E-03
  -5.00011444E-03
  -5.00011444E-03
  -5.00011444E-03
  -5.00011444E-03
  -5.00011444E-03
  -5.00011444E-03
  -4.90093231E-03
  -4.89997864E-03
  -4.80079651E-03
  -4.79984283E-03
  -4.79984283E-03
  -4.70066071E-03
  -4.70066071E-03
  -4.69970703E-03
  -4.69970703E-03
  -4.60052490E-03
  -4.60052490E-03
  -4.60052490E-03
  -4.59957123E-03
  -4.59957123E-03
  -4.50038910E-03
  -4.49943542E-03
  -4.49943542E-03
  -4.49943542E-03
  -4.49943542E-03
  -4.30011749E-03
  -4.29916382E-03
  -4.19998169E-03
  -4.19998169E-03
  -4.19998169E-03
  -4.10079956E-03
  -4.09984589E-03
  -4.09984589E-03
  -4.09984589E-03
  -4.09984589E-03
  -4.00066376E-03
  -4.00066376E-03
  -3.99971008E-03
  -3.99971008E-03
  -3.90052795E-03
  -3.90052795E-03
  -3.90052795E-03
  -3.89957428E-03
  -3.80039215E-03
  -3.80039215E-03
  -3.80039215E-03
  -3.70025635E-03
  -3.70025635E-03
  -3.69930267E-03
  -3.69930267E-03
  -3.69930267E-03
  -3.60012054E-03
  -3.60012054E-03
  -3.60012054E-03
  -3.60012054E-03
  -3.60012054E-03
  -3.49998474E-03
  -3.49998474E-03
  -3.49998474E-03
  -3.49998474E-03
  -3.49998474E-03
  -3.49998474E-03
  -3.39984894E-03
  -3.39984894E-03
  -3.39984894E-03
  -3.39984894E-03
  -3.39984894E-03
  -3.29971313E-03
  -3.20053101E-03
  -3.20053101E-03
  -3.20053101E-03
  -3.19957733E-03
  -3.19957733E-03
  -3.19957733E-03
  -3.19957733E-03
  -3.19957733E-03
  -3.10039520E-03
  -3.10039520E-03
  -3.09944153E-03
  -3.09944153E-03
  -3.00025940E-03
  -3.00025940E-03
  -3.00025940E-03
  -2.90012360E-03
  -2.90012360E-03
  -2.89916992E-03
  -2.79998779E-03
  -2.79998779E-03
  -2.79998779E-03
  -2.79998779E-03
  -2.70080566E-03
  -2.69985199E-03
  -2.69985199E-03
  -2.69985199E-03
  -2.69985199E-03
  -2.59971619E-03
  -2.59971619E-03
  -2.50053406E-03
  -2.49958038E-03
  -2.40039825E-03
  -2.40039825E-03
  -2.39944458E-03
  -2.30026245E-03
  -2.30026245E-03
  -2.29930878E-03
  -2.29930878E-03
  -2.20012665E-03
  -2.20012665E-03
  -2.09999084E-03
  -2.09999084E-03
  -1.99985504E-03
  -1.99985504E-03
  -1.99985504E-03
  -1.99985504E-03
  -1.90067291E-03
  -1.90067291E-03
  -1.90067291E-03
  -1.89971924E-03
  -1.89971924E-03
  -1.80053711E-03
  -1.79958344E-03
  -1.70040131E-03
  -1.70040131E-03
  -1.70040131E-03
  -1.70040131E-03
  -1.69944763E-03
  -1.60026550E-03
  -1.60026550E-03
  -1.59931183E-03
  -1.59931183E-03
  -1.59931183E-03
  -1.50012970E-03
  -1.50012970E-03
  -1.50012970E-03
  -1.50012970E-03
  -1.50012970E-03
  -1.50012970E-03
  -1.50012970E-03
  -1.50012970E-03
  -1.39999390E-03
  -1.39999390E-03
  -1.39999390E-03
  -1.39999390E-03
  -1.39999390E-03
  -1.39999390E-03
  -1.30081177E-03
  -1.20067596E-03
  -1.20067596E-03
  -1.19972229E-03
  -1.19972229E-03
  -1.19972229E-03
  -1.19972229E-03
  -1.19972229E-03
  -1.10054016E-03
  -1.10054016E-03
  -1.10054016E-03
  -1.09958649E-03
  -1.09958649E-03
  -1.09958649E-03
  -1.00040436E-03
  -1.00040436E-03
  -9.99450684E-04
  -9.99450684E-04
  -9.00268555E-04
  -9.00268555E-04
  -9.00268555E-04
  -9.00268555E-04
  -8.99314880E-04
  -8.00132751E-04
  -8.00132751E-04
  -8.00132751E-04
  -8.00132751E-04
  -8.00132751E-04
  -6.99996948E-04
  -6.99996948E-04
  -6.00814819E-04
  -5.99861145E-04
  -5.00679016E-04
  -5.00679016E-04
  -5.00679016E-04
  -5.00679016E-04
  -4.99725342E-04
  -4.99725342E-04
  -4.99725342E-04
  -4.99725342E-04
  -4.99725342E-04
  -4.99725342E-04
  -4.00543213E-04
  -4.00543213E-04
  -3.99589539E-04
  -3.99589539E-04
  -3.00407410E-04
  -3.00407410E-04
  -2.99453735E-04
  -2.00271606E-04
  -2.00271606E-04
  -2.00271606E-04
  -1.99317932E-04
  -1.00135803E-04
  -1.00135803E-04
  -1.00135803E-04
  -1.00135803E-04
  -1.00135803E-04
   0.00000000    
   0.00000000    
   0.00000000    
   0.00000000    
   9.91821289E-05
   1.00135803E-04
   1.00135803E-04
   1.00135803E-04
   1.00135803E-04
   1.00135803E-04
   1.00135803E-04
   1.00135803E-04
   1.99317932E-04
   2.00271606E-04
   2.00271606E-04
   2.99453735E-04
   2.99453735E-04
   3.00407410E-04
   3.00407410E-04
   3.99589539E-04
   3.99589539E-04
   3.99589539E-04
   4.00543213E-04
   4.99725342E-04
   4.99725342E-04
   4.99725342E-04
   4.99725342E-04
   5.99861145E-04
   5.99861145E-04
   6.99996948E-04
   6.99996948E-04
   6.99996948E-04
   6.99996948E-04
   6.99996948E-04
   6.99996948E-04
   8.00132751E-04
   8.00132751E-04
   8.00132751E-04
   8.00132751E-04
   8.00132751E-04
   8.00132751E-04
   8.99314880E-04
   8.99314880E-04
   8.99314880E-04
   9.00268555E-04
   9.99450684E-04
   9.99450684E-04
   1.00040436E-03
   1.00040436E-03
   1.00040436E-03
   1.00040436E-03
   1.09958649E-03
   1.09958649E-03
   1.10054016E-03
   1.19972229E-03
   1.20067596E-03
   1.29985809E-03
   1.29985809E-03
   1.39999390E-03
   1.39999390E-03
   1.39999390E-03
   1.39999390E-03
   1.39999390E-03
   1.39999390E-03
   1.50012970E-03
   1.50012970E-03
   1.50012970E-03
   1.50012970E-03
   1.60026550E-03
   1.60026550E-03
   1.69944763E-03
   1.69944763E-03
   1.70040131E-03
   1.70040131E-03
   1.70040131E-03
   1.79958344E-03
   1.79958344E-03
   1.79958344E-03
   1.79958344E-03
   1.79958344E-03
   1.80053711E-03
   1.89971924E-03
   1.89971924E-03
   1.90067291E-03
   1.99985504E-03
   1.99985504E-03
   2.09999084E-03
   2.09999084E-03
   2.30026245E-03
   2.30026245E-03
   2.30026245E-03
   2.39944458E-03
   2.40039825E-03
   2.40039825E-03
   2.40039825E-03
   2.40039825E-03
   2.50053406E-03
   2.50053406E-03
   2.50053406E-03
   2.50053406E-03
   2.59971619E-03
   2.59971619E-03
   2.60066986E-03
   2.60066986E-03
   2.69985199E-03
   2.69985199E-03
   2.70080566E-03
   2.79998779E-03
   2.79998779E-03
   2.79998779E-03
   2.79998779E-03
   2.79998779E-03
   2.80094147E-03
   2.90012360E-03
   2.90012360E-03
   2.90012360E-03
   3.00025940E-03
   3.09944153E-03
   3.09944153E-03
   3.10039520E-03
   3.10039520E-03
   3.10039520E-03
   3.10039520E-03
   3.10039520E-03
   3.19957733E-03
   3.19957733E-03
   3.20053101E-03
   3.29971313E-03
   3.39984894E-03
   3.39984894E-03
   3.39984894E-03
   3.49998474E-03
   3.49998474E-03
   3.49998474E-03
   3.49998474E-03
   3.60012054E-03
   3.60012054E-03
   3.60012054E-03
   3.60012054E-03
   3.60012054E-03
   3.60012054E-03
   3.69930267E-03
   3.69930267E-03
   3.70025635E-03
   3.70025635E-03
   3.70025635E-03
   3.80039215E-03
   3.80039215E-03
   3.80039215E-03
   3.89957428E-03
   3.89957428E-03
   3.89957428E-03
   3.90052795E-03
   3.99971008E-03
   4.00066376E-03
   4.09984589E-03
   4.09984589E-03
   4.09984589E-03
   4.10079956E-03
   4.19998169E-03
   4.19998169E-03
   4.20093536E-03
   4.30011749E-03
   4.30011749E-03
   4.39929962E-03
   4.39929962E-03
   4.40025330E-03
   4.40025330E-03
   4.40025330E-03
   4.40025330E-03
   4.50038910E-03
   4.50038910E-03
   4.59957123E-03
   4.59957123E-03
   4.60052490E-03
   4.60052490E-03
   4.60052490E-03
   4.69970703E-03
   4.69970703E-03
   4.70066071E-03
   4.70066071E-03
   4.79984283E-03
   4.79984283E-03
   4.79984283E-03
   4.89997864E-03
   5.00011444E-03
   5.10025024E-03
   5.10025024E-03
   5.19943237E-03
   5.20038605E-03
   5.20038605E-03
   5.29956818E-03
   5.30052185E-03
   5.30052185E-03
   5.49983978E-03
   5.70011139E-03
   5.79929352E-03
   5.80024719E-03
   5.90038300E-03
   5.90038300E-03
   5.99956512E-03
   6.00051880E-03
   6.00051880E-03
   6.09970093E-03
   6.09970093E-03
   6.19983673E-03
   6.29997253E-03
   6.29997253E-03
   6.29997253E-03
   6.29997253E-03
   6.29997253E-03
   6.40010834E-03
   6.40010834E-03
   6.40010834E-03
   6.50024414E-03
   6.50024414E-03
   6.50024414E-03
   6.59942627E-03
   6.60037994E-03
   6.79969788E-03
   6.80065155E-03
   6.89983368E-03
   6.89983368E-03
   6.89983368E-03
   6.90078735E-03
   6.90078735E-03
   6.99996948E-03
   6.99996948E-03
   7.10010529E-03
   7.10010529E-03
   7.10010529E-03
   7.30037689E-03
   7.30037689E-03
   7.30037689E-03
   7.30037689E-03
   7.40051270E-03
   7.40051270E-03
   7.40051270E-03
   7.49969482E-03
   7.50064850E-03
   7.59983063E-03
   7.60078430E-03
   7.69996643E-03
   7.90023804E-03
   8.00037384E-03
   8.09955597E-03
   8.10050964E-03
   8.10050964E-03
   8.29982758E-03
   8.39996338E-03
   8.39996338E-03
   8.39996338E-03
   8.50009918E-03
   8.50009918E-03
   8.50009918E-03
   8.60023499E-03
   8.60023499E-03
   8.60023499E-03
   8.69941711E-03
   8.79955292E-03
   8.79955292E-03
   8.89968872E-03
   8.99982452E-03
   9.09996033E-03
   9.40036774E-03
   9.40036774E-03
   9.40036774E-03
   9.49954987E-03
   9.49954987E-03
   9.69982147E-03
   9.70077515E-03
   9.79995728E-03
   9.79995728E-03
   9.99927521E-03
   9.99927521E-03
   1.01995468E-02
   1.01995468E-02
   1.03998184E-02
   1.05991364E-02
   1.06000900E-02
   1.07994080E-02
   1.07994080E-02
   1.11007690E-02
   1.11999512E-02
   1.14994049E-02
   1.15003586E-02
   1.15003586E-02
   1.15995407E-02
   1.20992661E-02
   1.21002197E-02
   1.21002197E-02
   1.22995377E-02
   1.24998093E-02
   1.29003525E-02
   1.30996704E-02
   1.32999420E-02
   1.32999420E-02
   1.34000778E-02
   1.35993958E-02
   1.36995316E-02
   1.37004852E-02
   1.38006210E-02
   1.39999390E-02
   1.39999390E-02
   1.42002106E-02
   1.44004822E-02
   1.46007538E-02
   1.48992538E-02
   1.49002075E-02
   1.52997971E-02
   1.59997940E-02
   1.60007477E-02
   1.60999298E-02
   1.60999298E-02
   1.72004700E-02
   1.73006058E-02
   1.73997879E-02
   1.74999237E-02
   1.77001953E-02
   1.83000565E-02
   1.84993744E-02
   1.87997818E-02
   1.90992355E-02
   1.91001892E-02
   1.93004608E-02
   1.95999146E-02
   2.00996399E-02
   2.04000473E-02
   2.12993622E-02
   2.13003159E-02
   2.13003159E-02
   2.13994980E-02
   2.18000412E-02
   2.26001740E-02
   2.27003098E-02
   2.37998962E-02
   2.49004364E-02
   2.57997513E-02
   2.61001587E-02
   2.82001495E-02
   2.86998749E-02
   2.98995972E-02
   3.27997208E-02
   3.47003937E-02
   3.61003876E-02
   3.64999771E-02
   3.80001068E-02
   3.82003784E-02
   4.38003540E-02
   4.62999344E-02
   4.89997864E-02
   5.48000336E-02
   5.55992126E-02
   6.19001389E-02
   8.17995071E-02
   8.24003220E-02
   8.43000412E-02
   8.72993469E-02
   9.93003845E-02
  0.128799438    
  0.149399757    
  0.194499969    
  0.478499413    
