#Npts     Radius    Mag      Completeness
#  219  433.3898  -10.214000 0.977679
# Ierr
 -0.610799789    
  -8.24003220E-02
  -6.04000092E-02
  -5.07001877E-02
  -4.79993820E-02
  -4.72002029E-02
  -3.22999954E-02
  -2.96001434E-02
  -2.89001465E-02
  -2.82001495E-02
  -2.71005630E-02
  -2.68001556E-02
  -2.61001587E-02
  -2.49996185E-02
  -2.49996185E-02
  -2.46992111E-02
  -2.41003036E-02
  -2.34994888E-02
  -2.32992172E-02
  -2.21004486E-02
  -2.09999084E-02
  -2.06003189E-02
  -2.05001831E-02
  -1.99003220E-02
  -1.90000534E-02
  -1.85003281E-02
  -1.80997849E-02
  -1.79996490E-02
  -1.78995132E-02
  -1.58996582E-02
  -1.58996582E-02
  -1.55000687E-02
  -1.52997971E-02
  -1.51996613E-02
  -1.46999359E-02
  -1.45998001E-02
  -1.44004822E-02
  -1.42002106E-02
  -1.41000748E-02
  -1.35002136E-02
  -1.34000778E-02
  -1.34000778E-02
  -1.32999420E-02
  -1.28993988E-02
  -1.22003555E-02
  -1.19991302E-02
  -1.10998154E-02
  -1.10006332E-02
  -1.04007721E-02
  -1.03998184E-02
  -1.02996826E-02
  -1.00002289E-02
  -1.00002289E-02
  -9.79995728E-03
  -9.69982147E-03
  -9.49954987E-03
  -9.20009613E-03
  -8.90064240E-03
  -8.60023499E-03
  -8.60023499E-03
  -8.50009918E-03
  -8.50009918E-03
  -8.39996338E-03
  -8.20064545E-03
  -8.00037384E-03
  -8.00037384E-03
  -7.89928436E-03
  -7.80010223E-03
  -7.80010223E-03
  -7.59983063E-03
  -7.29942322E-03
  -6.99996948E-03
  -6.99996948E-03
  -6.89983368E-03
  -6.69956207E-03
  -6.29997253E-03
  -6.10065460E-03
  -6.10065460E-03
  -6.09970093E-03
  -6.00051880E-03
  -6.00051880E-03
  -5.90038300E-03
  -5.89942932E-03
  -5.80024719E-03
  -5.59997559E-03
  -5.50079346E-03
  -5.49983978E-03
  -5.30052185E-03
  -5.29956818E-03
  -5.10025024E-03
  -5.00011444E-03
  -4.89997864E-03
  -4.29916382E-03
  -4.09984589E-03
  -3.99971008E-03
  -3.89957428E-03
  -3.89957428E-03
  -3.49998474E-03
  -3.49998474E-03
  -3.30066681E-03
  -3.00025940E-03
  -2.79998779E-03
  -2.69985199E-03
  -2.20012665E-03
  -2.20012665E-03
  -2.09999084E-03
  -1.89971924E-03
  -1.80053711E-03
  -1.79958344E-03
  -1.79958344E-03
  -1.50012970E-03
  -1.39999390E-03
  -1.29985809E-03
  -1.29985809E-03
  -1.09958649E-03
  -8.00132751E-04
  -6.99996948E-04
  -5.99861145E-04
  -5.99861145E-04
  -3.99589539E-04
  -2.99453735E-04
  -2.00271606E-04
  -1.00135803E-04
   0.00000000    
   1.00135803E-04
   1.99317932E-04
   2.00271606E-04
   2.00271606E-04
   3.99589539E-04
   3.99589539E-04
   3.99589539E-04
   5.00679016E-04
   6.99996948E-04
   6.99996948E-04
   9.00268555E-04
   9.99450684E-04
   1.09958649E-03
   1.29985809E-03
   1.29985809E-03
   1.39999390E-03
   1.39999390E-03
   1.50012970E-03
   1.79958344E-03
   1.79958344E-03
   1.80053711E-03
   2.40039825E-03
   2.49958038E-03
   2.69985199E-03
   2.79998779E-03
   2.89916992E-03
   2.99930573E-03
   3.29971313E-03
   3.29971313E-03
   3.70025635E-03
   3.70025635E-03
   3.79943848E-03
   3.89957428E-03
   3.90052795E-03
   3.99971008E-03
   4.30011749E-03
   4.60052490E-03
   4.79984283E-03
   4.79984283E-03
   5.19943237E-03
   5.20038605E-03
   5.29956818E-03
   5.39970398E-03
   5.49983978E-03
   5.89942932E-03
   5.99956512E-03
   6.00051880E-03
   6.00051880E-03
   6.09970093E-03
   6.19983673E-03
   6.19983673E-03
   6.49929047E-03
   6.79969788E-03
   7.09915161E-03
   7.19928741E-03
   7.19928741E-03
   7.29942322E-03
   7.59983063E-03
   8.29982758E-03
   8.29982758E-03
   8.70037079E-03
   1.03998184E-02
   1.07002258E-02
   1.10006332E-02
   1.11999512E-02
   1.12009048E-02
   1.13000870E-02
   1.14002228E-02
   1.14994049E-02
   1.17998123E-02
   1.20000839E-02
   1.21002197E-02
   1.23996735E-02
   1.28993988E-02
   1.36003494E-02
   1.41000748E-02
   1.45998001E-02
   1.49993896E-02
   1.60999298E-02
   1.64003372E-02
   1.69000626E-02
   1.74999237E-02
   1.91001892E-02
   2.15005875E-02
   2.50997543E-02
   2.63996124E-02
   2.97002792E-02
   3.04002762E-02
   3.20005417E-02
   3.20997238E-02
   5.63001633E-02
   6.92996979E-02
   7.19003677E-02
   7.78999329E-02
  0.135700226    
