#Npts     Radius    Mag      Completeness
#  421 1847.6553  -14.140000 1.000000
# Ierr
  -3.42006683E-02
  -2.90002823E-02
  -2.36997604E-02
  -2.29005814E-02
  -2.18000412E-02
  -2.16007233E-02
  -2.13994980E-02
  -2.12993622E-02
  -2.09007263E-02
  -2.04000473E-02
  -1.98001862E-02
  -1.92003250E-02
  -1.88999176E-02
  -1.78003311E-02
  -1.73006058E-02
  -1.71003342E-02
  -1.65004730E-02
  -1.63002014E-02
  -1.62000656E-02
  -1.56002045E-02
  -1.51996613E-02
  -1.51996613E-02
  -1.51004791E-02
  -1.49993896E-02
  -1.43003464E-02
  -1.41000748E-02
  -1.38006210E-02
  -1.37004852E-02
  -1.36003494E-02
  -1.34000778E-02
  -1.29995346E-02
  -1.25999451E-02
  -1.25999451E-02
  -1.24998093E-02
  -1.24006271E-02
  -1.23004913E-02
  -1.23004913E-02
  -1.22003555E-02
  -1.18999481E-02
  -1.18999481E-02
  -1.17006302E-02
  -1.13000870E-02
  -1.13000870E-02
  -1.11999512E-02
  -1.10006332E-02
  -1.07994080E-02
  -1.07002258E-02
  -1.02996826E-02
  -1.02005005E-02
  -1.01995468E-02
  -1.01003647E-02
  -1.00002289E-02
  -9.99927521E-03
  -9.90009308E-03
  -9.90009308E-03
  -9.79995728E-03
  -9.79995728E-03
  -9.79995728E-03
  -9.69982147E-03
  -9.49954987E-03
  -9.40036774E-03
  -9.09996033E-03
  -8.99982452E-03
  -8.90064240E-03
  -8.89968872E-03
  -8.60023499E-03
  -8.50009918E-03
  -8.39996338E-03
  -8.39996338E-03
  -8.39996338E-03
  -8.39996338E-03
  -8.39996338E-03
  -8.30078125E-03
  -8.10050964E-03
  -7.90023804E-03
  -7.80010223E-03
  -7.69996643E-03
  -7.59983063E-03
  -7.49969482E-03
  -7.40051270E-03
  -7.39955902E-03
  -7.29942322E-03
  -7.10010529E-03
  -7.10010529E-03
  -6.99996948E-03
  -6.89983368E-03
  -6.89983368E-03
  -6.80065155E-03
  -6.70051575E-03
  -6.70051575E-03
  -6.70051575E-03
  -6.69956207E-03
  -6.69956207E-03
  -6.60037994E-03
  -6.59942627E-03
  -6.50024414E-03
  -6.40010834E-03
  -6.29997253E-03
  -6.20079041E-03
  -6.19983673E-03
  -6.19983673E-03
  -6.09970093E-03
  -6.00051880E-03
  -5.99956512E-03
  -5.80024719E-03
  -5.79929352E-03
  -5.70011139E-03
  -5.59997559E-03
  -5.59997559E-03
  -5.30052185E-03
  -5.30052185E-03
  -5.20038605E-03
  -5.10025024E-03
  -5.09929657E-03
  -5.00011444E-03
  -5.00011444E-03
  -5.00011444E-03
  -4.89997864E-03
  -4.89997864E-03
  -4.79984283E-03
  -4.79984283E-03
  -4.69970703E-03
  -4.69970703E-03
  -4.60052490E-03
  -4.60052490E-03
  -4.59957123E-03
  -4.39929962E-03
  -4.39929962E-03
  -4.30011749E-03
  -4.30011749E-03
  -4.19998169E-03
  -4.09984589E-03
  -4.09984589E-03
  -4.09984589E-03
  -4.09984589E-03
  -3.99971008E-03
  -3.80039215E-03
  -3.80039215E-03
  -3.79943848E-03
  -3.60012054E-03
  -3.60012054E-03
  -3.49998474E-03
  -3.49998474E-03
  -3.39984894E-03
  -3.39984894E-03
  -3.20053101E-03
  -3.00025940E-03
  -3.00025940E-03
  -2.99930573E-03
  -2.89916992E-03
  -2.69985199E-03
  -2.59971619E-03
  -2.49958038E-03
  -2.49958038E-03
  -2.49958038E-03
  -2.40039825E-03
  -2.40039825E-03
  -2.39944458E-03
  -2.39944458E-03
  -2.30026245E-03
  -2.30026245E-03
  -2.20012665E-03
  -2.20012665E-03
  -2.19917297E-03
  -2.19917297E-03
  -2.19917297E-03
  -2.09999084E-03
  -2.09999084E-03
  -2.09999084E-03
  -1.99985504E-03
  -1.99985504E-03
  -1.99985504E-03
  -1.99985504E-03
  -1.90067291E-03
  -1.89971924E-03
  -1.89971924E-03
  -1.80053711E-03
  -1.79958344E-03
  -1.79958344E-03
  -1.70040131E-03
  -1.50012970E-03
  -1.50012970E-03
  -1.50012970E-03
  -1.39999390E-03
  -1.39999390E-03
  -1.39999390E-03
  -1.39999390E-03
  -1.39999390E-03
  -1.29985809E-03
  -1.29985809E-03
  -1.29985809E-03
  -1.19972229E-03
  -1.19972229E-03
  -1.09958649E-03
  -1.00040436E-03
  -9.99450684E-04
  -9.00268555E-04
  -9.00268555E-04
  -8.99314880E-04
  -8.99314880E-04
  -8.00132751E-04
  -8.00132751E-04
  -7.99179077E-04
  -7.99179077E-04
  -6.99996948E-04
  -6.99996948E-04
  -4.99725342E-04
  -4.99725342E-04
  -4.00543213E-04
  -2.99453735E-04
  -2.99453735E-04
  -1.99317932E-04
   0.00000000    
   0.00000000    
   0.00000000    
   0.00000000    
   1.00135803E-04
   1.00135803E-04
   1.00135803E-04
   1.99317932E-04
   2.00271606E-04
   2.00271606E-04
   2.00271606E-04
   2.00271606E-04
   2.99453735E-04
   2.99453735E-04
   3.00407410E-04
   3.99589539E-04
   3.99589539E-04
   4.00543213E-04
   4.99725342E-04
   4.99725342E-04
   5.00679016E-04
   5.99861145E-04
   5.99861145E-04
   6.00814819E-04
   6.99996948E-04
   6.99996948E-04
   7.99179077E-04
   7.99179077E-04
   7.99179077E-04
   8.00132751E-04
   1.00040436E-03
   1.09958649E-03
   1.09958649E-03
   1.10054016E-03
   1.20067596E-03
   1.29985809E-03
   1.29985809E-03
   1.29985809E-03
   1.30081177E-03
   1.39999390E-03
   1.39999390E-03
   1.39999390E-03
   1.39999390E-03
   1.49917603E-03
   1.49917603E-03
   1.50012970E-03
   1.60026550E-03
   1.60026550E-03
   1.69944763E-03
   1.69944763E-03
   1.70040131E-03
   1.70040131E-03
   1.70040131E-03
   1.79958344E-03
   1.79958344E-03
   1.79958344E-03
   1.80053711E-03
   1.80053711E-03
   1.89971924E-03
   1.90067291E-03
   1.90067291E-03
   2.09999084E-03
   2.09999084E-03
   2.20012665E-03
   2.20012665E-03
   2.20012665E-03
   2.29930878E-03
   2.29930878E-03
   2.39944458E-03
   2.40039825E-03
   2.40039825E-03
   2.49958038E-03
   2.69985199E-03
   2.69985199E-03
   2.79998779E-03
   2.99930573E-03
   3.00025940E-03
   3.00025940E-03
   3.10039520E-03
   3.29971313E-03
   3.29971313E-03
   3.30066681E-03
   3.49998474E-03
   3.49998474E-03
   3.49998474E-03
   3.60012054E-03
   3.60012054E-03
   3.60012054E-03
   3.70025635E-03
   3.89957428E-03
   4.00066376E-03
   4.09984589E-03
   4.40025330E-03
   4.49943542E-03
   4.49943542E-03
   4.59957123E-03
   4.59957123E-03
   4.60052490E-03
   4.70066071E-03
   4.79984283E-03
   4.89997864E-03
   5.00011444E-03
   5.09929657E-03
   5.10025024E-03
   5.19943237E-03
   5.20038605E-03
   5.20038605E-03
   5.29956818E-03
   5.39970398E-03
   5.39970398E-03
   5.49983978E-03
   5.49983978E-03
   5.59997559E-03
   5.59997559E-03
   5.69915771E-03
   6.00051880E-03
   6.09970093E-03
   6.19983673E-03
   6.20079041E-03
   6.40010834E-03
   6.50024414E-03
   6.70051575E-03
   6.70051575E-03
   6.79969788E-03
   7.09915161E-03
   7.20024109E-03
   7.30037689E-03
   7.39955902E-03
   7.40051270E-03
   7.50064850E-03
   7.69996643E-03
   7.80010223E-03
   7.80010223E-03
   7.80010223E-03
   7.90023804E-03
   7.99942017E-03
   8.09955597E-03
   8.10050964E-03
   8.19969177E-03
   8.20064545E-03
   8.20064545E-03
   8.30078125E-03
   8.30078125E-03
   8.39996338E-03
   8.39996338E-03
   8.60023499E-03
   8.60023499E-03
   8.69941711E-03
   8.80050659E-03
   8.80050659E-03
   9.00077820E-03
   9.29927826E-03
   9.30023193E-03
   9.50050354E-03
   9.50050354E-03
   9.79995728E-03
   1.02005005E-02
   1.02005005E-02
   1.03006363E-02
   1.03998184E-02
   1.10006332E-02
   1.10998154E-02
   1.11999512E-02
   1.14002228E-02
   1.14994049E-02
   1.15003586E-02
   1.17998123E-02
   1.18999481E-02
   1.18999481E-02
   1.18999481E-02
   1.20000839E-02
   1.21002197E-02
   1.21002197E-02
   1.28002167E-02
   1.34000778E-02
   1.35002136E-02
   1.38006210E-02
   1.38998032E-02
   1.41000748E-02
   1.41000748E-02
   1.42002106E-02
   1.43995285E-02
   1.44996643E-02
   1.44996643E-02
   1.49993896E-02
   1.50003433E-02
   1.52006149E-02
   1.65996552E-02
   1.66997910E-02
   1.67999268E-02
   1.69992447E-02
   1.73997879E-02
   1.75991058E-02
   1.77001953E-02
   1.78003311E-02
   1.85995102E-02
   1.88999176E-02
   2.00004578E-02
   2.08997726E-02
   2.35996246E-02
   2.40001678E-02
   2.70996094E-02
   2.92005539E-02
   3.54003906E-02
   3.99999619E-02
   6.64997101E-02
   7.00998306E-02
  0.105699539    
  0.131899834    
