#Npts     Radius    Mag      Completeness
#  233  433.4548  -11.163417 1.000000
# Ierr
  -8.08000565E-02
  -7.97004700E-02
  -4.36000824E-02
  -4.26998138E-02
  -2.27994919E-02
  -2.25000381E-02
  -2.04000473E-02
  -2.01997757E-02
  -1.55000687E-02
  -1.39007568E-02
  -1.18999481E-02
  -1.18999481E-02
  -1.16996765E-02
  -1.10006332E-02
  -1.08003616E-02
  -1.07994080E-02
  -9.59968567E-03
  -8.99982452E-03
  -8.89968872E-03
  -8.50009918E-03
  -8.00037384E-03
  -7.90023804E-03
  -7.60078430E-03
  -7.39955902E-03
  -7.20024109E-03
  -7.20024109E-03
  -6.89983368E-03
  -6.89983368E-03
  -6.49929047E-03
  -6.39915466E-03
  -6.29997253E-03
  -6.29997253E-03
  -6.29997253E-03
  -6.20079041E-03
  -6.20079041E-03
  -6.19983673E-03
  -5.99956512E-03
  -5.89942932E-03
  -5.89942932E-03
  -5.79929352E-03
  -5.70011139E-03
  -5.49983978E-03
  -5.49983978E-03
  -5.39970398E-03
  -5.30052185E-03
  -5.30052185E-03
  -5.30052185E-03
  -5.29956818E-03
  -5.10025024E-03
  -5.10025024E-03
  -5.10025024E-03
  -5.00011444E-03
  -5.00011444E-03
  -4.79984283E-03
  -4.79984283E-03
  -4.69970703E-03
  -4.69970703E-03
  -4.60052490E-03
  -4.60052490E-03
  -4.30011749E-03
  -4.30011749E-03
  -4.29916382E-03
  -4.19998169E-03
  -4.19998169E-03
  -4.00066376E-03
  -4.00066376E-03
  -3.80039215E-03
  -3.70025635E-03
  -3.60012054E-03
  -3.49998474E-03
  -3.39984894E-03
  -3.39984894E-03
  -3.39984894E-03
  -3.39984894E-03
  -3.39984894E-03
  -3.20053101E-03
  -3.19957733E-03
  -3.00025940E-03
  -3.00025940E-03
  -2.99930573E-03
  -2.90012360E-03
  -2.79998779E-03
  -2.79998779E-03
  -2.69985199E-03
  -2.59971619E-03
  -2.50053406E-03
  -2.39944458E-03
  -2.30026245E-03
  -2.30026245E-03
  -2.30026245E-03
  -2.30026245E-03
  -2.30026245E-03
  -2.19917297E-03
  -1.90067291E-03
  -1.89971924E-03
  -1.80053711E-03
  -1.80053711E-03
  -1.79958344E-03
  -1.50012970E-03
  -1.50012970E-03
  -1.49917603E-03
  -1.39999390E-03
  -1.39999390E-03
  -1.39999390E-03
  -1.10054016E-03
  -1.10054016E-03
  -1.00040436E-03
  -1.00040436E-03
  -9.00268555E-04
  -8.99314880E-04
  -8.00132751E-04
  -8.00132751E-04
  -6.99996948E-04
  -5.99861145E-04
  -5.99861145E-04
  -5.99861145E-04
  -3.99589539E-04
  -3.99589539E-04
  -3.00407410E-04
  -3.00407410E-04
  -2.00271606E-04
  -2.00271606E-04
  -2.00271606E-04
  -1.99317932E-04
  -1.99317932E-04
  -1.00135803E-04
   2.00271606E-04
   3.00407410E-04
   3.00407410E-04
   3.00407410E-04
   3.00407410E-04
   4.00543213E-04
   4.00543213E-04
   4.99725342E-04
   5.99861145E-04
   6.99996948E-04
   8.00132751E-04
   8.00132751E-04
   8.00132751E-04
   9.00268555E-04
   9.00268555E-04
   1.00040436E-03
   1.09958649E-03
   1.10054016E-03
   1.19972229E-03
   1.19972229E-03
   1.39999390E-03
   1.50012970E-03
   1.60026550E-03
   1.60026550E-03
   1.69944763E-03
   1.69944763E-03
   1.79958344E-03
   1.80053711E-03
   1.89971924E-03
   1.89971924E-03
   1.90067291E-03
   1.99985504E-03
   2.20012665E-03
   2.30026245E-03
   2.49958038E-03
   2.49958038E-03
   2.60066986E-03
   2.69985199E-03
   2.79998779E-03
   2.79998779E-03
   2.99930573E-03
   3.09944153E-03
   3.10039520E-03
   3.19957733E-03
   3.19957733E-03
   3.39984894E-03
   3.39984894E-03
   3.49998474E-03
   3.60012054E-03
   3.80039215E-03
   3.90052795E-03
   3.99971008E-03
   3.99971008E-03
   4.09984589E-03
   4.30011749E-03
   4.40025330E-03
   4.60052490E-03
   4.69970703E-03
   4.89997864E-03
   4.89997864E-03
   5.00011444E-03
   5.10025024E-03
   5.20038605E-03
   5.39970398E-03
   5.49983978E-03
   5.49983978E-03
   5.59997559E-03
   5.59997559E-03
   5.70011139E-03
   6.00051880E-03
   6.50024414E-03
   6.69956207E-03
   6.79969788E-03
   6.80065155E-03
   7.20024109E-03
   7.49969482E-03
   7.69996643E-03
   7.99942017E-03
   8.19969177E-03
   8.39996338E-03
   8.79955292E-03
   8.99982452E-03
   9.09996033E-03
   9.40036774E-03
   9.40036774E-03
   1.00002289E-02
   1.00994110E-02
   1.04007721E-02
   1.18007660E-02
   1.20000839E-02
   1.24998093E-02
   1.25999451E-02
   1.29003525E-02
   1.34992599E-02
   1.56002045E-02
   1.74007416E-02
   2.12993622E-02
   2.21004486E-02
   2.84996033E-02
   2.85997391E-02
   3.20997238E-02
   3.32002640E-02
   4.16002274E-02
   4.99992371E-02
   7.61003494E-02
  0.271299362    
  0.332099915    
