#Npts     Radius    Mag      Completeness
#  463 2050.1880  -13.890000 0.997845
# Ierr
  -2.26993561E-02
  -2.19001770E-02
  -2.18000412E-02
  -1.94005966E-02
  -1.93996429E-02
  -1.84993744E-02
  -1.80997849E-02
  -1.74999237E-02
  -1.59006119E-02
  -1.59006119E-02
  -1.49993896E-02
  -1.44004822E-02
  -1.43995285E-02
  -1.41000748E-02
  -1.36003494E-02
  -1.34992599E-02
  -1.34000778E-02
  -1.27992630E-02
  -1.27000809E-02
  -1.24998093E-02
  -1.22995377E-02
  -1.22995377E-02
  -1.22003555E-02
  -1.18007660E-02
  -1.18007660E-02
  -1.16004944E-02
  -1.11999512E-02
  -1.10998154E-02
  -1.06992722E-02
  -1.04007721E-02
  -1.00994110E-02
  -9.99927521E-03
  -9.90009308E-03
  -9.39941406E-03
  -9.29927826E-03
  -9.09996033E-03
  -8.70037079E-03
  -8.00037384E-03
  -7.99942017E-03
  -7.69996643E-03
  -7.49969482E-03
  -7.49969482E-03
  -7.39955902E-03
  -7.30037689E-03
  -6.99996948E-03
  -6.29997253E-03
  -6.00051880E-03
  -6.00051880E-03
  -5.80024719E-03
  -5.80024719E-03
  -5.30052185E-03
  -5.10025024E-03
  -5.09929657E-03
  -4.89997864E-03
  -4.69970703E-03
  -4.50038910E-03
  -4.30011749E-03
  -4.10079956E-03
  -4.09984589E-03
  -4.09984589E-03
  -3.90052795E-03
  -3.89957428E-03
  -3.80039215E-03
  -3.80039215E-03
  -3.70025635E-03
  -3.60012054E-03
  -3.60012054E-03
  -3.49998474E-03
  -3.40080261E-03
  -3.40080261E-03
  -3.39984894E-03
  -3.39984894E-03
  -3.19957733E-03
  -3.19957733E-03
  -3.10039520E-03
  -3.10039520E-03
  -3.10039520E-03
  -3.10039520E-03
  -3.09944153E-03
  -3.00025940E-03
  -3.00025940E-03
  -2.99930573E-03
  -2.90012360E-03
  -2.70080566E-03
  -2.69985199E-03
  -2.60066986E-03
  -2.59971619E-03
  -2.59971619E-03
  -2.59971619E-03
  -2.59971619E-03
  -2.49958038E-03
  -2.49958038E-03
  -2.49958038E-03
  -2.30026245E-03
  -2.30026245E-03
  -2.30026245E-03
  -2.20012665E-03
  -2.20012665E-03
  -2.20012665E-03
  -2.09999084E-03
  -2.09999084E-03
  -1.99985504E-03
  -1.99985504E-03
  -1.99985504E-03
  -1.99985504E-03
  -1.99985504E-03
  -1.99985504E-03
  -1.99985504E-03
  -1.90067291E-03
  -1.89971924E-03
  -1.80053711E-03
  -1.79958344E-03
  -1.79958344E-03
  -1.70040131E-03
  -1.69944763E-03
  -1.69944763E-03
  -1.69944763E-03
  -1.69944763E-03
  -1.69944763E-03
  -1.60026550E-03
  -1.60026550E-03
  -1.50012970E-03
  -1.49917603E-03
  -1.39999390E-03
  -1.39999390E-03
  -1.39999390E-03
  -1.39999390E-03
  -1.39999390E-03
  -1.30081177E-03
  -1.30081177E-03
  -1.29985809E-03
  -1.29985809E-03
  -1.20067596E-03
  -1.20067596E-03
  -1.19972229E-03
  -1.19972229E-03
  -1.10054016E-03
  -1.09958649E-03
  -1.09958649E-03
  -1.09958649E-03
  -1.09958649E-03
  -1.09958649E-03
  -1.09958649E-03
  -1.09958649E-03
  -1.09958649E-03
  -1.00040436E-03
  -1.00040436E-03
  -9.99450684E-04
  -9.00268555E-04
  -9.00268555E-04
  -8.99314880E-04
  -8.99314880E-04
  -8.99314880E-04
  -8.00132751E-04
  -8.00132751E-04
  -8.00132751E-04
  -8.00132751E-04
  -8.00132751E-04
  -6.99996948E-04
  -6.99996948E-04
  -6.99996948E-04
  -6.99996948E-04
  -6.99996948E-04
  -6.99996948E-04
  -5.99861145E-04
  -5.99861145E-04
  -5.99861145E-04
  -5.99861145E-04
  -4.99725342E-04
  -4.99725342E-04
  -4.99725342E-04
  -4.99725342E-04
  -4.99725342E-04
  -4.99725342E-04
  -4.99725342E-04
  -4.00543213E-04
  -4.00543213E-04
  -4.00543213E-04
  -3.99589539E-04
  -3.99589539E-04
  -3.99589539E-04
  -3.99589539E-04
  -3.99589539E-04
  -3.00407410E-04
  -3.00407410E-04
  -3.00407410E-04
  -2.99453735E-04
  -2.99453735E-04
  -2.99453735E-04
  -2.99453735E-04
  -2.99453735E-04
  -2.99453735E-04
  -2.99453735E-04
  -2.99453735E-04
  -2.00271606E-04
  -2.00271606E-04
  -2.00271606E-04
  -2.00271606E-04
  -2.00271606E-04
  -2.00271606E-04
  -2.00271606E-04
  -1.99317932E-04
  -1.99317932E-04
  -1.00135803E-04
  -1.00135803E-04
  -1.00135803E-04
  -1.00135803E-04
  -1.00135803E-04
  -9.91821289E-05
   0.00000000    
   0.00000000    
   0.00000000    
   0.00000000    
   0.00000000    
   0.00000000    
   0.00000000    
   0.00000000    
   0.00000000    
   0.00000000    
   0.00000000    
   0.00000000    
   9.91821289E-05
   9.91821289E-05
   1.00135803E-04
   1.00135803E-04
   1.00135803E-04
   1.00135803E-04
   1.00135803E-04
   1.00135803E-04
   1.00135803E-04
   1.00135803E-04
   1.00135803E-04
   1.99317932E-04
   1.99317932E-04
   2.00271606E-04
   2.00271606E-04
   2.00271606E-04
   2.00271606E-04
   2.99453735E-04
   2.99453735E-04
   2.99453735E-04
   2.99453735E-04
   2.99453735E-04
   3.00407410E-04
   3.00407410E-04
   3.00407410E-04
   3.00407410E-04
   3.00407410E-04
   3.00407410E-04
   3.00407410E-04
   3.99589539E-04
   3.99589539E-04
   3.99589539E-04
   3.99589539E-04
   4.00543213E-04
   4.00543213E-04
   4.00543213E-04
   4.00543213E-04
   4.99725342E-04
   4.99725342E-04
   4.99725342E-04
   4.99725342E-04
   4.99725342E-04
   4.99725342E-04
   4.99725342E-04
   5.99861145E-04
   5.99861145E-04
   5.99861145E-04
   6.99996948E-04
   6.99996948E-04
   6.99996948E-04
   6.99996948E-04
   6.99996948E-04
   6.99996948E-04
   6.99996948E-04
   8.00132751E-04
   8.00132751E-04
   8.00132751E-04
   8.00132751E-04
   8.00132751E-04
   8.99314880E-04
   8.99314880E-04
   9.00268555E-04
   9.00268555E-04
   9.00268555E-04
   9.00268555E-04
   1.00040436E-03
   1.00040436E-03
   1.09958649E-03
   1.09958649E-03
   1.09958649E-03
   1.09958649E-03
   1.10054016E-03
   1.10054016E-03
   1.10054016E-03
   1.19972229E-03
   1.19972229E-03
   1.19972229E-03
   1.20067596E-03
   1.20067596E-03
   1.20067596E-03
   1.29985809E-03
   1.29985809E-03
   1.29985809E-03
   1.29985809E-03
   1.29985809E-03
   1.29985809E-03
   1.30081177E-03
   1.39999390E-03
   1.39999390E-03
   1.39999390E-03
   1.39999390E-03
   1.49917603E-03
   1.49917603E-03
   1.59931183E-03
   1.59931183E-03
   1.60026550E-03
   1.60026550E-03
   1.60026550E-03
   1.69944763E-03
   1.69944763E-03
   1.69944763E-03
   1.70040131E-03
   1.70040131E-03
   1.79958344E-03
   1.79958344E-03
   1.79958344E-03
   1.80053711E-03
   1.80053711E-03
   1.80053711E-03
   1.80053711E-03
   1.80053711E-03
   1.89971924E-03
   1.89971924E-03
   1.89971924E-03
   1.90067291E-03
   1.99985504E-03
   2.09999084E-03
   2.09999084E-03
   2.09999084E-03
   2.20012665E-03
   2.20012665E-03
   2.20012665E-03
   2.20012665E-03
   2.20012665E-03
   2.20012665E-03
   2.20012665E-03
   2.20012665E-03
   2.30026245E-03
   2.30026245E-03
   2.39944458E-03
   2.39944458E-03
   2.40039825E-03
   2.40039825E-03
   2.50053406E-03
   2.59971619E-03
   2.59971619E-03
   2.60066986E-03
   2.60066986E-03
   2.69985199E-03
   2.69985199E-03
   2.69985199E-03
   2.69985199E-03
   2.79998779E-03
   2.79998779E-03
   2.90012360E-03
   2.90012360E-03
   2.90012360E-03
   3.19957733E-03
   3.29971313E-03
   3.29971313E-03
   3.39984894E-03
   3.40080261E-03
   3.59916687E-03
   3.79943848E-03
   3.80039215E-03
   3.89957428E-03
   3.89957428E-03
   3.99971008E-03
   3.99971008E-03
   4.09984589E-03
   4.09984589E-03
   4.19998169E-03
   4.19998169E-03
   4.40025330E-03
   4.40025330E-03
   4.59957123E-03
   4.59957123E-03
   4.60052490E-03
   4.69970703E-03
   4.89997864E-03
   4.89997864E-03
   5.09929657E-03
   5.09929657E-03
   5.09929657E-03
   5.10025024E-03
   5.49983978E-03
   5.50079346E-03
   5.89942932E-03
   6.09970093E-03
   6.29997253E-03
   6.29997253E-03
   6.29997253E-03
   6.40010834E-03
   6.59942627E-03
   6.89983368E-03
   7.20024109E-03
   7.20024109E-03
   7.29942322E-03
   7.29942322E-03
   7.30037689E-03
   7.59983063E-03
   7.69996643E-03
   7.80010223E-03
   8.09955597E-03
   8.10050964E-03
   8.10050964E-03
   8.19969177E-03
   8.19969177E-03
   8.19969177E-03
   8.29982758E-03
   8.49914551E-03
   8.90064240E-03
   8.90064240E-03
   9.20009613E-03
   9.30023193E-03
   9.40036774E-03
   9.40036774E-03
   1.02005005E-02
   1.03006363E-02
   1.07994080E-02
   1.10006332E-02
   1.13000870E-02
   1.16004944E-02
   1.22003555E-02
   1.22995377E-02
   1.24998093E-02
   1.27000809E-02
   1.31998062E-02
   1.35002136E-02
   1.44004822E-02
   1.52006149E-02
   1.53999329E-02
   1.58996582E-02
   1.77993774E-02
   1.79004669E-02
   1.90000534E-02
   1.96008682E-02
   1.98993683E-02
   2.01997757E-02
   2.13003159E-02
   2.16999054E-02
   2.71005630E-02
   2.92005539E-02
   3.07006836E-02
   3.29999924E-02
   3.35998535E-02
   3.92999649E-02
   4.96006012E-02
   5.22994995E-02
   5.90000153E-02
  0.116499901    
  0.188799858    
