#Npts     Radius    Mag      Completeness
#  461 2889.2651  -15.820000 0.927565
# Ierr
  -1.58996582E-02
  -1.57995224E-02
  -1.28002167E-02
  -1.23004913E-02
  -1.09996796E-02
  -1.00002289E-02
  -9.40132141E-03
  -9.30023193E-03
  -8.80050659E-03
  -8.70132446E-03
  -8.30078125E-03
  -8.29982758E-03
  -8.19969177E-03
  -7.90023804E-03
  -7.90023804E-03
  -7.80010223E-03
  -7.69996643E-03
  -7.40051270E-03
  -7.39955902E-03
  -7.20024109E-03
  -7.10010529E-03
  -6.99996948E-03
  -6.80065155E-03
  -6.80065155E-03
  -6.70051575E-03
  -6.60037994E-03
  -6.20079041E-03
  -6.20079041E-03
  -6.19983673E-03
  -6.19983673E-03
  -6.19888306E-03
  -6.09970093E-03
  -6.00051880E-03
  -5.99956512E-03
  -5.90133667E-03
  -5.89942932E-03
  -5.79929352E-03
  -5.59997559E-03
  -5.50079346E-03
  -5.39970398E-03
  -5.39970398E-03
  -5.19943237E-03
  -5.19943237E-03
  -5.10025024E-03
  -5.10025024E-03
  -4.89997864E-03
  -4.80079651E-03
  -4.79984283E-03
  -4.79984283E-03
  -4.79888916E-03
  -4.60052490E-03
  -4.49943542E-03
  -4.49943542E-03
  -4.40025330E-03
  -4.40025330E-03
  -4.30011749E-03
  -4.29916382E-03
  -4.29916382E-03
  -4.19998169E-03
  -4.19998169E-03
  -4.00161743E-03
  -4.00066376E-03
  -4.00066376E-03
  -3.99971008E-03
  -3.90052795E-03
  -3.90052795E-03
  -3.90052795E-03
  -3.89862061E-03
  -3.80039215E-03
  -3.80039215E-03
  -3.80039215E-03
  -3.79943848E-03
  -3.70025635E-03
  -3.70025635E-03
  -3.70025635E-03
  -3.60012054E-03
  -3.59916687E-03
  -3.49998474E-03
  -3.39984894E-03
  -3.39889526E-03
  -3.29971313E-03
  -3.29971313E-03
  -3.29971313E-03
  -3.20053101E-03
  -3.20053101E-03
  -3.20053101E-03
  -3.20053101E-03
  -3.20053101E-03
  -3.20053101E-03
  -3.10039520E-03
  -3.00025940E-03
  -3.00025940E-03
  -2.90107727E-03
  -2.90012360E-03
  -2.90012360E-03
  -2.89916992E-03
  -2.89916992E-03
  -2.89916992E-03
  -2.89916992E-03
  -2.89916992E-03
  -2.79998779E-03
  -2.79998779E-03
  -2.70080566E-03
  -2.69985199E-03
  -2.69889832E-03
  -2.60162354E-03
  -2.60066986E-03
  -2.59971619E-03
  -2.59971619E-03
  -2.50053406E-03
  -2.50053406E-03
  -2.50053406E-03
  -2.49958038E-03
  -2.40135193E-03
  -2.40135193E-03
  -2.40135193E-03
  -2.40039825E-03
  -2.39944458E-03
  -2.39944458E-03
  -2.30026245E-03
  -2.30026245E-03
  -2.30026245E-03
  -2.30026245E-03
  -2.20108032E-03
  -2.20108032E-03
  -2.20012665E-03
  -2.20012665E-03
  -2.20012665E-03
  -2.19917297E-03
  -2.09999084E-03
  -2.09999084E-03
  -2.09999084E-03
  -2.09999084E-03
  -2.00080872E-03
  -1.99985504E-03
  -1.90162659E-03
  -1.89971924E-03
  -1.89971924E-03
  -1.89971924E-03
  -1.89971924E-03
  -1.80053711E-03
  -1.80053711E-03
  -1.69944763E-03
  -1.69944763E-03
  -1.69944763E-03
  -1.69944763E-03
  -1.59931183E-03
  -1.59931183E-03
  -1.50108337E-03
  -1.50012970E-03
  -1.49917603E-03
  -1.39999390E-03
  -1.39999390E-03
  -1.39999390E-03
  -1.39999390E-03
  -1.39999390E-03
  -1.39999390E-03
  -1.30081177E-03
  -1.29890442E-03
  -1.19972229E-03
  -1.19972229E-03
  -1.19972229E-03
  -1.19972229E-03
  -1.10054016E-03
  -1.10054016E-03
  -1.10054016E-03
  -1.10054016E-03
  -1.09863281E-03
  -1.09863281E-03
  -1.00135803E-03
  -1.00135803E-03
  -1.00040436E-03
  -9.99450684E-04
  -9.00268555E-04
  -9.00268555E-04
  -8.99314880E-04
  -8.99314880E-04
  -8.99314880E-04
  -8.99314880E-04
  -8.01086426E-04
  -8.00132751E-04
  -8.00132751E-04
  -8.00132751E-04
  -6.99996948E-04
  -6.99996948E-04
  -6.99996948E-04
  -6.00814819E-04
  -6.00814819E-04
  -5.98907471E-04
  -5.00679016E-04
  -5.00679016E-04
  -4.99725342E-04
  -4.99725342E-04
  -4.99725342E-04
  -4.99725342E-04
  -4.99725342E-04
  -4.99725342E-04
  -4.99725342E-04
  -4.99725342E-04
  -4.00543213E-04
  -4.00543213E-04
  -4.00543213E-04
  -4.00543213E-04
  -4.00543213E-04
  -3.99589539E-04
  -3.98635864E-04
  -3.01361084E-04
  -2.99453735E-04
  -2.99453735E-04
  -2.00271606E-04
  -2.00271606E-04
  -2.00271606E-04
  -2.00271606E-04
  -2.00271606E-04
  -1.98364258E-04
  -1.98364258E-04
  -1.00135803E-04
  -1.00135803E-04
  -9.91821289E-05
   0.00000000    
   0.00000000    
   0.00000000    
   0.00000000    
   0.00000000    
   9.91821289E-05
   9.91821289E-05
   9.91821289E-05
   1.00135803E-04
   1.00135803E-04
   1.01089478E-04
   1.01089478E-04
   1.98364258E-04
   1.99317932E-04
   2.00271606E-04
   2.00271606E-04
   2.99453735E-04
   2.99453735E-04
   2.99453735E-04
   3.00407410E-04
   3.01361084E-04
   3.01361084E-04
   3.01361084E-04
   3.98635864E-04
   3.99589539E-04
   4.00543213E-04
   4.00543213E-04
   4.00543213E-04
   4.00543213E-04
   4.00543213E-04
   4.99725342E-04
   4.99725342E-04
   4.99725342E-04
   4.99725342E-04
   4.99725342E-04
   5.99861145E-04
   6.00814819E-04
   6.99996948E-04
   6.99996948E-04
   6.99996948E-04
   6.99996948E-04
   6.99996948E-04
   7.99179077E-04
   8.00132751E-04
   8.00132751E-04
   8.00132751E-04
   8.00132751E-04
   9.00268555E-04
   9.00268555E-04
   9.99450684E-04
   1.00040436E-03
   1.00135803E-03
   1.10054016E-03
   1.19972229E-03
   1.19972229E-03
   1.20067596E-03
   1.29890442E-03
   1.29985809E-03
   1.30081177E-03
   1.39999390E-03
   1.39999390E-03
   1.49917603E-03
   1.50108337E-03
   1.59931183E-03
   1.60026550E-03
   1.60026550E-03
   1.60026550E-03
   1.60026550E-03
   1.60026550E-03
   1.60026550E-03
   1.69944763E-03
   1.69944763E-03
   1.70040131E-03
   1.70040131E-03
   1.79862976E-03
   1.79862976E-03
   1.79958344E-03
   1.79958344E-03
   1.79958344E-03
   1.80053711E-03
   1.80053711E-03
   1.80053711E-03
   1.80053711E-03
   1.80053711E-03
   1.89971924E-03
   1.89971924E-03
   1.99890137E-03
   1.99985504E-03
   2.00080872E-03
   2.00080872E-03
   2.00080872E-03
   2.09999084E-03
   2.09999084E-03
   2.20012665E-03
   2.30026245E-03
   2.30026245E-03
   2.39944458E-03
   2.40039825E-03
   2.40039825E-03
   2.40039825E-03
   2.40135193E-03
   2.49862671E-03
   2.50053406E-03
   2.59971619E-03
   2.59971619E-03
   2.60066986E-03
   2.69889832E-03
   2.69985199E-03
   2.70080566E-03
   2.70080566E-03
   2.79998779E-03
   2.89916992E-03
   2.89916992E-03
   2.90012360E-03
   2.99930573E-03
   3.00025940E-03
   3.00025940E-03
   3.09944153E-03
   3.19957733E-03
   3.19957733E-03
   3.20053101E-03
   3.20053101E-03
   3.20053101E-03
   3.29971313E-03
   3.29971313E-03
   3.29971313E-03
   3.29971313E-03
   3.39984894E-03
   3.40080261E-03
   3.40080261E-03
   3.49998474E-03
   3.49998474E-03
   3.49998474E-03
   3.49998474E-03
   3.60012054E-03
   3.60107422E-03
   3.69930267E-03
   3.70025635E-03
   3.70025635E-03
   3.70025635E-03
   3.79943848E-03
   3.79943848E-03
   3.79943848E-03
   3.89957428E-03
   3.90052795E-03
   3.90052795E-03
   3.90052795E-03
   3.99971008E-03
   3.99971008E-03
   4.09889221E-03
   4.09889221E-03
   4.09984589E-03
   4.09984589E-03
   4.10079956E-03
   4.10079956E-03
   4.19998169E-03
   4.19998169E-03
   4.19998169E-03
   4.29916382E-03
   4.30011749E-03
   4.30011749E-03
   4.30107117E-03
   4.40025330E-03
   4.40025330E-03
   4.49943542E-03
   4.50038910E-03
   4.69970703E-03
   4.69970703E-03
   4.69970703E-03
   4.69970703E-03
   4.70161438E-03
   4.70161438E-03
   4.79984283E-03
   4.79984283E-03
   4.89997864E-03
   4.99916077E-03
   5.10025024E-03
   5.10025024E-03
   5.20038605E-03
   5.20038605E-03
   5.29861450E-03
   5.29861450E-03
   5.30052185E-03
   5.40065765E-03
   5.49983978E-03
   5.49983978E-03
   5.50079346E-03
   5.59997559E-03
   5.59997559E-03
   5.69915771E-03
   5.69915771E-03
   5.70011139E-03
   5.70106506E-03
   5.99956512E-03
   6.09970093E-03
   6.29997253E-03
   6.49833679E-03
   6.59942627E-03
   6.89888000E-03
   6.99996948E-03
   6.99996948E-03
   6.99996948E-03
   7.20024109E-03
   7.20024109E-03
   7.30037689E-03
   7.39955902E-03
   7.39955902E-03
   7.69996643E-03
   7.89928436E-03
   8.00037384E-03
   8.00037384E-03
   8.10050964E-03
   8.19969177E-03
   8.49914551E-03
   8.60023499E-03
   8.60023499E-03
   8.80050659E-03
   9.00077820E-03
   9.19914246E-03
   9.20104980E-03
   9.60159302E-03
   9.79995728E-03
   9.89913940E-03
   1.11007690E-02
   1.11999512E-02
   1.17998123E-02
   1.18999481E-02
   1.28993988E-02
   1.35002136E-02
   1.37996674E-02
   1.46999359E-02
   1.47991180E-02
   1.72004700E-02
   2.27003098E-02
   2.70004272E-02
   2.79006958E-02
   3.84006500E-02
   5.69000244E-02
   5.79986572E-02
   6.00013733E-02
   7.64999390E-02
  0.494201660    
