#Npts     Radius    Mag      Completeness
#  702 1646.8810  -10.774857 0.994334
# Ierr
  -7.75995255E-02
  -7.59000778E-02
  -7.24000931E-02
  -5.71002960E-02
  -5.17005920E-02
  -4.63008881E-02
  -4.55999374E-02
  -4.23002243E-02
  -3.55005264E-02
  -3.50999832E-02
  -3.26004028E-02
  -3.05995941E-02
  -2.98995972E-02
  -2.63004303E-02
  -2.43997574E-02
  -2.42996216E-02
  -2.36005783E-02
  -1.99003220E-02
  -1.76000595E-02
  -1.74007416E-02
  -1.70993805E-02
  -1.70001984E-02
  -1.63993835E-02
  -1.60999298E-02
  -1.52997971E-02
  -1.51996613E-02
  -1.39999390E-02
  -1.32999420E-02
  -1.32999420E-02
  -1.32007599E-02
  -1.27992630E-02
  -1.24998093E-02
  -1.24998093E-02
  -1.23996735E-02
  -1.21002197E-02
  -1.16996765E-02
  -1.15995407E-02
  -1.15995407E-02
  -1.14002228E-02
  -1.13000870E-02
  -1.13000870E-02
  -1.12991333E-02
  -1.09996796E-02
  -1.07002258E-02
  -1.06000900E-02
  -1.04999542E-02
  -1.04999542E-02
  -1.04999542E-02
  -1.04007721E-02
  -1.02996826E-02
  -1.02005005E-02
  -1.00002289E-02
  -9.90009308E-03
  -9.89913940E-03
  -9.79995728E-03
  -9.79995728E-03
  -9.70077515E-03
  -9.59968567E-03
  -9.49954987E-03
  -9.40036774E-03
  -9.39941406E-03
  -9.20009613E-03
  -8.99982452E-03
  -8.79955292E-03
  -8.79955292E-03
  -8.70037079E-03
  -8.60023499E-03
  -8.50009918E-03
  -8.49914551E-03
  -8.39996338E-03
  -8.39996338E-03
  -8.29982758E-03
  -8.20064545E-03
  -8.19969177E-03
  -8.10050964E-03
  -8.09955597E-03
  -7.99942017E-03
  -7.90023804E-03
  -7.89928436E-03
  -7.80010223E-03
  -7.69996643E-03
  -7.69996643E-03
  -7.49969482E-03
  -7.49969482E-03
  -7.49969482E-03
  -7.40051270E-03
  -7.39955902E-03
  -7.39955902E-03
  -7.29942322E-03
  -7.29942322E-03
  -7.09915161E-03
  -7.09915161E-03
  -6.99996948E-03
  -6.99996948E-03
  -6.99996948E-03
  -6.99996948E-03
  -6.89983368E-03
  -6.80065155E-03
  -6.70051575E-03
  -6.60037994E-03
  -6.60037994E-03
  -6.60037994E-03
  -6.60037994E-03
  -6.50024414E-03
  -6.50024414E-03
  -6.50024414E-03
  -6.50024414E-03
  -6.40010834E-03
  -6.40010834E-03
  -6.29997253E-03
  -6.29997253E-03
  -6.29997253E-03
  -6.29997253E-03
  -6.29997253E-03
  -6.19983673E-03
  -6.19983673E-03
  -6.19983673E-03
  -6.10065460E-03
  -6.10065460E-03
  -6.09970093E-03
  -6.09970093E-03
  -6.09970093E-03
  -6.09970093E-03
  -5.99956512E-03
  -5.99956512E-03
  -5.99956512E-03
  -5.89942932E-03
  -5.80024719E-03
  -5.80024719E-03
  -5.79929352E-03
  -5.79929352E-03
  -5.79929352E-03
  -5.70011139E-03
  -5.70011139E-03
  -5.70011139E-03
  -5.70011139E-03
  -5.70011139E-03
  -5.70011139E-03
  -5.69915771E-03
  -5.69915771E-03
  -5.69915771E-03
  -5.60092926E-03
  -5.59997559E-03
  -5.50079346E-03
  -5.49983978E-03
  -5.49983978E-03
  -5.49983978E-03
  -5.49983978E-03
  -5.40065765E-03
  -5.30052185E-03
  -5.29956818E-03
  -5.29956818E-03
  -5.19943237E-03
  -5.10025024E-03
  -5.10025024E-03
  -5.10025024E-03
  -5.00011444E-03
  -5.00011444E-03
  -4.89997864E-03
  -4.89997864E-03
  -4.89997864E-03
  -4.89997864E-03
  -4.80079651E-03
  -4.79984283E-03
  -4.70066071E-03
  -4.70066071E-03
  -4.70066071E-03
  -4.69970703E-03
  -4.69970703E-03
  -4.59957123E-03
  -4.59957123E-03
  -4.50038910E-03
  -4.50038910E-03
  -4.50038910E-03
  -4.50038910E-03
  -4.50038910E-03
  -4.49943542E-03
  -4.40025330E-03
  -4.30011749E-03
  -4.30011749E-03
  -4.09984589E-03
  -4.09984589E-03
  -4.09984589E-03
  -4.00066376E-03
  -3.99971008E-03
  -3.99971008E-03
  -3.90052795E-03
  -3.89957428E-03
  -3.89957428E-03
  -3.80039215E-03
  -3.79943848E-03
  -3.79943848E-03
  -3.70025635E-03
  -3.70025635E-03
  -3.69930267E-03
  -3.69930267E-03
  -3.69930267E-03
  -3.69930267E-03
  -3.69930267E-03
  -3.69930267E-03
  -3.60012054E-03
  -3.60012054E-03
  -3.60012054E-03
  -3.60012054E-03
  -3.49998474E-03
  -3.49998474E-03
  -3.49998474E-03
  -3.49998474E-03
  -3.40080261E-03
  -3.39984894E-03
  -3.39984894E-03
  -3.39984894E-03
  -3.30066681E-03
  -3.29971313E-03
  -3.29971313E-03
  -3.29971313E-03
  -3.20053101E-03
  -3.10039520E-03
  -3.09944153E-03
  -3.00025940E-03
  -3.00025940E-03
  -3.00025940E-03
  -3.00025940E-03
  -2.99930573E-03
  -2.99930573E-03
  -2.99930573E-03
  -2.90012360E-03
  -2.90012360E-03
  -2.79998779E-03
  -2.79998779E-03
  -2.79998779E-03
  -2.79998779E-03
  -2.69985199E-03
  -2.69985199E-03
  -2.69985199E-03
  -2.69985199E-03
  -2.59971619E-03
  -2.59971619E-03
  -2.59971619E-03
  -2.59971619E-03
  -2.50053406E-03
  -2.49958038E-03
  -2.49958038E-03
  -2.49958038E-03
  -2.40039825E-03
  -2.40039825E-03
  -2.40039825E-03
  -2.39944458E-03
  -2.39944458E-03
  -2.39944458E-03
  -2.39944458E-03
  -2.30026245E-03
  -2.30026245E-03
  -2.30026245E-03
  -2.30026245E-03
  -2.20012665E-03
  -2.20012665E-03
  -2.20012665E-03
  -2.09999084E-03
  -2.09999084E-03
  -2.09999084E-03
  -2.09999084E-03
  -1.99985504E-03
  -1.99985504E-03
  -1.99985504E-03
  -1.99985504E-03
  -1.99985504E-03
  -1.89971924E-03
  -1.89971924E-03
  -1.80053711E-03
  -1.80053711E-03
  -1.79958344E-03
  -1.79958344E-03
  -1.79958344E-03
  -1.79958344E-03
  -1.70040131E-03
  -1.70040131E-03
  -1.70040131E-03
  -1.70040131E-03
  -1.69944763E-03
  -1.60026550E-03
  -1.60026550E-03
  -1.60026550E-03
  -1.60026550E-03
  -1.59931183E-03
  -1.50012970E-03
  -1.50012970E-03
  -1.50012970E-03
  -1.50012970E-03
  -1.50012970E-03
  -1.50012970E-03
  -1.50012970E-03
  -1.50012970E-03
  -1.50012970E-03
  -1.39999390E-03
  -1.39999390E-03
  -1.39999390E-03
  -1.39999390E-03
  -1.30081177E-03
  -1.29985809E-03
  -1.29985809E-03
  -1.19972229E-03
  -1.19972229E-03
  -1.19972229E-03
  -1.19972229E-03
  -1.10054016E-03
  -1.10054016E-03
  -1.10054016E-03
  -1.10054016E-03
  -1.09958649E-03
  -1.09958649E-03
  -1.00040436E-03
  -1.00040436E-03
  -1.00040436E-03
  -1.00040436E-03
  -9.99450684E-04
  -9.99450684E-04
  -9.00268555E-04
  -9.00268555E-04
  -9.00268555E-04
  -8.99314880E-04
  -8.00132751E-04
  -8.00132751E-04
  -8.00132751E-04
  -7.99179077E-04
  -6.99996948E-04
  -6.99996948E-04
  -6.99996948E-04
  -6.99996948E-04
  -6.99996948E-04
  -6.99996948E-04
  -6.99996948E-04
  -6.99996948E-04
  -5.99861145E-04
  -5.99861145E-04
  -5.99861145E-04
  -5.99861145E-04
  -5.99861145E-04
  -5.00679016E-04
  -4.99725342E-04
  -4.99725342E-04
  -3.99589539E-04
  -3.99589539E-04
  -3.00407410E-04
  -2.99453735E-04
  -2.00271606E-04
  -2.00271606E-04
  -1.99317932E-04
  -1.00135803E-04
  -1.00135803E-04
  -1.00135803E-04
  -9.91821289E-05
   0.00000000    
   0.00000000    
   0.00000000    
   9.91821289E-05
   9.91821289E-05
   1.00135803E-04
   1.00135803E-04
   1.00135803E-04
   1.00135803E-04
   1.00135803E-04
   2.99453735E-04
   2.99453735E-04
   3.00407410E-04
   4.00543213E-04
   4.00543213E-04
   4.00543213E-04
   4.99725342E-04
   4.99725342E-04
   4.99725342E-04
   4.99725342E-04
   5.00679016E-04
   5.00679016E-04
   5.99861145E-04
   5.99861145E-04
   5.99861145E-04
   5.99861145E-04
   5.99861145E-04
   6.99996948E-04
   6.99996948E-04
   6.99996948E-04
   6.99996948E-04
   6.99996948E-04
   6.99996948E-04
   6.99996948E-04
   6.99996948E-04
   6.99996948E-04
   6.99996948E-04
   6.99996948E-04
   7.99179077E-04
   8.00132751E-04
   8.00132751E-04
   8.99314880E-04
   9.00268555E-04
   9.99450684E-04
   9.99450684E-04
   9.99450684E-04
   1.00040436E-03
   1.00040436E-03
   1.20067596E-03
   1.29985809E-03
   1.29985809E-03
   1.39999390E-03
   1.39999390E-03
   1.40094757E-03
   1.50012970E-03
   1.50012970E-03
   1.50012970E-03
   1.50012970E-03
   1.59931183E-03
   1.60026550E-03
   1.60026550E-03
   1.60026550E-03
   1.60026550E-03
   1.69944763E-03
   1.69944763E-03
   1.70040131E-03
   1.70040131E-03
   1.70040131E-03
   1.70040131E-03
   1.79958344E-03
   1.79958344E-03
   1.80053711E-03
   1.80053711E-03
   1.80053711E-03
   1.89971924E-03
   1.89971924E-03
   1.89971924E-03
   1.90067291E-03
   1.90067291E-03
   1.99985504E-03
   1.99985504E-03
   1.99985504E-03
   1.99985504E-03
   1.99985504E-03
   2.00080872E-03
   2.09999084E-03
   2.09999084E-03
   2.09999084E-03
   2.09999084E-03
   2.09999084E-03
   2.20012665E-03
   2.20012665E-03
   2.20012665E-03
   2.20012665E-03
   2.20012665E-03
   2.20012665E-03
   2.20012665E-03
   2.30026245E-03
   2.30026245E-03
   2.30026245E-03
   2.30026245E-03
   2.39944458E-03
   2.40039825E-03
   2.40039825E-03
   2.40039825E-03
   2.40039825E-03
   2.40039825E-03
   2.49958038E-03
   2.49958038E-03
   2.49958038E-03
   2.50053406E-03
   2.50053406E-03
   2.59971619E-03
   2.69985199E-03
   2.69985199E-03
   2.79998779E-03
   2.79998779E-03
   2.90012360E-03
   2.90012360E-03
   2.99930573E-03
   3.00025940E-03
   3.00025940E-03
   3.00025940E-03
   3.09944153E-03
   3.09944153E-03
   3.10039520E-03
   3.10039520E-03
   3.10039520E-03
   3.19957733E-03
   3.19957733E-03
   3.29971313E-03
   3.29971313E-03
   3.30066681E-03
   3.30066681E-03
   3.39984894E-03
   3.39984894E-03
   3.39984894E-03
   3.40080261E-03
   3.40080261E-03
   3.49998474E-03
   3.59916687E-03
   3.60012054E-03
   3.60012054E-03
   3.69930267E-03
   3.69930267E-03
   3.70025635E-03
   3.70025635E-03
   3.79943848E-03
   3.80039215E-03
   3.80039215E-03
   3.90052795E-03
   3.99971008E-03
   3.99971008E-03
   4.09984589E-03
   4.10079956E-03
   4.19998169E-03
   4.19998169E-03
   4.29916382E-03
   4.30011749E-03
   4.30011749E-03
   4.30011749E-03
   4.30011749E-03
   4.30011749E-03
   4.30011749E-03
   4.39929962E-03
   4.40025330E-03
   4.49943542E-03
   4.50038910E-03
   4.50038910E-03
   4.50038910E-03
   4.59957123E-03
   4.59957123E-03
   4.59957123E-03
   4.69970703E-03
   4.69970703E-03
   4.70066071E-03
   4.79984283E-03
   4.79984283E-03
   4.79984283E-03
   4.80079651E-03
   4.80079651E-03
   4.89997864E-03
   4.99916077E-03
   5.10025024E-03
   5.10025024E-03
   5.10025024E-03
   5.10025024E-03
   5.19943237E-03
   5.29956818E-03
   5.29956818E-03
   5.29956818E-03
   5.39970398E-03
   5.39970398E-03
   5.39970398E-03
   5.49983978E-03
   5.49983978E-03
   5.49983978E-03
   5.50079346E-03
   5.59997559E-03
   5.70011139E-03
   5.90038300E-03
   5.90038300E-03
   5.90038300E-03
   5.99956512E-03
   5.99956512E-03
   6.09970093E-03
   6.09970093E-03
   6.10065460E-03
   6.19983673E-03
   6.19983673E-03
   6.29997253E-03
   6.39915466E-03
   6.40010834E-03
   6.40010834E-03
   6.50024414E-03
   6.59942627E-03
   6.59942627E-03
   6.59942627E-03
   6.59942627E-03
   6.60037994E-03
   6.60037994E-03
   6.69956207E-03
   6.69956207E-03
   6.70051575E-03
   6.80065155E-03
   6.80065155E-03
   6.89983368E-03
   6.89983368E-03
   6.89983368E-03
   6.90078735E-03
   6.99996948E-03
   6.99996948E-03
   7.10010529E-03
   7.19928741E-03
   7.20024109E-03
   7.20024109E-03
   7.20024109E-03
   7.20024109E-03
   7.40051270E-03
   7.49969482E-03
   7.59983063E-03
   7.59983063E-03
   7.69996643E-03
   7.69996643E-03
   7.69996643E-03
   7.69996643E-03
   7.80010223E-03
   7.80010223E-03
   7.89928436E-03
   8.00037384E-03
   8.09955597E-03
   8.09955597E-03
   8.10050964E-03
   8.19969177E-03
   8.19969177E-03
   8.50009918E-03
   8.60023499E-03
   8.79955292E-03
   8.79955292E-03
   8.80050659E-03
   8.90064240E-03
   8.99982452E-03
   9.09996033E-03
   9.20009613E-03
   9.20009613E-03
   9.39941406E-03
   9.40036774E-03
   9.69982147E-03
   9.69982147E-03
   9.90009308E-03
   9.90009308E-03
   1.00002289E-02
   1.01995468E-02
   1.02996826E-02
   1.03998184E-02
   1.06000900E-02
   1.07994080E-02
   1.09996796E-02
   1.10998154E-02
   1.20000839E-02
   1.28002167E-02
   1.28993988E-02
   1.28993988E-02
   1.31006241E-02
   1.32999420E-02
   1.34000778E-02
   1.34000778E-02
   1.42002106E-02
   1.43995285E-02
   1.46999359E-02
   1.49002075E-02
   1.49002075E-02
   1.50003433E-02
   1.52006149E-02
   1.57995224E-02
   1.58004761E-02
   1.64995193E-02
   1.71995163E-02
   1.78003311E-02
   1.78995132E-02
   1.96008682E-02
   2.02999115E-02
   2.07004547E-02
   2.14996338E-02
   2.14996338E-02
   2.16007233E-02
   2.19993591E-02
   2.35996246E-02
   2.51007080E-02
   2.60000229E-02
   2.62994766E-02
   2.64005661E-02
   2.84004211E-02
   2.92005539E-02
   3.12995911E-02
   3.12995911E-02
   3.13997269E-02
   3.41997147E-02
   3.42006683E-02
   3.48997116E-02
   4.15000916E-02
   4.46004868E-02
   4.52995300E-02
   4.82997894E-02
   5.03997803E-02
   5.27000427E-02
   5.44004440E-02
   5.80997467E-02
   5.81998825E-02
   5.83992004E-02
   5.97000122E-02
   6.02006912E-02
   6.41994476E-02
   6.82001114E-02
   7.08999634E-02
   7.10992813E-02
   7.23991394E-02
   8.01992416E-02
   9.56001282E-02
   9.72003937E-02
   9.80005264E-02
  0.114599228    
  0.120299339    
  0.185500145    
  0.196300507    
  0.210000038    
  0.407700539    
  0.408599854    
  0.521499634    
  0.699700356    
