#Npts     Radius    Mag      Completeness
#  161  635.7338  -14.140000 0.993827
# Ierr
  -2.85997391E-02
  -1.79996490E-02
  -1.55000687E-02
  -1.29003525E-02
  -1.24006271E-02
  -1.23996735E-02
  -1.16996765E-02
  -1.14002228E-02
  -1.10006332E-02
  -1.08995438E-02
  -1.06992722E-02
  -1.06000900E-02
  -1.00994110E-02
  -1.00994110E-02
  -1.00002289E-02
  -9.69982147E-03
  -9.59968567E-03
  -9.40036774E-03
  -9.29927826E-03
  -8.99982452E-03
  -8.90064240E-03
  -8.50009918E-03
  -8.09955597E-03
  -8.00037384E-03
  -7.99942017E-03
  -7.29942322E-03
  -7.09915161E-03
  -6.29997253E-03
  -5.30052185E-03
  -5.20038605E-03
  -5.19943237E-03
  -4.89997864E-03
  -4.79984283E-03
  -3.39984894E-03
  -3.30066681E-03
  -3.09944153E-03
  -3.00025940E-03
  -3.00025940E-03
  -2.50053406E-03
  -2.30026245E-03
  -2.29930878E-03
  -2.20012665E-03
  -2.09999084E-03
  -1.70040131E-03
  -1.70040131E-03
  -1.69944763E-03
  -1.60026550E-03
  -1.59931183E-03
  -1.49917603E-03
  -1.39999390E-03
  -1.39999390E-03
  -1.39999390E-03
  -1.29985809E-03
  -1.20067596E-03
  -1.19972229E-03
  -1.19972229E-03
  -1.19972229E-03
  -1.19972229E-03
  -1.09958649E-03
  -1.09958649E-03
  -9.99450684E-04
  -9.99450684E-04
  -9.00268555E-04
  -6.99996948E-04
  -3.99589539E-04
  -2.99453735E-04
  -1.99317932E-04
  -1.00135803E-04
  -1.00135803E-04
  -9.91821289E-05
   0.00000000    
   1.99317932E-04
   2.99453735E-04
   4.00543213E-04
   4.00543213E-04
   4.99725342E-04
   5.99861145E-04
   5.99861145E-04
   6.99996948E-04
   8.00132751E-04
   9.99450684E-04
   1.00040436E-03
   1.00040436E-03
   1.09958649E-03
   1.09958649E-03
   1.19972229E-03
   1.29985809E-03
   1.29985809E-03
   1.29985809E-03
   1.39999390E-03
   1.39999390E-03
   1.39999390E-03
   1.39999390E-03
   1.59931183E-03
   1.70040131E-03
   1.79958344E-03
   1.79958344E-03
   1.79958344E-03
   1.89971924E-03
   1.90067291E-03
   2.09999084E-03
   2.09999084E-03
   2.20012665E-03
   2.20012665E-03
   2.20012665E-03
   2.30026245E-03
   2.59971619E-03
   2.59971619E-03
   2.60066986E-03
   2.90012360E-03
   3.09944153E-03
   3.10039520E-03
   3.20053101E-03
   3.29971313E-03
   3.29971313E-03
   3.30066681E-03
   3.39984894E-03
   3.49998474E-03
   3.60012054E-03
   3.70025635E-03
   3.89957428E-03
   4.19998169E-03
   4.30011749E-03
   4.50038910E-03
   4.59957123E-03
   4.79984283E-03
   4.89997864E-03
   5.00011444E-03
   5.00011444E-03
   5.10025024E-03
   5.10025024E-03
   5.30052185E-03
   5.40065765E-03
   6.00051880E-03
   6.09970093E-03
   6.09970093E-03
   6.89983368E-03
   6.89983368E-03
   7.29942322E-03
   7.39955902E-03
   7.59983063E-03
   7.59983063E-03
   7.80010223E-03
   8.00037384E-03
   8.50009918E-03
   8.79955292E-03
   9.09996033E-03
   1.00002289E-02
   1.07002258E-02
   1.09004974E-02
   1.10006332E-02
   1.20000839E-02
   1.27992630E-02
   1.29995346E-02
   1.36003494E-02
   1.38998032E-02
   1.52006149E-02
   1.70001984E-02
   2.44998932E-02
   3.20005417E-02
   3.36999893E-02
