#Npts     Radius    Mag      Completeness
#  395 1444.6324  -14.140000 1.000000
# Ierr
  -7.95001984E-02
  -2.64005661E-02
  -2.43997574E-02
  -2.20994949E-02
  -2.18000412E-02
  -2.14996338E-02
  -2.06995010E-02
  -2.04992294E-02
  -1.99003220E-02
  -1.97000504E-02
  -1.88999176E-02
  -1.87997818E-02
  -1.83000565E-02
  -1.81007385E-02
  -1.76000595E-02
  -1.73997879E-02
  -1.62992477E-02
  -1.58996582E-02
  -1.56993866E-02
  -1.53999329E-02
  -1.53999329E-02
  -1.51996613E-02
  -1.46999359E-02
  -1.44004822E-02
  -1.43995285E-02
  -1.42993927E-02
  -1.42002106E-02
  -1.41000748E-02
  -1.41000748E-02
  -1.40991211E-02
  -1.37996674E-02
  -1.37004852E-02
  -1.34000778E-02
  -1.31998062E-02
  -1.30996704E-02
  -1.30996704E-02
  -1.28993988E-02
  -1.23004913E-02
  -1.21994019E-02
  -1.21002197E-02
  -1.20000839E-02
  -1.19991302E-02
  -1.19009018E-02
  -1.17998123E-02
  -1.17998123E-02
  -1.11999512E-02
  -1.10998154E-02
  -1.09996796E-02
  -1.07002258E-02
  -1.05009079E-02
  -1.04999542E-02
  -1.03998184E-02
  -1.03006363E-02
  -1.02996826E-02
  -1.00002289E-02
  -9.90009308E-03
  -9.79995728E-03
  -9.79995728E-03
  -9.79995728E-03
  -9.50050354E-03
  -8.99982452E-03
  -8.79955292E-03
  -8.69941711E-03
  -8.59928131E-03
  -8.50009918E-03
  -8.49914551E-03
  -8.29982758E-03
  -8.20064545E-03
  -8.19969177E-03
  -8.10050964E-03
  -8.00037384E-03
  -8.00037384E-03
  -7.90023804E-03
  -7.90023804E-03
  -7.90023804E-03
  -7.80010223E-03
  -7.69996643E-03
  -7.69996643E-03
  -7.69996643E-03
  -7.69996643E-03
  -7.69996643E-03
  -7.59983063E-03
  -7.49969482E-03
  -7.30037689E-03
  -7.29942322E-03
  -6.99996948E-03
  -6.89983368E-03
  -6.89983368E-03
  -6.79969788E-03
  -6.79969788E-03
  -6.69956207E-03
  -6.59942627E-03
  -6.09970093E-03
  -6.09970093E-03
  -6.00051880E-03
  -5.80024719E-03
  -5.70011139E-03
  -5.59997559E-03
  -5.50079346E-03
  -5.49983978E-03
  -5.40065765E-03
  -5.39970398E-03
  -5.30052185E-03
  -5.29956818E-03
  -5.29956818E-03
  -5.20038605E-03
  -4.89997864E-03
  -4.80079651E-03
  -4.79984283E-03
  -4.79984283E-03
  -4.70066071E-03
  -4.69970703E-03
  -4.69970703E-03
  -4.60052490E-03
  -4.59957123E-03
  -4.59957123E-03
  -4.50038910E-03
  -4.50038910E-03
  -4.39929962E-03
  -4.30011749E-03
  -4.30011749E-03
  -4.30011749E-03
  -4.09984589E-03
  -3.70025635E-03
  -3.70025635E-03
  -3.39984894E-03
  -3.29971313E-03
  -3.29971313E-03
  -3.19957733E-03
  -3.19957733E-03
  -3.10039520E-03
  -3.00025940E-03
  -2.89916992E-03
  -2.79998779E-03
  -2.69985199E-03
  -2.69985199E-03
  -2.60066986E-03
  -2.60066986E-03
  -2.40039825E-03
  -2.39944458E-03
  -2.39944458E-03
  -2.30026245E-03
  -2.29930878E-03
  -2.20012665E-03
  -2.20012665E-03
  -2.09999084E-03
  -2.09999084E-03
  -1.99985504E-03
  -1.99985504E-03
  -1.90067291E-03
  -1.90067291E-03
  -1.90067291E-03
  -1.89971924E-03
  -1.79958344E-03
  -1.79958344E-03
  -1.60026550E-03
  -1.60026550E-03
  -1.59931183E-03
  -1.59931183E-03
  -1.50012970E-03
  -1.50012970E-03
  -1.39999390E-03
  -1.30081177E-03
  -1.29985809E-03
  -1.29985809E-03
  -1.20067596E-03
  -1.10054016E-03
  -1.10054016E-03
  -1.09958649E-03
  -1.09958649E-03
  -9.99450684E-04
  -9.99450684E-04
  -9.00268555E-04
  -9.00268555E-04
  -8.00132751E-04
  -8.00132751E-04
  -6.99996948E-04
  -6.99996948E-04
  -6.99996948E-04
  -5.99861145E-04
  -4.99725342E-04
  -4.00543213E-04
  -3.99589539E-04
  -3.99589539E-04
  -3.99589539E-04
  -3.00407410E-04
  -3.00407410E-04
  -1.00135803E-04
  -1.00135803E-04
   0.00000000    
   0.00000000    
   0.00000000    
   1.00135803E-04
   1.00135803E-04
   1.00135803E-04
   2.00271606E-04
   2.00271606E-04
   2.99453735E-04
   3.00407410E-04
   3.99589539E-04
   3.99589539E-04
   4.99725342E-04
   4.99725342E-04
   5.00679016E-04
   5.99861145E-04
   5.99861145E-04
   6.00814819E-04
   6.99996948E-04
   6.99996948E-04
   8.00132751E-04
   8.00132751E-04
   8.00132751E-04
   8.00132751E-04
   8.00132751E-04
   8.00132751E-04
   9.00268555E-04
   9.99450684E-04
   9.99450684E-04
   1.09958649E-03
   1.09958649E-03
   1.09958649E-03
   1.10054016E-03
   1.19972229E-03
   1.19972229E-03
   1.20067596E-03
   1.20067596E-03
   1.20067596E-03
   1.29985809E-03
   1.29985809E-03
   1.29985809E-03
   1.30081177E-03
   1.30081177E-03
   1.39999390E-03
   1.39999390E-03
   1.39999390E-03
   1.39999390E-03
   1.49917603E-03
   1.49917603E-03
   1.50012970E-03
   1.50012970E-03
   1.60026550E-03
   1.69944763E-03
   1.70040131E-03
   1.89971924E-03
   1.90067291E-03
   1.99985504E-03
   2.09999084E-03
   2.09999084E-03
   2.20012665E-03
   2.20012665E-03
   2.30026245E-03
   2.30026245E-03
   2.50053406E-03
   2.50053406E-03
   2.59971619E-03
   2.59971619E-03
   2.60066986E-03
   2.69985199E-03
   2.69985199E-03
   2.69985199E-03
   2.79998779E-03
   2.90012360E-03
   3.00025940E-03
   3.00025940E-03
   3.10039520E-03
   3.19957733E-03
   3.30066681E-03
   3.30066681E-03
   3.59916687E-03
   3.60012054E-03
   3.70025635E-03
   3.89957428E-03
   3.90052795E-03
   3.99971008E-03
   3.99971008E-03
   3.99971008E-03
   4.00066376E-03
   4.00066376E-03
   4.09984589E-03
   4.19998169E-03
   4.30011749E-03
   4.30011749E-03
   4.30011749E-03
   4.40025330E-03
   4.49943542E-03
   4.59957123E-03
   4.70066071E-03
   4.79984283E-03
   4.79984283E-03
   4.79984283E-03
   4.89997864E-03
   4.89997864E-03
   5.00011444E-03
   5.09929657E-03
   5.09929657E-03
   5.10025024E-03
   5.20038605E-03
   5.39970398E-03
   5.39970398E-03
   5.40065765E-03
   5.49983978E-03
   5.49983978E-03
   5.70011139E-03
   5.70011139E-03
   5.79929352E-03
   6.00051880E-03
   6.09970093E-03
   6.29997253E-03
   6.29997253E-03
   6.40010834E-03
   6.40010834E-03
   6.50024414E-03
   6.60037994E-03
   6.69956207E-03
   6.80065155E-03
   6.89983368E-03
   6.99996948E-03
   7.10010529E-03
   7.20024109E-03
   7.29942322E-03
   7.30037689E-03
   7.30037689E-03
   7.50064850E-03
   7.59983063E-03
   7.59983063E-03
   7.69996643E-03
   7.79914856E-03
   7.80010223E-03
   7.89928436E-03
   7.90023804E-03
   7.90023804E-03
   8.19969177E-03
   8.19969177E-03
   8.99982452E-03
   8.99982452E-03
   8.99982452E-03
   9.09996033E-03
   9.30023193E-03
   9.30023193E-03
   9.49954987E-03
   9.69982147E-03
   1.00994110E-02
   1.01003647E-02
   1.02005005E-02
   1.02005005E-02
   1.08995438E-02
   1.09996796E-02
   1.10998154E-02
   1.14002228E-02
   1.14994049E-02
   1.16004944E-02
   1.18007660E-02
   1.21002197E-02
   1.22003555E-02
   1.22995377E-02
   1.24998093E-02
   1.25999451E-02
   1.27992630E-02
   1.29003525E-02
   1.35002136E-02
   1.36995316E-02
   1.38006210E-02
   1.39999390E-02
   1.43003464E-02
   1.43003464E-02
   1.45006180E-02
   1.45998001E-02
   1.52006149E-02
   1.53999329E-02
   1.58004761E-02
   1.59997940E-02
   1.72996521E-02
   1.73006058E-02
   1.77001953E-02
   1.79996490E-02
   1.79996490E-02
   1.81007385E-02
   1.85995102E-02
   1.95007324E-02
   2.04000473E-02
   2.28996277E-02
   2.44998932E-02
   2.46000290E-02
   2.68001556E-02
   2.99997330E-02
   3.42998505E-02
   4.28009033E-02
   4.71000671E-02
   6.68992996E-02
   9.70001221E-02
   9.77001190E-02
  0.101900101    
  0.185100555    
  0.191900253    
  0.235199928    
