#Npts     Radius    Mag      Completeness
#  432 1444.8495  -15.438450 0.997691
# Ierr
  -2.49996185E-02
  -1.72996521E-02
  -1.27000809E-02
  -1.17998123E-02
  -1.10006332E-02
  -1.01003647E-02
  -1.00994110E-02
  -9.69982147E-03
  -9.60063934E-03
  -9.59968567E-03
  -9.40036774E-03
  -9.20009613E-03
  -8.80050659E-03
  -8.19969177E-03
  -8.19969177E-03
  -8.10050964E-03
  -7.90023804E-03
  -7.69996643E-03
  -7.49969482E-03
  -7.40051270E-03
  -7.40051270E-03
  -7.30037689E-03
  -7.30037689E-03
  -7.20024109E-03
  -7.20024109E-03
  -7.10010529E-03
  -7.00092316E-03
  -6.89983368E-03
  -6.80065155E-03
  -6.79969788E-03
  -6.60037994E-03
  -6.59942627E-03
  -6.40010834E-03
  -6.39915466E-03
  -6.29997253E-03
  -6.20079041E-03
  -5.99956512E-03
  -5.70011139E-03
  -5.70011139E-03
  -5.50079346E-03
  -5.49983978E-03
  -5.29956818E-03
  -5.20038605E-03
  -5.10025024E-03
  -5.00011444E-03
  -5.00011444E-03
  -4.89997864E-03
  -4.69970703E-03
  -4.69970703E-03
  -4.69970703E-03
  -4.69970703E-03
  -4.59957123E-03
  -4.50038910E-03
  -4.50038910E-03
  -4.50038910E-03
  -4.40025330E-03
  -4.40025330E-03
  -4.30011749E-03
  -4.30011749E-03
  -4.19998169E-03
  -4.09984589E-03
  -4.09984589E-03
  -4.00066376E-03
  -4.00066376E-03
  -3.99971008E-03
  -3.99971008E-03
  -3.99971008E-03
  -3.99971008E-03
  -3.90052795E-03
  -3.90052795E-03
  -3.80039215E-03
  -3.79943848E-03
  -3.70025635E-03
  -3.70025635E-03
  -3.70025635E-03
  -3.60012054E-03
  -3.60012054E-03
  -3.60012054E-03
  -3.49998474E-03
  -3.39984894E-03
  -3.29971313E-03
  -3.20053101E-03
  -3.19957733E-03
  -3.19957733E-03
  -3.10039520E-03
  -3.00025940E-03
  -3.00025940E-03
  -3.00025940E-03
  -2.90012360E-03
  -2.90012360E-03
  -2.90012360E-03
  -2.90012360E-03
  -2.90012360E-03
  -2.90012360E-03
  -2.79998779E-03
  -2.79998779E-03
  -2.79998779E-03
  -2.79998779E-03
  -2.79998779E-03
  -2.79998779E-03
  -2.70080566E-03
  -2.69985199E-03
  -2.69985199E-03
  -2.69985199E-03
  -2.69985199E-03
  -2.60066986E-03
  -2.60066986E-03
  -2.60066986E-03
  -2.59971619E-03
  -2.50053406E-03
  -2.50053406E-03
  -2.49958038E-03
  -2.40039825E-03
  -2.39944458E-03
  -2.30026245E-03
  -2.20012665E-03
  -2.20012665E-03
  -2.20012665E-03
  -2.20012665E-03
  -2.09999084E-03
  -2.09999084E-03
  -1.99985504E-03
  -1.90067291E-03
  -1.89971924E-03
  -1.89971924E-03
  -1.89971924E-03
  -1.89971924E-03
  -1.70040131E-03
  -1.70040131E-03
  -1.70040131E-03
  -1.69944763E-03
  -1.69944763E-03
  -1.59931183E-03
  -1.59931183E-03
  -1.59931183E-03
  -1.59931183E-03
  -1.59931183E-03
  -1.50012970E-03
  -1.50012970E-03
  -1.50012970E-03
  -1.50012970E-03
  -1.40094757E-03
  -1.39999390E-03
  -1.39999390E-03
  -1.29985809E-03
  -1.29985809E-03
  -1.19972229E-03
  -1.19972229E-03
  -1.19972229E-03
  -1.19972229E-03
  -1.19972229E-03
  -1.10054016E-03
  -1.10054016E-03
  -1.10054016E-03
  -1.10054016E-03
  -1.09958649E-03
  -1.09958649E-03
  -1.09958649E-03
  -1.00040436E-03
  -1.00040436E-03
  -9.99450684E-04
  -9.00268555E-04
  -9.00268555E-04
  -9.00268555E-04
  -9.00268555E-04
  -8.99314880E-04
  -8.00132751E-04
  -8.00132751E-04
  -8.00132751E-04
  -8.00132751E-04
  -8.00132751E-04
  -7.99179077E-04
  -6.99996948E-04
  -6.99996948E-04
  -6.99996948E-04
  -6.99996948E-04
  -6.99996948E-04
  -6.99996948E-04
  -6.00814819E-04
  -6.00814819E-04
  -5.99861145E-04
  -5.99861145E-04
  -5.00679016E-04
  -4.99725342E-04
  -4.00543213E-04
  -4.00543213E-04
  -3.99589539E-04
  -3.99589539E-04
  -3.99589539E-04
  -3.99589539E-04
  -3.00407410E-04
  -3.00407410E-04
  -2.99453735E-04
  -2.99453735E-04
  -2.00271606E-04
  -2.00271606E-04
  -2.00271606E-04
  -2.00271606E-04
  -1.99317932E-04
  -1.99317932E-04
  -1.99317932E-04
  -1.99317932E-04
  -1.00135803E-04
  -1.00135803E-04
  -1.00135803E-04
  -1.00135803E-04
  -1.00135803E-04
  -9.91821289E-05
   9.91821289E-05
   9.91821289E-05
   1.00135803E-04
   1.00135803E-04
   1.99317932E-04
   2.00271606E-04
   2.00271606E-04
   2.00271606E-04
   2.99453735E-04
   3.00407410E-04
   3.00407410E-04
   3.99589539E-04
   3.99589539E-04
   3.99589539E-04
   3.99589539E-04
   3.99589539E-04
   3.99589539E-04
   3.99589539E-04
   4.99725342E-04
   4.99725342E-04
   4.99725342E-04
   4.99725342E-04
   5.00679016E-04
   5.99861145E-04
   5.99861145E-04
   5.99861145E-04
   6.00814819E-04
   6.00814819E-04
   6.99996948E-04
   6.99996948E-04
   6.99996948E-04
   6.99996948E-04
   6.99996948E-04
   7.99179077E-04
   8.00132751E-04
   8.00132751E-04
   8.00132751E-04
   8.00132751E-04
   9.00268555E-04
   9.00268555E-04
   9.00268555E-04
   9.00268555E-04
   9.00268555E-04
   9.99450684E-04
   9.99450684E-04
   1.00040436E-03
   1.00040436E-03
   1.00040436E-03
   1.00040436E-03
   1.00040436E-03
   1.09958649E-03
   1.09958649E-03
   1.19972229E-03
   1.20067596E-03
   1.20067596E-03
   1.20067596E-03
   1.20067596E-03
   1.29985809E-03
   1.29985809E-03
   1.50012970E-03
   1.50012970E-03
   1.50012970E-03
   1.50012970E-03
   1.50012970E-03
   1.50012970E-03
   1.59931183E-03
   1.59931183E-03
   1.60026550E-03
   1.60026550E-03
   1.60026550E-03
   1.60026550E-03
   1.69944763E-03
   1.69944763E-03
   1.70040131E-03
   1.70040131E-03
   1.80053711E-03
   1.80053711E-03
   1.80053711E-03
   1.89971924E-03
   1.89971924E-03
   1.90067291E-03
   1.99985504E-03
   1.99985504E-03
   2.00080872E-03
   2.00080872E-03
   2.09999084E-03
   2.09999084E-03
   2.09999084E-03
   2.09999084E-03
   2.29930878E-03
   2.29930878E-03
   2.30026245E-03
   2.39944458E-03
   2.40039825E-03
   2.40039825E-03
   2.40039825E-03
   2.40039825E-03
   2.40039825E-03
   2.49958038E-03
   2.49958038E-03
   2.59971619E-03
   2.59971619E-03
   2.60066986E-03
   2.69985199E-03
   2.69985199E-03
   2.69985199E-03
   2.69985199E-03
   2.79998779E-03
   2.79998779E-03
   2.79998779E-03
   2.89916992E-03
   2.90012360E-03
   2.90012360E-03
   2.90012360E-03
   2.90012360E-03
   2.99930573E-03
   2.99930573E-03
   3.00025940E-03
   3.00025940E-03
   3.00025940E-03
   3.09944153E-03
   3.09944153E-03
   3.10039520E-03
   3.10039520E-03
   3.10039520E-03
   3.19957733E-03
   3.20053101E-03
   3.30066681E-03
   3.39984894E-03
   3.49998474E-03
   3.49998474E-03
   3.70025635E-03
   3.80039215E-03
   3.80039215E-03
   3.89957428E-03
   3.89957428E-03
   3.90052795E-03
   3.99971008E-03
   4.00066376E-03
   4.00066376E-03
   4.09984589E-03
   4.19998169E-03
   4.19998169E-03
   4.19998169E-03
   4.30011749E-03
   4.30011749E-03
   4.30011749E-03
   4.30011749E-03
   4.30011749E-03
   4.39929962E-03
   4.40025330E-03
   4.40025330E-03
   4.40025330E-03
   4.50038910E-03
   4.50038910E-03
   4.50038910E-03
   4.60052490E-03
   4.69970703E-03
   4.69970703E-03
   4.70066071E-03
   4.70066071E-03
   4.79984283E-03
   4.79984283E-03
   4.80079651E-03
   4.89997864E-03
   4.89997864E-03
   5.09929657E-03
   5.09929657E-03
   5.29956818E-03
   5.30052185E-03
   5.49983978E-03
   5.59997559E-03
   5.70011139E-03
   5.79929352E-03
   5.80024719E-03
   5.89942932E-03
   5.89942932E-03
   5.90038300E-03
   6.00051880E-03
   6.09970093E-03
   6.29997253E-03
   6.29997253E-03
   6.40010834E-03
   6.40010834E-03
   6.49929047E-03
   6.59942627E-03
   6.60037994E-03
   6.60037994E-03
   6.69956207E-03
   6.79969788E-03
   6.89983368E-03
   6.99996948E-03
   7.19928741E-03
   7.30037689E-03
   7.39955902E-03
   7.59983063E-03
   7.69996643E-03
   7.80010223E-03
   8.00037384E-03
   8.19969177E-03
   8.29982758E-03
   8.39996338E-03
   8.50009918E-03
   8.50009918E-03
   8.80050659E-03
   9.09996033E-03
   9.59968567E-03
   1.07002258E-02
   1.09996796E-02
   1.15003586E-02
   1.20000839E-02
   1.20000839E-02
   1.36003494E-02
   1.48000717E-02
   1.51996613E-02
   1.72996521E-02
   1.76000595E-02
   1.87997818E-02
   2.22005844E-02
   2.34003067E-02
   2.82001495E-02
   3.31001282E-02
   8.34999084E-02
  0.140000343    
