#Npts     Radius    Mag      Completeness
#  466 1242.5706  -13.544683 0.997859
# Ierr
  -6.09006882E-02
  -1.26991272E-02
  -1.23996735E-02
  -9.90009308E-03
  -7.59983063E-03
  -7.40051270E-03
  -6.10065460E-03
  -5.59997559E-03
  -4.49943542E-03
  -3.99971008E-03
  -3.99971008E-03
  -3.89957428E-03
  -3.89957428E-03
  -3.80039215E-03
  -3.70025635E-03
  -3.69930267E-03
  -3.60012054E-03
  -3.39984894E-03
  -3.29971313E-03
  -3.29971313E-03
  -2.90012360E-03
  -2.89916992E-03
  -2.69985199E-03
  -2.40039825E-03
  -2.30026245E-03
  -2.30026245E-03
  -2.30026245E-03
  -2.29930878E-03
  -2.20012665E-03
  -2.20012665E-03
  -2.20012665E-03
  -2.20012665E-03
  -2.09999084E-03
  -1.99985504E-03
  -1.89971924E-03
  -1.89971924E-03
  -1.89971924E-03
  -1.89971924E-03
  -1.79958344E-03
  -1.79958344E-03
  -1.79958344E-03
  -1.79958344E-03
  -1.79958344E-03
  -1.70040131E-03
  -1.70040131E-03
  -1.70040131E-03
  -1.70040131E-03
  -1.70040131E-03
  -1.70040131E-03
  -1.70040131E-03
  -1.69944763E-03
  -1.69944763E-03
  -1.69944763E-03
  -1.60026550E-03
  -1.60026550E-03
  -1.60026550E-03
  -1.59931183E-03
  -1.50012970E-03
  -1.50012970E-03
  -1.50012970E-03
  -1.50012970E-03
  -1.50012970E-03
  -1.49917603E-03
  -1.39999390E-03
  -1.39999390E-03
  -1.39999390E-03
  -1.30081177E-03
  -1.29985809E-03
  -1.29985809E-03
  -1.29985809E-03
  -1.29985809E-03
  -1.29985809E-03
  -1.29985809E-03
  -1.29985809E-03
  -1.20067596E-03
  -1.20067596E-03
  -1.19972229E-03
  -1.19972229E-03
  -1.19972229E-03
  -1.19972229E-03
  -1.19972229E-03
  -1.19972229E-03
  -1.19972229E-03
  -1.19972229E-03
  -1.10054016E-03
  -1.10054016E-03
  -1.10054016E-03
  -1.10054016E-03
  -1.10054016E-03
  -1.09958649E-03
  -1.09958649E-03
  -1.09958649E-03
  -1.09958649E-03
  -1.00040436E-03
  -1.00040436E-03
  -1.00040436E-03
  -1.00040436E-03
  -1.00040436E-03
  -9.99450684E-04
  -9.99450684E-04
  -9.99450684E-04
  -9.00268555E-04
  -9.00268555E-04
  -9.00268555E-04
  -9.00268555E-04
  -9.00268555E-04
  -9.00268555E-04
  -9.00268555E-04
  -9.00268555E-04
  -8.99314880E-04
  -8.99314880E-04
  -8.00132751E-04
  -8.00132751E-04
  -8.00132751E-04
  -8.00132751E-04
  -8.00132751E-04
  -8.00132751E-04
  -8.00132751E-04
  -8.00132751E-04
  -6.99996948E-04
  -6.99996948E-04
  -6.99996948E-04
  -6.99996948E-04
  -6.99996948E-04
  -6.99996948E-04
  -6.99996948E-04
  -5.99861145E-04
  -5.99861145E-04
  -5.00679016E-04
  -5.00679016E-04
  -5.00679016E-04
  -5.00679016E-04
  -4.99725342E-04
  -4.99725342E-04
  -4.99725342E-04
  -4.99725342E-04
  -4.99725342E-04
  -4.99725342E-04
  -4.99725342E-04
  -4.99725342E-04
  -4.99725342E-04
  -4.00543213E-04
  -4.00543213E-04
  -4.00543213E-04
  -3.99589539E-04
  -3.99589539E-04
  -3.99589539E-04
  -3.99589539E-04
  -3.99589539E-04
  -3.99589539E-04
  -3.99589539E-04
  -3.00407410E-04
  -3.00407410E-04
  -3.00407410E-04
  -3.00407410E-04
  -3.00407410E-04
  -3.00407410E-04
  -3.00407410E-04
  -3.00407410E-04
  -3.00407410E-04
  -3.00407410E-04
  -3.00407410E-04
  -3.00407410E-04
  -2.99453735E-04
  -2.99453735E-04
  -2.99453735E-04
  -2.99453735E-04
  -2.99453735E-04
  -2.99453735E-04
  -2.99453735E-04
  -2.99453735E-04
  -2.00271606E-04
  -2.00271606E-04
  -2.00271606E-04
  -2.00271606E-04
  -2.00271606E-04
  -2.00271606E-04
  -2.00271606E-04
  -2.00271606E-04
  -2.00271606E-04
  -1.99317932E-04
  -1.99317932E-04
  -1.00135803E-04
  -1.00135803E-04
  -1.00135803E-04
  -1.00135803E-04
  -1.00135803E-04
  -1.00135803E-04
  -1.00135803E-04
  -1.00135803E-04
  -1.00135803E-04
  -1.00135803E-04
  -1.00135803E-04
  -1.00135803E-04
  -1.00135803E-04
  -9.91821289E-05
  -9.91821289E-05
  -9.91821289E-05
   0.00000000    
   0.00000000    
   0.00000000    
   0.00000000    
   0.00000000    
   0.00000000    
   0.00000000    
   0.00000000    
   0.00000000    
   0.00000000    
   0.00000000    
   1.00135803E-04
   1.00135803E-04
   1.00135803E-04
   1.00135803E-04
   1.00135803E-04
   1.00135803E-04
   1.00135803E-04
   1.00135803E-04
   1.00135803E-04
   1.00135803E-04
   1.99317932E-04
   1.99317932E-04
   2.00271606E-04
   2.00271606E-04
   2.00271606E-04
   2.00271606E-04
   2.00271606E-04
   2.00271606E-04
   2.00271606E-04
   2.00271606E-04
   2.00271606E-04
   2.00271606E-04
   2.00271606E-04
   2.00271606E-04
   2.00271606E-04
   2.00271606E-04
   2.99453735E-04
   2.99453735E-04
   2.99453735E-04
   2.99453735E-04
   2.99453735E-04
   2.99453735E-04
   2.99453735E-04
   3.00407410E-04
   3.00407410E-04
   3.00407410E-04
   3.00407410E-04
   3.00407410E-04
   3.00407410E-04
   3.00407410E-04
   3.00407410E-04
   3.00407410E-04
   3.99589539E-04
   3.99589539E-04
   3.99589539E-04
   3.99589539E-04
   3.99589539E-04
   3.99589539E-04
   3.99589539E-04
   4.00543213E-04
   4.00543213E-04
   4.00543213E-04
   4.00543213E-04
   4.00543213E-04
   4.00543213E-04
   4.00543213E-04
   4.00543213E-04
   4.00543213E-04
   4.99725342E-04
   4.99725342E-04
   4.99725342E-04
   4.99725342E-04
   4.99725342E-04
   4.99725342E-04
   5.99861145E-04
   5.99861145E-04
   5.99861145E-04
   5.99861145E-04
   5.99861145E-04
   5.99861145E-04
   5.99861145E-04
   5.99861145E-04
   5.99861145E-04
   5.99861145E-04
   6.00814819E-04
   6.99996948E-04
   6.99996948E-04
   6.99996948E-04
   6.99996948E-04
   6.99996948E-04
   6.99996948E-04
   6.99996948E-04
   6.99996948E-04
   6.99996948E-04
   6.99996948E-04
   6.99996948E-04
   8.00132751E-04
   8.00132751E-04
   8.00132751E-04
   8.00132751E-04
   8.00132751E-04
   8.99314880E-04
   8.99314880E-04
   8.99314880E-04
   9.00268555E-04
   9.00268555E-04
   9.00268555E-04
   9.00268555E-04
   9.00268555E-04
   9.00268555E-04
   9.00268555E-04
   9.00268555E-04
   9.99450684E-04
   9.99450684E-04
   1.00040436E-03
   1.00040436E-03
   1.00040436E-03
   1.00040436E-03
   1.00040436E-03
   1.00040436E-03
   1.00040436E-03
   1.09958649E-03
   1.09958649E-03
   1.09958649E-03
   1.09958649E-03
   1.09958649E-03
   1.10054016E-03
   1.10054016E-03
   1.10054016E-03
   1.10054016E-03
   1.19972229E-03
   1.19972229E-03
   1.29985809E-03
   1.29985809E-03
   1.29985809E-03
   1.29985809E-03
   1.29985809E-03
   1.30081177E-03
   1.30081177E-03
   1.39999390E-03
   1.39999390E-03
   1.39999390E-03
   1.39999390E-03
   1.39999390E-03
   1.39999390E-03
   1.39999390E-03
   1.49917603E-03
   1.49917603E-03
   1.49917603E-03
   1.50012970E-03
   1.50012970E-03
   1.50012970E-03
   1.50012970E-03
   1.50012970E-03
   1.50012970E-03
   1.50012970E-03
   1.60026550E-03
   1.60026550E-03
   1.69944763E-03
   1.69944763E-03
   1.69944763E-03
   1.70040131E-03
   1.70040131E-03
   1.70040131E-03
   1.79958344E-03
   1.80053711E-03
   1.80053711E-03
   1.80053711E-03
   1.89971924E-03
   1.90067291E-03
   1.90067291E-03
   1.99985504E-03
   1.99985504E-03
   1.99985504E-03
   2.00080872E-03
   2.09999084E-03
   2.09999084E-03
   2.09999084E-03
   2.09999084E-03
   2.09999084E-03
   2.09999084E-03
   2.09999084E-03
   2.19917297E-03
   2.20012665E-03
   2.20012665E-03
   2.20012665E-03
   2.20012665E-03
   2.29930878E-03
   2.30026245E-03
   2.30026245E-03
   2.40039825E-03
   2.40039825E-03
   2.49958038E-03
   2.50053406E-03
   2.50053406E-03
   2.50053406E-03
   2.59971619E-03
   2.69985199E-03
   2.69985199E-03
   2.69985199E-03
   2.69985199E-03
   2.69985199E-03
   2.79998779E-03
   2.79998779E-03
   2.79998779E-03
   2.90012360E-03
   2.90012360E-03
   2.90012360E-03
   3.10039520E-03
   3.19957733E-03
   3.19957733E-03
   3.29971313E-03
   3.30066681E-03
   3.39984894E-03
   3.39984894E-03
   3.39984894E-03
   3.49998474E-03
   3.49998474E-03
   3.70025635E-03
   3.79943848E-03
   3.80039215E-03
   3.89957428E-03
   4.00066376E-03
   4.19998169E-03
   4.19998169E-03
   4.30011749E-03
   4.49943542E-03
   4.49943542E-03
   4.50038910E-03
   4.50038910E-03
   4.60052490E-03
   5.29956818E-03
   5.59997559E-03
   5.59997559E-03
   6.00051880E-03
   6.59942627E-03
   6.60037994E-03
   7.10010529E-03
   7.69996643E-03
   8.09955597E-03
   8.09955597E-03
   8.60023499E-03
   8.99982452E-03
   9.09996033E-03
   1.07994080E-02
   1.44996643E-02
   1.50003433E-02
   1.63002014E-02
   1.79004669E-02
   1.90000534E-02
   2.19001770E-02
   2.26001740E-02
   2.32000351E-02
   2.84004211E-02
   2.94008255E-02
   3.02000046E-02
   3.51991653E-02
   3.94001007E-02
   4.89997864E-02
   5.09996414E-02
   5.23004532E-02
   5.27000427E-02
   5.51996231E-02
   6.05993271E-02
   7.89003372E-02
  0.316800117    
  0.430800438    
