#Npts     Radius    Mag      Completeness
#  779 2051.3782  -10.214000 0.994891
# Ierr
 -0.634799957    
 -0.299099922    
 -0.129099846    
  -9.42001343E-02
  -8.16993713E-02
  -7.11994171E-02
  -6.98003769E-02
  -6.47993088E-02
  -5.37996292E-02
  -4.44002151E-02
  -4.00991440E-02
  -3.84998322E-02
  -3.83996964E-02
  -3.62005234E-02
  -3.38993073E-02
  -3.18994522E-02
  -2.89001465E-02
  -2.87008286E-02
  -2.86998749E-02
  -2.82993317E-02
  -2.77004242E-02
  -2.76002884E-02
  -2.67000198E-02
  -2.42996216E-02
  -2.37998962E-02
  -2.37998962E-02
  -2.33001709E-02
  -2.29005814E-02
  -2.25000381E-02
  -2.25000381E-02
  -2.20994949E-02
  -2.07996368E-02
  -2.00004578E-02
  -1.99995041E-02
  -1.99003220E-02
  -1.99003220E-02
  -1.93996429E-02
  -1.90000534E-02
  -1.83000565E-02
  -1.82008743E-02
  -1.80997849E-02
  -1.80006027E-02
  -1.78995132E-02
  -1.77001953E-02
  -1.73997879E-02
  -1.71995163E-02
  -1.71003342E-02
  -1.66997910E-02
  -1.59997940E-02
  -1.57003403E-02
  -1.56002045E-02
  -1.55000687E-02
  -1.52997971E-02
  -1.50995255E-02
  -1.48992538E-02
  -1.45998001E-02
  -1.43995285E-02
  -1.43995285E-02
  -1.43003464E-02
  -1.43003464E-02
  -1.37996674E-02
  -1.36003494E-02
  -1.34000778E-02
  -1.27000809E-02
  -1.27000809E-02
  -1.26991272E-02
  -1.24998093E-02
  -1.24998093E-02
  -1.24006271E-02
  -1.24006271E-02
  -1.23996735E-02
  -1.23004913E-02
  -1.22003555E-02
  -1.21994019E-02
  -1.21994019E-02
  -1.18999481E-02
  -1.17998123E-02
  -1.17998123E-02
  -1.16996765E-02
  -1.15995407E-02
  -1.15003586E-02
  -1.14994049E-02
  -1.14994049E-02
  -1.13000870E-02
  -1.11999512E-02
  -1.10998154E-02
  -1.10998154E-02
  -1.09996796E-02
  -1.09996796E-02
  -1.09004974E-02
  -1.08995438E-02
  -1.07994080E-02
  -1.07002258E-02
  -1.07002258E-02
  -1.07002258E-02
  -1.07002258E-02
  -1.07002258E-02
  -1.07002258E-02
  -1.04999542E-02
  -1.04999542E-02
  -1.04999542E-02
  -1.04999542E-02
  -1.04007721E-02
  -1.03998184E-02
  -1.03998184E-02
  -1.03998184E-02
  -1.03006363E-02
  -1.03006363E-02
  -1.02996826E-02
  -1.02996826E-02
  -1.01995468E-02
  -9.90009308E-03
  -9.90009308E-03
  -9.90009308E-03
  -9.79995728E-03
  -9.69982147E-03
  -9.69982147E-03
  -9.59968567E-03
  -9.59968567E-03
  -9.59968567E-03
  -9.59968567E-03
  -9.29927826E-03
  -9.09996033E-03
  -9.00077820E-03
  -8.99982452E-03
  -8.99982452E-03
  -8.99982452E-03
  -8.90064240E-03
  -8.89968872E-03
  -8.89968872E-03
  -8.70037079E-03
  -8.69941711E-03
  -8.59928131E-03
  -8.50009918E-03
  -8.39996338E-03
  -8.29982758E-03
  -8.29982758E-03
  -8.09955597E-03
  -8.09955597E-03
  -8.00037384E-03
  -8.00037384E-03
  -7.99942017E-03
  -7.90023804E-03
  -7.90023804E-03
  -7.80010223E-03
  -7.80010223E-03
  -7.80010223E-03
  -7.80010223E-03
  -7.80010223E-03
  -7.79914856E-03
  -7.69996643E-03
  -7.69996643E-03
  -7.59983063E-03
  -7.59983063E-03
  -7.59983063E-03
  -7.50064850E-03
  -7.49969482E-03
  -7.49969482E-03
  -7.39955902E-03
  -7.30037689E-03
  -7.30037689E-03
  -7.29942322E-03
  -7.29942322E-03
  -7.20024109E-03
  -7.20024109E-03
  -7.10010529E-03
  -7.10010529E-03
  -6.99996948E-03
  -6.99996948E-03
  -6.99996948E-03
  -6.80065155E-03
  -6.80065155E-03
  -6.70051575E-03
  -6.70051575E-03
  -6.60037994E-03
  -6.59942627E-03
  -6.59942627E-03
  -6.50024414E-03
  -6.50024414E-03
  -6.49929047E-03
  -6.49929047E-03
  -6.49929047E-03
  -6.40010834E-03
  -6.40010834E-03
  -6.39915466E-03
  -6.29997253E-03
  -6.29997253E-03
  -6.29997253E-03
  -6.29997253E-03
  -6.29997253E-03
  -6.29997253E-03
  -6.29997253E-03
  -6.29997253E-03
  -6.19983673E-03
  -6.19983673E-03
  -6.19983673E-03
  -6.19983673E-03
  -6.10065460E-03
  -6.09970093E-03
  -6.00051880E-03
  -5.99956512E-03
  -5.90038300E-03
  -5.90038300E-03
  -5.89942932E-03
  -5.79929352E-03
  -5.70011139E-03
  -5.70011139E-03
  -5.70011139E-03
  -5.70011139E-03
  -5.70011139E-03
  -5.70011139E-03
  -5.69915771E-03
  -5.59997559E-03
  -5.59997559E-03
  -5.59997559E-03
  -5.50079346E-03
  -5.50079346E-03
  -5.49983978E-03
  -5.40065765E-03
  -5.40065765E-03
  -5.39970398E-03
  -5.39970398E-03
  -5.30052185E-03
  -5.30052185E-03
  -5.30052185E-03
  -5.29956818E-03
  -5.29956818E-03
  -5.19943237E-03
  -5.19943237E-03
  -5.10025024E-03
  -5.10025024E-03
  -5.10025024E-03
  -5.09929657E-03
  -5.00011444E-03
  -5.00011444E-03
  -5.00011444E-03
  -4.89997864E-03
  -4.89997864E-03
  -4.89997864E-03
  -4.80079651E-03
  -4.80079651E-03
  -4.80079651E-03
  -4.79984283E-03
  -4.79984283E-03
  -4.79984283E-03
  -4.79984283E-03
  -4.70066071E-03
  -4.69970703E-03
  -4.60052490E-03
  -4.60052490E-03
  -4.60052490E-03
  -4.59957123E-03
  -4.59957123E-03
  -4.50038910E-03
  -4.49943542E-03
  -4.40025330E-03
  -4.39929962E-03
  -4.30011749E-03
  -4.30011749E-03
  -4.09984589E-03
  -4.09984589E-03
  -4.09984589E-03
  -4.09984589E-03
  -4.00066376E-03
  -4.00066376E-03
  -3.99971008E-03
  -3.99971008E-03
  -3.90052795E-03
  -3.89957428E-03
  -3.89957428E-03
  -3.80039215E-03
  -3.79943848E-03
  -3.69930267E-03
  -3.69930267E-03
  -3.60012054E-03
  -3.60012054E-03
  -3.60012054E-03
  -3.49998474E-03
  -3.49998474E-03
  -3.49998474E-03
  -3.39984894E-03
  -3.39984894E-03
  -3.29971313E-03
  -3.29971313E-03
  -3.29971313E-03
  -3.29971313E-03
  -3.20053101E-03
  -3.19957733E-03
  -3.10039520E-03
  -3.09944153E-03
  -3.09944153E-03
  -3.00025940E-03
  -3.00025940E-03
  -3.00025940E-03
  -3.00025940E-03
  -2.99930573E-03
  -2.90012360E-03
  -2.90012360E-03
  -2.90012360E-03
  -2.90012360E-03
  -2.90012360E-03
  -2.79998779E-03
  -2.79998779E-03
  -2.79998779E-03
  -2.79998779E-03
  -2.79998779E-03
  -2.70080566E-03
  -2.69985199E-03
  -2.69985199E-03
  -2.69985199E-03
  -2.69985199E-03
  -2.59971619E-03
  -2.49958038E-03
  -2.49958038E-03
  -2.49958038E-03
  -2.49958038E-03
  -2.40039825E-03
  -2.40039825E-03
  -2.39944458E-03
  -2.30026245E-03
  -2.30026245E-03
  -2.30026245E-03
  -2.20012665E-03
  -2.20012665E-03
  -2.20012665E-03
  -2.20012665E-03
  -2.09999084E-03
  -2.09999084E-03
  -2.09999084E-03
  -2.09999084E-03
  -2.09999084E-03
  -2.09999084E-03
  -2.09999084E-03
  -2.09999084E-03
  -2.00080872E-03
  -1.99985504E-03
  -1.99985504E-03
  -1.99985504E-03
  -1.99985504E-03
  -1.99985504E-03
  -1.99985504E-03
  -1.99985504E-03
  -1.90067291E-03
  -1.90067291E-03
  -1.90067291E-03
  -1.89971924E-03
  -1.89971924E-03
  -1.89971924E-03
  -1.89971924E-03
  -1.89971924E-03
  -1.89971924E-03
  -1.80053711E-03
  -1.80053711E-03
  -1.60026550E-03
  -1.50012970E-03
  -1.50012970E-03
  -1.50012970E-03
  -1.49917603E-03
  -1.30081177E-03
  -1.29985809E-03
  -1.29985809E-03
  -1.29985809E-03
  -1.29985809E-03
  -1.20067596E-03
  -1.20067596E-03
  -1.19972229E-03
  -1.19972229E-03
  -1.19972229E-03
  -1.10054016E-03
  -1.09958649E-03
  -1.00040436E-03
  -1.00040436E-03
  -1.00040436E-03
  -1.00040436E-03
  -9.99450684E-04
  -9.99450684E-04
  -9.99450684E-04
  -9.00268555E-04
  -8.99314880E-04
  -8.99314880E-04
  -8.99314880E-04
  -8.00132751E-04
  -8.00132751E-04
  -8.00132751E-04
  -8.00132751E-04
  -8.00132751E-04
  -6.99996948E-04
  -6.99996948E-04
  -6.99996948E-04
  -6.99996948E-04
  -6.99996948E-04
  -6.99996948E-04
  -6.99996948E-04
  -6.00814819E-04
  -6.00814819E-04
  -5.99861145E-04
  -5.99861145E-04
  -4.99725342E-04
  -4.99725342E-04
  -4.99725342E-04
  -4.00543213E-04
  -4.00543213E-04
  -4.00543213E-04
  -4.00543213E-04
  -3.99589539E-04
  -3.99589539E-04
  -3.00407410E-04
  -2.00271606E-04
  -2.00271606E-04
  -2.00271606E-04
  -2.00271606E-04
  -2.00271606E-04
  -2.00271606E-04
  -1.99317932E-04
  -1.99317932E-04
  -1.00135803E-04
  -1.00135803E-04
  -1.00135803E-04
  -1.00135803E-04
  -1.00135803E-04
   1.00135803E-04
   1.00135803E-04
   1.00135803E-04
   1.00135803E-04
   1.00135803E-04
   1.00135803E-04
   1.00135803E-04
   1.00135803E-04
   1.99317932E-04
   1.99317932E-04
   2.00271606E-04
   2.00271606E-04
   2.99453735E-04
   2.99453735E-04
   3.00407410E-04
   3.00407410E-04
   3.00407410E-04
   3.99589539E-04
   3.99589539E-04
   4.00543213E-04
   4.00543213E-04
   4.00543213E-04
   4.99725342E-04
   4.99725342E-04
   4.99725342E-04
   5.00679016E-04
   5.00679016E-04
   5.99861145E-04
   5.99861145E-04
   5.99861145E-04
   5.99861145E-04
   5.99861145E-04
   6.99996948E-04
   6.99996948E-04
   6.99996948E-04
   7.99179077E-04
   8.00132751E-04
   8.00132751E-04
   8.00132751E-04
   8.00132751E-04
   8.00132751E-04
   1.10054016E-03
   1.10054016E-03
   1.19972229E-03
   1.20067596E-03
   1.29985809E-03
   1.29985809E-03
   1.29985809E-03
   1.30081177E-03
   1.30081177E-03
   1.39999390E-03
   1.39999390E-03
   1.50012970E-03
   1.50012970E-03
   1.59931183E-03
   1.60026550E-03
   1.60026550E-03
   1.60026550E-03
   1.60026550E-03
   1.60026550E-03
   1.60026550E-03
   1.70040131E-03
   1.80053711E-03
   1.80053711E-03
   1.80053711E-03
   1.80053711E-03
   1.80053711E-03
   1.89971924E-03
   1.89971924E-03
   1.89971924E-03
   1.89971924E-03
   1.90067291E-03
   1.90067291E-03
   1.90067291E-03
   1.99985504E-03
   1.99985504E-03
   1.99985504E-03
   2.00080872E-03
   2.09999084E-03
   2.09999084E-03
   2.09999084E-03
   2.09999084E-03
   2.09999084E-03
   2.09999084E-03
   2.09999084E-03
   2.20012665E-03
   2.20012665E-03
   2.20012665E-03
   2.20012665E-03
   2.29930878E-03
   2.30026245E-03
   2.30026245E-03
   2.49958038E-03
   2.50053406E-03
   2.59971619E-03
   2.69985199E-03
   2.69985199E-03
   2.69985199E-03
   2.69985199E-03
   2.70080566E-03
   2.70080566E-03
   2.79998779E-03
   2.79998779E-03
   2.79998779E-03
   2.90012360E-03
   2.90012360E-03
   2.99930573E-03
   3.00025940E-03
   3.00025940E-03
   3.00025940E-03
   3.09944153E-03
   3.10039520E-03
   3.10039520E-03
   3.20053101E-03
   3.29971313E-03
   3.29971313E-03
   3.29971313E-03
   3.29971313E-03
   3.30066681E-03
   3.30066681E-03
   3.39984894E-03
   3.39984894E-03
   3.40080261E-03
   3.40080261E-03
   3.49998474E-03
   3.49998474E-03
   3.49998474E-03
   3.49998474E-03
   3.49998474E-03
   3.49998474E-03
   3.59916687E-03
   3.60012054E-03
   3.60012054E-03
   3.69930267E-03
   3.69930267E-03
   3.70025635E-03
   3.79943848E-03
   3.79943848E-03
   3.80039215E-03
   3.90052795E-03
   3.90052795E-03
   3.90052795E-03
   3.99971008E-03
   3.99971008E-03
   3.99971008E-03
   4.10079956E-03
   4.30011749E-03
   4.30011749E-03
   4.30011749E-03
   4.40025330E-03
   4.40025330E-03
   4.50038910E-03
   4.59957123E-03
   4.60052490E-03
   4.60052490E-03
   4.69970703E-03
   4.69970703E-03
   4.69970703E-03
   4.70066071E-03
   4.70066071E-03
   4.79984283E-03
   4.89997864E-03
   4.89997864E-03
   4.90093231E-03
   5.00011444E-03
   5.00011444E-03
   5.09929657E-03
   5.10025024E-03
   5.20038605E-03
   5.20038605E-03
   5.20038605E-03
   5.20038605E-03
   5.20038605E-03
   5.29956818E-03
   5.30052185E-03
   5.39970398E-03
   5.40065765E-03
   5.40065765E-03
   5.49983978E-03
   5.49983978E-03
   5.50079346E-03
   5.50079346E-03
   5.59997559E-03
   5.59997559E-03
   5.70011139E-03
   5.79929352E-03
   5.80024719E-03
   5.80024719E-03
   5.80024719E-03
   5.89942932E-03
   5.90038300E-03
   5.90038300E-03
   6.00051880E-03
   6.09970093E-03
   6.19983673E-03
   6.29997253E-03
   6.29997253E-03
   6.39915466E-03
   6.40010834E-03
   6.40010834E-03
   6.40010834E-03
   6.50024414E-03
   6.50024414E-03
   6.59942627E-03
   6.59942627E-03
   6.60037994E-03
   6.60037994E-03
   6.69956207E-03
   6.69956207E-03
   6.69956207E-03
   6.69956207E-03
   6.70051575E-03
   6.70051575E-03
   6.79969788E-03
   6.79969788E-03
   6.79969788E-03
   6.79969788E-03
   6.99996948E-03
   7.09915161E-03
   7.10010529E-03
   7.19928741E-03
   7.30037689E-03
   7.39955902E-03
   7.40051270E-03
   7.69996643E-03
   7.80010223E-03
   7.89928436E-03
   7.89928436E-03
   7.90023804E-03
   7.90023804E-03
   7.90023804E-03
   7.99942017E-03
   8.00037384E-03
   8.00037384E-03
   8.09955597E-03
   8.09955597E-03
   8.09955597E-03
   8.20064545E-03
   8.29982758E-03
   8.29982758E-03
   8.39996338E-03
   8.39996338E-03
   8.49914551E-03
   8.49914551E-03
   8.50009918E-03
   8.50009918E-03
   8.59928131E-03
   8.60023499E-03
   8.60023499E-03
   8.69941711E-03
   8.70037079E-03
   8.70037079E-03
   8.89968872E-03
   8.99982452E-03
   8.99982452E-03
   8.99982452E-03
   8.99982452E-03
   9.00077820E-03
   9.20009613E-03
   9.20009613E-03
   9.30023193E-03
   9.30023193E-03
   9.49954987E-03
   9.59968567E-03
   9.59968567E-03
   9.60063934E-03
   9.70077515E-03
   9.79995728E-03
   1.00002289E-02
   1.00002289E-02
   1.00002289E-02
   1.01995468E-02
   1.01995468E-02
   1.02996826E-02
   1.04999542E-02
   1.06000900E-02
   1.06000900E-02
   1.06000900E-02
   1.06992722E-02
   1.09004974E-02
   1.09004974E-02
   1.15003586E-02
   1.15995407E-02
   1.18999481E-02
   1.18999481E-02
   1.20000839E-02
   1.20992661E-02
   1.20992661E-02
   1.21002197E-02
   1.21002197E-02
   1.21002197E-02
   1.21994019E-02
   1.21994019E-02
   1.22003555E-02
   1.24998093E-02
   1.25999451E-02
   1.25999451E-02
   1.25999451E-02
   1.28002167E-02
   1.35993958E-02
   1.37996674E-02
   1.37996674E-02
   1.38006210E-02
   1.38006210E-02
   1.38998032E-02
   1.38998032E-02
   1.39999390E-02
   1.42002106E-02
   1.42002106E-02
   1.46999359E-02
   1.48000717E-02
   1.48000717E-02
   1.62992477E-02
   1.63002014E-02
   1.65004730E-02
   1.65996552E-02
   1.67999268E-02
   1.81007385E-02
   2.01997757E-02
   2.04000473E-02
   2.04992294E-02
   2.13003159E-02
   2.30007172E-02
   2.43005753E-02
   2.47001648E-02
   2.48994827E-02
   2.60000229E-02
   2.78997421E-02
   2.81000137E-02
   2.82001495E-02
   2.91004181E-02
   3.07998657E-02
   3.18994522E-02
   3.20005417E-02
   3.22999954E-02
   3.27005386E-02
   3.40995789E-02
   3.42006683E-02
   3.63998413E-02
   4.22000885E-02
   4.72002029E-02
   6.70995712E-02
   7.06996918E-02
   7.54003525E-02
   7.69004822E-02
   8.15000534E-02
   8.84008408E-02
  0.100799561    
  0.113699913    
  0.119500160    
  0.124700546    
  0.131599426    
  0.152100563    
  0.159500122    
  0.161600113    
  0.180899620    
  0.213000298    
  0.223999977    
  0.256700516    
