#Npts     Radius    Mag      Completeness
#  537 1242.5706  -10.568100 0.985321
# Ierr
 -0.174299240    
  -9.38997269E-02
  -6.05001450E-02
  -5.52997589E-02
  -5.39999008E-02
  -3.60994339E-02
  -2.79006958E-02
  -2.72998810E-02
  -2.43997574E-02
  -2.12001801E-02
  -2.05001831E-02
  -1.99003220E-02
  -1.96008682E-02
  -1.87005997E-02
  -1.73997879E-02
  -1.70001984E-02
  -1.68008804E-02
  -1.65996552E-02
  -1.62000656E-02
  -1.59997940E-02
  -1.58004761E-02
  -1.57003403E-02
  -1.49993896E-02
  -1.46999359E-02
  -1.45998001E-02
  -1.44996643E-02
  -1.43003464E-02
  -1.36995316E-02
  -1.36003494E-02
  -1.35002136E-02
  -1.31006241E-02
  -1.27992630E-02
  -1.26991272E-02
  -1.25999451E-02
  -1.23996735E-02
  -1.23996735E-02
  -1.23004913E-02
  -1.22003555E-02
  -1.22003555E-02
  -1.21002197E-02
  -1.20992661E-02
  -1.18999481E-02
  -1.17998123E-02
  -1.14002228E-02
  -1.13000870E-02
  -1.13000870E-02
  -1.10006332E-02
  -1.04999542E-02
  -1.01003647E-02
  -1.00002289E-02
  -9.90009308E-03
  -9.79995728E-03
  -9.79995728E-03
  -9.69982147E-03
  -9.69982147E-03
  -9.40036774E-03
  -9.40036774E-03
  -9.30023193E-03
  -9.29927826E-03
  -9.20009613E-03
  -9.19914246E-03
  -9.09996033E-03
  -9.00077820E-03
  -8.99982452E-03
  -8.99982452E-03
  -8.89968872E-03
  -8.60023499E-03
  -8.59928131E-03
  -8.50009918E-03
  -8.50009918E-03
  -8.19969177E-03
  -8.10050964E-03
  -8.09955597E-03
  -8.00037384E-03
  -7.80010223E-03
  -7.80010223E-03
  -7.69996643E-03
  -7.59983063E-03
  -7.59983063E-03
  -7.59983063E-03
  -7.50064850E-03
  -7.49969482E-03
  -7.49969482E-03
  -7.39955902E-03
  -7.29942322E-03
  -7.20024109E-03
  -7.19928741E-03
  -7.10010529E-03
  -7.10010529E-03
  -7.10010529E-03
  -6.99996948E-03
  -6.99996948E-03
  -6.89983368E-03
  -6.89983368E-03
  -6.80065155E-03
  -6.79969788E-03
  -6.70051575E-03
  -6.70051575E-03
  -6.69956207E-03
  -6.69956207E-03
  -6.60037994E-03
  -6.59942627E-03
  -6.50024414E-03
  -6.49929047E-03
  -6.40010834E-03
  -6.29997253E-03
  -6.29997253E-03
  -6.19983673E-03
  -6.19983673E-03
  -6.19983673E-03
  -5.90038300E-03
  -5.80024719E-03
  -5.70011139E-03
  -5.69915771E-03
  -5.59997559E-03
  -5.59997559E-03
  -5.59997559E-03
  -5.49983978E-03
  -5.49983978E-03
  -5.39970398E-03
  -5.29956818E-03
  -5.20038605E-03
  -5.19943237E-03
  -5.10025024E-03
  -5.10025024E-03
  -5.09929657E-03
  -5.00011444E-03
  -4.99916077E-03
  -4.89997864E-03
  -4.79984283E-03
  -4.79984283E-03
  -4.79984283E-03
  -4.79984283E-03
  -4.79984283E-03
  -4.70066071E-03
  -4.69970703E-03
  -4.69970703E-03
  -4.60052490E-03
  -4.59957123E-03
  -4.59957123E-03
  -4.59957123E-03
  -4.50038910E-03
  -4.50038910E-03
  -4.49943542E-03
  -4.49943542E-03
  -4.40025330E-03
  -4.40025330E-03
  -4.40025330E-03
  -4.40025330E-03
  -4.40025330E-03
  -4.40025330E-03
  -4.39929962E-03
  -4.30011749E-03
  -4.29916382E-03
  -4.19998169E-03
  -4.19998169E-03
  -4.19998169E-03
  -4.09984589E-03
  -4.00066376E-03
  -3.90052795E-03
  -3.89957428E-03
  -3.80039215E-03
  -3.80039215E-03
  -3.70025635E-03
  -3.70025635E-03
  -3.70025635E-03
  -3.70025635E-03
  -3.70025635E-03
  -3.70025635E-03
  -3.60012054E-03
  -3.60012054E-03
  -3.60012054E-03
  -3.49998474E-03
  -3.49998474E-03
  -3.49998474E-03
  -3.40080261E-03
  -3.40080261E-03
  -3.39984894E-03
  -3.30066681E-03
  -3.30066681E-03
  -3.29971313E-03
  -3.29971313E-03
  -3.29971313E-03
  -3.29971313E-03
  -3.10039520E-03
  -3.09944153E-03
  -3.09944153E-03
  -3.00025940E-03
  -2.99930573E-03
  -2.99930573E-03
  -2.99930573E-03
  -2.90012360E-03
  -2.90012360E-03
  -2.90012360E-03
  -2.90012360E-03
  -2.89916992E-03
  -2.79998779E-03
  -2.79998779E-03
  -2.79998779E-03
  -2.79998779E-03
  -2.69985199E-03
  -2.69985199E-03
  -2.60066986E-03
  -2.60066986E-03
  -2.60066986E-03
  -2.50053406E-03
  -2.50053406E-03
  -2.50053406E-03
  -2.49958038E-03
  -2.49958038E-03
  -2.39944458E-03
  -2.39944458E-03
  -2.39944458E-03
  -2.39944458E-03
  -2.39944458E-03
  -2.30026245E-03
  -2.20012665E-03
  -2.20012665E-03
  -2.20012665E-03
  -2.20012665E-03
  -2.20012665E-03
  -2.19917297E-03
  -2.09999084E-03
  -2.09999084E-03
  -1.99985504E-03
  -1.99985504E-03
  -1.99985504E-03
  -1.90067291E-03
  -1.89971924E-03
  -1.89971924E-03
  -1.80053711E-03
  -1.80053711E-03
  -1.80053711E-03
  -1.79958344E-03
  -1.79958344E-03
  -1.79958344E-03
  -1.70040131E-03
  -1.70040131E-03
  -1.70040131E-03
  -1.60026550E-03
  -1.60026550E-03
  -1.60026550E-03
  -1.50012970E-03
  -1.50012970E-03
  -1.49917603E-03
  -1.39999390E-03
  -1.39999390E-03
  -1.39999390E-03
  -1.29985809E-03
  -1.29985809E-03
  -1.29985809E-03
  -1.19972229E-03
  -1.19972229E-03
  -1.19972229E-03
  -1.10054016E-03
  -1.10054016E-03
  -1.10054016E-03
  -1.09958649E-03
  -1.09958649E-03
  -9.00268555E-04
  -8.99314880E-04
  -8.00132751E-04
  -8.00132751E-04
  -8.00132751E-04
  -8.00132751E-04
  -7.99179077E-04
  -7.99179077E-04
  -6.99996948E-04
  -6.99996948E-04
  -5.99861145E-04
  -5.99861145E-04
  -5.99861145E-04
  -5.00679016E-04
  -4.99725342E-04
  -4.99725342E-04
  -4.00543213E-04
  -3.99589539E-04
  -3.99589539E-04
  -3.99589539E-04
  -3.99589539E-04
  -3.00407410E-04
  -3.00407410E-04
  -2.99453735E-04
  -2.00271606E-04
  -2.00271606E-04
  -2.00271606E-04
  -2.00271606E-04
  -1.00135803E-04
  -1.00135803E-04
  -9.91821289E-05
   0.00000000    
   0.00000000    
   1.00135803E-04
   1.00135803E-04
   1.99317932E-04
   1.99317932E-04
   2.00271606E-04
   2.00271606E-04
   3.00407410E-04
   3.99589539E-04
   3.99589539E-04
   4.00543213E-04
   4.99725342E-04
   4.99725342E-04
   5.00679016E-04
   6.00814819E-04
   6.99996948E-04
   6.99996948E-04
   7.99179077E-04
   8.00132751E-04
   8.00132751E-04
   8.00132751E-04
   8.99314880E-04
   9.00268555E-04
   9.00268555E-04
   9.00268555E-04
   9.00268555E-04
   9.00268555E-04
   9.00268555E-04
   9.99450684E-04
   1.00040436E-03
   1.00040436E-03
   1.00040436E-03
   1.00040436E-03
   1.09958649E-03
   1.09958649E-03
   1.09958649E-03
   1.10054016E-03
   1.19972229E-03
   1.19972229E-03
   1.20067596E-03
   1.29985809E-03
   1.29985809E-03
   1.30081177E-03
   1.39999390E-03
   1.50012970E-03
   1.50012970E-03
   1.60026550E-03
   1.60026550E-03
   1.60026550E-03
   1.69944763E-03
   1.70040131E-03
   1.70040131E-03
   1.79958344E-03
   1.80053711E-03
   1.89971924E-03
   1.90067291E-03
   1.99985504E-03
   1.99985504E-03
   1.99985504E-03
   2.00080872E-03
   2.00080872E-03
   2.09999084E-03
   2.09999084E-03
   2.09999084E-03
   2.09999084E-03
   2.09999084E-03
   2.09999084E-03
   2.09999084E-03
   2.19917297E-03
   2.30026245E-03
   2.30026245E-03
   2.30026245E-03
   2.40039825E-03
   2.40039825E-03
   2.50053406E-03
   2.69985199E-03
   2.69985199E-03
   2.79998779E-03
   2.79998779E-03
   2.79998779E-03
   2.99930573E-03
   3.09944153E-03
   3.10039520E-03
   3.19957733E-03
   3.29971313E-03
   3.30066681E-03
   3.39984894E-03
   3.39984894E-03
   3.49998474E-03
   3.49998474E-03
   3.60012054E-03
   3.60012054E-03
   3.69930267E-03
   3.70025635E-03
   3.79943848E-03
   3.80039215E-03
   3.80039215E-03
   3.80039215E-03
   3.89957428E-03
   3.90052795E-03
   3.90052795E-03
   3.90052795E-03
   4.10079956E-03
   4.19998169E-03
   4.29916382E-03
   4.30011749E-03
   4.30011749E-03
   4.30011749E-03
   4.30011749E-03
   4.40025330E-03
   4.50038910E-03
   4.50038910E-03
   4.60052490E-03
   4.69970703E-03
   4.69970703E-03
   4.69970703E-03
   4.89997864E-03
   4.99916077E-03
   5.09929657E-03
   5.29956818E-03
   5.29956818E-03
   5.40065765E-03
   5.59997559E-03
   5.59997559E-03
   5.59997559E-03
   5.59997559E-03
   5.59997559E-03
   5.70011139E-03
   5.79929352E-03
   5.80024719E-03
   5.90038300E-03
   5.90038300E-03
   6.00051880E-03
   6.00051880E-03
   6.10065460E-03
   6.39915466E-03
   6.40010834E-03
   6.40010834E-03
   6.50024414E-03
   6.50024414E-03
   6.60037994E-03
   6.60037994E-03
   6.80065155E-03
   6.89983368E-03
   6.89983368E-03
   6.89983368E-03
   6.90078735E-03
   6.99996948E-03
   7.00092316E-03
   7.09915161E-03
   7.10010529E-03
   7.10010529E-03
   7.10010529E-03
   7.10010529E-03
   7.19928741E-03
   7.19928741E-03
   7.20024109E-03
   7.30037689E-03
   7.39955902E-03
   7.49969482E-03
   7.69996643E-03
   7.90023804E-03
   8.19969177E-03
   8.20064545E-03
   8.30078125E-03
   8.39996338E-03
   8.39996338E-03
   8.60023499E-03
   8.60023499E-03
   8.69941711E-03
   8.70037079E-03
   8.89968872E-03
   8.99982452E-03
   9.00077820E-03
   9.29927826E-03
   9.50050354E-03
   9.59968567E-03
   9.69982147E-03
   9.90009308E-03
   9.99927521E-03
   1.02996826E-02
   1.03006363E-02
   1.06000900E-02
   1.08003616E-02
   1.09996796E-02
   1.11999512E-02
   1.15003586E-02
   1.21002197E-02
   1.25999451E-02
   1.28002167E-02
   1.31998062E-02
   1.32007599E-02
   1.35002136E-02
   1.35002136E-02
   1.37004852E-02
   1.38998032E-02
   1.44996643E-02
   1.45006180E-02
   1.48000717E-02
   1.48000717E-02
   1.48000717E-02
   1.49002075E-02
   1.50003433E-02
   1.55992508E-02
   1.59997940E-02
   1.63002014E-02
   1.76000595E-02
   1.78995132E-02
   1.87997818E-02
   1.95999146E-02
   1.99995041E-02
   2.02007294E-02
   2.04000473E-02
   2.20003128E-02
   2.20003128E-02
   2.33001709E-02
   2.40993500E-02
   2.74991989E-02
   2.77004242E-02
   2.91996002E-02
   3.17001343E-02
   3.32002640E-02
   3.42998505E-02
   3.48005295E-02
   3.75003815E-02
   3.82995605E-02
   4.08000946E-02
   4.47006226E-02
   4.55999374E-02
   4.67996597E-02
   4.82006073E-02
   4.96997833E-02
   5.67998886E-02
   6.68001175E-02
   7.42998123E-02
   8.25004578E-02
   9.66997147E-02
   9.67006683E-02
  0.124799728    
  0.144900322    
  0.153699875    
  0.174699783    
  0.229300499    
  0.234499931    
  0.263499260    
  0.481400490    
