#Npts     Radius    Mag      Completeness
#  614 1444.6324  -10.774857 0.995138
# Ierr
 -0.415499687    
 -0.394199371    
 -0.192500114    
 -0.134699821    
  -8.20999146E-02
  -7.61003494E-02
  -7.25002289E-02
  -7.21998215E-02
  -6.52999878E-02
  -5.27992249E-02
  -5.24997711E-02
  -5.21001816E-02
  -4.86001968E-02
  -4.80995178E-02
  -4.33998108E-02
  -3.82995605E-02
  -3.81002426E-02
  -3.57999802E-02
  -3.38001251E-02
  -3.22008133E-02
  -2.76002884E-02
  -2.75001526E-02
  -2.74000168E-02
  -2.67000198E-02
  -2.58998871E-02
  -2.50005722E-02
  -2.40001678E-02
  -2.39000320E-02
  -2.39000320E-02
  -2.39000320E-02
  -2.23007202E-02
  -2.19001770E-02
  -2.13994980E-02
  -2.02999115E-02
  -1.87005997E-02
  -1.83000565E-02
  -1.73997879E-02
  -1.69000626E-02
  -1.55000687E-02
  -1.47991180E-02
  -1.47008896E-02
  -1.42002106E-02
  -1.41000748E-02
  -1.38998032E-02
  -1.35002136E-02
  -1.33008957E-02
  -1.32999420E-02
  -1.32999420E-02
  -1.29003525E-02
  -1.27000809E-02
  -1.26991272E-02
  -1.22995377E-02
  -1.22003555E-02
  -1.21994019E-02
  -1.18007660E-02
  -1.17998123E-02
  -1.17006302E-02
  -1.14994049E-02
  -1.13992691E-02
  -1.13992691E-02
  -1.11999512E-02
  -1.07002258E-02
  -1.03006363E-02
  -1.03006363E-02
  -1.02005005E-02
  -1.00002289E-02
  -9.79995728E-03
  -9.69982147E-03
  -9.59968567E-03
  -9.59968567E-03
  -9.49954987E-03
  -9.40036774E-03
  -9.30023193E-03
  -9.30023193E-03
  -9.20009613E-03
  -9.20009613E-03
  -8.80050659E-03
  -8.79955292E-03
  -8.60023499E-03
  -8.60023499E-03
  -8.59928131E-03
  -8.50009918E-03
  -8.19969177E-03
  -8.19969177E-03
  -8.00037384E-03
  -7.99942017E-03
  -7.99942017E-03
  -7.90023804E-03
  -7.89928436E-03
  -7.69996643E-03
  -7.69996643E-03
  -7.60078430E-03
  -7.59983063E-03
  -7.59983063E-03
  -7.50064850E-03
  -7.50064850E-03
  -7.49969482E-03
  -7.40051270E-03
  -7.39955902E-03
  -7.30037689E-03
  -7.30037689E-03
  -7.19928741E-03
  -7.10010529E-03
  -7.10010529E-03
  -7.10010529E-03
  -6.99996948E-03
  -6.99996948E-03
  -6.99996948E-03
  -6.99996948E-03
  -6.89983368E-03
  -6.89983368E-03
  -6.89983368E-03
  -6.89983368E-03
  -6.89983368E-03
  -6.79969788E-03
  -6.79969788E-03
  -6.79969788E-03
  -6.79969788E-03
  -6.70051575E-03
  -6.50024414E-03
  -6.50024414E-03
  -6.49929047E-03
  -6.29997253E-03
  -6.29997253E-03
  -6.29997253E-03
  -6.19983673E-03
  -6.19983673E-03
  -6.19983673E-03
  -6.10065460E-03
  -6.10065460E-03
  -6.09970093E-03
  -6.09970093E-03
  -6.00051880E-03
  -6.00051880E-03
  -5.90038300E-03
  -5.90038300E-03
  -5.90038300E-03
  -5.89942932E-03
  -5.89942932E-03
  -5.89942932E-03
  -5.80024719E-03
  -5.70011139E-03
  -5.70011139E-03
  -5.50079346E-03
  -5.49983978E-03
  -5.40065765E-03
  -5.39970398E-03
  -5.39970398E-03
  -5.39970398E-03
  -5.30052185E-03
  -5.30052185E-03
  -5.30052185E-03
  -5.30052185E-03
  -5.30052185E-03
  -5.30052185E-03
  -5.29956818E-03
  -5.20038605E-03
  -5.20038605E-03
  -5.00011444E-03
  -5.00011444E-03
  -5.00011444E-03
  -5.00011444E-03
  -4.89997864E-03
  -4.89997864E-03
  -4.89997864E-03
  -4.79984283E-03
  -4.79984283E-03
  -4.79984283E-03
  -4.79984283E-03
  -4.70066071E-03
  -4.70066071E-03
  -4.69970703E-03
  -4.69970703E-03
  -4.60052490E-03
  -4.60052490E-03
  -4.60052490E-03
  -4.59957123E-03
  -4.59957123E-03
  -4.50038910E-03
  -4.50038910E-03
  -4.50038910E-03
  -4.40025330E-03
  -4.30011749E-03
  -4.30011749E-03
  -4.19998169E-03
  -4.19998169E-03
  -4.19998169E-03
  -4.09984589E-03
  -4.09984589E-03
  -4.09984589E-03
  -4.09984589E-03
  -3.90052795E-03
  -3.80039215E-03
  -3.69930267E-03
  -3.60012054E-03
  -3.60012054E-03
  -3.59916687E-03
  -3.49998474E-03
  -3.39984894E-03
  -3.39984894E-03
  -3.30066681E-03
  -3.29971313E-03
  -3.29971313E-03
  -3.20053101E-03
  -3.19957733E-03
  -3.10039520E-03
  -3.10039520E-03
  -3.09944153E-03
  -3.00025940E-03
  -3.00025940E-03
  -3.00025940E-03
  -3.00025940E-03
  -2.99930573E-03
  -2.90012360E-03
  -2.90012360E-03
  -2.90012360E-03
  -2.79998779E-03
  -2.79998779E-03
  -2.79998779E-03
  -2.69985199E-03
  -2.59971619E-03
  -2.59971619E-03
  -2.59971619E-03
  -2.59971619E-03
  -2.59971619E-03
  -2.50053406E-03
  -2.50053406E-03
  -2.49958038E-03
  -2.49958038E-03
  -2.49958038E-03
  -2.49958038E-03
  -2.40039825E-03
  -2.40039825E-03
  -2.39944458E-03
  -2.30026245E-03
  -2.30026245E-03
  -2.30026245E-03
  -2.20012665E-03
  -2.20012665E-03
  -2.20012665E-03
  -2.20012665E-03
  -2.20012665E-03
  -2.20012665E-03
  -2.20012665E-03
  -2.19917297E-03
  -2.09999084E-03
  -2.09999084E-03
  -2.09999084E-03
  -2.09999084E-03
  -2.00080872E-03
  -1.99985504E-03
  -1.99985504E-03
  -1.99985504E-03
  -1.99985504E-03
  -1.99985504E-03
  -1.90067291E-03
  -1.90067291E-03
  -1.89971924E-03
  -1.89971924E-03
  -1.89971924E-03
  -1.80053711E-03
  -1.79958344E-03
  -1.70040131E-03
  -1.70040131E-03
  -1.70040131E-03
  -1.69944763E-03
  -1.69944763E-03
  -1.50012970E-03
  -1.39999390E-03
  -1.39999390E-03
  -1.30081177E-03
  -1.29985809E-03
  -1.29985809E-03
  -1.29985809E-03
  -1.29985809E-03
  -1.29985809E-03
  -1.20067596E-03
  -1.20067596E-03
  -1.20067596E-03
  -1.19972229E-03
  -1.19972229E-03
  -1.19972229E-03
  -1.19972229E-03
  -1.19972229E-03
  -1.10054016E-03
  -1.10054016E-03
  -1.10054016E-03
  -1.09958649E-03
  -1.09958649E-03
  -1.09958649E-03
  -1.09958649E-03
  -1.00040436E-03
  -1.00040436E-03
  -1.00040436E-03
  -9.99450684E-04
  -9.99450684E-04
  -9.99450684E-04
  -9.00268555E-04
  -9.00268555E-04
  -9.00268555E-04
  -9.00268555E-04
  -8.00132751E-04
  -8.00132751E-04
  -8.00132751E-04
  -6.99996948E-04
  -6.99996948E-04
  -6.99996948E-04
  -6.99996948E-04
  -5.99861145E-04
  -5.99861145E-04
  -5.99861145E-04
  -5.99861145E-04
  -4.99725342E-04
  -4.99725342E-04
  -4.00543213E-04
  -4.00543213E-04
  -3.99589539E-04
  -3.99589539E-04
  -3.99589539E-04
  -3.00407410E-04
  -3.00407410E-04
  -3.00407410E-04
  -2.99453735E-04
  -2.99453735E-04
  -2.00271606E-04
  -2.00271606E-04
  -2.00271606E-04
  -1.99317932E-04
  -1.00135803E-04
  -1.00135803E-04
  -1.00135803E-04
  -9.91821289E-05
  -9.91821289E-05
  -9.91821289E-05
   0.00000000    
   0.00000000    
   9.91821289E-05
   1.00135803E-04
   1.00135803E-04
   1.00135803E-04
   1.00135803E-04
   1.00135803E-04
   2.00271606E-04
   3.00407410E-04
   3.00407410E-04
   3.99589539E-04
   4.00543213E-04
   4.00543213E-04
   4.00543213E-04
   4.99725342E-04
   6.99996948E-04
   6.99996948E-04
   6.99996948E-04
   6.99996948E-04
   7.99179077E-04
   8.00132751E-04
   8.00132751E-04
   9.00268555E-04
   9.99450684E-04
   9.99450684E-04
   1.00040436E-03
   1.09958649E-03
   1.10054016E-03
   1.10054016E-03
   1.10054016E-03
   1.19972229E-03
   1.19972229E-03
   1.29985809E-03
   1.29985809E-03
   1.29985809E-03
   1.29985809E-03
   1.29985809E-03
   1.29985809E-03
   1.29985809E-03
   1.29985809E-03
   1.39999390E-03
   1.39999390E-03
   1.39999390E-03
   1.50012970E-03
   1.50012970E-03
   1.50012970E-03
   1.59931183E-03
   1.60026550E-03
   1.60026550E-03
   1.60026550E-03
   1.69944763E-03
   1.70040131E-03
   1.79958344E-03
   1.79958344E-03
   1.79958344E-03
   1.80053711E-03
   1.89971924E-03
   1.89971924E-03
   1.89971924E-03
   1.99985504E-03
   1.99985504E-03
   1.99985504E-03
   2.00080872E-03
   2.00080872E-03
   2.09999084E-03
   2.09999084E-03
   2.09999084E-03
   2.29930878E-03
   2.29930878E-03
   2.30026245E-03
   2.30026245E-03
   2.30026245E-03
   2.30026245E-03
   2.30026245E-03
   2.40039825E-03
   2.40039825E-03
   2.40039825E-03
   2.40039825E-03
   2.49958038E-03
   2.50053406E-03
   2.50053406E-03
   2.69985199E-03
   2.69985199E-03
   2.69985199E-03
   2.79998779E-03
   2.79998779E-03
   2.79998779E-03
   2.90012360E-03
   3.00025940E-03
   3.09944153E-03
   3.10039520E-03
   3.19957733E-03
   3.19957733E-03
   3.20053101E-03
   3.29971313E-03
   3.29971313E-03
   3.29971313E-03
   3.29971313E-03
   3.30066681E-03
   3.39984894E-03
   3.39984894E-03
   3.39984894E-03
   3.39984894E-03
   3.40080261E-03
   3.70025635E-03
   3.70025635E-03
   3.79943848E-03
   3.79943848E-03
   3.80039215E-03
   3.80039215E-03
   3.80039215E-03
   3.90052795E-03
   3.99971008E-03
   3.99971008E-03
   3.99971008E-03
   3.99971008E-03
   3.99971008E-03
   3.99971008E-03
   4.09984589E-03
   4.09984589E-03
   4.10079956E-03
   4.19998169E-03
   4.19998169E-03
   4.19998169E-03
   4.29916382E-03
   4.30011749E-03
   4.30011749E-03
   4.30011749E-03
   4.39929962E-03
   4.39929962E-03
   4.40025330E-03
   4.40025330E-03
   4.40025330E-03
   4.40025330E-03
   4.40025330E-03
   4.49943542E-03
   4.49943542E-03
   4.50038910E-03
   4.59957123E-03
   4.59957123E-03
   4.59957123E-03
   4.60052490E-03
   4.69970703E-03
   4.69970703E-03
   4.79984283E-03
   4.79984283E-03
   4.89997864E-03
   4.89997864E-03
   5.00011444E-03
   5.00011444E-03
   5.09929657E-03
   5.09929657E-03
   5.09929657E-03
   5.09929657E-03
   5.10025024E-03
   5.10025024E-03
   5.19943237E-03
   5.19943237E-03
   5.29956818E-03
   5.30052185E-03
   5.39970398E-03
   5.39970398E-03
   5.40065765E-03
   5.50079346E-03
   5.50079346E-03
   5.59997559E-03
   5.59997559E-03
   5.80024719E-03
   5.80024719E-03
   5.80024719E-03
   5.80024719E-03
   5.80024719E-03
   5.89942932E-03
   5.90038300E-03
   6.00051880E-03
   6.00051880E-03
   6.09970093E-03
   6.09970093E-03
   6.10065460E-03
   6.19983673E-03
   6.19983673E-03
   6.19983673E-03
   6.29997253E-03
   6.40010834E-03
   6.50024414E-03
   6.50024414E-03
   6.59942627E-03
   6.60037994E-03
   6.70051575E-03
   6.79969788E-03
   6.89983368E-03
   7.19928741E-03
   7.20024109E-03
   7.29942322E-03
   7.39955902E-03
   7.49969482E-03
   7.59983063E-03
   7.89928436E-03
   7.90023804E-03
   7.99942017E-03
   8.00037384E-03
   8.09955597E-03
   8.19969177E-03
   8.19969177E-03
   8.19969177E-03
   8.29982758E-03
   8.39996338E-03
   8.50009918E-03
   8.60023499E-03
   8.70037079E-03
   8.79955292E-03
   8.89968872E-03
   8.89968872E-03
   9.09996033E-03
   9.09996033E-03
   9.09996033E-03
   9.20009613E-03
   9.20009613E-03
   9.40036774E-03
   9.49954987E-03
   9.59968567E-03
   9.69982147E-03
   9.90009308E-03
   1.00002289E-02
   1.00994110E-02
   1.08003616E-02
   1.08003616E-02
   1.11999512E-02
   1.14002228E-02
   1.15995407E-02
   1.17006302E-02
   1.18007660E-02
   1.20992661E-02
   1.21994019E-02
   1.24998093E-02
   1.25999451E-02
   1.30996704E-02
   1.45998001E-02
   1.48000717E-02
   1.56002045E-02
   1.62000656E-02
   1.63002014E-02
   1.69000626E-02
   1.79996490E-02
   1.80006027E-02
   1.81999207E-02
   1.83992386E-02
   1.84001923E-02
   1.86996460E-02
   2.00996399E-02
   2.04992294E-02
   2.20003128E-02
   2.35996246E-02
   2.39000320E-02
   2.42004395E-02
   2.46992111E-02
   2.60000229E-02
   2.72006989E-02
   2.74000168E-02
   2.91004181E-02
   4.51993942E-02
   5.29994965E-02
   5.37996292E-02
   5.43003082E-02
   5.46998978E-02
   6.01005554E-02
   6.02998734E-02
   6.29997253E-02
   6.40993118E-02
   6.52999878E-02
   7.73000717E-02
   9.71994400E-02
  0.139900208    
  0.154399872    
  0.159299850    
  0.163200378    
  0.170499802    
  0.179300308    
  0.406599998    
