#Npts     Radius    Mag      Completeness
#  166  635.7338  -15.871267 0.982249
# Ierr
  -1.03998184E-02
  -1.00002289E-02
  -6.99996948E-03
  -6.89983368E-03
  -6.59942627E-03
  -6.50024414E-03
  -6.29997253E-03
  -6.29997253E-03
  -6.29997253E-03
  -5.90133667E-03
  -5.80024719E-03
  -5.59997559E-03
  -5.20038605E-03
  -5.10025024E-03
  -4.89997864E-03
  -4.39834595E-03
  -4.30107117E-03
  -4.29916382E-03
  -4.29916382E-03
  -4.09889221E-03
  -3.79943848E-03
  -3.60012054E-03
  -3.49998474E-03
  -3.20053101E-03
  -3.19957733E-03
  -3.09944153E-03
  -2.79998779E-03
  -2.79998779E-03
  -2.70080566E-03
  -2.69985199E-03
  -2.69889832E-03
  -2.39944458E-03
  -2.30026245E-03
  -2.30026245E-03
  -2.29930878E-03
  -2.20108032E-03
  -2.19917297E-03
  -1.99890137E-03
  -1.90162659E-03
  -1.89971924E-03
  -1.79862976E-03
  -1.69944763E-03
  -1.69944763E-03
  -1.60026550E-03
  -1.59835815E-03
  -1.39999390E-03
  -1.30081177E-03
  -1.30081177E-03
  -1.29890442E-03
  -1.20162964E-03
  -1.19972229E-03
  -1.19972229E-03
  -1.00135803E-03
  -1.00135803E-03
  -1.00040436E-03
  -9.99450684E-04
  -9.99450684E-04
  -9.00268555E-04
  -8.01086426E-04
  -6.99996948E-04
  -5.98907471E-04
  -4.99725342E-04
  -4.99725342E-04
  -4.00543213E-04
  -4.00543213E-04
  -3.98635864E-04
  -3.01361084E-04
  -2.99453735E-04
  -2.00271606E-04
  -2.00271606E-04
  -2.00271606E-04
  -2.00271606E-04
  -9.91821289E-05
  -9.91821289E-05
   0.00000000    
   2.00271606E-04
   3.00407410E-04
   3.98635864E-04
   3.99589539E-04
   4.00543213E-04
   4.99725342E-04
   4.99725342E-04
   5.01632690E-04
   6.99996948E-04
   9.00268555E-04
   9.00268555E-04
   9.99450684E-04
   1.00135803E-03
   1.10054016E-03
   1.10054016E-03
   1.19972229E-03
   1.29890442E-03
   1.39999390E-03
   1.49917603E-03
   1.50108337E-03
   1.59931183E-03
   1.70135498E-03
   1.89971924E-03
   1.89971924E-03
   1.90162659E-03
   2.09999084E-03
   2.09999084E-03
   2.09999084E-03
   2.09999084E-03
   2.09999084E-03
   2.09999084E-03
   2.19917297E-03
   2.20108032E-03
   2.29835510E-03
   2.30026245E-03
   2.30026245E-03
   2.30026245E-03
   2.40135193E-03
   2.40135193E-03
   2.50053406E-03
   2.79998779E-03
   2.89916992E-03
   2.89916992E-03
   2.90012360E-03
   3.00025940E-03
   3.00025940E-03
   3.19957733E-03
   3.29971313E-03
   3.39984894E-03
   3.40080261E-03
   3.40080261E-03
   3.40080261E-03
   3.49998474E-03
   3.70025635E-03
   3.79943848E-03
   3.79943848E-03
   3.79943848E-03
   3.89957428E-03
   4.09889221E-03
   4.29916382E-03
   4.30107117E-03
   4.40025330E-03
   4.49943542E-03
   4.49943542E-03
   4.80079651E-03
   4.99916077E-03
   5.09929657E-03
   5.10025024E-03
   5.29956818E-03
   5.39970398E-03
   5.39970398E-03
   5.59997559E-03
   5.59997559E-03
   5.69915771E-03
   5.70011139E-03
   6.50024414E-03
   6.60037994E-03
   6.79969788E-03
   7.19928741E-03
   7.29942322E-03
   7.49969482E-03
   7.80010223E-03
   8.30078125E-03
   8.39996338E-03
   9.09996033E-03
   1.04999542E-02
   1.21002197E-02
   1.28993988E-02
   3.12004089E-02
   3.82003784E-02
   6.08997345E-02
