#Npts     Radius    Mag      Completeness
#  187  433.2663  -10.201000 0.984211
# Verr
 -0.700599670    
 -0.112099648    
  -6.56003952E-02
  -4.97999191E-02
  -2.81000137E-02
  -2.75993347E-02
  -2.69002914E-02
  -2.41003036E-02
  -2.01005936E-02
  -1.86996460E-02
  -1.81007385E-02
  -1.72996521E-02
  -1.72996521E-02
  -1.65004730E-02
  -1.64003372E-02
  -1.63993835E-02
  -1.63002014E-02
  -1.58004761E-02
  -1.56002045E-02
  -1.46999359E-02
  -1.43995285E-02
  -1.43995285E-02
  -1.35002136E-02
  -1.32999420E-02
  -1.31998062E-02
  -1.25999451E-02
  -1.16004944E-02
  -1.11999512E-02
  -1.10998154E-02
  -1.06992722E-02
  -1.02996826E-02
  -1.02996826E-02
  -1.01995468E-02
  -1.01003647E-02
  -1.00994110E-02
  -9.50050354E-03
  -9.09996033E-03
  -9.09996033E-03
  -8.70037079E-03
  -8.60023499E-03
  -8.50009918E-03
  -8.39996338E-03
  -8.30078125E-03
  -8.29982758E-03
  -7.80010223E-03
  -7.59983063E-03
  -7.50064850E-03
  -7.49969482E-03
  -7.29942322E-03
  -6.79969788E-03
  -6.70051575E-03
  -6.40010834E-03
  -6.19983673E-03
  -6.10065460E-03
  -6.09970093E-03
  -5.90038300E-03
  -5.70011139E-03
  -5.49983978E-03
  -5.39970398E-03
  -5.20038605E-03
  -5.19943237E-03
  -5.10025024E-03
  -5.10025024E-03
  -5.10025024E-03
  -5.09929657E-03
  -4.89997864E-03
  -4.89997864E-03
  -4.79984283E-03
  -4.69970703E-03
  -4.50038910E-03
  -4.50038910E-03
  -4.49943542E-03
  -4.40025330E-03
  -4.19998169E-03
  -4.10079956E-03
  -4.10079956E-03
  -4.09984589E-03
  -3.99971008E-03
  -3.90052795E-03
  -3.60012054E-03
  -3.30066681E-03
  -3.29971313E-03
  -3.20053101E-03
  -3.19957733E-03
  -2.99930573E-03
  -2.79998779E-03
  -2.79998779E-03
  -2.69985199E-03
  -2.69985199E-03
  -2.49958038E-03
  -2.49958038E-03
  -2.40039825E-03
  -2.30026245E-03
  -2.30026245E-03
  -2.09999084E-03
  -2.09999084E-03
  -1.79958344E-03
  -1.39999390E-03
  -1.29985809E-03
  -1.19972229E-03
  -8.00132751E-04
  -6.99996948E-04
  -6.99996948E-04
  -6.99996948E-04
  -5.99861145E-04
  -5.99861145E-04
  -5.00679016E-04
  -3.00407410E-04
  -2.00271606E-04
  -1.00135803E-04
   1.99317932E-04
   4.99725342E-04
   5.99861145E-04
   5.99861145E-04
   5.99861145E-04
   5.99861145E-04
   6.99996948E-04
   6.99996948E-04
   6.99996948E-04
   8.00132751E-04
   9.00268555E-04
   1.00040436E-03
   1.00040436E-03
   1.39999390E-03
   1.60026550E-03
   1.60026550E-03
   1.70040131E-03
   1.80053711E-03
   1.90067291E-03
   1.90067291E-03
   2.39944458E-03
   2.40039825E-03
   2.59971619E-03
   2.69985199E-03
   2.90012360E-03
   3.00025940E-03
   3.09944153E-03
   3.10039520E-03
   3.19957733E-03
   3.39984894E-03
   3.60012054E-03
   3.80039215E-03
   3.99971008E-03
   4.09984589E-03
   4.39929962E-03
   4.40025330E-03
   4.60052490E-03
   4.70066071E-03
   5.09929657E-03
   5.10025024E-03
   5.29956818E-03
   5.40065765E-03
   5.49983978E-03
   5.59997559E-03
   6.00051880E-03
   6.10065460E-03
   6.10065460E-03
   6.49929047E-03
   6.99996948E-03
   7.10010529E-03
   7.30037689E-03
   7.99942017E-03
   8.29982758E-03
   8.39996338E-03
   8.99982452E-03
   8.99982452E-03
   9.09996033E-03
   9.90009308E-03
   1.07994080E-02
   1.13000870E-02
   1.16996765E-02
   1.18999481E-02
   1.20992661E-02
   1.27992630E-02
   1.30996704E-02
   1.32999420E-02
   1.34000778E-02
   1.48000717E-02
   1.62000656E-02
   2.36997604E-02
   2.51998901E-02
   3.48997116E-02
   3.54003906E-02
   3.66001129E-02
   5.77001572E-02
   8.89997482E-02
  0.128700256    
