#Npts     Radius    Mag      Completeness
#  159  635.4573  -16.582857 0.993750
# Verr
  -5.89942932E-03
  -4.79888916E-03
  -4.70161438E-03
  -4.50134277E-03
  -4.29916382E-03
  -4.19998169E-03
  -4.09889221E-03
  -3.99971008E-03
  -3.80134583E-03
  -3.60107422E-03
  -3.60107422E-03
  -3.59916687E-03
  -3.49998474E-03
  -3.29971313E-03
  -3.20053101E-03
  -3.10134888E-03
  -2.79998779E-03
  -2.70080566E-03
  -2.70080566E-03
  -2.70080566E-03
  -2.39944458E-03
  -2.39944458E-03
  -2.39944458E-03
  -2.20108032E-03
  -2.19917297E-03
  -2.09999084E-03
  -2.09999084E-03
  -2.09999084E-03
  -2.00080872E-03
  -1.99890137E-03
  -1.99890137E-03
  -1.89971924E-03
  -1.89971924E-03
  -1.79862976E-03
  -1.70135498E-03
  -1.70135498E-03
  -1.69944763E-03
  -1.50108337E-03
  -1.49917603E-03
  -1.49917603E-03
  -1.20162964E-03
  -1.19972229E-03
  -1.19972229E-03
  -1.19972229E-03
  -1.19972229E-03
  -1.10054016E-03
  -9.99450684E-04
  -9.99450684E-04
  -9.00268555E-04
  -9.00268555E-04
  -9.00268555E-04
  -9.00268555E-04
  -8.01086426E-04
  -7.99179077E-04
  -6.99996948E-04
  -6.99996948E-04
  -6.99996948E-04
  -6.99996948E-04
  -6.00814819E-04
  -6.00814819E-04
  -5.98907471E-04
  -5.01632690E-04
  -4.99725342E-04
  -4.00543213E-04
  -4.00543213E-04
  -3.01361084E-04
  -2.99453735E-04
  -2.99453735E-04
  -2.00271606E-04
  -2.00271606E-04
  -2.00271606E-04
  -1.01089478E-04
   0.00000000    
   0.00000000    
   0.00000000    
   0.00000000    
   9.91821289E-05
   1.01089478E-04
   1.98364258E-04
   1.98364258E-04
   2.00271606E-04
   2.00271606E-04
   2.00271606E-04
   2.00271606E-04
   2.99453735E-04
   2.99453735E-04
   2.99453735E-04
   3.01361084E-04
   3.98635864E-04
   4.00543213E-04
   4.00543213E-04
   4.00543213E-04
   4.99725342E-04
   4.99725342E-04
   4.99725342E-04
   5.01632690E-04
   6.00814819E-04
   6.99996948E-04
   8.01086426E-04
   8.01086426E-04
   8.98361206E-04
   9.00268555E-04
   9.99450684E-04
   9.99450684E-04
   1.00135803E-03
   1.09863281E-03
   1.10054016E-03
   1.19972229E-03
   1.19972229E-03
   1.29890442E-03
   1.49917603E-03
   1.60026550E-03
   1.69944763E-03
   1.69944763E-03
   1.79862976E-03
   1.89971924E-03
   1.89971924E-03
   2.00080872E-03
   2.00080872E-03
   2.00080872E-03
   2.00080872E-03
   2.09999084E-03
   2.09999084E-03
   2.09999084E-03
   2.19917297E-03
   2.30026245E-03
   2.39944458E-03
   2.50053406E-03
   2.59971619E-03
   2.69889832E-03
   2.70080566E-03
   2.79998779E-03
   2.79998779E-03
   2.79998779E-03
   3.00025940E-03
   3.10134888E-03
   3.19862366E-03
   3.20053101E-03
   3.39889526E-03
   3.70025635E-03
   3.80134583E-03
   3.89862061E-03
   4.00161743E-03
   4.10079956E-03
   4.19998169E-03
   4.29916382E-03
   4.39834595E-03
   4.49943542E-03
   4.80079651E-03
   4.89997864E-03
   6.29997253E-03
   6.49833679E-03
   7.29942322E-03
   7.40051270E-03
   1.02005005E-02
   1.08013153E-02
   2.23999023E-02
   3.48987579E-02
   3.87992859E-02
