#Npts     Radius    Mag      Completeness
#  240  837.8067  -14.947667 0.987654
# Verr
  -2.20003128E-02
  -1.65004730E-02
  -1.32999420E-02
  -1.30996704E-02
  -1.21002197E-02
  -1.17998123E-02
  -1.16004944E-02
  -1.11999512E-02
  -9.90009308E-03
  -9.79995728E-03
  -9.59968567E-03
  -9.10091400E-03
  -8.99982452E-03
  -8.99982452E-03
  -8.79955292E-03
  -8.59928131E-03
  -8.39996338E-03
  -8.39996338E-03
  -8.10050964E-03
  -7.80010223E-03
  -7.10010529E-03
  -7.09915161E-03
  -6.80065155E-03
  -6.79969788E-03
  -6.79969788E-03
  -6.50024414E-03
  -6.49929047E-03
  -6.19983673E-03
  -6.19983673E-03
  -6.10065460E-03
  -5.99956512E-03
  -5.90038300E-03
  -5.80024719E-03
  -5.80024719E-03
  -5.79929352E-03
  -5.70011139E-03
  -5.49983978E-03
  -5.39970398E-03
  -5.30052185E-03
  -5.00011444E-03
  -5.00011444E-03
  -5.00011444E-03
  -4.99916077E-03
  -4.69970703E-03
  -4.69970703E-03
  -4.69970703E-03
  -4.50038910E-03
  -4.30011749E-03
  -4.30011749E-03
  -4.10079956E-03
  -4.09984589E-03
  -3.99971008E-03
  -3.90052795E-03
  -3.80039215E-03
  -3.70025635E-03
  -3.70025635E-03
  -3.70025635E-03
  -3.59916687E-03
  -3.49998474E-03
  -3.39984894E-03
  -3.29971313E-03
  -3.20053101E-03
  -3.20053101E-03
  -3.19957733E-03
  -3.10039520E-03
  -3.09944153E-03
  -3.00025940E-03
  -2.90012360E-03
  -2.90012360E-03
  -2.79998779E-03
  -2.79998779E-03
  -2.79998779E-03
  -2.79998779E-03
  -2.79998779E-03
  -2.79998779E-03
  -2.60066986E-03
  -2.59971619E-03
  -2.49958038E-03
  -2.40039825E-03
  -2.40039825E-03
  -2.30026245E-03
  -2.20012665E-03
  -2.20012665E-03
  -2.20012665E-03
  -2.09999084E-03
  -2.09999084E-03
  -1.99985504E-03
  -1.99985504E-03
  -1.89971924E-03
  -1.79958344E-03
  -1.79958344E-03
  -1.79958344E-03
  -1.60026550E-03
  -1.60026550E-03
  -1.39999390E-03
  -1.29985809E-03
  -1.29985809E-03
  -1.29985809E-03
  -1.20067596E-03
  -1.19972229E-03
  -1.19972229E-03
  -1.19972229E-03
  -1.09958649E-03
  -1.00040436E-03
  -9.99450684E-04
  -8.00132751E-04
  -8.00132751E-04
  -6.99996948E-04
  -6.99996948E-04
  -6.99996948E-04
  -6.99996948E-04
  -6.99996948E-04
  -4.00543213E-04
  -3.99589539E-04
  -3.00407410E-04
  -3.00407410E-04
  -2.99453735E-04
  -2.99453735E-04
  -2.00271606E-04
  -2.00271606E-04
  -1.00135803E-04
  -1.00135803E-04
   0.00000000    
   0.00000000    
   2.99453735E-04
   2.99453735E-04
   3.99589539E-04
   3.99589539E-04
   5.99861145E-04
   5.99861145E-04
   6.99996948E-04
   6.99996948E-04
   8.00132751E-04
   8.00132751E-04
   9.00268555E-04
   1.09958649E-03
   1.09958649E-03
   1.10054016E-03
   1.10054016E-03
   1.19972229E-03
   1.19972229E-03
   1.29985809E-03
   1.29985809E-03
   1.29985809E-03
   1.29985809E-03
   1.39999390E-03
   1.39999390E-03
   1.39999390E-03
   1.49917603E-03
   1.50012970E-03
   1.50012970E-03
   1.50012970E-03
   1.50012970E-03
   1.59931183E-03
   1.59931183E-03
   1.60026550E-03
   1.60026550E-03
   1.69944763E-03
   1.80053711E-03
   1.89971924E-03
   1.89971924E-03
   1.99985504E-03
   2.00080872E-03
   2.09999084E-03
   2.30026245E-03
   2.30026245E-03
   2.39944458E-03
   2.40039825E-03
   2.59971619E-03
   2.59971619E-03
   2.79998779E-03
   2.79998779E-03
   2.90012360E-03
   2.90012360E-03
   3.10039520E-03
   3.19957733E-03
   3.29971313E-03
   3.30066681E-03
   3.39984894E-03
   3.39984894E-03
   3.49998474E-03
   3.49998474E-03
   3.60012054E-03
   3.70025635E-03
   3.70025635E-03
   3.70025635E-03
   3.80039215E-03
   3.89957428E-03
   3.99971008E-03
   4.00066376E-03
   4.19998169E-03
   4.39929962E-03
   4.40025330E-03
   4.49943542E-03
   4.60052490E-03
   4.70066071E-03
   4.79984283E-03
   4.79984283E-03
   4.89997864E-03
   5.10025024E-03
   5.29956818E-03
   5.30052185E-03
   5.49983978E-03
   5.70011139E-03
   6.00051880E-03
   6.10065460E-03
   6.19983673E-03
   6.49929047E-03
   6.79969788E-03
   6.90078735E-03
   6.99996948E-03
   7.09915161E-03
   7.30037689E-03
   7.49969482E-03
   7.59983063E-03
   8.09955597E-03
   8.09955597E-03
   8.39996338E-03
   8.90064240E-03
   8.99982452E-03
   9.09996033E-03
   1.01003647E-02
   1.08995438E-02
   1.09004974E-02
   1.22995377E-02
   1.23996735E-02
   1.34000778E-02
   1.66006088E-02
   1.69000626E-02
   1.73006058E-02
   1.77001953E-02
   1.91001892E-02
   1.93996429E-02
   2.29005814E-02
   3.41997147E-02
   3.50999832E-02
   5.27000427E-02
   5.76000214E-02
   6.66999817E-02
  0.616200447    
