#Npts     Radius    Mag      Completeness
#  155  433.3483  -16.249166 0.962733
# Verr
  -9.00077820E-03
  -6.50024414E-03
  -6.50024414E-03
  -5.29861450E-03
  -4.80079651E-03
  -4.59861755E-03
  -3.99971008E-03
  -3.60107422E-03
  -3.40080261E-03
  -3.40080261E-03
  -3.20053101E-03
  -3.09944153E-03
  -3.00025940E-03
  -3.00025940E-03
  -3.00025940E-03
  -2.90107727E-03
  -2.90107727E-03
  -2.89916992E-03
  -2.79998779E-03
  -2.79998779E-03
  -2.69889832E-03
  -2.59971619E-03
  -2.50053406E-03
  -2.50053406E-03
  -2.40135193E-03
  -2.39944458E-03
  -2.29835510E-03
  -2.29835510E-03
  -2.20108032E-03
  -2.19917297E-03
  -2.09999084E-03
  -1.79862976E-03
  -1.79862976E-03
  -1.70135498E-03
  -1.69944763E-03
  -1.59835815E-03
  -1.50108337E-03
  -1.49917603E-03
  -1.49917603E-03
  -1.49917603E-03
  -1.39999390E-03
  -1.20162964E-03
  -1.10054016E-03
  -9.00268555E-04
  -8.98361206E-04
  -8.01086426E-04
  -8.01086426E-04
  -8.01086426E-04
  -7.99179077E-04
  -7.99179077E-04
  -7.99179077E-04
  -6.99996948E-04
  -6.99996948E-04
  -6.99996948E-04
  -6.99996948E-04
  -6.00814819E-04
  -4.99725342E-04
  -4.99725342E-04
  -4.00543213E-04
  -4.00543213E-04
  -3.01361084E-04
  -2.99453735E-04
  -2.99453735E-04
  -2.99453735E-04
  -1.98364258E-04
  -1.01089478E-04
  -1.01089478E-04
  -1.01089478E-04
  -9.91821289E-05
   0.00000000    
   0.00000000    
   9.91821289E-05
   1.01089478E-04
   1.01089478E-04
   1.01089478E-04
   1.98364258E-04
   1.98364258E-04
   2.00271606E-04
   2.99453735E-04
   2.99453735E-04
   2.99453735E-04
   3.01361084E-04
   4.00543213E-04
   4.00543213E-04
   4.99725342E-04
   4.99725342E-04
   5.98907471E-04
   6.00814819E-04
   6.99996948E-04
   6.99996948E-04
   6.99996948E-04
   6.99996948E-04
   7.99179077E-04
   8.01086426E-04
   8.01086426E-04
   8.01086426E-04
   8.01086426E-04
   9.00268555E-04
   9.00268555E-04
   9.99450684E-04
   9.99450684E-04
   1.00135803E-03
   1.09863281E-03
   1.09863281E-03
   1.29890442E-03
   1.30081177E-03
   1.49917603E-03
   1.49917603E-03
   1.50108337E-03
   1.60026550E-03
   1.60026550E-03
   1.69944763E-03
   1.70135498E-03
   1.80053711E-03
   1.80053711E-03
   1.80053711E-03
   1.89971924E-03
   1.99890137E-03
   1.99890137E-03
   1.99890137E-03
   2.00080872E-03
   2.09999084E-03
   2.19917297E-03
   2.20108032E-03
   2.30026245E-03
   2.39944458E-03
   2.39944458E-03
   2.79998779E-03
   2.79998779E-03
   2.79998779E-03
   2.90107727E-03
   3.00025940E-03
   3.00025940E-03
   3.10134888E-03
   3.29971313E-03
   3.49998474E-03
   3.79943848E-03
   3.90052795E-03
   3.99971008E-03
   4.19998169E-03
   4.49943542E-03
   4.79888916E-03
   4.80079651E-03
   4.89997864E-03
   5.50079346E-03
   5.79833984E-03
   6.70051575E-03
   8.60023499E-03
   9.89913940E-03
   1.02996826E-02
   1.14994049E-02
   1.16004944E-02
   1.49002075E-02
   2.79006958E-02
   4.44984436E-02
