#Npts     Radius    Mag      Completeness
#  642 2050.7937  -10.201000 0.993808
# Verr
 -0.436900139    
 -0.321300507    
 -0.164600372    
 -0.110899925    
  -9.64994431E-02
  -5.48000336E-02
  -4.52995300E-02
  -3.36008072E-02
  -3.31001282E-02
  -3.11002731E-02
  -2.99997330E-02
  -2.96993256E-02
  -2.85005569E-02
  -2.57997513E-02
  -2.44998932E-02
  -2.42996216E-02
  -2.26001740E-02
  -2.23007202E-02
  -2.19001770E-02
  -2.16007233E-02
  -2.09007263E-02
  -2.06995010E-02
  -2.04992294E-02
  -1.92995071E-02
  -1.91993713E-02
  -1.88999176E-02
  -1.88999176E-02
  -1.88999176E-02
  -1.85003281E-02
  -1.83000565E-02
  -1.80997849E-02
  -1.80006027E-02
  -1.72996521E-02
  -1.71995163E-02
  -1.71003342E-02
  -1.65996552E-02
  -1.62000656E-02
  -1.57995224E-02
  -1.57003403E-02
  -1.54008865E-02
  -1.51996613E-02
  -1.50003433E-02
  -1.49002075E-02
  -1.49002075E-02
  -1.46999359E-02
  -1.45998001E-02
  -1.44996643E-02
  -1.44996643E-02
  -1.43995285E-02
  -1.42002106E-02
  -1.41000748E-02
  -1.39999390E-02
  -1.36003494E-02
  -1.35002136E-02
  -1.34000778E-02
  -1.30004883E-02
  -1.30004883E-02
  -1.30004883E-02
  -1.29003525E-02
  -1.27000809E-02
  -1.25999451E-02
  -1.25999451E-02
  -1.25007629E-02
  -1.24998093E-02
  -1.21002197E-02
  -1.17006302E-02
  -1.15995407E-02
  -1.15003586E-02
  -1.15003586E-02
  -1.14002228E-02
  -1.11999512E-02
  -1.09996796E-02
  -1.09996796E-02
  -1.07002258E-02
  -1.06992722E-02
  -1.06000900E-02
  -1.06000900E-02
  -1.06000900E-02
  -1.06000900E-02
  -1.06000900E-02
  -1.04999542E-02
  -1.04999542E-02
  -1.04999542E-02
  -1.03998184E-02
  -1.02996826E-02
  -1.02996826E-02
  -1.02996826E-02
  -1.02005005E-02
  -1.02005005E-02
  -1.01003647E-02
  -1.00994110E-02
  -1.00994110E-02
  -1.00002289E-02
  -1.00002289E-02
  -9.90009308E-03
  -9.79995728E-03
  -9.79995728E-03
  -9.69982147E-03
  -9.69982147E-03
  -9.69982147E-03
  -9.69982147E-03
  -9.60063934E-03
  -9.60063934E-03
  -9.50050354E-03
  -9.40036774E-03
  -9.29927826E-03
  -9.20009613E-03
  -9.09996033E-03
  -8.89968872E-03
  -8.89968872E-03
  -8.89968872E-03
  -8.80050659E-03
  -8.80050659E-03
  -8.69941711E-03
  -8.50009918E-03
  -8.39996338E-03
  -8.39996338E-03
  -8.29982758E-03
  -8.20064545E-03
  -8.19969177E-03
  -8.10050964E-03
  -8.10050964E-03
  -8.00037384E-03
  -7.90023804E-03
  -7.90023804E-03
  -7.89928436E-03
  -7.80010223E-03
  -7.80010223E-03
  -7.80010223E-03
  -7.80010223E-03
  -7.79914856E-03
  -7.69996643E-03
  -7.69996643E-03
  -7.59983063E-03
  -7.59983063E-03
  -7.59983063E-03
  -7.59983063E-03
  -7.50064850E-03
  -7.49969482E-03
  -7.49969482E-03
  -7.40051270E-03
  -7.39955902E-03
  -7.30037689E-03
  -7.30037689E-03
  -7.29942322E-03
  -7.20024109E-03
  -7.20024109E-03
  -7.20024109E-03
  -7.20024109E-03
  -7.19928741E-03
  -7.10010529E-03
  -7.10010529E-03
  -7.10010529E-03
  -6.99996948E-03
  -6.99996948E-03
  -6.99996948E-03
  -6.89983368E-03
  -6.89983368E-03
  -6.89983368E-03
  -6.89983368E-03
  -6.80065155E-03
  -6.69956207E-03
  -6.69956207E-03
  -6.60037994E-03
  -6.50024414E-03
  -6.50024414E-03
  -6.50024414E-03
  -6.50024414E-03
  -6.50024414E-03
  -6.40010834E-03
  -6.40010834E-03
  -6.29997253E-03
  -6.29997253E-03
  -6.29997253E-03
  -6.19983673E-03
  -6.19983673E-03
  -6.09970093E-03
  -6.00051880E-03
  -5.99956512E-03
  -5.99956512E-03
  -5.99956512E-03
  -5.90038300E-03
  -5.90038300E-03
  -5.90038300E-03
  -5.90038300E-03
  -5.70011139E-03
  -5.69915771E-03
  -5.59997559E-03
  -5.59997559E-03
  -5.50079346E-03
  -5.49983978E-03
  -5.49983978E-03
  -5.39970398E-03
  -5.39970398E-03
  -5.29956818E-03
  -5.29956818E-03
  -5.29956818E-03
  -5.29956818E-03
  -5.20038605E-03
  -5.19943237E-03
  -5.09929657E-03
  -5.00011444E-03
  -4.89997864E-03
  -4.89997864E-03
  -4.79984283E-03
  -4.79984283E-03
  -4.70066071E-03
  -4.69970703E-03
  -4.69970703E-03
  -4.60052490E-03
  -4.60052490E-03
  -4.59957123E-03
  -4.59957123E-03
  -4.59957123E-03
  -4.50038910E-03
  -4.50038910E-03
  -4.49943542E-03
  -4.40025330E-03
  -4.40025330E-03
  -4.40025330E-03
  -4.40025330E-03
  -4.40025330E-03
  -4.40025330E-03
  -4.39929962E-03
  -4.30011749E-03
  -4.30011749E-03
  -4.30011749E-03
  -4.19998169E-03
  -4.19998169E-03
  -4.09984589E-03
  -4.09984589E-03
  -4.09984589E-03
  -4.00066376E-03
  -3.99971008E-03
  -3.99971008E-03
  -3.90052795E-03
  -3.89957428E-03
  -3.80039215E-03
  -3.80039215E-03
  -3.79943848E-03
  -3.79943848E-03
  -3.60012054E-03
  -3.60012054E-03
  -3.60012054E-03
  -3.60012054E-03
  -3.60012054E-03
  -3.59916687E-03
  -3.49998474E-03
  -3.49998474E-03
  -3.49998474E-03
  -3.49998474E-03
  -3.40080261E-03
  -3.39984894E-03
  -3.39984894E-03
  -3.39984894E-03
  -3.30066681E-03
  -3.30066681E-03
  -3.30066681E-03
  -3.29971313E-03
  -3.29971313E-03
  -3.20053101E-03
  -3.10039520E-03
  -3.09944153E-03
  -3.00025940E-03
  -3.00025940E-03
  -2.99930573E-03
  -2.90012360E-03
  -2.79998779E-03
  -2.79998779E-03
  -2.79998779E-03
  -2.70080566E-03
  -2.69985199E-03
  -2.69985199E-03
  -2.69985199E-03
  -2.60066986E-03
  -2.60066986E-03
  -2.59971619E-03
  -2.59971619E-03
  -2.50053406E-03
  -2.49958038E-03
  -2.49958038E-03
  -2.39944458E-03
  -2.39944458E-03
  -2.30026245E-03
  -2.30026245E-03
  -2.30026245E-03
  -2.29930878E-03
  -2.20012665E-03
  -2.20012665E-03
  -2.19917297E-03
  -2.09999084E-03
  -2.09999084E-03
  -2.09999084E-03
  -2.09999084E-03
  -1.99985504E-03
  -1.99985504E-03
  -1.99985504E-03
  -1.89971924E-03
  -1.80053711E-03
  -1.80053711E-03
  -1.79958344E-03
  -1.79958344E-03
  -1.79958344E-03
  -1.70040131E-03
  -1.69944763E-03
  -1.69944763E-03
  -1.69944763E-03
  -1.60026550E-03
  -1.60026550E-03
  -1.59931183E-03
  -1.50012970E-03
  -1.50012970E-03
  -1.50012970E-03
  -1.50012970E-03
  -1.50012970E-03
  -1.50012970E-03
  -1.40094757E-03
  -1.39999390E-03
  -1.39999390E-03
  -1.39999390E-03
  -1.39999390E-03
  -1.39999390E-03
  -1.29985809E-03
  -1.20067596E-03
  -1.10054016E-03
  -1.09958649E-03
  -1.00040436E-03
  -9.99450684E-04
  -9.00268555E-04
  -8.99314880E-04
  -8.99314880E-04
  -8.99314880E-04
  -7.99179077E-04
  -6.99996948E-04
  -6.99996948E-04
  -5.99861145E-04
  -5.99861145E-04
  -5.99861145E-04
  -5.99861145E-04
  -5.99861145E-04
  -5.00679016E-04
  -4.99725342E-04
  -4.99725342E-04
  -4.99725342E-04
  -4.99725342E-04
  -3.99589539E-04
  -3.99589539E-04
  -2.99453735E-04
  -2.99453735E-04
  -2.99453735E-04
  -2.00271606E-04
  -2.00271606E-04
  -2.00271606E-04
  -1.00135803E-04
  -1.00135803E-04
  -1.00135803E-04
  -1.00135803E-04
  -9.91821289E-05
   0.00000000    
   0.00000000    
   0.00000000    
   1.00135803E-04
   1.00135803E-04
   1.00135803E-04
   1.00135803E-04
   1.00135803E-04
   1.99317932E-04
   2.00271606E-04
   2.00271606E-04
   2.99453735E-04
   3.00407410E-04
   3.00407410E-04
   3.99589539E-04
   3.99589539E-04
   4.99725342E-04
   4.99725342E-04
   5.00679016E-04
   5.99861145E-04
   5.99861145E-04
   5.99861145E-04
   6.00814819E-04
   6.99996948E-04
   6.99996948E-04
   6.99996948E-04
   8.00132751E-04
   8.00132751E-04
   8.00132751E-04
   8.99314880E-04
   8.99314880E-04
   8.99314880E-04
   9.00268555E-04
   9.00268555E-04
   9.99450684E-04
   9.99450684E-04
   1.00040436E-03
   1.00040436E-03
   1.09958649E-03
   1.09958649E-03
   1.10054016E-03
   1.10054016E-03
   1.19972229E-03
   1.19972229E-03
   1.19972229E-03
   1.19972229E-03
   1.20067596E-03
   1.20067596E-03
   1.29985809E-03
   1.29985809E-03
   1.39999390E-03
   1.39999390E-03
   1.39999390E-03
   1.39999390E-03
   1.50012970E-03
   1.50012970E-03
   1.50012970E-03
   1.59931183E-03
   1.59931183E-03
   1.60026550E-03
   1.69944763E-03
   1.69944763E-03
   1.69944763E-03
   1.69944763E-03
   1.69944763E-03
   1.70040131E-03
   1.70040131E-03
   1.70040131E-03
   1.79958344E-03
   1.79958344E-03
   1.79958344E-03
   1.89971924E-03
   1.99985504E-03
   1.99985504E-03
   2.00080872E-03
   2.00080872E-03
   2.20012665E-03
   2.20012665E-03
   2.29930878E-03
   2.29930878E-03
   2.30026245E-03
   2.30026245E-03
   2.30026245E-03
   2.30026245E-03
   2.30026245E-03
   2.39944458E-03
   2.39944458E-03
   2.39944458E-03
   2.40039825E-03
   2.40039825E-03
   2.40039825E-03
   2.49958038E-03
   2.59971619E-03
   2.60066986E-03
   2.69985199E-03
   2.79998779E-03
   2.90012360E-03
   2.99930573E-03
   3.00025940E-03
   3.09944153E-03
   3.09944153E-03
   3.09944153E-03
   3.09944153E-03
   3.10039520E-03
   3.10039520E-03
   3.10039520E-03
   3.19957733E-03
   3.29971313E-03
   3.29971313E-03
   3.29971313E-03
   3.39984894E-03
   3.39984894E-03
   3.40080261E-03
   3.49998474E-03
   3.49998474E-03
   3.60012054E-03
   3.60012054E-03
   3.60012054E-03
   3.70025635E-03
   3.79943848E-03
   3.80039215E-03
   3.90052795E-03
   3.99971008E-03
   4.09984589E-03
   4.09984589E-03
   4.09984589E-03
   4.09984589E-03
   4.29916382E-03
   4.30011749E-03
   4.30011749E-03
   4.39929962E-03
   4.49943542E-03
   4.60052490E-03
   4.60052490E-03
   4.69970703E-03
   4.69970703E-03
   4.70066071E-03
   4.70066071E-03
   4.79984283E-03
   4.79984283E-03
   4.79984283E-03
   4.89997864E-03
   4.89997864E-03
   5.00011444E-03
   5.00011444E-03
   5.00011444E-03
   5.09929657E-03
   5.09929657E-03
   5.10025024E-03
   5.19943237E-03
   5.19943237E-03
   5.20038605E-03
   5.29956818E-03
   5.29956818E-03
   5.30052185E-03
   5.39970398E-03
   5.40065765E-03
   5.40065765E-03
   5.49983978E-03
   5.49983978E-03
   5.49983978E-03
   5.59997559E-03
   5.59997559E-03
   5.59997559E-03
   5.59997559E-03
   5.59997559E-03
   5.80024719E-03
   6.00051880E-03
   6.09970093E-03
   6.20079041E-03
   6.40010834E-03
   6.40010834E-03
   6.49929047E-03
   6.50024414E-03
   6.59942627E-03
   6.59942627E-03
   6.60037994E-03
   6.69956207E-03
   6.70051575E-03
   6.70051575E-03
   6.70051575E-03
   6.79969788E-03
   6.89983368E-03
   6.89983368E-03
   6.89983368E-03
   6.99996948E-03
   7.10010529E-03
   7.20024109E-03
   7.49969482E-03
   7.49969482E-03
   7.49969482E-03
   7.49969482E-03
   7.50064850E-03
   7.59983063E-03
   7.80010223E-03
   7.80010223E-03
   7.89928436E-03
   8.00037384E-03
   8.09955597E-03
   8.09955597E-03
   8.10050964E-03
   8.19969177E-03
   8.19969177E-03
   8.29982758E-03
   8.29982758E-03
   8.60023499E-03
   8.70037079E-03
   8.89968872E-03
   9.49954987E-03
   9.59968567E-03
   9.69982147E-03
   9.69982147E-03
   9.90009308E-03
   9.90009308E-03
   9.90009308E-03
   1.00002289E-02
   1.00002289E-02
   1.00994110E-02
   1.02005005E-02
   1.02005005E-02
   1.03998184E-02
   1.03998184E-02
   1.04999542E-02
   1.08003616E-02
   1.08003616E-02
   1.09996796E-02
   1.10998154E-02
   1.11999512E-02
   1.11999512E-02
   1.14002228E-02
   1.14002228E-02
   1.14994049E-02
   1.18999481E-02
   1.20000839E-02
   1.25999451E-02
   1.26008987E-02
   1.28002167E-02
   1.30004883E-02
   1.30004883E-02
   1.32999420E-02
   1.33991241E-02
   1.37996674E-02
   1.41000748E-02
   1.41000748E-02
   1.41992569E-02
   1.43995285E-02
   1.43995285E-02
   1.44996643E-02
   1.49002075E-02
   1.49002075E-02
   1.52997971E-02
   1.53007507E-02
   1.55000687E-02
   1.57003403E-02
   1.58996582E-02
   1.64003372E-02
   1.73997879E-02
   1.81999207E-02
   1.85003281E-02
   1.87005997E-02
   1.87005997E-02
   1.89008713E-02
   2.00004578E-02
   2.18000412E-02
   2.23007202E-02
   2.33001709E-02
   2.33001709E-02
   2.47001648E-02
   2.47001648E-02
   2.51998901E-02
   2.53000259E-02
   2.70004272E-02
   3.80001068E-02
   7.07998276E-02
   7.45000839E-02
   7.74993896E-02
   8.12005997E-02
   8.48999023E-02
   8.96997452E-02
  0.122599602    
  0.123000145    
  0.141599655    
  0.157700539    
  0.171600342    
