#Npts     Radius    Mag      Completeness
#  168  634.8712  -14.080000 1.000000
# Verr
  -2.18000412E-02
  -1.95999146E-02
  -1.92995071E-02
  -1.91001892E-02
  -1.48000717E-02
  -1.42993927E-02
  -1.23996735E-02
  -1.20000839E-02
  -1.18999481E-02
  -1.08003616E-02
  -1.08003616E-02
  -1.04999542E-02
  -9.79995728E-03
  -9.40036774E-03
  -9.09996033E-03
  -9.09996033E-03
  -8.39996338E-03
  -8.30078125E-03
  -8.29982758E-03
  -8.29982758E-03
  -7.90023804E-03
  -7.90023804E-03
  -7.90023804E-03
  -7.89928436E-03
  -7.10010529E-03
  -6.99996948E-03
  -6.79969788E-03
  -6.70051575E-03
  -5.59997559E-03
  -5.59997559E-03
  -5.40065765E-03
  -5.10025024E-03
  -5.00011444E-03
  -4.89997864E-03
  -4.69970703E-03
  -4.60052490E-03
  -4.60052490E-03
  -4.50038910E-03
  -4.30011749E-03
  -4.30011749E-03
  -4.30011749E-03
  -4.19998169E-03
  -4.19998169E-03
  -3.90052795E-03
  -3.80039215E-03
  -3.30066681E-03
  -3.20053101E-03
  -3.10039520E-03
  -3.00025940E-03
  -2.99930573E-03
  -2.90012360E-03
  -2.79998779E-03
  -2.79998779E-03
  -2.79998779E-03
  -2.79998779E-03
  -2.59971619E-03
  -2.50053406E-03
  -2.50053406E-03
  -2.20012665E-03
  -2.20012665E-03
  -2.09999084E-03
  -1.99985504E-03
  -1.89971924E-03
  -1.70040131E-03
  -1.70040131E-03
  -1.70040131E-03
  -1.50012970E-03
  -1.39999390E-03
  -1.30081177E-03
  -1.29985809E-03
  -1.19972229E-03
  -1.19972229E-03
  -1.00040436E-03
  -1.00040436E-03
  -9.99450684E-04
  -9.00268555E-04
  -9.00268555E-04
  -8.00132751E-04
  -6.99996948E-04
  -6.99996948E-04
  -5.99861145E-04
  -5.99861145E-04
  -5.99861145E-04
  -3.00407410E-04
  -1.00135803E-04
   0.00000000    
   1.00135803E-04
   1.99317932E-04
   2.99453735E-04
   3.99589539E-04
   3.99589539E-04
   5.00679016E-04
   5.99861145E-04
   6.99996948E-04
   6.99996948E-04
   8.00132751E-04
   8.00132751E-04
   9.00268555E-04
   9.99450684E-04
   1.19972229E-03
   1.19972229E-03
   1.19972229E-03
   1.39999390E-03
   1.50012970E-03
   1.50012970E-03
   1.60026550E-03
   1.69944763E-03
   1.79958344E-03
   1.99985504E-03
   1.99985504E-03
   1.99985504E-03
   2.30026245E-03
   2.30026245E-03
   2.30026245E-03
   2.40039825E-03
   2.50053406E-03
   2.60066986E-03
   2.69985199E-03
   2.79998779E-03
   2.90012360E-03
   2.99930573E-03
   3.00025940E-03
   3.29971313E-03
   3.29971313E-03
   3.49998474E-03
   3.79943848E-03
   3.80039215E-03
   4.09984589E-03
   4.30011749E-03
   4.30011749E-03
   4.30011749E-03
   4.50038910E-03
   4.89997864E-03
   5.39970398E-03
   5.59997559E-03
   5.69915771E-03
   5.79929352E-03
   5.89942932E-03
   5.90038300E-03
   6.09970093E-03
   6.60037994E-03
   6.89983368E-03
   6.99996948E-03
   7.49969482E-03
   7.50064850E-03
   7.59983063E-03
   7.80010223E-03
   7.99942017E-03
   8.19969177E-03
   8.39996338E-03
   8.50009918E-03
   9.09996033E-03
   9.09996033E-03
   9.19914246E-03
   9.59968567E-03
   9.59968567E-03
   1.09004974E-02
   1.21994019E-02
   1.32999420E-02
   1.37996674E-02
   1.52997971E-02
   1.58004761E-02
   1.63993835E-02
   1.72004700E-02
   1.85995102E-02
   1.92003250E-02
   3.10001373E-02
   4.33006287E-02
