#Npts     Radius    Mag      Completeness
#  486 2888.4421  -16.582857 0.923954
# Verr
  -7.90023804E-03
  -7.79914856E-03
  -7.49969482E-03
  -6.79969788E-03
  -6.69860840E-03
  -6.50024414E-03
  -6.00051880E-03
  -6.00051880E-03
  -5.89942932E-03
  -5.80024719E-03
  -5.80024719E-03
  -5.59997559E-03
  -5.59997559E-03
  -5.30052185E-03
  -5.29861450E-03
  -5.10025024E-03
  -4.69970703E-03
  -4.60052490E-03
  -4.49943542E-03
  -4.40025330E-03
  -4.40025330E-03
  -4.40025330E-03
  -4.40025330E-03
  -4.30107117E-03
  -4.30107117E-03
  -4.29916382E-03
  -4.19998169E-03
  -4.00161743E-03
  -3.70025635E-03
  -3.70025635E-03
  -3.69834900E-03
  -3.49998474E-03
  -3.49998474E-03
  -3.39889526E-03
  -3.29971313E-03
  -3.20053101E-03
  -3.20053101E-03
  -3.19862366E-03
  -3.10134888E-03
  -3.09944153E-03
  -3.00025940E-03
  -3.00025940E-03
  -2.99835205E-03
  -2.90107727E-03
  -2.90107727E-03
  -2.90107727E-03
  -2.89916992E-03
  -2.89916992E-03
  -2.89916992E-03
  -2.79998779E-03
  -2.79998779E-03
  -2.70080566E-03
  -2.70080566E-03
  -2.69889832E-03
  -2.69889832E-03
  -2.69889832E-03
  -2.69889832E-03
  -2.60162354E-03
  -2.59971619E-03
  -2.59971619E-03
  -2.59971619E-03
  -2.50053406E-03
  -2.49862671E-03
  -2.49862671E-03
  -2.40135193E-03
  -2.40135193E-03
  -2.39944458E-03
  -2.39944458E-03
  -2.30026245E-03
  -2.30026245E-03
  -2.30026245E-03
  -2.30026245E-03
  -2.20108032E-03
  -2.19917297E-03
  -2.19917297E-03
  -2.09999084E-03
  -2.09999084E-03
  -2.09999084E-03
  -2.00080872E-03
  -2.00080872E-03
  -2.00080872E-03
  -2.00080872E-03
  -2.00080872E-03
  -2.00080872E-03
  -2.00080872E-03
  -1.99890137E-03
  -1.99890137E-03
  -1.89971924E-03
  -1.89971924E-03
  -1.89971924E-03
  -1.80053711E-03
  -1.80053711E-03
  -1.80053711E-03
  -1.80053711E-03
  -1.80053711E-03
  -1.80053711E-03
  -1.79862976E-03
  -1.79862976E-03
  -1.70135498E-03
  -1.69944763E-03
  -1.69944763E-03
  -1.69944763E-03
  -1.69944763E-03
  -1.69944763E-03
  -1.69944763E-03
  -1.60026550E-03
  -1.60026550E-03
  -1.60026550E-03
  -1.60026550E-03
  -1.59835815E-03
  -1.59835815E-03
  -1.59835815E-03
  -1.50108337E-03
  -1.49917603E-03
  -1.49917603E-03
  -1.49917603E-03
  -1.49917603E-03
  -1.39999390E-03
  -1.39999390E-03
  -1.39999390E-03
  -1.39999390E-03
  -1.39999390E-03
  -1.39999390E-03
  -1.39999390E-03
  -1.39999390E-03
  -1.39999390E-03
  -1.39999390E-03
  -1.39999390E-03
  -1.30081177E-03
  -1.30081177E-03
  -1.29890442E-03
  -1.29890442E-03
  -1.20162964E-03
  -1.20162964E-03
  -1.19972229E-03
  -1.19972229E-03
  -1.19972229E-03
  -1.19972229E-03
  -1.19972229E-03
  -1.19972229E-03
  -1.19972229E-03
  -1.10054016E-03
  -1.10054016E-03
  -1.10054016E-03
  -1.10054016E-03
  -1.10054016E-03
  -1.10054016E-03
  -9.99450684E-04
  -9.99450684E-04
  -9.99450684E-04
  -9.99450684E-04
  -9.99450684E-04
  -9.99450684E-04
  -9.00268555E-04
  -9.00268555E-04
  -8.01086426E-04
  -8.01086426E-04
  -7.99179077E-04
  -7.99179077E-04
  -7.99179077E-04
  -7.99179077E-04
  -6.99996948E-04
  -6.99996948E-04
  -6.99996948E-04
  -6.99996948E-04
  -6.99996948E-04
  -6.99996948E-04
  -6.99996948E-04
  -6.99996948E-04
  -6.99996948E-04
  -6.99996948E-04
  -6.00814819E-04
  -6.00814819E-04
  -6.00814819E-04
  -6.00814819E-04
  -6.00814819E-04
  -6.00814819E-04
  -6.00814819E-04
  -5.98907471E-04
  -5.98907471E-04
  -5.98907471E-04
  -5.01632690E-04
  -5.01632690E-04
  -4.99725342E-04
  -4.99725342E-04
  -4.99725342E-04
  -4.99725342E-04
  -4.99725342E-04
  -4.00543213E-04
  -4.00543213E-04
  -4.00543213E-04
  -4.00543213E-04
  -4.00543213E-04
  -3.01361084E-04
  -2.99453735E-04
  -2.99453735E-04
  -2.99453735E-04
  -2.99453735E-04
  -2.00271606E-04
  -2.00271606E-04
  -2.00271606E-04
  -2.00271606E-04
  -2.00271606E-04
  -2.00271606E-04
  -2.00271606E-04
  -1.01089478E-04
  -9.91821289E-05
  -9.91821289E-05
  -9.91821289E-05
  -9.91821289E-05
  -9.91821289E-05
  -9.91821289E-05
  -9.91821289E-05
   0.00000000    
   0.00000000    
   0.00000000    
   0.00000000    
   9.91821289E-05
   9.91821289E-05
   9.91821289E-05
   1.01089478E-04
   1.01089478E-04
   1.01089478E-04
   1.01089478E-04
   1.98364258E-04
   2.00271606E-04
   2.00271606E-04
   2.00271606E-04
   2.00271606E-04
   2.00271606E-04
   2.00271606E-04
   2.00271606E-04
   2.00271606E-04
   2.00271606E-04
   2.00271606E-04
   2.00271606E-04
   2.00271606E-04
   2.00271606E-04
   2.00271606E-04
   2.00271606E-04
   2.00271606E-04
   2.99453735E-04
   2.99453735E-04
   2.99453735E-04
   2.99453735E-04
   2.99453735E-04
   3.01361084E-04
   3.01361084E-04
   3.01361084E-04
   3.01361084E-04
   3.98635864E-04
   3.98635864E-04
   4.00543213E-04
   4.00543213E-04
   4.99725342E-04
   4.99725342E-04
   4.99725342E-04
   4.99725342E-04
   4.99725342E-04
   4.99725342E-04
   4.99725342E-04
   4.99725342E-04
   5.98907471E-04
   5.98907471E-04
   6.00814819E-04
   6.00814819E-04
   6.00814819E-04
   6.00814819E-04
   6.99996948E-04
   6.99996948E-04
   6.99996948E-04
   6.99996948E-04
   6.99996948E-04
   6.99996948E-04
   7.99179077E-04
   7.99179077E-04
   7.99179077E-04
   7.99179077E-04
   7.99179077E-04
   7.99179077E-04
   7.99179077E-04
   8.01086426E-04
   8.01086426E-04
   8.01086426E-04
   8.01086426E-04
   8.01086426E-04
   8.01086426E-04
   8.98361206E-04
   9.00268555E-04
   9.00268555E-04
   9.00268555E-04
   9.00268555E-04
   9.00268555E-04
   9.99450684E-04
   9.99450684E-04
   9.99450684E-04
   9.99450684E-04
   9.99450684E-04
   9.99450684E-04
   1.00135803E-03
   1.00135803E-03
   1.09863281E-03
   1.10054016E-03
   1.10054016E-03
   1.10054016E-03
   1.10054016E-03
   1.10054016E-03
   1.10054016E-03
   1.10054016E-03
   1.10054016E-03
   1.19972229E-03
   1.19972229E-03
   1.19972229E-03
   1.19972229E-03
   1.19972229E-03
   1.19972229E-03
   1.19972229E-03
   1.20162964E-03
   1.29890442E-03
   1.30081177E-03
   1.30081177E-03
   1.30081177E-03
   1.30081177E-03
   1.30081177E-03
   1.39999390E-03
   1.39999390E-03
   1.39999390E-03
   1.39999390E-03
   1.39999390E-03
   1.39999390E-03
   1.49917603E-03
   1.49917603E-03
   1.49917603E-03
   1.50108337E-03
   1.50108337E-03
   1.50108337E-03
   1.50108337E-03
   1.60026550E-03
   1.60026550E-03
   1.60026550E-03
   1.60026550E-03
   1.69944763E-03
   1.69944763E-03
   1.69944763E-03
   1.69944763E-03
   1.69944763E-03
   1.70135498E-03
   1.70135498E-03
   1.79862976E-03
   1.79862976E-03
   1.80053711E-03
   1.80053711E-03
   1.80053711E-03
   1.80053711E-03
   1.89971924E-03
   1.89971924E-03
   1.89971924E-03
   1.90162659E-03
   1.90162659E-03
   1.90162659E-03
   1.99890137E-03
   1.99890137E-03
   1.99890137E-03
   2.00080872E-03
   2.00080872E-03
   2.00080872E-03
   2.00080872E-03
   2.00080872E-03
   2.09999084E-03
   2.09999084E-03
   2.09999084E-03
   2.09999084E-03
   2.09999084E-03
   2.09999084E-03
   2.09999084E-03
   2.19917297E-03
   2.20108032E-03
   2.29835510E-03
   2.29835510E-03
   2.29835510E-03
   2.30026245E-03
   2.30026245E-03
   2.30026245E-03
   2.30026245E-03
   2.30026245E-03
   2.39944458E-03
   2.50053406E-03
   2.50053406E-03
   2.50053406E-03
   2.50053406E-03
   2.50053406E-03
   2.50053406E-03
   2.59971619E-03
   2.59971619E-03
   2.59971619E-03
   2.59971619E-03
   2.59971619E-03
   2.59971619E-03
   2.59971619E-03
   2.60162354E-03
   2.69889832E-03
   2.79998779E-03
   2.79998779E-03
   2.79998779E-03
   2.89916992E-03
   2.89916992E-03
   2.89916992E-03
   2.89916992E-03
   2.89916992E-03
   2.89916992E-03
   2.99835205E-03
   2.99835205E-03
   3.00025940E-03
   3.00025940E-03
   3.00025940E-03
   3.00025940E-03
   3.00025940E-03
   3.09944153E-03
   3.10134888E-03
   3.19862366E-03
   3.19862366E-03
   3.20053101E-03
   3.20053101E-03
   3.20053101E-03
   3.29971313E-03
   3.30162048E-03
   3.30162048E-03
   3.39889526E-03
   3.39889526E-03
   3.40080261E-03
   3.49998474E-03
   3.49998474E-03
   3.49998474E-03
   3.59916687E-03
   3.60107422E-03
   3.70025635E-03
   3.79943848E-03
   3.79943848E-03
   3.80134583E-03
   3.80134583E-03
   3.89862061E-03
   3.90052795E-03
   3.90052795E-03
   3.90052795E-03
   3.99971008E-03
   3.99971008E-03
   4.19998169E-03
   4.29916382E-03
   4.29916382E-03
   4.30107117E-03
   4.40025330E-03
   4.49943542E-03
   4.49943542E-03
   4.50134277E-03
   4.60052490E-03
   4.69970703E-03
   4.69970703E-03
   4.80079651E-03
   4.80079651E-03
   4.80079651E-03
   5.10025024E-03
   5.19943237E-03
   5.20133972E-03
   5.20133972E-03
   5.30052185E-03
   5.30052185E-03
   5.30052185E-03
   5.70106506E-03
   5.80024719E-03
   5.80024719E-03
   6.59942627E-03
   6.59942627E-03
   6.70051575E-03
   6.99996948E-03
   7.19833374E-03
   9.70077515E-03
   1.51004791E-02
   1.88999176E-02
   1.97982788E-02
   2.27985382E-02
   2.63004303E-02
   2.66990662E-02
   3.81011963E-02
   3.82003784E-02
  0.111499786    
  0.262899399    
