#Npts     Radius    Mag      Completeness
#  636 1646.7236  -11.263416 0.993750
# Verr
  -7.04002380E-02
  -5.22994995E-02
  -4.27999496E-02
  -3.88002396E-02
  -3.54003906E-02
  -3.06005478E-02
  -2.56004333E-02
  -1.67999268E-02
  -1.63002014E-02
  -1.62992477E-02
  -1.57003403E-02
  -1.46007538E-02
  -1.21002197E-02
  -1.11007690E-02
  -1.10006332E-02
  -1.06000900E-02
  -1.04999542E-02
  -1.02996826E-02
  -1.02005005E-02
  -9.90009308E-03
  -9.80091095E-03
  -9.30023193E-03
  -8.99982452E-03
  -8.89968872E-03
  -8.50009918E-03
  -8.29982758E-03
  -8.20064545E-03
  -8.19969177E-03
  -8.19969177E-03
  -8.00037384E-03
  -7.90023804E-03
  -7.39955902E-03
  -7.20024109E-03
  -7.10010529E-03
  -6.99996948E-03
  -6.99996948E-03
  -6.99996948E-03
  -6.99996948E-03
  -6.89983368E-03
  -6.69956207E-03
  -6.60037994E-03
  -6.60037994E-03
  -6.59942627E-03
  -6.50024414E-03
  -6.50024414E-03
  -6.49929047E-03
  -6.49929047E-03
  -6.40010834E-03
  -6.40010834E-03
  -6.29997253E-03
  -6.29997253E-03
  -6.29997253E-03
  -6.29997253E-03
  -6.29997253E-03
  -6.29997253E-03
  -6.19983673E-03
  -6.19983673E-03
  -6.10065460E-03
  -6.09970093E-03
  -6.09970093E-03
  -5.80024719E-03
  -5.80024719E-03
  -5.80024719E-03
  -5.79929352E-03
  -5.70011139E-03
  -5.70011139E-03
  -5.59997559E-03
  -5.59997559E-03
  -5.49983978E-03
  -5.30052185E-03
  -5.30052185E-03
  -5.20038605E-03
  -5.20038605E-03
  -5.19943237E-03
  -5.19943237E-03
  -5.10025024E-03
  -5.10025024E-03
  -5.10025024E-03
  -5.00011444E-03
  -5.00011444E-03
  -5.00011444E-03
  -5.00011444E-03
  -4.99916077E-03
  -4.89997864E-03
  -4.89997864E-03
  -4.89997864E-03
  -4.89997864E-03
  -4.79984283E-03
  -4.79984283E-03
  -4.79984283E-03
  -4.79984283E-03
  -4.70066071E-03
  -4.69970703E-03
  -4.60052490E-03
  -4.50038910E-03
  -4.49943542E-03
  -4.40025330E-03
  -4.40025330E-03
  -4.40025330E-03
  -4.39929962E-03
  -4.39929962E-03
  -4.30011749E-03
  -4.30011749E-03
  -4.19998169E-03
  -4.19998169E-03
  -4.19998169E-03
  -4.19998169E-03
  -4.19998169E-03
  -4.19998169E-03
  -4.19998169E-03
  -4.09984589E-03
  -4.09984589E-03
  -3.99971008E-03
  -3.99971008E-03
  -3.90052795E-03
  -3.80039215E-03
  -3.80039215E-03
  -3.80039215E-03
  -3.80039215E-03
  -3.79943848E-03
  -3.70025635E-03
  -3.70025635E-03
  -3.70025635E-03
  -3.69930267E-03
  -3.69930267E-03
  -3.60012054E-03
  -3.60012054E-03
  -3.49998474E-03
  -3.49998474E-03
  -3.49998474E-03
  -3.49998474E-03
  -3.49998474E-03
  -3.49998474E-03
  -3.39984894E-03
  -3.39984894E-03
  -3.39984894E-03
  -3.39984894E-03
  -3.39984894E-03
  -3.39984894E-03
  -3.39984894E-03
  -3.30066681E-03
  -3.29971313E-03
  -3.29971313E-03
  -3.29971313E-03
  -3.19957733E-03
  -3.19957733E-03
  -3.19957733E-03
  -3.19957733E-03
  -3.19957733E-03
  -3.10039520E-03
  -3.10039520E-03
  -3.09944153E-03
  -3.09944153E-03
  -3.00025940E-03
  -2.90012360E-03
  -2.90012360E-03
  -2.90012360E-03
  -2.90012360E-03
  -2.90012360E-03
  -2.79998779E-03
  -2.79998779E-03
  -2.69985199E-03
  -2.69985199E-03
  -2.69985199E-03
  -2.69985199E-03
  -2.69985199E-03
  -2.60066986E-03
  -2.60066986E-03
  -2.60066986E-03
  -2.59971619E-03
  -2.50053406E-03
  -2.50053406E-03
  -2.49958038E-03
  -2.40039825E-03
  -2.40039825E-03
  -2.40039825E-03
  -2.39944458E-03
  -2.39944458E-03
  -2.39944458E-03
  -2.30026245E-03
  -2.30026245E-03
  -2.30026245E-03
  -2.29930878E-03
  -2.29930878E-03
  -2.20012665E-03
  -2.19917297E-03
  -2.09999084E-03
  -2.09999084E-03
  -2.09999084E-03
  -2.09999084E-03
  -2.09999084E-03
  -2.00080872E-03
  -2.00080872E-03
  -1.99985504E-03
  -1.99985504E-03
  -1.99985504E-03
  -1.90067291E-03
  -1.90067291E-03
  -1.90067291E-03
  -1.89971924E-03
  -1.89971924E-03
  -1.89971924E-03
  -1.89971924E-03
  -1.89971924E-03
  -1.89971924E-03
  -1.89971924E-03
  -1.80053711E-03
  -1.79958344E-03
  -1.79958344E-03
  -1.79958344E-03
  -1.79958344E-03
  -1.79958344E-03
  -1.70040131E-03
  -1.70040131E-03
  -1.70040131E-03
  -1.69944763E-03
  -1.69944763E-03
  -1.69944763E-03
  -1.69944763E-03
  -1.69944763E-03
  -1.60026550E-03
  -1.60026550E-03
  -1.59931183E-03
  -1.50012970E-03
  -1.50012970E-03
  -1.49917603E-03
  -1.39999390E-03
  -1.39999390E-03
  -1.39999390E-03
  -1.39999390E-03
  -1.39999390E-03
  -1.39999390E-03
  -1.39999390E-03
  -1.30081177E-03
  -1.30081177E-03
  -1.30081177E-03
  -1.29985809E-03
  -1.29985809E-03
  -1.29985809E-03
  -1.29985809E-03
  -1.29985809E-03
  -1.20067596E-03
  -1.20067596E-03
  -1.20067596E-03
  -1.20067596E-03
  -1.20067596E-03
  -1.19972229E-03
  -1.19972229E-03
  -1.19972229E-03
  -1.19972229E-03
  -1.10054016E-03
  -1.10054016E-03
  -1.09958649E-03
  -1.09958649E-03
  -1.09958649E-03
  -1.09958649E-03
  -1.09958649E-03
  -1.09958649E-03
  -1.00040436E-03
  -1.00040436E-03
  -1.00040436E-03
  -1.00040436E-03
  -1.00040436E-03
  -9.99450684E-04
  -9.99450684E-04
  -9.99450684E-04
  -9.00268555E-04
  -9.00268555E-04
  -9.00268555E-04
  -9.00268555E-04
  -8.99314880E-04
  -8.99314880E-04
  -8.99314880E-04
  -8.00132751E-04
  -8.00132751E-04
  -8.00132751E-04
  -8.00132751E-04
  -8.00132751E-04
  -8.00132751E-04
  -8.00132751E-04
  -7.99179077E-04
  -6.99996948E-04
  -6.99996948E-04
  -6.99996948E-04
  -6.99996948E-04
  -6.99996948E-04
  -6.99996948E-04
  -5.99861145E-04
  -5.99861145E-04
  -5.99861145E-04
  -5.99861145E-04
  -5.99861145E-04
  -5.99861145E-04
  -5.99861145E-04
  -5.99861145E-04
  -5.99861145E-04
  -5.00679016E-04
  -5.00679016E-04
  -4.99725342E-04
  -4.99725342E-04
  -4.99725342E-04
  -4.00543213E-04
  -4.00543213E-04
  -4.00543213E-04
  -3.99589539E-04
  -3.99589539E-04
  -3.99589539E-04
  -3.00407410E-04
  -2.99453735E-04
  -2.99453735E-04
  -2.99453735E-04
  -2.99453735E-04
  -2.99453735E-04
  -2.00271606E-04
  -2.00271606E-04
  -2.00271606E-04
  -1.99317932E-04
  -1.00135803E-04
  -1.00135803E-04
  -1.00135803E-04
  -1.00135803E-04
  -1.00135803E-04
  -1.00135803E-04
  -1.00135803E-04
  -1.00135803E-04
   0.00000000    
   0.00000000    
   0.00000000    
   0.00000000    
   0.00000000    
   0.00000000    
   1.00135803E-04
   1.00135803E-04
   1.00135803E-04
   1.00135803E-04
   1.00135803E-04
   1.00135803E-04
   1.00135803E-04
   1.00135803E-04
   1.99317932E-04
   1.99317932E-04
   2.00271606E-04
   2.00271606E-04
   2.99453735E-04
   3.99589539E-04
   3.99589539E-04
   3.99589539E-04
   3.99589539E-04
   4.00543213E-04
   4.99725342E-04
   4.99725342E-04
   4.99725342E-04
   4.99725342E-04
   4.99725342E-04
   4.99725342E-04
   5.99861145E-04
   5.99861145E-04
   5.99861145E-04
   5.99861145E-04
   6.00814819E-04
   6.99996948E-04
   6.99996948E-04
   6.99996948E-04
   6.99996948E-04
   6.99996948E-04
   6.99996948E-04
   8.00132751E-04
   8.00132751E-04
   8.00132751E-04
   8.00132751E-04
   8.99314880E-04
   9.00268555E-04
   9.00268555E-04
   9.00268555E-04
   9.00268555E-04
   9.00268555E-04
   9.99450684E-04
   9.99450684E-04
   9.99450684E-04
   9.99450684E-04
   9.99450684E-04
   9.99450684E-04
   1.00040436E-03
   1.00040436E-03
   1.09958649E-03
   1.09958649E-03
   1.09958649E-03
   1.10054016E-03
   1.19972229E-03
   1.19972229E-03
   1.19972229E-03
   1.19972229E-03
   1.20067596E-03
   1.29985809E-03
   1.29985809E-03
   1.29985809E-03
   1.30081177E-03
   1.30081177E-03
   1.39999390E-03
   1.39999390E-03
   1.39999390E-03
   1.39999390E-03
   1.39999390E-03
   1.39999390E-03
   1.39999390E-03
   1.50012970E-03
   1.50012970E-03
   1.50012970E-03
   1.50012970E-03
   1.50012970E-03
   1.59931183E-03
   1.60026550E-03
   1.60026550E-03
   1.60026550E-03
   1.69944763E-03
   1.69944763E-03
   1.69944763E-03
   1.70040131E-03
   1.70040131E-03
   1.70040131E-03
   1.70040131E-03
   1.79958344E-03
   1.79958344E-03
   1.79958344E-03
   1.79958344E-03
   1.80053711E-03
   1.80053711E-03
   1.89971924E-03
   1.89971924E-03
   1.89971924E-03
   1.90067291E-03
   1.99985504E-03
   1.99985504E-03
   1.99985504E-03
   1.99985504E-03
   1.99985504E-03
   1.99985504E-03
   2.00080872E-03
   2.09999084E-03
   2.09999084E-03
   2.19917297E-03
   2.20012665E-03
   2.20012665E-03
   2.20012665E-03
   2.29930878E-03
   2.29930878E-03
   2.30026245E-03
   2.30026245E-03
   2.30026245E-03
   2.39944458E-03
   2.49958038E-03
   2.50053406E-03
   2.59971619E-03
   2.59971619E-03
   2.59971619E-03
   2.59971619E-03
   2.60066986E-03
   2.60066986E-03
   2.69985199E-03
   2.69985199E-03
   2.69985199E-03
   2.69985199E-03
   2.79998779E-03
   2.79998779E-03
   2.90012360E-03
   2.90012360E-03
   2.90012360E-03
   2.90012360E-03
   2.99930573E-03
   3.00025940E-03
   3.00025940E-03
   3.00025940E-03
   3.09944153E-03
   3.09944153E-03
   3.10039520E-03
   3.10039520E-03
   3.10039520E-03
   3.19957733E-03
   3.19957733E-03
   3.19957733E-03
   3.19957733E-03
   3.29971313E-03
   3.30066681E-03
   3.30066681E-03
   3.30066681E-03
   3.30066681E-03
   3.39984894E-03
   3.39984894E-03
   3.39984894E-03
   3.39984894E-03
   3.49998474E-03
   3.49998474E-03
   3.60012054E-03
   3.60012054E-03
   3.60012054E-03
   3.60012054E-03
   3.60012054E-03
   3.70025635E-03
   3.70025635E-03
   3.70025635E-03
   3.89957428E-03
   3.90052795E-03
   3.99971008E-03
   3.99971008E-03
   3.99971008E-03
   3.99971008E-03
   3.99971008E-03
   3.99971008E-03
   3.99971008E-03
   4.09984589E-03
   4.09984589E-03
   4.09984589E-03
   4.09984589E-03
   4.19998169E-03
   4.19998169E-03
   4.19998169E-03
   4.20093536E-03
   4.30011749E-03
   4.30011749E-03
   4.30011749E-03
   4.39929962E-03
   4.39929962E-03
   4.40025330E-03
   4.59957123E-03
   4.59957123E-03
   4.60052490E-03
   4.60052490E-03
   4.70066071E-03
   4.70066071E-03
   4.79984283E-03
   4.79984283E-03
   4.79984283E-03
   4.80079651E-03
   4.80079651E-03
   4.89997864E-03
   4.89997864E-03
   5.10025024E-03
   5.19943237E-03
   5.20038605E-03
   5.20038605E-03
   5.29956818E-03
   5.29956818E-03
   5.29956818E-03
   5.30052185E-03
   5.39970398E-03
   5.39970398E-03
   5.59997559E-03
   5.59997559E-03
   5.59997559E-03
   5.59997559E-03
   5.70011139E-03
   5.70011139E-03
   5.70011139E-03
   5.70011139E-03
   5.80024719E-03
   5.80024719E-03
   5.90038300E-03
   6.29997253E-03
   6.29997253E-03
   6.30092621E-03
   6.50024414E-03
   6.50024414E-03
   6.69956207E-03
   6.69956207E-03
   6.69956207E-03
   6.70051575E-03
   6.79969788E-03
   6.79969788E-03
   6.89983368E-03
   6.99996948E-03
   6.99996948E-03
   7.10010529E-03
   7.19928741E-03
   7.19928741E-03
   7.20024109E-03
   7.20024109E-03
   7.29942322E-03
   7.29942322E-03
   7.39955902E-03
   7.49969482E-03
   7.69996643E-03
   7.69996643E-03
   7.69996643E-03
   7.89928436E-03
   8.19969177E-03
   8.19969177E-03
   8.90064240E-03
   9.20009613E-03
   9.30023193E-03
   9.30023193E-03
   9.49954987E-03
   9.69982147E-03
   9.90009308E-03
   1.07002258E-02
   1.11007690E-02
   1.11007690E-02
   1.15003586E-02
   1.16004944E-02
   1.17998123E-02
   1.20000839E-02
   1.23996735E-02
   1.25999451E-02
   1.31006241E-02
   1.37004852E-02
   1.38998032E-02
   1.44996643E-02
   1.45998001E-02
   1.50003433E-02
   1.50995255E-02
   1.56993866E-02
   1.79996490E-02
   1.83000565E-02
   1.84001923E-02
   1.87005997E-02
   2.15997696E-02
   2.27003098E-02
   2.37007141E-02
   2.48994827E-02
   2.64005661E-02
   2.86998749E-02
   2.92997360E-02
   2.93998718E-02
   3.09000015E-02
   3.15999985E-02
   3.40003967E-02
   4.27999496E-02
   4.69999313E-02
   5.87997437E-02
   5.98993301E-02
   6.92996979E-02
  0.132199287    
  0.139500618    
  0.198100090    
  0.232600212    
  0.300499916    
  0.688800812    
