#Npts     Radius    Mag      Completeness
#  333 1039.8391  -10.201000 0.988131
# Verr
 -0.186999321    
 -0.148900032    
  -8.65001678E-02
  -5.86004257E-02
  -4.44002151E-02
  -4.05998230E-02
  -3.05004120E-02
  -2.95000076E-02
  -2.70996094E-02
  -2.66008377E-02
  -2.57997513E-02
  -2.51007080E-02
  -2.49004364E-02
  -2.39000320E-02
  -2.27003098E-02
  -2.27003098E-02
  -2.15997696E-02
  -2.08005905E-02
  -2.06995010E-02
  -2.05001831E-02
  -2.01005936E-02
  -1.98993683E-02
  -1.93996429E-02
  -1.91001892E-02
  -1.74999237E-02
  -1.71995163E-02
  -1.67999268E-02
  -1.63002014E-02
  -1.62000656E-02
  -1.59997940E-02
  -1.55992508E-02
  -1.53999329E-02
  -1.52997971E-02
  -1.48000717E-02
  -1.42002106E-02
  -1.41000748E-02
  -1.37996674E-02
  -1.34992599E-02
  -1.31998062E-02
  -1.31006241E-02
  -1.29995346E-02
  -1.25999451E-02
  -1.20000839E-02
  -1.18007660E-02
  -1.17998123E-02
  -1.16996765E-02
  -1.16004944E-02
  -1.14002228E-02
  -1.13992691E-02
  -1.11999512E-02
  -1.10006332E-02
  -1.10006332E-02
  -1.10006332E-02
  -1.09996796E-02
  -1.09004974E-02
  -1.08003616E-02
  -1.07994080E-02
  -1.06992722E-02
  -1.06000900E-02
  -1.00994110E-02
  -1.00002289E-02
  -9.90009308E-03
  -9.90009308E-03
  -9.90009308E-03
  -9.79995728E-03
  -9.70077515E-03
  -9.50050354E-03
  -9.50050354E-03
  -9.40036774E-03
  -9.39941406E-03
  -9.30023193E-03
  -9.20009613E-03
  -9.20009613E-03
  -9.00077820E-03
  -8.89968872E-03
  -8.39996338E-03
  -8.29982758E-03
  -8.29982758E-03
  -8.29982758E-03
  -8.19969177E-03
  -8.10050964E-03
  -8.09955597E-03
  -7.99942017E-03
  -7.90023804E-03
  -7.89928436E-03
  -7.80010223E-03
  -7.59983063E-03
  -7.40051270E-03
  -7.40051270E-03
  -7.30037689E-03
  -7.30037689E-03
  -7.20024109E-03
  -7.20024109E-03
  -7.10010529E-03
  -7.10010529E-03
  -6.99996948E-03
  -6.90078735E-03
  -6.70051575E-03
  -6.59942627E-03
  -6.40010834E-03
  -6.40010834E-03
  -6.29997253E-03
  -5.99956512E-03
  -5.99956512E-03
  -5.99956512E-03
  -5.99956512E-03
  -5.89942932E-03
  -5.70011139E-03
  -5.70011139E-03
  -5.39970398E-03
  -5.39970398E-03
  -5.10025024E-03
  -5.09929657E-03
  -5.09929657E-03
  -5.00011444E-03
  -5.00011444E-03
  -4.89997864E-03
  -4.80079651E-03
  -4.80079651E-03
  -4.79984283E-03
  -4.79984283E-03
  -4.69970703E-03
  -4.50038910E-03
  -4.50038910E-03
  -4.40025330E-03
  -4.40025330E-03
  -4.30011749E-03
  -4.19998169E-03
  -4.09984589E-03
  -3.99971008E-03
  -3.99971008E-03
  -3.90052795E-03
  -3.70025635E-03
  -3.60012054E-03
  -3.49998474E-03
  -3.39984894E-03
  -3.30066681E-03
  -3.30066681E-03
  -3.29971313E-03
  -3.20053101E-03
  -3.19957733E-03
  -3.09944153E-03
  -3.00025940E-03
  -3.00025940E-03
  -2.90012360E-03
  -2.89916992E-03
  -2.79998779E-03
  -2.69985199E-03
  -2.69985199E-03
  -2.69985199E-03
  -2.49958038E-03
  -2.40039825E-03
  -2.39944458E-03
  -2.30026245E-03
  -2.30026245E-03
  -2.20012665E-03
  -2.09999084E-03
  -1.89971924E-03
  -1.89971924E-03
  -1.89971924E-03
  -1.79958344E-03
  -1.70040131E-03
  -1.69944763E-03
  -1.60026550E-03
  -1.50012970E-03
  -1.39999390E-03
  -1.39999390E-03
  -1.29985809E-03
  -1.19972229E-03
  -1.19972229E-03
  -1.10054016E-03
  -1.00040436E-03
  -9.00268555E-04
  -8.00132751E-04
  -8.00132751E-04
  -6.99996948E-04
  -6.99996948E-04
  -5.99861145E-04
  -4.99725342E-04
  -4.99725342E-04
  -4.00543213E-04
  -4.00543213E-04
  -3.00407410E-04
  -2.00271606E-04
  -2.00271606E-04
  -2.00271606E-04
  -9.91821289E-05
   0.00000000    
   0.00000000    
   0.00000000    
   0.00000000    
   9.91821289E-05
   1.00135803E-04
   2.00271606E-04
   2.00271606E-04
   3.00407410E-04
   4.99725342E-04
   5.99861145E-04
   6.99996948E-04
   6.99996948E-04
   6.99996948E-04
   8.00132751E-04
   8.00132751E-04
   8.00132751E-04
   9.00268555E-04
   9.00268555E-04
   1.00040436E-03
   1.09958649E-03
   1.10054016E-03
   1.29985809E-03
   1.39999390E-03
   1.50012970E-03
   1.50012970E-03
   1.60026550E-03
   1.60026550E-03
   1.80053711E-03
   1.89971924E-03
   1.89971924E-03
   1.89971924E-03
   1.89971924E-03
   1.99985504E-03
   2.09999084E-03
   2.20012665E-03
   2.39944458E-03
   2.39944458E-03
   2.40039825E-03
   2.49958038E-03
   2.59971619E-03
   2.59971619E-03
   2.69985199E-03
   2.79998779E-03
   2.79998779E-03
   2.90012360E-03
   3.10039520E-03
   3.10039520E-03
   3.29971313E-03
   3.29971313E-03
   3.39984894E-03
   3.60012054E-03
   3.69930267E-03
   3.79943848E-03
   3.80039215E-03
   3.90052795E-03
   3.99971008E-03
   3.99971008E-03
   4.09984589E-03
   4.09984589E-03
   4.30011749E-03
   4.40025330E-03
   4.40025330E-03
   4.40025330E-03
   4.49943542E-03
   4.50038910E-03
   4.69970703E-03
   4.70066071E-03
   4.79984283E-03
   4.89997864E-03
   5.20038605E-03
   5.29956818E-03
   5.30052185E-03
   5.59997559E-03
   5.59997559E-03
   5.69915771E-03
   5.70011139E-03
   5.79929352E-03
   6.29997253E-03
   6.40010834E-03
   6.40010834E-03
   6.59942627E-03
   6.79969788E-03
   6.79969788E-03
   6.80065155E-03
   6.99996948E-03
   7.49969482E-03
   7.59983063E-03
   7.69996643E-03
   7.80010223E-03
   8.09955597E-03
   8.19969177E-03
   8.29982758E-03
   8.60023499E-03
   8.80050659E-03
   8.99982452E-03
   8.99982452E-03
   8.99982452E-03
   9.09996033E-03
   9.20009613E-03
   9.40036774E-03
   9.40036774E-03
   1.02005005E-02
   1.02996826E-02
   1.04999542E-02
   1.04999542E-02
   1.06000900E-02
   1.07002258E-02
   1.07002258E-02
   1.07002258E-02
   1.09996796E-02
   1.09996796E-02
   1.11999512E-02
   1.13000870E-02
   1.13992691E-02
   1.17006302E-02
   1.18999481E-02
   1.21994019E-02
   1.28002167E-02
   1.28993988E-02
   1.32999420E-02
   1.43995285E-02
   1.44004822E-02
   1.53999329E-02
   1.54008865E-02
   1.56002045E-02
   1.56002045E-02
   1.66006088E-02
   1.73006058E-02
   1.84001923E-02
   1.98001862E-02
   2.16007233E-02
   2.47001648E-02
   3.40003967E-02
   3.41005325E-02
   3.61995697E-02
   3.75003815E-02
   4.06999588E-02
   4.34007645E-02
   4.40998077E-02
   4.80003357E-02
   5.36994934E-02
   6.22997284E-02
   6.31999969E-02
  0.137399673    
  0.208399773    
