#Npts     Radius    Mag      Completeness
#  216  635.4573  -10.755143 0.977376
# Verr
 -0.268499374    
  -5.48000336E-02
  -4.02002335E-02
  -3.27997208E-02
  -2.13003159E-02
  -1.90000534E-02
  -1.71003342E-02
  -1.66997910E-02
  -1.60999298E-02
  -1.59997940E-02
  -1.58996582E-02
  -1.37004852E-02
  -1.32999420E-02
  -1.30996704E-02
  -1.21002197E-02
  -1.21002197E-02
  -1.17998123E-02
  -1.13000870E-02
  -1.11007690E-02
  -1.10998154E-02
  -1.01995468E-02
  -9.79995728E-03
  -9.60063934E-03
  -9.59968567E-03
  -9.50050354E-03
  -9.50050354E-03
  -9.09996033E-03
  -8.89968872E-03
  -8.39996338E-03
  -8.20064545E-03
  -7.90023804E-03
  -7.69996643E-03
  -7.49969482E-03
  -7.49969482E-03
  -7.40051270E-03
  -7.39955902E-03
  -7.30037689E-03
  -7.20024109E-03
  -7.20024109E-03
  -6.99996948E-03
  -6.99996948E-03
  -6.89983368E-03
  -6.69956207E-03
  -6.50024414E-03
  -6.50024414E-03
  -6.50024414E-03
  -6.49929047E-03
  -6.29997253E-03
  -6.19983673E-03
  -5.90038300E-03
  -5.89942932E-03
  -5.80024719E-03
  -5.80024719E-03
  -5.80024719E-03
  -5.70011139E-03
  -5.39970398E-03
  -5.20038605E-03
  -5.19943237E-03
  -5.09929657E-03
  -5.00011444E-03
  -4.80079651E-03
  -4.59957123E-03
  -4.59957123E-03
  -4.50038910E-03
  -4.40025330E-03
  -4.30011749E-03
  -4.09984589E-03
  -3.99971008E-03
  -3.89957428E-03
  -3.80039215E-03
  -3.60012054E-03
  -3.49998474E-03
  -3.49998474E-03
  -3.49998474E-03
  -3.40080261E-03
  -3.39984894E-03
  -3.30066681E-03
  -3.30066681E-03
  -3.29971313E-03
  -3.20053101E-03
  -3.19957733E-03
  -3.19957733E-03
  -3.10039520E-03
  -2.90012360E-03
  -2.90012360E-03
  -2.90012360E-03
  -2.79998779E-03
  -2.69985199E-03
  -2.69985199E-03
  -2.69985199E-03
  -2.49958038E-03
  -2.49958038E-03
  -2.39944458E-03
  -2.30026245E-03
  -2.29930878E-03
  -2.20012665E-03
  -2.20012665E-03
  -2.19917297E-03
  -2.19917297E-03
  -1.70040131E-03
  -1.70040131E-03
  -1.60026550E-03
  -1.60026550E-03
  -1.39999390E-03
  -1.39999390E-03
  -1.29985809E-03
  -1.20067596E-03
  -1.19972229E-03
  -1.19972229E-03
  -8.00132751E-04
  -6.99996948E-04
  -6.99996948E-04
  -6.00814819E-04
  -5.99861145E-04
  -4.99725342E-04
  -4.99725342E-04
  -4.00543213E-04
  -3.00407410E-04
  -2.00271606E-04
  -1.99317932E-04
  -1.99317932E-04
   0.00000000    
   0.00000000    
   1.99317932E-04
   2.00271606E-04
   2.99453735E-04
   3.99589539E-04
   5.00679016E-04
   5.00679016E-04
   6.00814819E-04
   6.99996948E-04
   8.00132751E-04
   9.00268555E-04
   9.00268555E-04
   1.09958649E-03
   1.19972229E-03
   1.20067596E-03
   1.29985809E-03
   1.29985809E-03
   1.29985809E-03
   1.30081177E-03
   1.49917603E-03
   1.50012970E-03
   1.50012970E-03
   1.59931183E-03
   1.79958344E-03
   1.79958344E-03
   1.89971924E-03
   1.89971924E-03
   1.99985504E-03
   2.00080872E-03
   2.20012665E-03
   2.29930878E-03
   2.39944458E-03
   2.69985199E-03
   2.89916992E-03
   2.90012360E-03
   2.90012360E-03
   2.90012360E-03
   2.90012360E-03
   3.00025940E-03
   3.10039520E-03
   3.39984894E-03
   3.49998474E-03
   3.49998474E-03
   3.60012054E-03
   3.70025635E-03
   3.79943848E-03
   3.99971008E-03
   4.30011749E-03
   4.40025330E-03
   5.00011444E-03
   5.20038605E-03
   5.20038605E-03
   5.20038605E-03
   5.39970398E-03
   5.49983978E-03
   5.50079346E-03
   6.69956207E-03
   6.90078735E-03
   7.10010529E-03
   7.20024109E-03
   7.69996643E-03
   7.80010223E-03
   7.90023804E-03
   7.99942017E-03
   8.30078125E-03
   8.99982452E-03
   9.09996033E-03
   9.30023193E-03
   9.59968567E-03
   9.70077515E-03
   1.00002289E-02
   1.02005005E-02
   1.02996826E-02
   1.03998184E-02
   1.11999512E-02
   1.25999451E-02
   1.28002167E-02
   1.39999390E-02
   1.58996582E-02
   1.66997910E-02
   1.73997879E-02
   1.84001923E-02
   1.87997818E-02
   1.94997787E-02
   2.18000412E-02
   2.40001678E-02
   2.44007111E-02
   2.93998718E-02
   3.79991531E-02
   4.11996841E-02
   4.92000580E-02
   6.31999969E-02
   8.29000473E-02
  0.282500267    
