#Npts     Radius    Mag      Completeness
#  587 1444.2209  -10.201000 0.981605
# Verr
 -0.234999657    
 -0.176899910    
 -0.147500038    
 -0.143500328    
 -0.131999969    
 -0.120200157    
 -0.107600212    
 -0.105100632    
  -8.09001923E-02
  -8.03003311E-02
  -6.92005157E-02
  -6.74991608E-02
  -6.04000092E-02
  -5.72004318E-02
  -5.59005737E-02
  -4.85000610E-02
  -4.67996597E-02
  -4.17003632E-02
  -4.04996872E-02
  -4.01000977E-02
  -3.62005234E-02
  -3.10001373E-02
  -3.05004120E-02
  -3.04002762E-02
  -2.63996124E-02
  -2.51998901E-02
  -2.37998962E-02
  -2.36005783E-02
  -2.21996307E-02
  -2.21004486E-02
  -2.13003159E-02
  -2.04000473E-02
  -2.01997757E-02
  -1.99003220E-02
  -1.92003250E-02
  -1.90000534E-02
  -1.73997879E-02
  -1.67007446E-02
  -1.66997910E-02
  -1.58996582E-02
  -1.57995224E-02
  -1.55000687E-02
  -1.54991150E-02
  -1.52997971E-02
  -1.52006149E-02
  -1.51996613E-02
  -1.50003433E-02
  -1.49993896E-02
  -1.46007538E-02
  -1.44996643E-02
  -1.43995285E-02
  -1.39999390E-02
  -1.38006210E-02
  -1.37004852E-02
  -1.36995316E-02
  -1.34000778E-02
  -1.32999420E-02
  -1.30996704E-02
  -1.30996704E-02
  -1.29995346E-02
  -1.29003525E-02
  -1.29003525E-02
  -1.28993988E-02
  -1.27000809E-02
  -1.27000809E-02
  -1.25999451E-02
  -1.24998093E-02
  -1.24006271E-02
  -1.23996735E-02
  -1.23004913E-02
  -1.22003555E-02
  -1.21994019E-02
  -1.20992661E-02
  -1.20000839E-02
  -1.18999481E-02
  -1.18007660E-02
  -1.17998123E-02
  -1.17006302E-02
  -1.15003586E-02
  -1.14002228E-02
  -1.13000870E-02
  -1.13000870E-02
  -1.10998154E-02
  -1.09004974E-02
  -1.09004974E-02
  -1.08995438E-02
  -1.07994080E-02
  -1.07002258E-02
  -1.06992722E-02
  -1.06000900E-02
  -1.04999542E-02
  -1.04999542E-02
  -1.03998184E-02
  -1.01995468E-02
  -1.01995468E-02
  -9.79995728E-03
  -9.79995728E-03
  -9.59968567E-03
  -9.59968567E-03
  -9.59968567E-03
  -9.59968567E-03
  -9.50050354E-03
  -9.49954987E-03
  -9.40036774E-03
  -9.40036774E-03
  -9.30023193E-03
  -9.29927826E-03
  -9.20009613E-03
  -9.20009613E-03
  -9.20009613E-03
  -9.20009613E-03
  -8.99982452E-03
  -8.90064240E-03
  -8.79955292E-03
  -8.70037079E-03
  -8.70037079E-03
  -8.70037079E-03
  -8.60023499E-03
  -8.50009918E-03
  -8.50009918E-03
  -8.39996338E-03
  -8.29982758E-03
  -8.29982758E-03
  -8.29982758E-03
  -8.19969177E-03
  -8.00037384E-03
  -7.99942017E-03
  -7.90023804E-03
  -7.89928436E-03
  -7.80010223E-03
  -7.79914856E-03
  -7.69996643E-03
  -7.69996643E-03
  -7.59983063E-03
  -7.59983063E-03
  -7.59983063E-03
  -7.50064850E-03
  -7.39955902E-03
  -7.30037689E-03
  -7.29942322E-03
  -7.29942322E-03
  -7.20024109E-03
  -7.20024109E-03
  -7.19928741E-03
  -7.10010529E-03
  -7.10010529E-03
  -7.10010529E-03
  -6.99996948E-03
  -6.99996948E-03
  -6.90078735E-03
  -6.89983368E-03
  -6.89983368E-03
  -6.80065155E-03
  -6.80065155E-03
  -6.79969788E-03
  -6.79969788E-03
  -6.70051575E-03
  -6.69956207E-03
  -6.69956207E-03
  -6.60037994E-03
  -6.40010834E-03
  -6.39915466E-03
  -6.29997253E-03
  -6.29997253E-03
  -6.29997253E-03
  -6.29997253E-03
  -6.29997253E-03
  -6.09970093E-03
  -6.09970093E-03
  -5.99956512E-03
  -5.99956512E-03
  -5.90038300E-03
  -5.90038300E-03
  -5.89942932E-03
  -5.80024719E-03
  -5.80024719E-03
  -5.70011139E-03
  -5.70011139E-03
  -5.59997559E-03
  -5.40065765E-03
  -5.39970398E-03
  -5.30052185E-03
  -5.29956818E-03
  -5.29956818E-03
  -5.19943237E-03
  -5.10025024E-03
  -5.00011444E-03
  -5.00011444E-03
  -5.00011444E-03
  -5.00011444E-03
  -4.89997864E-03
  -4.79984283E-03
  -4.79984283E-03
  -4.79984283E-03
  -4.79984283E-03
  -4.69970703E-03
  -4.59957123E-03
  -4.59957123E-03
  -4.49943542E-03
  -4.49943542E-03
  -4.40025330E-03
  -4.39929962E-03
  -4.30011749E-03
  -4.30011749E-03
  -4.29916382E-03
  -4.29916382E-03
  -4.19998169E-03
  -4.19998169E-03
  -4.19998169E-03
  -4.09984589E-03
  -4.09984589E-03
  -4.09984589E-03
  -3.99971008E-03
  -3.90052795E-03
  -3.89957428E-03
  -3.89957428E-03
  -3.80039215E-03
  -3.79943848E-03
  -3.70025635E-03
  -3.70025635E-03
  -3.60012054E-03
  -3.60012054E-03
  -3.60012054E-03
  -3.40080261E-03
  -3.40080261E-03
  -3.39984894E-03
  -3.39984894E-03
  -3.30066681E-03
  -3.29971313E-03
  -3.29971313E-03
  -3.29971313E-03
  -3.29971313E-03
  -3.20053101E-03
  -3.19957733E-03
  -3.00025940E-03
  -3.00025940E-03
  -2.90012360E-03
  -2.90012360E-03
  -2.79998779E-03
  -2.69985199E-03
  -2.59971619E-03
  -2.59971619E-03
  -2.50053406E-03
  -2.49958038E-03
  -2.49958038E-03
  -2.49958038E-03
  -2.40039825E-03
  -2.40039825E-03
  -2.39944458E-03
  -2.39944458E-03
  -2.39944458E-03
  -2.30026245E-03
  -2.30026245E-03
  -2.29930878E-03
  -2.20012665E-03
  -2.20012665E-03
  -2.20012665E-03
  -2.20012665E-03
  -2.20012665E-03
  -1.99985504E-03
  -1.99985504E-03
  -1.89971924E-03
  -1.89971924E-03
  -1.80053711E-03
  -1.79958344E-03
  -1.79958344E-03
  -1.79958344E-03
  -1.79958344E-03
  -1.70040131E-03
  -1.70040131E-03
  -1.69944763E-03
  -1.60026550E-03
  -1.60026550E-03
  -1.50012970E-03
  -1.50012970E-03
  -1.49917603E-03
  -1.49917603E-03
  -1.49917603E-03
  -1.39999390E-03
  -1.39999390E-03
  -1.39999390E-03
  -1.39999390E-03
  -1.29985809E-03
  -1.29985809E-03
  -1.29985809E-03
  -1.19972229E-03
  -1.19972229E-03
  -1.10054016E-03
  -1.09958649E-03
  -1.00040436E-03
  -9.00268555E-04
  -9.00268555E-04
  -9.00268555E-04
  -9.00268555E-04
  -8.99314880E-04
  -8.99314880E-04
  -8.99314880E-04
  -8.00132751E-04
  -8.00132751E-04
  -8.00132751E-04
  -7.99179077E-04
  -6.99996948E-04
  -6.99996948E-04
  -6.99996948E-04
  -6.99996948E-04
  -6.99996948E-04
  -5.00679016E-04
  -5.00679016E-04
  -4.99725342E-04
  -4.99725342E-04
  -4.99725342E-04
  -4.99725342E-04
  -4.00543213E-04
  -4.00543213E-04
  -3.99589539E-04
  -3.00407410E-04
  -3.00407410E-04
  -2.99453735E-04
  -2.99453735E-04
  -2.99453735E-04
  -2.99453735E-04
  -2.99453735E-04
  -2.00271606E-04
  -2.00271606E-04
  -1.99317932E-04
  -1.00135803E-04
  -1.00135803E-04
  -9.91821289E-05
   0.00000000    
   0.00000000    
   0.00000000    
   0.00000000    
   0.00000000    
   1.00135803E-04
   1.00135803E-04
   1.99317932E-04
   1.99317932E-04
   1.99317932E-04
   1.99317932E-04
   2.00271606E-04
   2.00271606E-04
   2.00271606E-04
   2.00271606E-04
   2.99453735E-04
   3.00407410E-04
   3.99589539E-04
   3.99589539E-04
   4.00543213E-04
   4.00543213E-04
   4.99725342E-04
   4.99725342E-04
   4.99725342E-04
   5.99861145E-04
   5.99861145E-04
   5.99861145E-04
   5.99861145E-04
   6.99996948E-04
   9.00268555E-04
   1.00040436E-03
   1.00040436E-03
   1.00040436E-03
   1.00040436E-03
   1.00040436E-03
   1.00040436E-03
   1.09958649E-03
   1.10054016E-03
   1.19972229E-03
   1.29985809E-03
   1.39999390E-03
   1.39999390E-03
   1.50012970E-03
   1.50012970E-03
   1.50012970E-03
   1.60026550E-03
   1.60026550E-03
   1.70040131E-03
   1.79958344E-03
   1.79958344E-03
   1.80053711E-03
   1.80053711E-03
   1.89971924E-03
   1.89971924E-03
   1.89971924E-03
   1.90067291E-03
   1.90067291E-03
   1.99985504E-03
   1.99985504E-03
   1.99985504E-03
   1.99985504E-03
   2.00080872E-03
   2.00080872E-03
   2.19917297E-03
   2.19917297E-03
   2.20012665E-03
   2.40039825E-03
   2.40039825E-03
   2.40039825E-03
   2.49958038E-03
   2.49958038E-03
   2.59971619E-03
   2.59971619E-03
   2.59971619E-03
   2.60066986E-03
   2.60066986E-03
   2.69985199E-03
   2.90012360E-03
   2.90012360E-03
   2.99930573E-03
   2.99930573E-03
   3.00025940E-03
   3.00025940E-03
   3.00025940E-03
   3.09944153E-03
   3.10039520E-03
   3.10039520E-03
   3.10039520E-03
   3.19957733E-03
   3.20053101E-03
   3.20053101E-03
   3.39984894E-03
   3.39984894E-03
   3.49998474E-03
   3.50093842E-03
   3.60012054E-03
   3.60012054E-03
   3.60012054E-03
   3.60012054E-03
   3.69930267E-03
   3.70025635E-03
   3.79943848E-03
   3.80039215E-03
   3.80039215E-03
   3.89957428E-03
   3.99971008E-03
   4.09984589E-03
   4.09984589E-03
   4.30011749E-03
   4.39929962E-03
   4.40025330E-03
   4.40025330E-03
   4.49943542E-03
   4.49943542E-03
   4.50038910E-03
   4.59957123E-03
   4.59957123E-03
   4.79984283E-03
   4.80079651E-03
   4.80079651E-03
   4.89997864E-03
   4.89997864E-03
   4.89997864E-03
   4.89997864E-03
   4.89997864E-03
   4.89997864E-03
   4.99916077E-03
   5.00011444E-03
   5.00011444E-03
   5.00011444E-03
   5.00011444E-03
   5.09929657E-03
   5.20038605E-03
   5.20038605E-03
   5.20038605E-03
   5.20038605E-03
   5.29956818E-03
   5.39970398E-03
   5.39970398E-03
   5.40065765E-03
   5.40065765E-03
   5.49983978E-03
   5.49983978E-03
   5.50079346E-03
   5.59997559E-03
   5.80024719E-03
   5.90038300E-03
   5.90038300E-03
   6.19983673E-03
   6.29997253E-03
   6.40010834E-03
   6.50024414E-03
   6.60037994E-03
   6.69956207E-03
   6.69956207E-03
   6.69956207E-03
   6.79969788E-03
   6.99996948E-03
   6.99996948E-03
   6.99996948E-03
   6.99996948E-03
   7.10010529E-03
   7.20024109E-03
   7.29942322E-03
   7.30037689E-03
   7.49969482E-03
   7.59983063E-03
   7.69996643E-03
   7.69996643E-03
   7.90023804E-03
   8.29982758E-03
   8.29982758E-03
   8.39996338E-03
   8.50009918E-03
   8.70037079E-03
   8.70037079E-03
   8.79955292E-03
   8.80050659E-03
   8.80050659E-03
   8.80050659E-03
   8.89968872E-03
   8.99982452E-03
   9.09996033E-03
   9.09996033E-03
   9.19914246E-03
   9.39941406E-03
   9.40036774E-03
   9.50050354E-03
   9.59968567E-03
   9.59968567E-03
   9.79995728E-03
   9.90009308E-03
   1.00002289E-02
   1.01995468E-02
   1.03998184E-02
   1.07002258E-02
   1.07994080E-02
   1.08003616E-02
   1.08003616E-02
   1.09996796E-02
   1.09996796E-02
   1.10998154E-02
   1.11999512E-02
   1.13000870E-02
   1.14994049E-02
   1.18999481E-02
   1.23004913E-02
   1.27992630E-02
   1.28002167E-02
   1.29003525E-02
   1.30996704E-02
   1.32999420E-02
   1.35002136E-02
   1.35993958E-02
   1.36003494E-02
   1.41000748E-02
   1.41000748E-02
   1.51996613E-02
   1.52997971E-02
   1.53999329E-02
   1.56002045E-02
   1.57003403E-02
   1.59006119E-02
   1.60007477E-02
   1.60999298E-02
   1.63002014E-02
   1.65004730E-02
   1.69000626E-02
   1.71003342E-02
   1.86004639E-02
   1.86996460E-02
   1.88999176E-02
   2.11000443E-02
   2.13003159E-02
   2.71997452E-02
   2.74000168E-02
   2.77004242E-02
   2.82001495E-02
   2.85005569E-02
   3.17993164E-02
   3.54995728E-02
   4.02002335E-02
   4.55007553E-02
   5.00001907E-02
   5.64994812E-02
   5.80997467E-02
   6.08997345E-02
   7.05995560E-02
   7.96003342E-02
   8.72001648E-02
   8.78000259E-02
   9.71002579E-02
  0.103300095    
  0.117600441    
  0.138199806    
  0.258699417    
  0.326800346    
  0.571199417    
  0.659000397    
