#Npts     Radius    Mag      Completeness
#  654 1848.6028  -10.201000 0.992413
# Verr
 -0.137000084    
 -0.129799843    
 -0.118900299    
  -9.91001129E-02
  -8.32996368E-02
  -7.36999512E-02
  -6.92005157E-02
  -6.21995926E-02
  -5.35001755E-02
  -5.22003174E-02
  -4.04005051E-02
  -4.02994156E-02
  -3.75003815E-02
  -3.70998383E-02
  -3.31993103E-02
  -3.27997208E-02
  -2.93998718E-02
  -2.79006958E-02
  -2.72006989E-02
  -2.46000290E-02
  -2.19993591E-02
  -2.18000412E-02
  -2.15997696E-02
  -2.11000443E-02
  -2.11000443E-02
  -2.07996368E-02
  -2.07004547E-02
  -2.04000473E-02
  -2.02999115E-02
  -2.01005936E-02
  -1.95999146E-02
  -1.93004608E-02
  -1.93004608E-02
  -1.85995102E-02
  -1.83000565E-02
  -1.81007385E-02
  -1.81007385E-02
  -1.78995132E-02
  -1.77001953E-02
  -1.76000595E-02
  -1.73997879E-02
  -1.72004700E-02
  -1.70993805E-02
  -1.69000626E-02
  -1.66997910E-02
  -1.64995193E-02
  -1.64003372E-02
  -1.59997940E-02
  -1.56993866E-02
  -1.54008865E-02
  -1.52006149E-02
  -1.51996613E-02
  -1.45998001E-02
  -1.44996643E-02
  -1.43003464E-02
  -1.42002106E-02
  -1.41992569E-02
  -1.41000748E-02
  -1.39007568E-02
  -1.37996674E-02
  -1.36995316E-02
  -1.34000778E-02
  -1.34000778E-02
  -1.32999420E-02
  -1.31998062E-02
  -1.31006241E-02
  -1.29995346E-02
  -1.28002167E-02
  -1.23996735E-02
  -1.23996735E-02
  -1.23996735E-02
  -1.22995377E-02
  -1.22995377E-02
  -1.21994019E-02
  -1.21994019E-02
  -1.17998123E-02
  -1.16996765E-02
  -1.16996765E-02
  -1.15003586E-02
  -1.15003586E-02
  -1.14002228E-02
  -1.12991333E-02
  -1.11999512E-02
  -1.11999512E-02
  -1.11999512E-02
  -1.11007690E-02
  -1.10998154E-02
  -1.08995438E-02
  -1.08003616E-02
  -1.06992722E-02
  -1.06000900E-02
  -1.06000900E-02
  -1.06000900E-02
  -1.04999542E-02
  -1.03006363E-02
  -1.02996826E-02
  -1.01995468E-02
  -1.01995468E-02
  -1.01003647E-02
  -1.01003647E-02
  -9.79995728E-03
  -9.79995728E-03
  -9.79995728E-03
  -9.60063934E-03
  -9.60063934E-03
  -9.59968567E-03
  -9.59968567E-03
  -9.50050354E-03
  -9.40036774E-03
  -9.39941406E-03
  -9.39941406E-03
  -9.30023193E-03
  -9.20009613E-03
  -9.19914246E-03
  -9.09996033E-03
  -8.99982452E-03
  -8.79955292E-03
  -8.70037079E-03
  -8.60023499E-03
  -8.49914551E-03
  -8.39996338E-03
  -8.39996338E-03
  -8.39996338E-03
  -8.30078125E-03
  -8.30078125E-03
  -8.29982758E-03
  -8.29982758E-03
  -8.29982758E-03
  -8.19969177E-03
  -8.09955597E-03
  -8.00037384E-03
  -7.99942017E-03
  -7.90023804E-03
  -7.60078430E-03
  -7.59983063E-03
  -7.59983063E-03
  -7.59983063E-03
  -7.49969482E-03
  -7.49969482E-03
  -7.49969482E-03
  -7.39955902E-03
  -7.39955902E-03
  -7.39955902E-03
  -7.30037689E-03
  -7.10010529E-03
  -7.10010529E-03
  -7.10010529E-03
  -7.10010529E-03
  -7.09915161E-03
  -6.99996948E-03
  -6.99996948E-03
  -6.90078735E-03
  -6.90078735E-03
  -6.89983368E-03
  -6.80065155E-03
  -6.79969788E-03
  -6.79969788E-03
  -6.79969788E-03
  -6.50024414E-03
  -6.50024414E-03
  -6.40010834E-03
  -6.29997253E-03
  -6.29997253E-03
  -6.29997253E-03
  -6.29997253E-03
  -6.29997253E-03
  -6.20079041E-03
  -6.19983673E-03
  -6.10065460E-03
  -6.10065460E-03
  -6.00051880E-03
  -6.00051880E-03
  -5.90038300E-03
  -5.90038300E-03
  -5.89942932E-03
  -5.89942932E-03
  -5.89942932E-03
  -5.80024719E-03
  -5.80024719E-03
  -5.80024719E-03
  -5.80024719E-03
  -5.70011139E-03
  -5.70011139E-03
  -5.70011139E-03
  -5.50079346E-03
  -5.49983978E-03
  -5.39970398E-03
  -5.39970398E-03
  -5.30052185E-03
  -5.30052185E-03
  -5.20038605E-03
  -5.10025024E-03
  -5.10025024E-03
  -5.10025024E-03
  -5.10025024E-03
  -5.10025024E-03
  -5.09929657E-03
  -5.00011444E-03
  -5.00011444E-03
  -5.00011444E-03
  -5.00011444E-03
  -5.00011444E-03
  -4.89997864E-03
  -4.89997864E-03
  -4.89997864E-03
  -4.89997864E-03
  -4.89997864E-03
  -4.79984283E-03
  -4.79984283E-03
  -4.79984283E-03
  -4.79984283E-03
  -4.79984283E-03
  -4.79984283E-03
  -4.70066071E-03
  -4.69970703E-03
  -4.60052490E-03
  -4.60052490E-03
  -4.59957123E-03
  -4.49943542E-03
  -4.49943542E-03
  -4.30011749E-03
  -4.30011749E-03
  -4.19998169E-03
  -4.19998169E-03
  -4.19998169E-03
  -4.19998169E-03
  -4.09984589E-03
  -4.09984589E-03
  -4.00066376E-03
  -4.00066376E-03
  -3.90052795E-03
  -3.90052795E-03
  -3.80039215E-03
  -3.80039215E-03
  -3.70025635E-03
  -3.60012054E-03
  -3.60012054E-03
  -3.60012054E-03
  -3.60012054E-03
  -3.59916687E-03
  -3.49998474E-03
  -3.49998474E-03
  -3.49998474E-03
  -3.49998474E-03
  -3.40080261E-03
  -3.40080261E-03
  -3.39984894E-03
  -3.39984894E-03
  -3.39984894E-03
  -3.30066681E-03
  -3.19957733E-03
  -3.10039520E-03
  -3.09944153E-03
  -3.09944153E-03
  -3.00025940E-03
  -2.90012360E-03
  -2.79998779E-03
  -2.69985199E-03
  -2.69985199E-03
  -2.69985199E-03
  -2.59971619E-03
  -2.50053406E-03
  -2.49958038E-03
  -2.49958038E-03
  -2.49958038E-03
  -2.40039825E-03
  -2.30026245E-03
  -2.30026245E-03
  -2.30026245E-03
  -2.30026245E-03
  -2.30026245E-03
  -2.20012665E-03
  -2.20012665E-03
  -2.20012665E-03
  -2.09999084E-03
  -2.09999084E-03
  -2.09999084E-03
  -2.00080872E-03
  -1.99985504E-03
  -1.99985504E-03
  -1.99985504E-03
  -1.99985504E-03
  -1.89971924E-03
  -1.89971924E-03
  -1.89971924E-03
  -1.89971924E-03
  -1.79958344E-03
  -1.79958344E-03
  -1.70040131E-03
  -1.70040131E-03
  -1.70040131E-03
  -1.69944763E-03
  -1.69944763E-03
  -1.69944763E-03
  -1.60026550E-03
  -1.60026550E-03
  -1.60026550E-03
  -1.60026550E-03
  -1.59931183E-03
  -1.50012970E-03
  -1.50012970E-03
  -1.49917603E-03
  -1.39999390E-03
  -1.29985809E-03
  -1.29985809E-03
  -1.19972229E-03
  -1.19972229E-03
  -1.10054016E-03
  -1.10054016E-03
  -1.10054016E-03
  -1.10054016E-03
  -1.09958649E-03
  -1.09958649E-03
  -1.09958649E-03
  -1.00040436E-03
  -9.99450684E-04
  -9.99450684E-04
  -9.00268555E-04
  -8.00132751E-04
  -8.00132751E-04
  -8.00132751E-04
  -8.00132751E-04
  -8.00132751E-04
  -8.00132751E-04
  -6.99996948E-04
  -6.99996948E-04
  -6.99996948E-04
  -6.99996948E-04
  -6.99996948E-04
  -6.99996948E-04
  -6.99996948E-04
  -6.99996948E-04
  -6.00814819E-04
  -5.99861145E-04
  -5.99861145E-04
  -5.99861145E-04
  -5.99861145E-04
  -5.99861145E-04
  -5.00679016E-04
  -4.99725342E-04
  -4.99725342E-04
  -4.99725342E-04
  -4.99725342E-04
  -4.99725342E-04
  -4.00543213E-04
  -4.00543213E-04
  -4.00543213E-04
  -3.99589539E-04
  -3.99589539E-04
  -3.99589539E-04
  -3.00407410E-04
  -3.00407410E-04
  -2.99453735E-04
  -2.99453735E-04
  -2.00271606E-04
  -2.00271606E-04
  -2.00271606E-04
  -1.99317932E-04
  -1.99317932E-04
  -1.00135803E-04
  -1.00135803E-04
  -1.00135803E-04
   0.00000000    
   0.00000000    
   0.00000000    
   0.00000000    
   0.00000000    
   9.91821289E-05
   1.00135803E-04
   1.00135803E-04
   1.00135803E-04
   1.00135803E-04
   1.00135803E-04
   2.00271606E-04
   2.00271606E-04
   2.00271606E-04
   2.99453735E-04
   3.00407410E-04
   4.00543213E-04
   4.99725342E-04
   4.99725342E-04
   5.00679016E-04
   7.99179077E-04
   8.00132751E-04
   8.00132751E-04
   8.00132751E-04
   8.00132751E-04
   8.00132751E-04
   8.99314880E-04
   9.00268555E-04
   9.00268555E-04
   9.99450684E-04
   9.99450684E-04
   1.00040436E-03
   1.00040436E-03
   1.09958649E-03
   1.19972229E-03
   1.20067596E-03
   1.29985809E-03
   1.29985809E-03
   1.39999390E-03
   1.39999390E-03
   1.49917603E-03
   1.49917603E-03
   1.50012970E-03
   1.50012970E-03
   1.59931183E-03
   1.60026550E-03
   1.60026550E-03
   1.60026550E-03
   1.79958344E-03
   1.79958344E-03
   1.79958344E-03
   1.89971924E-03
   1.89971924E-03
   1.99985504E-03
   1.99985504E-03
   1.99985504E-03
   1.99985504E-03
   1.99985504E-03
   1.99985504E-03
   1.99985504E-03
   2.20012665E-03
   2.20012665E-03
   2.30026245E-03
   2.30026245E-03
   2.30026245E-03
   2.39944458E-03
   2.40039825E-03
   2.40039825E-03
   2.40039825E-03
   2.40039825E-03
   2.49958038E-03
   2.49958038E-03
   2.59971619E-03
   2.60066986E-03
   2.60066986E-03
   2.69985199E-03
   2.69985199E-03
   2.69985199E-03
   2.69985199E-03
   2.79998779E-03
   2.90012360E-03
   2.99930573E-03
   3.00025940E-03
   3.09944153E-03
   3.09944153E-03
   3.09944153E-03
   3.10039520E-03
   3.19957733E-03
   3.29971313E-03
   3.39984894E-03
   3.39984894E-03
   3.39984894E-03
   3.49998474E-03
   3.49998474E-03
   3.59916687E-03
   3.60012054E-03
   3.60012054E-03
   3.69930267E-03
   3.70025635E-03
   3.79943848E-03
   3.90052795E-03
   3.90052795E-03
   3.99971008E-03
   4.09984589E-03
   4.09984589E-03
   4.09984589E-03
   4.09984589E-03
   4.19998169E-03
   4.19998169E-03
   4.29916382E-03
   4.29916382E-03
   4.30011749E-03
   4.30011749E-03
   4.30011749E-03
   4.30011749E-03
   4.30011749E-03
   4.30011749E-03
   4.40025330E-03
   4.40025330E-03
   4.40025330E-03
   4.49943542E-03
   4.49943542E-03
   4.50038910E-03
   4.59957123E-03
   4.59957123E-03
   4.70066071E-03
   4.79984283E-03
   4.79984283E-03
   4.89997864E-03
   4.89997864E-03
   4.89997864E-03
   4.99916077E-03
   4.99916077E-03
   5.00011444E-03
   5.00011444E-03
   5.19943237E-03
   5.19943237E-03
   5.20038605E-03
   5.20038605E-03
   5.20038605E-03
   5.29956818E-03
   5.29956818E-03
   5.30052185E-03
   5.39970398E-03
   5.40065765E-03
   5.49983978E-03
   5.59997559E-03
   5.70011139E-03
   5.70011139E-03
   5.80024719E-03
   5.89942932E-03
   5.89942932E-03
   5.90038300E-03
   5.99956512E-03
   5.99956512E-03
   6.09970093E-03
   6.09970093E-03
   6.29997253E-03
   6.29997253E-03
   6.39915466E-03
   6.40010834E-03
   6.49929047E-03
   6.50024414E-03
   6.50024414E-03
   6.60037994E-03
   6.69956207E-03
   6.69956207E-03
   6.79969788E-03
   6.80065155E-03
   6.89983368E-03
   6.89983368E-03
   6.89983368E-03
   6.99996948E-03
   7.09915161E-03
   7.10010529E-03
   7.10010529E-03
   7.10010529E-03
   7.10010529E-03
   7.20024109E-03
   7.20024109E-03
   7.20024109E-03
   7.30037689E-03
   7.49969482E-03
   7.49969482E-03
   7.69996643E-03
   7.69996643E-03
   7.80010223E-03
   7.80010223E-03
   7.80010223E-03
   7.80010223E-03
   8.10050964E-03
   8.19969177E-03
   8.19969177E-03
   8.20064545E-03
   8.39996338E-03
   8.39996338E-03
   8.39996338E-03
   8.50009918E-03
   8.50009918E-03
   8.70037079E-03
   8.70037079E-03
   8.89968872E-03
   8.99982452E-03
   9.29927826E-03
   9.30023193E-03
   9.40036774E-03
   9.50050354E-03
   9.59968567E-03
   9.79995728E-03
   9.79995728E-03
   9.89913940E-03
   9.90009308E-03
   9.90009308E-03
   9.90009308E-03
   9.99927521E-03
   9.99927521E-03
   1.01995468E-02
   1.03006363E-02
   1.03998184E-02
   1.06000900E-02
   1.07002258E-02
   1.08003616E-02
   1.08003616E-02
   1.08995438E-02
   1.09996796E-02
   1.10006332E-02
   1.11007690E-02
   1.11999512E-02
   1.13000870E-02
   1.14002228E-02
   1.14002228E-02
   1.15003586E-02
   1.17006302E-02
   1.17998123E-02
   1.17998123E-02
   1.18999481E-02
   1.22003555E-02
   1.23004913E-02
   1.23996735E-02
   1.23996735E-02
   1.24998093E-02
   1.25999451E-02
   1.32999420E-02
   1.37004852E-02
   1.37996674E-02
   1.39999390E-02
   1.39999390E-02
   1.39999390E-02
   1.41000748E-02
   1.41000748E-02
   1.41992569E-02
   1.43995285E-02
   1.49002075E-02
   1.50003433E-02
   1.55000687E-02
   1.63002014E-02
   1.64003372E-02
   1.67007446E-02
   1.71003342E-02
   1.83000565E-02
   1.87997818E-02
   1.97000504E-02
   1.97992325E-02
   2.11000443E-02
   2.15005875E-02
   2.16007233E-02
   2.48994827E-02
   2.56004333E-02
   2.71997452E-02
   2.77996063E-02
   2.86998749E-02
   3.07998657E-02
   3.11994553E-02
   3.21998596E-02
   3.80001068E-02
   4.13999557E-02
   4.67004776E-02
   4.94995117E-02
   5.15995026E-02
   5.21001816E-02
   5.76000214E-02
   5.90000153E-02
   6.70003891E-02
   7.06996918E-02
   7.40003586E-02
   7.42006302E-02
   8.10003281E-02
   8.78000259E-02
  0.104900360    
  0.106300354    
  0.163199425    
  0.207299232    
