#Npts     Radius    Mag      Completeness
#  446 1846.8983  -14.480750 1.000000
# Verr
  -2.37998962E-02
  -1.73006058E-02
  -1.62992477E-02
  -1.56002045E-02
  -1.53999329E-02
  -1.53007507E-02
  -1.50995255E-02
  -1.50995255E-02
  -1.46999359E-02
  -1.44004822E-02
  -1.43003464E-02
  -1.39999390E-02
  -1.30996704E-02
  -1.29995346E-02
  -1.28002167E-02
  -1.25999451E-02
  -1.24998093E-02
  -1.23996735E-02
  -1.20000839E-02
  -1.16996765E-02
  -1.16004944E-02
  -1.15995407E-02
  -1.10998154E-02
  -1.10006332E-02
  -1.09996796E-02
  -1.06000900E-02
  -1.03998184E-02
  -9.99927521E-03
  -9.90009308E-03
  -9.69982147E-03
  -9.69982147E-03
  -9.59968567E-03
  -9.59968567E-03
  -9.50050354E-03
  -9.40036774E-03
  -9.20009613E-03
  -9.09996033E-03
  -9.00077820E-03
  -8.99982452E-03
  -8.90064240E-03
  -8.89968872E-03
  -8.49914551E-03
  -8.39996338E-03
  -8.39996338E-03
  -8.19969177E-03
  -7.99942017E-03
  -7.80010223E-03
  -7.80010223E-03
  -7.70092010E-03
  -7.60078430E-03
  -7.59983063E-03
  -7.30037689E-03
  -7.30037689E-03
  -7.10010529E-03
  -6.99996948E-03
  -6.99996948E-03
  -6.89983368E-03
  -6.89983368E-03
  -6.89983368E-03
  -6.79969788E-03
  -6.70051575E-03
  -6.60037994E-03
  -6.60037994E-03
  -6.50024414E-03
  -6.50024414E-03
  -6.49929047E-03
  -6.40010834E-03
  -6.40010834E-03
  -6.29997253E-03
  -6.29997253E-03
  -6.29997253E-03
  -6.29997253E-03
  -6.09970093E-03
  -6.00051880E-03
  -6.00051880E-03
  -5.99956512E-03
  -5.90038300E-03
  -5.90038300E-03
  -5.80024719E-03
  -5.80024719E-03
  -5.80024719E-03
  -5.80024719E-03
  -5.70011139E-03
  -5.70011139E-03
  -5.59997559E-03
  -5.49983978E-03
  -5.29956818E-03
  -5.19943237E-03
  -5.19943237E-03
  -5.09929657E-03
  -5.00011444E-03
  -5.00011444E-03
  -4.89997864E-03
  -4.89997864E-03
  -4.89997864E-03
  -4.79984283E-03
  -4.79984283E-03
  -4.70066071E-03
  -4.70066071E-03
  -4.69970703E-03
  -4.69970703E-03
  -4.60052490E-03
  -4.60052490E-03
  -4.60052490E-03
  -4.50038910E-03
  -4.50038910E-03
  -4.50038910E-03
  -4.50038910E-03
  -4.40025330E-03
  -4.39929962E-03
  -4.30011749E-03
  -4.19998169E-03
  -4.19998169E-03
  -4.10079956E-03
  -4.09984589E-03
  -4.09984589E-03
  -4.09984589E-03
  -3.99971008E-03
  -3.90052795E-03
  -3.90052795E-03
  -3.90052795E-03
  -3.69930267E-03
  -3.69930267E-03
  -3.60012054E-03
  -3.60012054E-03
  -3.60012054E-03
  -3.49998474E-03
  -3.49998474E-03
  -3.49998474E-03
  -3.40080261E-03
  -3.39984894E-03
  -3.39984894E-03
  -3.39984894E-03
  -3.39984894E-03
  -3.39984894E-03
  -3.30066681E-03
  -3.29971313E-03
  -3.29971313E-03
  -3.19957733E-03
  -3.10039520E-03
  -3.10039520E-03
  -3.00025940E-03
  -3.00025940E-03
  -2.99930573E-03
  -2.90012360E-03
  -2.90012360E-03
  -2.89916992E-03
  -2.79998779E-03
  -2.79998779E-03
  -2.79998779E-03
  -2.79998779E-03
  -2.79998779E-03
  -2.79998779E-03
  -2.69985199E-03
  -2.69985199E-03
  -2.60066986E-03
  -2.59971619E-03
  -2.59971619E-03
  -2.50053406E-03
  -2.49958038E-03
  -2.40039825E-03
  -2.39944458E-03
  -2.39944458E-03
  -2.39944458E-03
  -2.30026245E-03
  -2.30026245E-03
  -2.30026245E-03
  -2.30026245E-03
  -2.29930878E-03
  -2.20012665E-03
  -2.20012665E-03
  -2.09999084E-03
  -2.00080872E-03
  -1.99985504E-03
  -1.99985504E-03
  -1.89971924E-03
  -1.89971924E-03
  -1.80053711E-03
  -1.80053711E-03
  -1.80053711E-03
  -1.70040131E-03
  -1.70040131E-03
  -1.70040131E-03
  -1.69944763E-03
  -1.69944763E-03
  -1.69944763E-03
  -1.59931183E-03
  -1.50012970E-03
  -1.50012970E-03
  -1.50012970E-03
  -1.50012970E-03
  -1.49917603E-03
  -1.29985809E-03
  -1.19972229E-03
  -1.19972229E-03
  -1.19972229E-03
  -1.19972229E-03
  -1.00040436E-03
  -1.00040436E-03
  -1.00040436E-03
  -9.99450684E-04
  -9.00268555E-04
  -9.00268555E-04
  -9.00268555E-04
  -9.00268555E-04
  -8.99314880E-04
  -6.99996948E-04
  -6.99996948E-04
  -6.00814819E-04
  -5.99861145E-04
  -5.99861145E-04
  -4.99725342E-04
  -4.99725342E-04
  -4.00543213E-04
  -3.99589539E-04
  -3.99589539E-04
  -2.00271606E-04
  -2.00271606E-04
  -1.99317932E-04
  -1.00135803E-04
  -1.00135803E-04
  -1.00135803E-04
  -1.00135803E-04
  -1.00135803E-04
  -1.00135803E-04
  -9.91821289E-05
   0.00000000    
   0.00000000    
   1.00135803E-04
   1.99317932E-04
   2.00271606E-04
   2.00271606E-04
   2.99453735E-04
   2.99453735E-04
   3.00407410E-04
   3.00407410E-04
   3.99589539E-04
   4.00543213E-04
   4.00543213E-04
   4.00543213E-04
   4.99725342E-04
   4.99725342E-04
   4.99725342E-04
   4.99725342E-04
   4.99725342E-04
   5.99861145E-04
   5.99861145E-04
   8.00132751E-04
   8.00132751E-04
   8.00132751E-04
   8.99314880E-04
   9.00268555E-04
   9.00268555E-04
   9.00268555E-04
   9.99450684E-04
   1.09958649E-03
   1.09958649E-03
   1.10054016E-03
   1.19972229E-03
   1.19972229E-03
   1.20067596E-03
   1.29985809E-03
   1.29985809E-03
   1.29985809E-03
   1.30081177E-03
   1.39999390E-03
   1.39999390E-03
   1.39999390E-03
   1.50012970E-03
   1.50012970E-03
   1.50012970E-03
   1.50012970E-03
   1.50012970E-03
   1.59931183E-03
   1.59931183E-03
   1.60026550E-03
   1.60026550E-03
   1.60026550E-03
   1.70040131E-03
   1.79958344E-03
   1.79958344E-03
   1.80053711E-03
   1.89971924E-03
   1.89971924E-03
   1.89971924E-03
   1.89971924E-03
   2.09999084E-03
   2.19917297E-03
   2.29930878E-03
   2.29930878E-03
   2.30026245E-03
   2.30026245E-03
   2.30026245E-03
   2.30026245E-03
   2.39944458E-03
   2.39944458E-03
   2.40039825E-03
   2.50053406E-03
   2.59971619E-03
   2.69985199E-03
   2.69985199E-03
   2.79998779E-03
   2.79998779E-03
   2.90012360E-03
   2.90012360E-03
   3.00025940E-03
   3.00025940E-03
   3.09944153E-03
   3.09944153E-03
   3.10039520E-03
   3.10039520E-03
   3.20053101E-03
   3.29971313E-03
   3.49998474E-03
   3.49998474E-03
   3.60012054E-03
   3.70025635E-03
   3.79943848E-03
   3.80039215E-03
   3.89957428E-03
   3.89957428E-03
   3.89957428E-03
   3.90052795E-03
   3.90052795E-03
   3.99971008E-03
   4.09984589E-03
   4.09984589E-03
   4.19998169E-03
   4.19998169E-03
   4.50038910E-03
   4.50038910E-03
   4.69970703E-03
   4.69970703E-03
   4.70066071E-03
   4.79984283E-03
   4.79984283E-03
   4.89997864E-03
   4.89997864E-03
   4.99916077E-03
   5.00011444E-03
   5.00011444E-03
   5.00011444E-03
   5.00011444E-03
   5.00011444E-03
   5.09929657E-03
   5.10025024E-03
   5.10025024E-03
   5.19943237E-03
   5.20038605E-03
   5.20038605E-03
   5.20038605E-03
   5.20038605E-03
   5.29956818E-03
   5.39970398E-03
   5.40065765E-03
   5.40065765E-03
   5.49983978E-03
   5.59997559E-03
   5.59997559E-03
   5.59997559E-03
   5.70011139E-03
   5.70011139E-03
   5.79929352E-03
   5.80024719E-03
   5.99956512E-03
   5.99956512E-03
   6.10065460E-03
   6.10065460E-03
   6.19983673E-03
   6.29997253E-03
   6.29997253E-03
   6.29997253E-03
   6.39915466E-03
   6.40010834E-03
   6.50024414E-03
   6.70051575E-03
   6.70051575E-03
   6.70051575E-03
   6.70051575E-03
   6.70051575E-03
   6.99996948E-03
   6.99996948E-03
   7.10010529E-03
   7.20024109E-03
   7.29942322E-03
   7.30037689E-03
   7.30037689E-03
   7.39955902E-03
   7.50064850E-03
   7.59983063E-03
   7.80010223E-03
   7.90023804E-03
   8.00037384E-03
   8.19969177E-03
   8.30078125E-03
   8.39996338E-03
   8.50009918E-03
   8.60023499E-03
   8.70037079E-03
   8.70037079E-03
   8.80050659E-03
   8.89968872E-03
   8.99982452E-03
   8.99982452E-03
   9.20009613E-03
   9.20009613E-03
   9.30023193E-03
   9.40036774E-03
   9.40036774E-03
   9.40036774E-03
   9.49954987E-03
   9.60063934E-03
   9.69982147E-03
   9.69982147E-03
   9.79995728E-03
   9.79995728E-03
   9.80091095E-03
   9.90009308E-03
   1.04999542E-02
   1.04999542E-02
   1.06000900E-02
   1.09004974E-02
   1.15995407E-02
   1.16996765E-02
   1.16996765E-02
   1.18999481E-02
   1.20000839E-02
   1.24006271E-02
   1.24998093E-02
   1.28002167E-02
   1.29995346E-02
   1.36995316E-02
   1.43003464E-02
   1.44996643E-02
   1.50003433E-02
   1.62000656E-02
   1.71995163E-02
   1.91001892E-02
   2.13003159E-02
   2.42996216E-02
   2.93998718E-02
   3.03001404E-02
   3.11994553E-02
   5.72004318E-02
   7.35998154E-02
  0.112299919    
