#Npts     Radius    Mag      Completeness
#  219  836.8757  -14.422475 0.995455
# Verr
  -1.98001862E-02
  -1.80997849E-02
  -1.65004730E-02
  -1.59997940E-02
  -1.44004822E-02
  -1.38998032E-02
  -1.34000778E-02
  -1.32999420E-02
  -1.29995346E-02
  -1.28002167E-02
  -1.22995377E-02
  -1.13000870E-02
  -1.13000870E-02
  -1.00994110E-02
  -1.00994110E-02
  -1.00002289E-02
  -9.90009308E-03
  -9.80091095E-03
  -9.69982147E-03
  -9.40036774E-03
  -9.39941406E-03
  -9.30023193E-03
  -8.89968872E-03
  -8.50009918E-03
  -8.50009918E-03
  -8.50009918E-03
  -8.39996338E-03
  -8.19969177E-03
  -7.99942017E-03
  -7.80010223E-03
  -7.69996643E-03
  -7.50064850E-03
  -7.40051270E-03
  -7.10010529E-03
  -7.10010529E-03
  -6.99996948E-03
  -6.79969788E-03
  -6.70051575E-03
  -6.50024414E-03
  -6.49929047E-03
  -6.39915466E-03
  -6.29997253E-03
  -6.09970093E-03
  -6.00051880E-03
  -6.00051880E-03
  -5.90038300E-03
  -5.80024719E-03
  -5.80024719E-03
  -5.79929352E-03
  -5.59997559E-03
  -5.59997559E-03
  -5.49983978E-03
  -5.49983978E-03
  -5.40065765E-03
  -5.20038605E-03
  -5.10025024E-03
  -5.10025024E-03
  -4.89997864E-03
  -4.89997864E-03
  -4.80079651E-03
  -4.79984283E-03
  -4.69970703E-03
  -4.60052490E-03
  -4.50038910E-03
  -4.50038910E-03
  -4.30011749E-03
  -4.19998169E-03
  -4.09984589E-03
  -4.09984589E-03
  -4.09984589E-03
  -3.80039215E-03
  -3.80039215E-03
  -3.79943848E-03
  -3.60012054E-03
  -3.60012054E-03
  -3.39984894E-03
  -3.10039520E-03
  -2.69985199E-03
  -2.69985199E-03
  -2.69985199E-03
  -2.49958038E-03
  -2.40039825E-03
  -2.40039825E-03
  -2.30026245E-03
  -2.30026245E-03
  -2.29930878E-03
  -2.20012665E-03
  -2.20012665E-03
  -2.20012665E-03
  -2.20012665E-03
  -2.20012665E-03
  -2.20012665E-03
  -2.09999084E-03
  -2.09999084E-03
  -1.99985504E-03
  -1.80053711E-03
  -1.70040131E-03
  -1.50012970E-03
  -1.39999390E-03
  -1.39999390E-03
  -1.39999390E-03
  -1.29985809E-03
  -1.19972229E-03
  -9.00268555E-04
  -8.99314880E-04
  -8.00132751E-04
  -8.00132751E-04
  -5.99861145E-04
  -5.00679016E-04
  -4.99725342E-04
  -4.99725342E-04
  -3.00407410E-04
   0.00000000    
   0.00000000    
   1.00135803E-04
   4.00543213E-04
   4.99725342E-04
   5.00679016E-04
   5.99861145E-04
   6.99996948E-04
   6.99996948E-04
   8.99314880E-04
   9.00268555E-04
   9.99450684E-04
   1.00040436E-03
   1.00040436E-03
   1.50012970E-03
   1.50012970E-03
   1.60026550E-03
   1.69944763E-03
   1.89971924E-03
   1.90067291E-03
   1.90067291E-03
   1.99985504E-03
   2.20012665E-03
   2.29930878E-03
   2.30026245E-03
   2.30026245E-03
   2.39944458E-03
   2.40039825E-03
   2.40039825E-03
   2.40039825E-03
   2.50053406E-03
   2.59971619E-03
   2.59971619E-03
   2.69985199E-03
   3.00025940E-03
   3.10039520E-03
   3.19957733E-03
   3.20053101E-03
   3.29971313E-03
   3.29971313E-03
   3.39984894E-03
   3.49998474E-03
   3.59916687E-03
   3.70025635E-03
   3.89957428E-03
   3.99971008E-03
   3.99971008E-03
   4.09984589E-03
   4.09984589E-03
   4.09984589E-03
   4.09984589E-03
   4.09984589E-03
   4.29916382E-03
   4.39929962E-03
   4.39929962E-03
   4.40025330E-03
   4.70066071E-03
   4.79984283E-03
   4.89997864E-03
   5.09929657E-03
   5.10025024E-03
   5.20038605E-03
   5.29956818E-03
   5.50079346E-03
   5.80024719E-03
   5.80024719E-03
   6.09970093E-03
   6.09970093E-03
   6.29997253E-03
   6.59942627E-03
   6.90078735E-03
   6.99996948E-03
   7.10010529E-03
   7.19928741E-03
   7.20024109E-03
   7.20024109E-03
   7.20024109E-03
   7.99942017E-03
   8.19969177E-03
   8.19969177E-03
   8.19969177E-03
   8.29982758E-03
   8.39996338E-03
   9.30023193E-03
   9.39941406E-03
   9.50050354E-03
   9.60063934E-03
   1.00002289E-02
   1.13000870E-02
   1.17998123E-02
   1.18999481E-02
   1.21002197E-02
   1.22003555E-02
   1.45998001E-02
   1.51996613E-02
   1.56993866E-02
   1.58004761E-02
   1.66997910E-02
   1.91001892E-02
   1.97000504E-02
   2.60000229E-02
   2.74000168E-02
   7.03992844E-02
  0.104499817    
  0.134499550    
  0.203399658    
  0.391200066    
