#Npts     Radius    Mag      Completeness
#  464 1646.4119  -16.582857 1.000000
# Verr
  -1.21994019E-02
  -1.16004944E-02
  -1.06983185E-02
  -1.03015900E-02
  -9.50050354E-03
  -8.80050659E-03
  -8.09860229E-03
  -7.90023804E-03
  -6.99996948E-03
  -6.69860840E-03
  -6.20079041E-03
  -5.90133667E-03
  -5.59997559E-03
  -5.39970398E-03
  -5.30052185E-03
  -5.20133972E-03
  -5.10025024E-03
  -5.00106812E-03
  -4.89997864E-03
  -4.89997864E-03
  -4.79888916E-03
  -4.69970703E-03
  -4.69970703E-03
  -4.60052490E-03
  -4.59861755E-03
  -4.49943542E-03
  -4.29916382E-03
  -4.10079956E-03
  -4.09889221E-03
  -4.09889221E-03
  -4.00161743E-03
  -3.99971008E-03
  -3.99971008E-03
  -3.90052795E-03
  -3.79943848E-03
  -3.70025635E-03
  -3.69834900E-03
  -3.69834900E-03
  -3.49998474E-03
  -3.49998474E-03
  -3.49998474E-03
  -3.40080261E-03
  -3.29971313E-03
  -3.20053101E-03
  -3.20053101E-03
  -3.20053101E-03
  -3.19862366E-03
  -3.09944153E-03
  -3.00025940E-03
  -3.00025940E-03
  -3.00025940E-03
  -2.99835205E-03
  -2.89916992E-03
  -2.89916992E-03
  -2.79998779E-03
  -2.79998779E-03
  -2.79998779E-03
  -2.79998779E-03
  -2.79998779E-03
  -2.79998779E-03
  -2.79998779E-03
  -2.70080566E-03
  -2.70080566E-03
  -2.70080566E-03
  -2.70080566E-03
  -2.59971619E-03
  -2.59971619E-03
  -2.50053406E-03
  -2.50053406E-03
  -2.50053406E-03
  -2.49862671E-03
  -2.49862671E-03
  -2.40135193E-03
  -2.40135193E-03
  -2.39944458E-03
  -2.39944458E-03
  -2.39944458E-03
  -2.39944458E-03
  -2.30026245E-03
  -2.30026245E-03
  -2.30026245E-03
  -2.30026245E-03
  -2.30026245E-03
  -2.30026245E-03
  -2.30026245E-03
  -2.20108032E-03
  -2.20108032E-03
  -2.20108032E-03
  -2.20108032E-03
  -2.20108032E-03
  -2.19917297E-03
  -2.19917297E-03
  -2.09999084E-03
  -2.09999084E-03
  -2.09999084E-03
  -2.09999084E-03
  -2.09999084E-03
  -2.00080872E-03
  -2.00080872E-03
  -2.00080872E-03
  -2.00080872E-03
  -2.00080872E-03
  -2.00080872E-03
  -2.00080872E-03
  -1.99890137E-03
  -1.99890137E-03
  -1.90162659E-03
  -1.89971924E-03
  -1.89971924E-03
  -1.89971924E-03
  -1.89971924E-03
  -1.89971924E-03
  -1.89971924E-03
  -1.89971924E-03
  -1.89971924E-03
  -1.89971924E-03
  -1.89971924E-03
  -1.80053711E-03
  -1.80053711E-03
  -1.80053711E-03
  -1.80053711E-03
  -1.80053711E-03
  -1.70135498E-03
  -1.69944763E-03
  -1.69944763E-03
  -1.69944763E-03
  -1.60026550E-03
  -1.60026550E-03
  -1.60026550E-03
  -1.60026550E-03
  -1.60026550E-03
  -1.60026550E-03
  -1.60026550E-03
  -1.60026550E-03
  -1.60026550E-03
  -1.60026550E-03
  -1.59835815E-03
  -1.59835815E-03
  -1.59835815E-03
  -1.50108337E-03
  -1.50108337E-03
  -1.49917603E-03
  -1.49917603E-03
  -1.39999390E-03
  -1.39999390E-03
  -1.39999390E-03
  -1.39999390E-03
  -1.39999390E-03
  -1.39999390E-03
  -1.39999390E-03
  -1.39999390E-03
  -1.30081177E-03
  -1.30081177E-03
  -1.30081177E-03
  -1.30081177E-03
  -1.29890442E-03
  -1.29890442E-03
  -1.29890442E-03
  -1.19972229E-03
  -1.19972229E-03
  -1.10054016E-03
  -1.10054016E-03
  -1.10054016E-03
  -1.10054016E-03
  -1.10054016E-03
  -1.10054016E-03
  -1.09863281E-03
  -1.09863281E-03
  -9.99450684E-04
  -9.99450684E-04
  -9.00268555E-04
  -9.00268555E-04
  -9.00268555E-04
  -9.00268555E-04
  -9.00268555E-04
  -9.00268555E-04
  -9.00268555E-04
  -9.00268555E-04
  -8.01086426E-04
  -7.99179077E-04
  -7.99179077E-04
  -7.99179077E-04
  -6.99996948E-04
  -6.99996948E-04
  -6.99996948E-04
  -6.99996948E-04
  -6.99996948E-04
  -6.99996948E-04
  -6.99996948E-04
  -6.00814819E-04
  -6.00814819E-04
  -6.00814819E-04
  -5.98907471E-04
  -5.98907471E-04
  -5.98907471E-04
  -4.99725342E-04
  -4.99725342E-04
  -4.99725342E-04
  -4.99725342E-04
  -4.99725342E-04
  -4.99725342E-04
  -4.99725342E-04
  -4.00543213E-04
  -4.00543213E-04
  -4.00543213E-04
  -3.98635864E-04
  -3.01361084E-04
  -3.01361084E-04
  -2.99453735E-04
  -2.99453735E-04
  -2.99453735E-04
  -2.99453735E-04
  -2.00271606E-04
  -2.00271606E-04
  -2.00271606E-04
  -2.00271606E-04
  -2.00271606E-04
  -2.00271606E-04
  -2.00271606E-04
  -2.00271606E-04
  -2.00271606E-04
  -1.98364258E-04
  -1.01089478E-04
  -1.01089478E-04
  -9.91821289E-05
  -9.91821289E-05
   0.00000000    
   0.00000000    
   0.00000000    
   0.00000000    
   0.00000000    
   0.00000000    
   9.91821289E-05
   9.91821289E-05
   1.01089478E-04
   1.01089478E-04
   1.01089478E-04
   1.01089478E-04
   1.98364258E-04
   1.98364258E-04
   1.98364258E-04
   2.00271606E-04
   2.00271606E-04
   2.00271606E-04
   2.00271606E-04
   2.99453735E-04
   2.99453735E-04
   2.99453735E-04
   2.99453735E-04
   2.99453735E-04
   2.99453735E-04
   2.99453735E-04
   2.99453735E-04
   3.01361084E-04
   3.01361084E-04
   3.01361084E-04
   3.01361084E-04
   3.01361084E-04
   3.01361084E-04
   3.98635864E-04
   3.98635864E-04
   3.98635864E-04
   3.98635864E-04
   3.98635864E-04
   3.98635864E-04
   3.98635864E-04
   4.00543213E-04
   4.00543213E-04
   4.00543213E-04
   4.00543213E-04
   4.00543213E-04
   4.00543213E-04
   4.00543213E-04
   4.00543213E-04
   4.00543213E-04
   4.99725342E-04
   4.99725342E-04
   4.99725342E-04
   4.99725342E-04
   4.99725342E-04
   4.99725342E-04
   5.98907471E-04
   5.98907471E-04
   5.98907471E-04
   6.00814819E-04
   6.00814819E-04
   6.00814819E-04
   6.99996948E-04
   6.99996948E-04
   6.99996948E-04
   6.99996948E-04
   6.99996948E-04
   6.99996948E-04
   6.99996948E-04
   6.99996948E-04
   7.99179077E-04
   7.99179077E-04
   7.99179077E-04
   8.01086426E-04
   8.01086426E-04
   8.98361206E-04
   8.98361206E-04
   9.00268555E-04
   9.00268555E-04
   9.00268555E-04
   9.00268555E-04
   9.99450684E-04
   1.00135803E-03
   1.09863281E-03
   1.09863281E-03
   1.09863281E-03
   1.09863281E-03
   1.09863281E-03
   1.10054016E-03
   1.10054016E-03
   1.10054016E-03
   1.10054016E-03
   1.10054016E-03
   1.10054016E-03
   1.19972229E-03
   1.19972229E-03
   1.19972229E-03
   1.19972229E-03
   1.19972229E-03
   1.20162964E-03
   1.20162964E-03
   1.29890442E-03
   1.30081177E-03
   1.39999390E-03
   1.39999390E-03
   1.39999390E-03
   1.39999390E-03
   1.39999390E-03
   1.39999390E-03
   1.39999390E-03
   1.49917603E-03
   1.49917603E-03
   1.49917603E-03
   1.49917603E-03
   1.50108337E-03
   1.50108337E-03
   1.50108337E-03
   1.60026550E-03
   1.60026550E-03
   1.60026550E-03
   1.60026550E-03
   1.60026550E-03
   1.69944763E-03
   1.80053711E-03
   1.89971924E-03
   1.89971924E-03
   1.89971924E-03
   1.89971924E-03
   1.89971924E-03
   1.89971924E-03
   1.89971924E-03
   1.89971924E-03
   1.89971924E-03
   1.89971924E-03
   1.90162659E-03
   1.90162659E-03
   1.90162659E-03
   1.99890137E-03
   1.99890137E-03
   2.00080872E-03
   2.09999084E-03
   2.09999084E-03
   2.09999084E-03
   2.09999084E-03
   2.09999084E-03
   2.09999084E-03
   2.09999084E-03
   2.09999084E-03
   2.09999084E-03
   2.09999084E-03
   2.19917297E-03
   2.20108032E-03
   2.20108032E-03
   2.29835510E-03
   2.30026245E-03
   2.30026245E-03
   2.30026245E-03
   2.30026245E-03
   2.39944458E-03
   2.39944458E-03
   2.39944458E-03
   2.39944458E-03
   2.39944458E-03
   2.40135193E-03
   2.40135193E-03
   2.49862671E-03
   2.50053406E-03
   2.50053406E-03
   2.50053406E-03
   2.59971619E-03
   2.59971619E-03
   2.69889832E-03
   2.69889832E-03
   2.70080566E-03
   2.70080566E-03
   2.79998779E-03
   2.89916992E-03
   2.89916992E-03
   2.90107727E-03
   2.99835205E-03
   3.09944153E-03
   3.09944153E-03
   3.10134888E-03
   3.29971313E-03
   3.29971313E-03
   3.29971313E-03
   3.39889526E-03
   3.40080261E-03
   3.40080261E-03
   3.49998474E-03
   3.49998474E-03
   3.49998474E-03
   3.59916687E-03
   3.60107422E-03
   3.70025635E-03
   3.79943848E-03
   3.90052795E-03
   3.99971008E-03
   4.00161743E-03
   4.10079956E-03
   4.19998169E-03
   4.19998169E-03
   4.19998169E-03
   4.39834595E-03
   4.60052490E-03
   4.80079651E-03
   4.80079651E-03
   4.80079651E-03
   4.80079651E-03
   4.89997864E-03
   4.89997864E-03
   5.00106812E-03
   5.10025024E-03
   5.19943237E-03
   5.30052185E-03
   5.49888611E-03
   6.09970093E-03
   6.29997253E-03
   6.60133362E-03
   7.09915161E-03
   7.19833374E-03
   7.49969482E-03
   8.10050964E-03
   8.50105286E-03
   8.80050659E-03
   8.90159607E-03
   9.39941406E-03
   9.40132141E-03
   9.70077515E-03
   1.02005005E-02
   1.04999542E-02
   1.56002045E-02
   1.64012909E-02
   1.64012909E-02
   2.04010010E-02
   3.47995758E-02
   5.62000275E-02
  0.101200104    
  0.609600067    
