#Npts     Radius    Mag      Completeness
#  185  635.4573  -16.165714 0.994624
# Verr
  -8.60023499E-03
  -6.39915466E-03
  -6.39915466E-03
  -4.99916077E-03
  -4.69970703E-03
  -4.59861755E-03
  -4.50134277E-03
  -4.49943542E-03
  -4.40025330E-03
  -4.30107117E-03
  -4.09889221E-03
  -4.09889221E-03
  -4.09889221E-03
  -3.79943848E-03
  -3.79943848E-03
  -3.70025635E-03
  -3.69834900E-03
  -3.59916687E-03
  -3.29971313E-03
  -3.29971313E-03
  -3.29971313E-03
  -3.20053101E-03
  -3.19862366E-03
  -3.10134888E-03
  -3.09944153E-03
  -3.00025940E-03
  -3.00025940E-03
  -3.00025940E-03
  -2.89916992E-03
  -2.89916992E-03
  -2.79998779E-03
  -2.59971619E-03
  -2.50053406E-03
  -2.50053406E-03
  -2.50053406E-03
  -2.50053406E-03
  -2.49862671E-03
  -2.49862671E-03
  -2.49862671E-03
  -2.30026245E-03
  -2.30026245E-03
  -2.30026245E-03
  -2.30026245E-03
  -2.30026245E-03
  -2.20108032E-03
  -2.19917297E-03
  -2.09999084E-03
  -2.00080872E-03
  -2.00080872E-03
  -1.99890137E-03
  -1.90162659E-03
  -1.89971924E-03
  -1.89971924E-03
  -1.89971924E-03
  -1.79862976E-03
  -1.79862976E-03
  -1.70135498E-03
  -1.69944763E-03
  -1.69944763E-03
  -1.39999390E-03
  -1.39999390E-03
  -1.39999390E-03
  -1.39999390E-03
  -1.39999390E-03
  -1.39999390E-03
  -1.30081177E-03
  -1.19972229E-03
  -1.10054016E-03
  -1.10054016E-03
  -1.10054016E-03
  -1.09863281E-03
  -9.99450684E-04
  -9.99450684E-04
  -9.99450684E-04
  -9.00268555E-04
  -7.99179077E-04
  -6.99996948E-04
  -6.99996948E-04
  -6.00814819E-04
  -5.98907471E-04
  -4.99725342E-04
  -4.99725342E-04
  -4.99725342E-04
  -4.99725342E-04
  -4.99725342E-04
  -4.00543213E-04
  -3.98635864E-04
  -3.01361084E-04
  -2.99453735E-04
  -2.00271606E-04
  -2.00271606E-04
   0.00000000    
   0.00000000    
   0.00000000    
   9.91821289E-05
   1.01089478E-04
   1.01089478E-04
   2.00271606E-04
   2.00271606E-04
   2.00271606E-04
   2.99453735E-04
   3.01361084E-04
   4.00543213E-04
   4.00543213E-04
   4.99725342E-04
   4.99725342E-04
   4.99725342E-04
   4.99725342E-04
   5.01632690E-04
   6.00814819E-04
   6.99996948E-04
   7.99179077E-04
   7.99179077E-04
   7.99179077E-04
   8.01086426E-04
   8.01086426E-04
   9.00268555E-04
   9.00268555E-04
   9.99450684E-04
   1.00135803E-03
   1.00135803E-03
   1.10054016E-03
   1.19972229E-03
   1.19972229E-03
   1.29890442E-03
   1.30081177E-03
   1.39999390E-03
   1.39999390E-03
   1.39999390E-03
   1.39999390E-03
   1.50108337E-03
   1.59835815E-03
   1.60026550E-03
   1.79862976E-03
   1.79862976E-03
   1.79862976E-03
   1.80053711E-03
   1.80053711E-03
   1.90162659E-03
   2.00080872E-03
   2.00080872E-03
   2.19917297E-03
   2.20108032E-03
   2.30026245E-03
   2.49862671E-03
   2.50053406E-03
   2.50053406E-03
   2.60162354E-03
   2.69889832E-03
   2.70080566E-03
   2.70080566E-03
   2.70080566E-03
   2.79998779E-03
   2.79998779E-03
   2.89916992E-03
   2.90107727E-03
   2.90107727E-03
   3.09944153E-03
   3.09944153E-03
   3.20053101E-03
   3.40080261E-03
   3.49998474E-03
   3.49998474E-03
   3.49998474E-03
   3.70025635E-03
   3.70025635E-03
   3.79943848E-03
   3.90052795E-03
   3.90052795E-03
   3.99971008E-03
   4.19998169E-03
   4.60052490E-03
   5.39970398E-03
   5.50079346E-03
   5.59997559E-03
   6.00051880E-03
   6.20079041E-03
   6.39915466E-03
   7.49969482E-03
   8.10050964E-03
   9.60159302E-03
   1.00002289E-02
   1.02005005E-02
   1.39999390E-02
   2.35004425E-02
