#Npts     Radius    Mag      Completeness
#  276 1039.8391  -14.497143 0.992806
# Verr
  -2.35004425E-02
  -2.27003098E-02
  -1.78003311E-02
  -1.69992447E-02
  -1.62000656E-02
  -1.56002045E-02
  -1.55000687E-02
  -1.32007599E-02
  -1.24006271E-02
  -1.19009018E-02
  -1.13000870E-02
  -1.10998154E-02
  -1.10006332E-02
  -1.08003616E-02
  -1.01003647E-02
  -1.00002289E-02
  -9.50050354E-03
  -9.39941406E-03
  -9.30023193E-03
  -8.80050659E-03
  -8.70037079E-03
  -8.69941711E-03
  -8.29982758E-03
  -7.99942017E-03
  -7.80010223E-03
  -7.80010223E-03
  -7.80010223E-03
  -7.59983063E-03
  -7.49969482E-03
  -7.30037689E-03
  -7.20024109E-03
  -7.20024109E-03
  -6.99996948E-03
  -6.99996948E-03
  -6.79969788E-03
  -6.60037994E-03
  -6.59942627E-03
  -6.50024414E-03
  -6.40010834E-03
  -6.40010834E-03
  -6.40010834E-03
  -6.40010834E-03
  -6.29997253E-03
  -6.29997253E-03
  -6.29997253E-03
  -6.09970093E-03
  -5.99956512E-03
  -5.99956512E-03
  -5.90038300E-03
  -5.80024719E-03
  -5.70011139E-03
  -5.70011139E-03
  -5.69915771E-03
  -5.59997559E-03
  -5.39970398E-03
  -5.30052185E-03
  -5.10025024E-03
  -5.10025024E-03
  -4.79984283E-03
  -4.79984283E-03
  -4.79984283E-03
  -4.69970703E-03
  -4.59957123E-03
  -4.19998169E-03
  -4.19998169E-03
  -4.10079956E-03
  -3.99971008E-03
  -3.99971008E-03
  -3.99971008E-03
  -3.99971008E-03
  -3.89957428E-03
  -3.89957428E-03
  -3.69930267E-03
  -3.69930267E-03
  -3.60012054E-03
  -3.60012054E-03
  -3.60012054E-03
  -3.60012054E-03
  -3.59916687E-03
  -3.49998474E-03
  -3.39984894E-03
  -3.20053101E-03
  -3.19957733E-03
  -3.09944153E-03
  -3.00025940E-03
  -2.70080566E-03
  -2.69985199E-03
  -2.69985199E-03
  -2.69985199E-03
  -2.69985199E-03
  -2.59971619E-03
  -2.50053406E-03
  -2.40039825E-03
  -2.30026245E-03
  -2.30026245E-03
  -2.29930878E-03
  -2.29930878E-03
  -2.20012665E-03
  -2.20012665E-03
  -2.20012665E-03
  -2.20012665E-03
  -2.20012665E-03
  -2.09999084E-03
  -1.90067291E-03
  -1.89971924E-03
  -1.79958344E-03
  -1.79958344E-03
  -1.79958344E-03
  -1.70040131E-03
  -1.70040131E-03
  -1.70040131E-03
  -1.60026550E-03
  -1.60026550E-03
  -1.39999390E-03
  -1.39999390E-03
  -1.39999390E-03
  -1.29985809E-03
  -1.19972229E-03
  -1.00040436E-03
  -9.00268555E-04
  -9.00268555E-04
  -8.00132751E-04
  -7.99179077E-04
  -6.99996948E-04
  -6.99996948E-04
  -6.99996948E-04
  -6.99996948E-04
  -6.00814819E-04
  -5.99861145E-04
  -3.00407410E-04
  -2.99453735E-04
  -2.00271606E-04
  -2.00271606E-04
  -2.00271606E-04
  -1.99317932E-04
  -9.91821289E-05
   0.00000000    
   0.00000000    
   0.00000000    
   0.00000000    
   0.00000000    
   9.91821289E-05
   1.00135803E-04
   2.99453735E-04
   2.99453735E-04
   3.00407410E-04
   3.99589539E-04
   4.99725342E-04
   4.99725342E-04
   4.99725342E-04
   6.99996948E-04
   6.99996948E-04
   6.99996948E-04
   6.99996948E-04
   6.99996948E-04
   7.99179077E-04
   8.00132751E-04
   8.00132751E-04
   9.00268555E-04
   9.00268555E-04
   9.00268555E-04
   9.00268555E-04
   9.00268555E-04
   1.00040436E-03
   1.09958649E-03
   1.10054016E-03
   1.10054016E-03
   1.19972229E-03
   1.19972229E-03
   1.50012970E-03
   1.50012970E-03
   1.59931183E-03
   1.60026550E-03
   1.70040131E-03
   1.80053711E-03
   1.89971924E-03
   1.89971924E-03
   1.99985504E-03
   2.00080872E-03
   2.00080872E-03
   2.09999084E-03
   2.19917297E-03
   2.30026245E-03
   2.39944458E-03
   2.49958038E-03
   2.49958038E-03
   2.59971619E-03
   2.59971619E-03
   2.69985199E-03
   2.79998779E-03
   3.00025940E-03
   3.09944153E-03
   3.10039520E-03
   3.19957733E-03
   3.29971313E-03
   3.30066681E-03
   3.49998474E-03
   3.49998474E-03
   3.49998474E-03
   3.59916687E-03
   3.60012054E-03
   3.69930267E-03
   3.70025635E-03
   3.70025635E-03
   3.79943848E-03
   3.90052795E-03
   4.09984589E-03
   4.19998169E-03
   4.19998169E-03
   4.19998169E-03
   4.30011749E-03
   4.30011749E-03
   4.30011749E-03
   4.30011749E-03
   4.30011749E-03
   4.50038910E-03
   4.50038910E-03
   4.59957123E-03
   4.60052490E-03
   4.60052490E-03
   4.69970703E-03
   4.69970703E-03
   4.69970703E-03
   5.00011444E-03
   5.00011444E-03
   5.20038605E-03
   5.39970398E-03
   5.49983978E-03
   5.49983978E-03
   5.49983978E-03
   5.59997559E-03
   6.00051880E-03
   6.09970093E-03
   6.19983673E-03
   6.19983673E-03
   6.20079041E-03
   6.29997253E-03
   6.60037994E-03
   6.99996948E-03
   7.20024109E-03
   7.29942322E-03
   7.60078430E-03
   7.80010223E-03
   7.90023804E-03
   8.00037384E-03
   8.09955597E-03
   8.10050964E-03
   8.19969177E-03
   8.39996338E-03
   8.50009918E-03
   8.50009918E-03
   9.59968567E-03
   9.79995728E-03
   1.00002289E-02
   1.04999542E-02
   1.06992722E-02
   1.07002258E-02
   1.11999512E-02
   1.30996704E-02
   1.31006241E-02
   1.31006241E-02
   1.32999420E-02
   1.34000778E-02
   1.39999390E-02
   1.41000748E-02
   1.83000565E-02
   2.25000381E-02
   2.61001587E-02
   3.82995605E-02
   5.58996201E-02
   5.70001602E-02
   5.92994690E-02
   6.35995865E-02
   6.37998581E-02
  0.115600586    
  0.130200386    
