#Npts     Radius    Mag      Completeness
#  170  635.5775  -15.815333 0.982659
# Verr
  -8.19969177E-03
  -6.50024414E-03
  -6.09970093E-03
  -5.80024719E-03
  -5.70011139E-03
  -4.40025330E-03
  -4.39929962E-03
  -4.30011749E-03
  -4.09984589E-03
  -4.09984589E-03
  -3.69834900E-03
  -3.50189209E-03
  -3.49998474E-03
  -3.39984894E-03
  -3.39984894E-03
  -3.29971313E-03
  -3.29971313E-03
  -3.20053101E-03
  -3.19957733E-03
  -2.90107727E-03
  -2.70080566E-03
  -2.59971619E-03
  -2.50053406E-03
  -2.50053406E-03
  -2.49862671E-03
  -2.30026245E-03
  -2.30026245E-03
  -2.29930878E-03
  -2.19917297E-03
  -2.19917297E-03
  -2.09999084E-03
  -2.09999084E-03
  -1.89971924E-03
  -1.89971924E-03
  -1.79862976E-03
  -1.70040131E-03
  -1.69944763E-03
  -1.69944763E-03
  -1.50012970E-03
  -1.39999390E-03
  -1.30081177E-03
  -1.29985809E-03
  -1.19972229E-03
  -1.19972229E-03
  -1.10054016E-03
  -1.09863281E-03
  -1.00135803E-03
  -1.00040436E-03
  -9.99450684E-04
  -9.99450684E-04
  -9.00268555E-04
  -8.98361206E-04
  -8.01086426E-04
  -8.00132751E-04
  -7.99179077E-04
  -7.99179077E-04
  -6.99996948E-04
  -6.99996948E-04
  -6.99996948E-04
  -5.99861145E-04
  -4.99725342E-04
  -4.99725342E-04
  -4.99725342E-04
  -4.00543213E-04
  -3.98635864E-04
  -2.99453735E-04
  -1.99317932E-04
  -1.01089478E-04
  -9.91821289E-05
   0.00000000    
   0.00000000    
   9.91821289E-05
   9.91821289E-05
   1.00135803E-04
   1.00135803E-04
   2.00271606E-04
   2.99453735E-04
   2.99453735E-04
   3.99589539E-04
   3.99589539E-04
   4.00543213E-04
   4.99725342E-04
   4.99725342E-04
   4.99725342E-04
   4.99725342E-04
   4.99725342E-04
   4.99725342E-04
   5.01632690E-04
   6.00814819E-04
   6.99996948E-04
   7.99179077E-04
   7.99179077E-04
   7.99179077E-04
   8.01086426E-04
   9.00268555E-04
   9.00268555E-04
   9.00268555E-04
   1.00040436E-03
   1.09958649E-03
   1.10054016E-03
   1.19972229E-03
   1.19972229E-03
   1.19972229E-03
   1.19972229E-03
   1.30081177E-03
   1.30081177E-03
   1.50012970E-03
   1.50108337E-03
   1.59835815E-03
   1.60026550E-03
   1.70040131E-03
   1.79862976E-03
   1.80053711E-03
   1.89971924E-03
   1.89971924E-03
   1.90162659E-03
   2.09999084E-03
   2.20012665E-03
   2.20108032E-03
   2.39944458E-03
   2.40135193E-03
   2.49862671E-03
   2.49862671E-03
   2.50053406E-03
   2.50053406E-03
   2.60162354E-03
   2.70080566E-03
   2.70080566E-03
   2.79998779E-03
   2.90107727E-03
   3.00025940E-03
   3.00025940E-03
   3.00025940E-03
   3.10134888E-03
   3.39889526E-03
   3.40080261E-03
   3.49998474E-03
   3.49998474E-03
   3.49998474E-03
   3.69930267E-03
   3.70025635E-03
   4.10079956E-03
   4.30011749E-03
   4.40025330E-03
   4.50038910E-03
   4.59957123E-03
   4.89997864E-03
   5.00106812E-03
   5.20038605E-03
   5.29956818E-03
   5.39970398E-03
   5.70011139E-03
   6.00051880E-03
   6.39915466E-03
   6.69860840E-03
   6.89888000E-03
   6.99996948E-03
   7.60078430E-03
   7.60078430E-03
   7.90023804E-03
   9.19914246E-03
   9.79995728E-03
   1.02005005E-02
   1.02005005E-02
   1.34000778E-02
   1.39999390E-02
   1.52006149E-02
   2.09999084E-02
   3.06987762E-02
   3.07998657E-02
