#Npts     Radius    Mag      Completeness
#  136  433.3483  -15.815333 0.964539
# Verr
  -7.49969482E-03
  -6.70051575E-03
  -6.19888306E-03
  -6.00051880E-03
  -5.59997559E-03
  -5.39970398E-03
  -4.70066071E-03
  -4.50134277E-03
  -4.39929962E-03
  -4.30011749E-03
  -3.79943848E-03
  -3.70025635E-03
  -3.69834900E-03
  -3.39889526E-03
  -3.29971313E-03
  -3.29971313E-03
  -3.29971313E-03
  -3.29971313E-03
  -3.20053101E-03
  -3.09944153E-03
  -3.09944153E-03
  -2.99930573E-03
  -2.90012360E-03
  -2.90012360E-03
  -2.90012360E-03
  -2.89916992E-03
  -2.89916992E-03
  -2.59971619E-03
  -2.40135193E-03
  -2.40135193E-03
  -2.40039825E-03
  -2.39944458E-03
  -2.30026245E-03
  -2.30026245E-03
  -2.30026245E-03
  -2.20108032E-03
  -2.19917297E-03
  -2.09999084E-03
  -1.90067291E-03
  -1.89971924E-03
  -1.69944763E-03
  -1.60026550E-03
  -1.60026550E-03
  -1.50108337E-03
  -1.50108337E-03
  -1.50108337E-03
  -1.50012970E-03
  -1.39999390E-03
  -1.00135803E-03
  -9.99450684E-04
  -9.99450684E-04
  -8.99314880E-04
  -8.01086426E-04
  -4.99725342E-04
  -4.99725342E-04
  -3.01361084E-04
  -2.99453735E-04
  -1.01089478E-04
  -1.00135803E-04
  -9.91821289E-05
   0.00000000    
   0.00000000    
   0.00000000    
   0.00000000    
   9.91821289E-05
   9.91821289E-05
   1.01089478E-04
   2.00271606E-04
   2.99453735E-04
   3.01361084E-04
   3.99589539E-04
   5.99861145E-04
   5.99861145E-04
   6.99996948E-04
   7.99179077E-04
   8.00132751E-04
   8.01086426E-04
   9.00268555E-04
   1.00040436E-03
   1.09958649E-03
   1.10054016E-03
   1.10054016E-03
   1.39999390E-03
   1.39999390E-03
   1.39999390E-03
   1.60026550E-03
   1.60026550E-03
   1.60026550E-03
   1.69944763E-03
   1.69944763E-03
   1.70040131E-03
   1.70040131E-03
   1.80053711E-03
   1.89971924E-03
   2.09999084E-03
   2.19917297E-03
   2.19917297E-03
   2.30026245E-03
   2.39944458E-03
   2.39944458E-03
   2.40039825E-03
   2.40039825E-03
   2.59971619E-03
   2.79998779E-03
   2.79998779E-03
   2.99930573E-03
   3.09944153E-03
   3.29971313E-03
   3.39984894E-03
   3.49998474E-03
   3.60012054E-03
   3.60012054E-03
   3.79943848E-03
   3.90052795E-03
   4.10079956E-03
   4.30107117E-03
   4.39929962E-03
   4.40025330E-03
   4.40025330E-03
   4.40025330E-03
   4.49943542E-03
   4.99916077E-03
   5.39970398E-03
   5.59997559E-03
   5.59997559E-03
   6.09970093E-03
   6.29997253E-03
   6.59942627E-03
   6.70051575E-03
   6.99996948E-03
   8.60023499E-03
   9.50050354E-03
   1.53999329E-02
   1.60999298E-02
   1.93996429E-02
   3.13014984E-02
